3.16600000	42.65415955
3.17600000	42.67488480
3.18600000	42.70072937
3.19600000	42.72934341
3.20600000	42.76000977
3.21600000	42.79107666
3.22600000	42.82135010
3.23600000	42.84989166
3.24600000	42.87562180
3.25600000	42.89902496
3.26600000	42.92001724
3.27600000	42.93997192
3.28600000	42.95734024
3.29600000	42.97182083
3.30600000	42.98355103
3.31600000	42.99259186
3.32600000	42.99801254
3.33600000	43.00173950
3.34600000	43.00534058
3.35600000	43.00864792
3.36600000	43.01174545
3.37600000	43.01491547
3.38600000	43.01841736
3.39600000	43.02236938
3.40600000	43.02745819
3.41600000	43.03311539
3.42600000	43.03975677
3.43600000	43.04658890
3.44600000	43.05342484
3.45600000	43.06025696
3.46600000	43.06709290
3.47600000	43.07392883
3.48600000	43.08076096
3.49600000	43.08759689
3.50600000	43.09442902
3.51600000	43.10126495
3.52600000	43.10810089
3.53600000	43.11494446
3.54600000	43.12231827
3.55600000	43.13039398
3.56600000	43.13924026
3.57600000	43.14838409
3.58600000	43.15775681
3.59600000	43.16764450
3.60600000	43.17782593
3.61600000	43.18820190
3.62600000	43.19857788
3.63600000	43.20895386
3.64600000	43.21932220
3.65600000	43.22939301
3.66600000	43.23925400
3.67600000	43.24894714
3.68600000	43.25790024
3.69600000	43.26626587
3.70600000	43.27398682
3.71600000	43.28156662
3.72600000	43.28805923
3.73600000	43.29390717
3.74600000	43.29874039
3.75600000	43.30270386
3.76600000	43.30608368
3.77600000	43.30945206
3.78600000	43.31282425
3.79600000	43.31619263
3.80600000	43.31956100
3.81600000	43.32293320
3.82600000	43.32630157
3.83600000	43.32966995
3.84600000	43.33303833
3.85600000	43.33641052
3.86600000	43.33977890
3.87600000	43.34314346
3.88600000	43.34636307
3.89600000	43.34923553
3.90600000	43.35184860
3.91600000	43.35429382
3.92600000	43.35667801
3.93600000	43.35880661
3.94600000	43.36091232
3.95600000	43.36300278
3.96600000	43.36484528
3.97600000	43.36628342
3.98600000	43.36727142
3.99600000	43.36775589
4.00600000	43.36796570
4.01600000	43.36817169
4.02600000	43.36837769
4.03600000	43.36857224
4.04600000	43.36838913
4.05600000	43.36773300
4.06600000	43.36705780
4.07600000	43.36620331
4.08600000	43.36454773
4.09600000	43.36281204
4.10600000	43.36103058
4.11600000	43.35848618
4.12600000	43.35564041
4.13600000	43.35249329
4.14600000	43.34866333
4.15600000	43.34479904
4.16600000	43.34093475
4.17600000	43.33695602
4.18600000	43.33247757
4.19600000	43.32794189
4.20600000	43.32320023
4.21600000	43.31830215
4.22600000	43.31329727
4.23600000	43.30826950
4.24600000	43.30324554
4.25600000	43.29821777
4.26600000	43.29319382
4.27600000	43.28816605
4.28600000	43.28314972
4.29600000	43.27854538
4.30600000	43.27445602
4.31600000	43.27038193
4.32600000	43.26631546
4.33600000	43.26264572
4.34600000	43.25987244
4.35600000	43.25714874
4.36600000	43.25442123
4.37600000	43.25169754
4.38600000	43.24897385
4.39600000	43.24627686
4.40600000	43.24450302
4.41600000	43.24434280
4.42600000	43.24458694
4.43600000	43.24483871
4.44600000	43.24510956
4.45600000	43.24596024
4.46600000	43.24777222
4.47600000	43.24980927
4.48600000	43.25185394
4.49600000	43.25389862
4.50600000	43.25593567
4.51600000	43.25786972
4.52600000	43.25951767
4.53600000	43.26073074
4.54600000	43.26163483
4.55600000	43.26251984
4.56600000	43.26340485
4.57600000	43.26428986
4.58600000	43.26498413
4.59600000	43.26499557
4.60600000	43.26432037
4.61600000	43.26307297
4.62600000	43.26145172
4.63600000	43.25977707
4.64600000	43.25810242
4.65600000	43.25642776
4.66600000	43.25481033
4.67600000	43.25378418
4.68600000	43.25341415
4.69600000	43.25312042
4.70600000	43.25341797
4.71600000	43.25413513
4.72600000	43.25506592
4.73600000	43.25689697
4.74600000	43.25931931
4.75600000	43.26237106
4.76600000	43.26544189
4.77600000	43.26851273
4.78600000	43.27158356
4.79600000	43.27465439
4.80600000	43.27772903
4.81600000	43.28084564
4.82600000	43.28436661
4.83600000	43.28796768
4.84600000	43.29156876
4.85600000	43.29517365
4.86600000	43.29877472
4.87600000	43.30237579
4.88600000	43.30597687
4.89600000	43.30941391
4.90600000	43.31264877
4.91600000	43.31587601
4.92600000	43.31910324
4.93600000	43.32232666
4.94600000	43.32516098
4.95600000	43.32750702
4.96600000	43.32984161
4.97600000	43.33217621
4.98600000	43.33449936
4.99200000	43.33575439
