3.94166667
3.95000000
3.95833333
3.96666667
3.97500000
3.98333333
3.99166667
4.00000000
4.00833333
4.01666667
3.91666667
3.92500000
4.03333333
4.04166667
4.05000000
3.90000000
4.06666667
4.07500000
4.08333333
3.88333333
4.10000000
4.10833333
3.86666667
4.12500000
4.13333333
3.85833333
4.15000000
4.15833333
3.84166667
4.17500000
4.18333333
3.82500000
4.20000000
4.94166667
4.95000000
4.99166667
3.80833333
4.21666667
4.89166667
3.79166667
3.80000000
4.23333333
4.24166667
4.80833333
4.81666667
4.82500000
4.83333333
3.78333333
4.25833333
4.26666667
4.76666667
4.77500000
3.76666667
4.28333333
4.29166667
4.30000000
4.74166667
3.75000000
4.32500000
4.33333333
4.34166667
4.35000000
4.35833333
4.36666667
4.37500000
4.38333333
4.72500000
3.73333333
4.39166667
4.40000000
4.40833333
4.41666667
4.42500000
4.69166667
4.70000000
4.70833333
3.71666667
4.43333333
4.44166667
4.45000000
4.45833333
4.46666667
4.47500000
4.65833333
4.66666667
4.67500000
4.68333333
3.70000000
4.48333333
4.49166667
4.50000000
4.50833333
4.51666667
4.52500000
4.53333333
4.54166667
4.55000000
4.55833333
4.56666667
4.57500000
4.58333333
4.59166667
4.60000000
4.60833333
4.61666667
4.62500000
4.63333333
4.64166667
4.65000000
4.65833333
3.69166667
4.55000000
4.55833333
4.56666667
4.57500000
4.58333333
4.59166667
3.67500000
3.65833333
3.66666667
3.65000000
3.63333333
3.62500000
3.60833333
3.60000000
3.58333333
3.56666667
3.55833333
3.54166667
3.52500000
3.50833333
3.51666667
3.49166667
3.50000000
3.47500000
3.48333333
3.45833333
3.46666667
3.44166667
3.45000000
3.42500000
3.43333333
3.40833333
3.41666667
3.40000000
3.38333333
3.39166667
3.37500000
3.35833333
3.36666667
3.35000000
3.33333333
3.34166667
3.32500000
3.31666667
3.30833333
3.29166667
3.30000000
3.28333333
3.29166667
3.28333333
3.27500000
3.26666667
3.27500000
3.25833333
3.26666667
3.25833333
3.25000000
3.25833333
3.25000000
3.24166667
3.25000000
3.24166667
3.23333333
3.24166667
3.23333333
3.23333333
3.22500000
3.22500000
3.21666667
3.22500000
3.21666667
3.21666667
3.20833333
3.21666667
3.20833333
3.20833333
3.20833333
3.20000000
3.20833333
3.20000000
3.20000000
3.20000000
3.20000000
3.19166667
3.19166667
3.19166667
3.19166667
3.19166667
3.18333333
3.18333333
3.18333333
3.18333333
3.18333333
3.17500000
3.18333333
3.17500000
3.17500000
3.17500000
3.17500000
3.17500000
3.16666667
3.17500000
3.16666667
3.16666667
3.16666667
3.16666667
3.16666667
3.16666667
3.16666667
3.16666667
3.16666667
3.16666667
3.15833333
3.17500000
3.20000000
3.31666667
3.30833333
3.30000000
