	0.69428657	0.78076167	0.89954337	1.03847990	1.18896495	1.34347398	1.47446079	1.57837899	1.66315764	1.73516892	1.79626794	1.84915588	1.89885258	1.94886441	2.00012997	2.05741718	2.13053603	2.22144497	2.32412883	2.42871699	2.52541673	2.59827788	2.63963642	2.65682490	2.66034052	2.65702079	2.64974524	2.63917948	2.62401979	2.60284818	2.57476184	2.54017869	2.50048187	2.45648990	2.40941831	2.35991185	2.30849713	2.25727585	2.20705496	2.15828269	2.11091282	2.06685280	2.02432660	1.98169112	1.93759271	1.89443539	1.85252881	1.81238717	1.77545961
	0.76654173	0.86127252	1.00249219	1.18107468	1.37617029	1.55914686	1.71108020	1.83123102	1.92877094	2.01166358	2.08369590	2.14857829	2.21075278	2.27443600	2.34118049	2.41756442	2.51736538	2.64448402	2.78855352	2.93568737	3.07143574	3.17342701	3.23015265	3.25278169	3.25625926	3.25004055	3.23833857	3.22211864	3.19974065	3.16923385	3.12937614	3.08084198	3.02557157	2.96316594	2.89628814	2.82595976	2.75427240	2.68083037	2.61665361	2.54803041	2.48762338	2.42987272	2.38233977	2.33138383	2.28247420	2.23525566	2.18947038	2.14560773	2.10539902
	0.75383553	0.84509786	0.98378469	1.16274715	1.36267558	1.55394072	1.71496175	1.84298063	1.94613644	2.03225061	2.10548283	2.17043702	2.23259976	2.29664600	2.36409561	2.44136334	2.54345742	2.67489950	2.82476267	2.97843353	3.12102101	3.22909729	3.29099401	3.31847723	3.32650909	3.32418207	3.31552498	3.30150211	3.28082874	3.25163046	3.21286087	3.16510390	3.11057632	3.05029524	2.98639950	2.91932963	2.85008318	2.78328986	2.72434344	2.66772468	2.61620231	2.56945476	2.53076369	2.48953861	2.44643553	2.40358382	2.36317005	2.32418968	2.28807043
	0.74571006	0.83540066	0.97302639	1.15286543	1.35638959	1.55318585	1.72021130	1.85351416	1.96046809	2.04838788	2.12165447	2.18575667	2.24685682	2.31006632	2.37684155	2.45403536	2.55765696	2.69194905	2.84509269	3.00199437	3.14730207	3.25652010	3.31873414	3.34682074	3.35588139	3.35462256	3.34688703	3.33354110	3.31337401	3.28452264	3.24597757	3.19835213	3.14388552	3.08403690	3.02047930	2.95412235	2.88559191	2.81958810	2.76244248	2.71009752	2.66222156	2.61949730	2.58394538	2.54658457	2.50506885	2.46343712	2.42372413	2.38600609	2.35074429
	0.72974384	0.81520408	0.94885855	1.12818352	1.33729442	1.54487192	1.72425120	1.86848103	1.98332381	2.07521073	2.14887088	2.21140762	2.27035616	2.33157649	2.39633964	2.47207367	2.57652254	2.71373644	2.87046311	3.03077895	3.17893138	3.28870684	3.35017718	3.37825578	3.38814134	3.38800004	3.38142682	3.36914271	3.35001078	3.32219107	3.28462230	3.23789856	3.18421349	3.12546989	3.06290415	2.99784426	2.93051685	2.86670128	2.81215344	2.76420254	2.72200117	2.68518289	2.65426104	2.62033840	2.58109778	2.54078833	2.50137375	2.46377314	2.42884702
	0.72318627	0.80657133	0.93793375	1.11674604	1.32900971	1.54323994	1.73045893	1.88163721	2.00136326	2.09540086	2.16886114	2.22998045	2.28719381	2.34671858	2.40988549	2.48504594	2.59105908	2.73116863	2.89093749	3.05382801	3.20376551	3.31331649	3.37406497	3.40263854	3.41381901	3.41528379	3.41029240	3.39938485	3.38146755	3.35475546	3.31830334	3.27283526	3.22056391	3.16353507	3.10288471	3.03991988	2.97458931	2.91531635	2.86561024	2.82270405	2.78636016	2.75659260	2.73232345	2.70263541	2.66686409	2.62824885	2.59204004	2.55686262	2.52391878
	0.71060260	0.78996439	0.91681641	1.09218646	1.30435400	1.52268325	1.71661210	1.87450161	1.99938454	2.09607396	2.16980885	2.22974240	2.28515099	2.34264350	2.40357713	2.47676298	2.58209164	2.72264002	2.88332239	3.04702943	3.19781500	3.30700261	3.36626368	3.39331322	3.40334451	3.40398199	3.39849489	3.38735944	3.36951419	3.34311505	3.30724178	3.26230132	3.21034674	3.15358797	3.09320755	3.03015069	2.96492727	2.90637648	2.85722388	2.81449099	2.77859095	2.74985548	2.72606830	2.69688381	2.66160388	2.62272442	2.58612112	2.54962570	2.51609975
	0.70796221	0.78679983	0.91302595	1.08981312	1.30700613	1.53372762	1.73753124	1.90457336	2.03580032	2.13479955	2.20793541	2.26635855	2.32004760	2.37609586	2.43563833	2.51044912	2.62175964	2.76988745	2.93738739	3.10589398	3.25863823	3.36516388	3.42041043	3.44481022	3.45357991	3.45393262	3.44850514	3.43748793	3.41972642	3.39336788	3.35756710	3.31307852	3.26200241	3.20633608	3.14719577	3.08596561	3.02462666	2.96993978	2.92661762	2.89040834	2.86078946	2.83996819	2.82377873	2.79852549	2.76613787	2.73070488	2.69536915	2.66040103	2.62965109
	0.70145275	0.77766136	0.90088810	1.07586415	1.29441647	1.52671149	1.73901679	1.91454478	2.05164318	2.15294070	2.22570914	2.28260297	2.33430965	2.38861063	2.44687142	2.52225882	2.63643773	2.78858402	2.95989243	3.13099198	3.28457524	3.38937147	3.44189319	3.46378643	3.47067379	3.46990315	3.46376052	3.45237516	3.43444070	3.40809040	3.37239370	3.32832786	3.27735822	3.22256305	3.16516898	3.10594533	3.04646572	2.99435252	2.95254211	2.91955192	2.89273570	2.87505964	2.86008812	2.84017449	2.80946185	2.77379998	2.73892647	2.70566883	2.67580095
	0.69318217	0.76551266	0.88435177	1.05585219	1.27431419	1.51237595	1.73516387	1.92122989	2.06498018	2.16819978	2.23975277	2.29416921	2.34289761	2.39448274	2.45088570	2.52631244	2.64298179	2.79873613	2.97336420	3.14672377	3.30016532	3.40278809	3.45264362	3.47217496	3.47757510	3.47598954	3.46947902	3.45812922	3.44030687	3.41420974	3.37881715	3.33502188	3.28460894	3.23032900	3.17549822	3.11815640	3.06084257	3.01043900	2.97043598	2.93827658	2.91658450	2.89971829	2.88802626	2.86924593	2.84134542	2.80693413	2.77358402	2.74067884	2.71284346
	0.69320633	0.76629528	0.88692865	1.06161052	1.28477955	1.52972185	1.76049649	1.95271442	2.09845653	2.20014820	2.26875192	2.32017927	2.36599101	2.41564163	2.47214175	2.55108042	2.67417246	2.83648193	3.01647155	3.19301418	3.34576956	3.44521793	3.49217903	3.51019025	3.51527595	3.51375021	3.50751823	3.49652928	3.47882904	3.45244329	3.41620860	3.37251892	3.32263821	3.26920193	3.21533271	3.16012289	3.10456873	3.05542099	3.01863059	2.98885926	2.96947213	2.95653138	2.95008889	2.93338750	2.90919514	2.87757626	2.84539365	2.81512086	2.78781872
	0.69125151	0.76430792	0.88519639	1.06065908	1.28567806	1.53455003	1.77072931	1.96743324	2.11499965	2.21618890	2.28324346	2.33288419	2.37674823	2.42491393	2.48103203	2.56144884	2.68738380	2.85245480	3.03459729	3.21210789	3.36396530	3.46144369	3.50660268	3.52363797	3.52832665	3.52658277	3.52012054	3.50919403	3.49156746	3.46510905	3.42916977	3.38547947	3.33630221	3.28415068	3.23114663	3.17704579	3.12205803	3.07404808	3.03828838	3.01064620	2.99258895	2.98126570	2.97657195	2.96073424	2.93850964	2.90883741	2.87757467	2.84859479	2.82269166
	0.69652313	0.77172137	0.89596173	1.07550630	1.30482515	1.55884720	1.80038264	2.00058296	2.14855767	2.24839880	2.31399294	2.36255467	2.40539350	2.45317579	2.51097564	2.59642165	2.72943702	2.90124578	3.08881212	3.26972603	3.42130374	3.51605919	3.55841989	3.57385009	3.57764377	3.57529515	3.56822471	3.55691360	3.53881792	3.51173581	3.47523329	3.43138630	3.38245862	3.33131968	3.27917449	3.22486928	3.17094176	3.12408505	3.09002207	3.06415211	3.04891344	3.04012012	3.03631318	3.02418553	3.00339929	2.97461928	2.94441376	2.91683011	2.89251064
	0.69725455	0.77313987	0.89865914	1.07958689	1.31062212	1.56781705	1.81345195	2.01662214	2.16507825	2.26372078	2.32774473	2.37483590	2.41622914	2.46308063	2.52138209	2.60929363	2.74574770	2.92087664	3.11106829	3.29338034	3.44421160	3.53715261	3.57764811	3.59215690	3.59537916	3.59262469	3.58551387	3.57409260	3.55574740	3.52863816	3.49204275	3.44839661	3.40049230	3.35045250	3.29893101	3.24491946	3.19215976	3.14629908	3.11339336	3.08936309	3.07669405	3.06876111	3.06670059	3.05834613	3.03713619	3.01030320	2.98144562	2.95456516	2.93126940
	0.70209251	0.78028106	0.90929249	1.09387087	1.32830375	1.59023584	1.84137471	2.04797544	2.19625583	2.29296979	2.35514823	2.40083261	2.44090263	2.48737160	2.54751033	2.64053670	2.78370853	2.96462340	3.15921633	3.34409794	3.49376230	3.58352427	3.62132066	3.63411783	3.63600376	3.63235051	3.62499601	3.61309208	3.59421524	3.56671650	3.52955365	3.48614114	3.43877259	3.38977093	3.33851413	3.28558333	3.23376683	3.18908591	3.15812582	3.13678338	3.12586463	3.12090267	3.12081985	3.11810604	3.09607921	3.07067887	3.04321706	3.01737054	2.99461328
	0.70673505	0.78721770	0.91966152	1.10771270	1.34513825	1.61160373	1.86871344	2.07935801	2.22767890	2.32258800	2.38310531	2.42755081	2.46641304	2.51258534	2.57461930	2.67262933	2.82215966	3.00846041	3.20736060	3.39452301	3.54274575	3.62889524	3.66406855	3.67488987	3.67511366	3.67020567	3.66211081	3.64948117	3.63009941	3.60203532	3.56427016	3.52088099	3.47386151	3.42546322	3.37492466	3.32304597	3.27186182	3.22885783	3.19927923	3.18014503	3.17029819	3.16752146	3.16909810	3.17122143	3.14883765	3.12411815	3.09770693	3.07312947	3.05107341
	0.71466489	0.79843039	0.93557406	1.12853820	1.37033244	1.64170583	1.90399130	2.11754815	2.26506133	2.35817486	2.41766619	2.46183773	2.50052910	2.54736546	2.61231193	2.71656514	2.87335595	3.06584691	3.27041018	3.46065588	3.60844078	3.69113863	3.72326855	3.73183130	3.73045160	3.72420664	3.71502247	3.70140068	3.68125753	3.65221179	3.61311730	3.56907137	3.52200852	3.47320272	3.42314248	3.37186003	3.32063019	3.27883159	3.25028798	3.23302707	3.22392519	3.22288494	3.22598341	3.23213656	3.20912237	3.18528082	3.15969320	3.13592157	3.11435443
	0.71703396	0.80255400	0.94256700	1.13806225	1.38266386	1.65943846	1.92968580	2.14909960	2.29719887	2.38842681	2.44600643	2.48861347	2.52569103	2.57189748	2.63849772	2.74722722	2.90910224	3.10681009	3.31613548	3.50850664	3.65503423	3.73418650	3.76314189	3.76928415	3.76623147	3.75844466	3.74808742	3.73359220	3.71270462	3.68281458	3.64299989	3.59880252	3.55255207	3.50488874	3.45567660	3.40472684	3.35474571	3.31469396	3.28719126	3.27067766	3.26384243	3.26359401	3.26695061	3.27599919	3.25527400	3.23283705	3.20864107	3.18599987	3.16537351
	0.72127695	0.80940081	0.95364204	1.15330855	1.40237124	1.68502818	1.96250120	2.18625046	2.33344984	2.42196219	2.47726024	2.51824586	2.55381947	2.59988780	2.66893997	2.78276660	2.95113900	3.15504664	3.36993844	3.56467494	3.70982288	3.78523417	3.81087771	3.81467838	3.80971154	3.80029451	3.78873601	3.77327932	3.75142892	3.72031385	3.67966722	3.63492312	3.58933207	3.54219750	3.49383497	3.44284354	3.39353765	3.35435804	3.32813478	3.31271731	3.30611932	3.30780342	3.31212000	3.32166149	3.30483413	3.28372389	3.26089492	3.23938560	3.21972110
	0.72316807	0.81339904	0.96103991	1.16381673	1.41650018	1.70465396	1.98970864	2.21830763	2.36489969	2.45056845	2.50321107	2.54218477	2.57586677	2.62135984	2.69230031	2.81034808	2.98492683	3.19433727	3.41330381	3.60992613	3.75346340	3.82553404	3.84822270	3.84986516	3.84321679	3.83245489	3.81995646	3.80383668	3.78128688	3.74943147	3.70834364	3.66328818	3.61788083	3.57160700	3.52360599	3.47338448	3.42454343	3.38596493	3.36046695	3.34650677	3.34054631	3.34277389	3.34917150	3.35963368	3.34542957	3.32565430	3.30419447	3.28385338	3.26508343
	0.72900917	0.82297058	0.97607384	1.18408816	1.44274066	1.73787226	2.03020155	2.26195147	2.40650993	2.48883986	2.53907171	2.57662105	2.60916446	2.65532865	2.73004012	2.85497066	3.03861487	3.25521154	3.47984210	3.67953324	3.82124301	3.88991164	3.90941557	3.90889720	3.90052763	3.88855199	3.87501451	3.85789053	3.83415927	3.80092927	3.75828102	3.71197728	3.66666173	3.61961307	3.57137937	3.52162241	3.47183679	3.43375355	3.40930052	3.39489203	3.39147936	3.39371501	3.40148603	3.41242005	3.40138203	3.38286319	3.36255377	3.34295347	3.32469526
	0.73406306	0.83167922	0.98998822	1.20298284	1.46737026	1.77055885	2.07242479	2.30966209	2.45292325	2.53152826	2.57854594	2.61399769	2.64476840	2.69142839	2.76962488	2.90317186	3.09623697	3.32026532	3.55074920	3.75396542	3.89332352	3.95735282	3.97376994	3.97079222	3.96025850	3.94692337	3.93244259	3.91423653	3.88935681	3.85480695	3.81067039	3.76373377	3.71745016	3.67014649	3.62159508	3.57068234	3.52161961	3.48302498	3.45912791	3.44492414	3.44127141	3.44462458	3.45349465	3.46156702	3.45663602	3.43919097	3.41962400	3.40090649	3.38320102
	0.73993357	0.84177225	1.00575851	1.22416381	1.49490512	1.80722453	2.11907401	2.36271513	2.50489490	2.57984245	2.62366985	2.65723725	2.68645618	2.73406404	2.81642005	2.96029621	3.16340429	3.39544413	3.63239546	3.83942776	3.97634646	4.03541318	4.04844052	4.04272240	4.02970043	4.01508598	3.99950600	3.98002874	3.95383899	3.91774893	3.87182033	3.82416567	3.77645177	3.72911886	3.67885089	3.62762602	3.57781895	3.53889483	3.51365752	3.50028480	3.49636547	3.50039979	3.51009921	3.51222157	3.51580083	3.49902051	3.48004546	3.46204768	3.44486419
	0.73916399	0.84356312	1.01059904	1.23156306	1.50597104	1.82506278	2.14499725	2.39472693	2.53673745	2.60905470	2.64967861	2.68098890	2.70818347	2.75532748	2.84055250	2.99116687	3.19926863	3.43588196	3.67711283	3.88580515	4.02013551	4.07588677	4.08675714	4.07958151	4.06536434	4.04956354	4.03324241	4.01353156	3.98709792	3.95045157	3.90395291	3.85613648	3.80920854	3.76168790	3.71169029	3.66077650	3.60985688	3.57220452	3.54676872	3.53363835	3.53115917	3.53631556	3.54717359	3.55082391	3.55510212	3.53926782	3.52164659	3.50458752	3.48817913
	0.74303388	0.85168037	1.02394270	1.25024251	1.53139153	1.85861472	2.18790860	2.44161735	2.58224781	2.65110425	2.68893707	2.71900439	2.74497186	2.79279323	2.88434210	3.04423181	3.26033028	3.50408988	3.75161069	3.96353830	4.09491182	4.14655983	4.15466679	4.14601935	4.13029470	4.11324131	4.09550232	4.07465215	4.04719842	4.00885456	3.96082398	3.91161018	3.86402427	3.81536593	3.76514751	3.71197003	3.66122056	3.62224791	3.59741255	3.58438604	3.58217551	3.58821357	3.60007926	3.60368883	3.60960549	3.59471945	3.57795614	3.56139300	3.54532722
	0.74314879	0.85548728	1.03237563	1.26288427	1.55001899	1.88587594	2.22820862	2.49043980	2.63197186	2.69632542	2.72971001	2.75722427	2.78101355	2.82929603	2.92805912	3.09667632	3.32124738	3.57224505	3.82763010	4.04236266	4.16925684	4.21603840	4.22072119	4.21012739	4.19300129	4.17466757	4.15589887	4.13360781	4.10450079	4.06511281	4.01548261	3.96536907	3.91711761	3.86831213	3.81633747	3.76313189	3.71144976	3.67220518	3.64674665	3.63536712	3.63405558	3.64123881	3.65407718	3.65856225	3.66567346	3.65214485	3.63666097	3.62106542	3.60581257
	0.74379682	0.85955905	1.04062781	1.27477086	1.56693451	1.91163497	2.26434674	2.53321829	2.67554766	2.73695607	2.76721160	2.79121979	2.81346841	2.86296238	2.96890243	3.14541331	3.37907602	3.63643259	3.89775677	4.11392649	4.23599917	4.27848213	4.28034697	4.26813829	4.24959219	4.22966426	4.20975020	4.18679506	4.15688420	4.11654633	4.06553991	4.01459626	3.96422635	3.91510830	3.86204870	3.80672948	3.75387963	3.71547657	3.68959467	3.67835829	3.67768030	3.68541319	3.69850512	3.70337351	3.71108617	3.69859672	3.68403724	3.66920980	3.65461571
	0.74426053	0.86370684	1.04899064	1.28706904	1.58316391	1.93741344	2.29831405	2.57420569	2.71825736	2.77810566	2.80603298	2.82738627	2.84835374	2.90068942	3.01376131	3.19830403	3.43956698	3.70513160	3.97205963	4.19019920	4.30864134	4.34711292	4.34763590	4.33344687	4.31254125	4.29106816	4.27086330	4.24648456	4.21488507	4.17326229	4.12129290	4.06815469	4.01717290	3.96686756	3.91069441	3.85421801	3.80207401	3.76032560	3.73522604	3.72377957	3.72332051	3.73098792	3.74402002	3.74893656	3.75689714	3.74500367	3.73103211	3.71670921	3.70249356
	0.73965461	0.86215735	1.05085697	1.29222459	1.59194041	1.95380598	2.32289076	2.60627651	2.75312075	2.81233188	2.83767700	2.85637969	2.87526734	2.92951523	3.04868341	3.24098337	3.48892738	3.76029638	4.03306146	4.25130891	4.36492588	4.39951227	4.39958236	4.38407969	4.36099492	4.33738273	4.31661505	4.29197240	4.25934977	4.21680942	4.16339304	4.10969822	4.05864816	4.00640430	3.94939015	3.89396680	3.84082777	3.79799638	3.77347042	3.76254879	3.76293267	3.77101641	3.78463055	3.79004854	3.79881639	3.78792873	3.77505457	3.76174558	3.74838428
	0.73466426	0.85993548	1.05201826	1.29729722	1.60290727	1.97179363	2.35021161	2.63994391	2.79056944	2.85059915	2.87424218	2.89226955	2.90922226	2.96595529	3.09229721	3.29473172	3.55233733	3.83100419	4.10957022	4.32754059	4.43391617	4.46406375	4.46232229	4.44556167	4.42071577	4.39501296	4.37060780	4.34432003	4.31146513	4.26770732	4.21292840	4.15776618	4.10525982	4.05116764	3.99546445	3.93657650	3.88126918	3.83968649	3.81486301	3.80394168	3.80433495	3.81253471	3.82617254	3.83161004	3.84065378	3.83077516	3.81907662	3.80680076	3.79430838
	0.72779183	0.85431471	1.04787243	1.29479954	1.60412782	1.97757741	2.36353261	2.66176828	2.81757264	2.87877511	2.90246884	2.91983707	2.93612736	2.99510835	3.12699259	3.33789924	3.60224549	3.88805360	4.17205133	4.38899918	4.49107387	4.51926389	4.51458523	4.49604511	4.46903997	4.44214887	4.41602466	4.38871443	4.35295286	4.30695428	4.25284062	4.19462816	4.14217975	4.08966601	4.03128192	3.97120924	3.91552679	3.87366762	3.84851428	3.83711444	3.83732311	3.84546087	3.85879918	3.86402649	3.87288741	3.86392850	3.85311807	3.84162351	3.82975155
	0.72151882	0.84852709	1.04258650	1.29052799	1.60228436	1.97771196	2.36884970	2.67295683	2.83436600	2.89848185	2.92371545	2.94119735	2.95755626	3.01848750	3.15441674	3.37077433	3.64065212	3.93102038	4.21750382	4.43381779	4.53460858	4.56166112	4.55532697	4.53524491	4.50615196	4.47836145	4.45122764	4.42274054	4.38618897	4.33892248	4.28290578	4.22470877	4.17185873	4.11804037	4.05863854	3.99787989	3.94154700	3.89917396	3.87339282	3.86144682	3.86119168	3.86895135	3.88181221	3.88683322	3.89324030	3.88709053	3.87679832	3.86578345	3.85438497
	0.70786777	0.83425538	1.02764003	1.27596658	1.58840819	1.96569488	2.36244536	2.67436141	2.84465079	2.91525153	2.94460514	2.96284486	2.97989717	3.04313147	3.18398544	3.40685286	3.68239567	3.97703491	4.26534849	4.48007749	4.57927732	4.60552601	4.59800520	4.57632546	4.54564648	4.51520783	4.48720634	4.45775022	4.41987588	4.37203423	4.31450162	4.25648429	4.20274970	4.14747373	4.08744777	4.02553995	3.96867536	3.92582318	3.89955614	3.88710618	3.88646892	3.89389156	3.90625841	3.91111089	3.91500644	3.91215240	3.90276779	3.89250763	3.88178823
	0.70941512	0.83728766	1.03258108	1.28352973	1.59951765	1.97955140	2.37724765	2.69017143	2.86106280	2.93351738	2.96466399	2.98462322	3.00312969	3.06819047	3.21313981	3.44125856	3.71946990	4.01926637	4.30909308	4.52400135	4.62220674	4.64727448	4.63880372	4.61605168	4.58466849	4.55274150	4.52354925	4.49353755	4.45454335	4.40553212	4.34670423	4.28667624	4.23171116	4.17444154	4.11244567	4.04890399	3.99029014	3.94586566	3.91803722	3.90398241	3.90180782	3.90776997	3.91877505	3.92249395	3.92249328	3.92210973	3.91272021	3.90223850	3.89115389
	0.70418296	0.83195923	1.02719877	1.27873996	1.59548821	1.97637733	2.37654643	2.69236956	2.86701141	2.94252120	2.97580800	2.99631642	3.01557778	3.08201214	3.22972005	3.46109939	3.74260154	4.04394277	4.33471691	4.54899536	4.64618775	4.67089476	4.66187819	4.63844336	4.60658111	4.57310791	4.54376181	4.51282797	4.47346335	4.42435189	4.36441969	4.30456179	4.24854811	4.19017359	4.12788254	4.06347602	4.00433473	3.95949166	3.93120971	3.91672189	3.91407601	3.91964178	3.93019153	3.93364610	3.93227201	3.93347128	3.92446169	3.91428135	3.90343935
	0.68360601	0.80899266	1.00140551	1.25084130	1.56398991	1.94436409	2.34509761	2.66757657	2.85131263	2.93596821	2.97598016	3.00003305	3.02179874	3.08950988	3.24054814	3.47647965	3.76074538	4.06212220	4.35194691	4.56380495	4.65975713	4.68486037	4.67664247	4.65369420	4.62089749	4.58586435	4.55522620	4.52422584	4.48513188	4.43676932	4.37623405	4.31601301	4.25956258	4.20136613	4.13809801	4.07371995	4.01338329	3.96810897	3.93965702	3.92486373	3.92190762	3.92720834	3.93772455	3.94105075	3.93831478	3.94121561	3.93306864	3.92375574	3.91335063
	0.67498033	0.79995239	0.99209720	1.24204427	1.55600426	1.93637433	2.33836480	2.66306110	2.85149440	2.94104075	2.98518532	3.01169194	3.03557513	3.10490258	3.26008867	3.50059164	3.78745565	4.09016755	4.38139453	4.59172657	4.68631539	4.71200746	4.70311891	4.67916128	4.64498896	4.60950983	4.57756012	4.54522641	4.50638881	4.45753409	4.39554199	4.33506290	4.27730698	4.21741594	4.15343664	4.08842843	4.02698561	3.98063625	3.95116629	3.93537203	3.93142912	3.93576502	3.94544682	3.94819156	3.94488602	3.94844252	3.94048137	3.93165405	3.92143518
	0.67099125	0.79619530	0.98881712	1.24006871	1.55550532	1.93703610	2.34027637	2.66645764	2.85787738	2.95106596	2.99907030	3.02819519	3.05395536	3.12531556	3.28461188	3.52914520	3.81969018	4.12498983	4.41703127	4.62725601	4.72096279	4.74580764	4.73711022	4.71176497	4.67696127	4.64043801	4.60709164	4.57354113	4.53339603	4.48460419	4.42163673	4.36005146	4.30080360	4.23879092	4.17358527	4.10752978	4.04484431	3.99704862	3.96626064	3.94905318	3.94370581	3.94664717	3.95499634	3.95681354	3.95281380	3.95666894	3.94867246	3.94006542	3.92986332
	0.66111015	0.78535394	0.97662103	1.22705749	1.54189414	1.92324487	2.32589191	2.65704897	2.85493090	2.95442274	3.00760501	3.04060953	3.06900896	3.14268943	3.30554392	3.55413009	3.84684034	4.15302468	4.44686583	4.65589404	4.74931990	4.77447817	4.76450862	4.73693964	4.70179771	4.66461403	4.62995322	4.59520224	4.55487172	4.50475889	4.44134081	4.37872227	4.31961939	4.25634481	4.18998053	4.12211938	4.05881835	4.00969615	3.97760475	3.95910836	3.95241331	3.95390035	3.96070294	3.96161261	3.95712876	3.96151628	3.95307791	3.94499803	3.93396104
	0.65359685	0.77712668	0.96738605	1.21719866	1.53150406	1.91320705	2.31534251	2.65011032	2.85345137	2.95854993	3.01718063	3.05368042	3.08457991	3.16049307	3.32674858	3.57932094	3.87468029	4.18169411	4.47570760	4.68473831	4.77704231	4.80225525	4.79236071	4.76336030	4.72731888	4.68946361	4.65420882	4.61793442	4.57693899	4.52655183	4.46220599	4.39886694	4.33930742	4.27500768	4.20677160	4.13742701	4.07313809	4.02290855	3.98903538	3.96918253	3.96111633	3.96103305	3.96621037	3.96601406	3.96087513	3.96360187	3.95663175	3.94883024	3.93583473
	0.63597422	0.75663039	0.94283639	1.18904489	1.49941220	1.87638285	2.27704306	2.61607375	2.82726418	2.94027625	3.00518875	3.04681451	3.08102163	3.15965652	3.32830545	3.58311646	3.87855190	4.18407040	4.47699994	4.68447210	4.77619834	4.80144294	4.79033782	4.76037605	4.72386927	4.68599352	4.65012458	4.61440675	4.57255211	4.52127261	4.45671106	4.39319098	4.33365007	4.27028995	4.20237562	4.13312804	4.06912477	4.01802983	3.98381049	3.96310831	3.95470347	3.95406470	3.95859715	3.95817045	3.95308947	3.95625646	3.94927568	3.94101881	3.92756806
	0.63254898	0.75344436	0.94002781	1.18748952	1.49941484	1.87719415	2.27814710	2.61832895	2.83250207	2.94983534	3.01898797	3.06463733	3.10169215	3.18375048	3.35806650	3.61778988	3.91628286	4.22360178	4.51700421	4.72371171	4.81493652	4.83878196	4.82633900	4.79593474	4.75822670	4.71972275	4.68333959	4.64646408	4.60293656	4.55001094	4.48429456	4.41931838	4.35795816	4.29331102	4.22277989	4.15220583	4.08672670	4.03382812	3.99747550	3.97466339	3.96442617	3.96197706	3.96461024	3.96282734	3.95688901	3.95680290	3.95228019	3.94384946	3.92871430
	0.63341983	0.75493868	0.94250979	1.19171595	1.50560261	1.88443652	2.28582747	2.62583062	2.84091403	2.96097564	3.03339889	3.08220585	3.12150081	3.20669082	3.38621732	3.64993194	3.95171145	4.26092713	4.55479267	4.76176778	4.85231787	4.87407864	4.86145557	4.83126818	4.79251402	4.75320886	4.71638854	4.67845959	4.63351332	4.58000465	4.51287432	4.44662243	4.38348760	4.31681987	4.24390158	4.17226403	4.10529434	4.05049513	4.01241200	3.98756640	3.97555176	3.97155548	3.97259963	3.96966006	3.96298555	3.95986566	3.95720632	3.94816130	3.93348436
	0.62453033	0.74470767	0.93053783	1.17849118	1.49080739	1.86677436	2.26726609	2.60839009	2.82637836	2.95016113	3.02552894	3.07723305	3.11890027	3.20605784	3.38757974	3.65284777	3.95400064	4.26231597	4.55550683	4.76122549	4.85116149	4.87267373	4.85886611	4.82865414	4.78988948	4.75068834	4.71382789	4.67623418	4.63145568	4.57694506	4.50962171	4.44307095	4.37973011	4.31287663	4.24059783	4.16893514	4.10204741	4.04667906	4.00846721	3.98309895	3.97046047	3.96615272	3.96694825	3.96390427	3.95732389	3.95334933	3.95101486	3.94183097	3.92834452
	0.62218560	0.74250066	0.92872754	1.17775080	1.49128331	1.86760250	2.26802208	2.60950538	2.82906398	2.95538808	3.03366689	3.08801776	3.13218811	3.22188611	3.40720267	3.67542876	3.97797365	4.28697910	4.58017776	4.78584337	4.87517260	4.89494289	4.88058659	4.84994437	4.81090400	4.77124576	4.73414981	4.69609246	4.65043433	4.59512936	4.52707960	4.45945547	4.39488125	4.32673981	4.25334279	4.18054708	4.11253194	4.05655894	4.01650587	3.98996616	3.97558296	3.96984391	3.96931678	3.96526719	3.95793674	3.95164923	3.95105595	3.94144413	3.92809869
	0.61006740	0.72922185	0.91429171	1.16357747	1.47729001	1.85307993	2.25140730	2.59604062	2.82167543	2.95535070	3.04193515	3.10247283	3.15231816	3.24795289	3.44076977	3.71417319	4.01931836	4.32778170	4.61943673	4.82372445	4.91201851	4.93016284	4.91581336	4.88519071	4.84472112	4.80433975	4.76704320	4.72750700	4.68082924	4.62511508	4.55524982	4.48553790	4.41916077	4.34883750	4.27434543	4.19969152	4.12914602	4.07161176	4.02926268	3.99991684	3.98237155	3.97393345	3.97080335	3.96488170	3.95616456	3.94904025	3.94723049	3.93809589	3.92529848
	0.61094723	0.73103533	0.91749023	1.16884012	1.48486304	1.86195176	2.26159177	2.60627632	2.83317142	2.96891697	3.05780946	3.12126025	3.17428324	3.27291411	3.47048530	3.74797296	4.05479945	4.36464265	4.65741741	4.86181267	4.94899868	4.96658968	4.95062780	4.91913625	4.87933120	4.83843889	4.80046338	4.76020677	4.71235697	4.65507251	4.58485489	4.51354487	4.44531599	4.37300451	4.29671473	4.21997356	4.14767315	4.08906584	4.04475576	4.01358477	3.99396903	3.98342966	3.97839540	3.97092527	3.96123887	3.95351240	3.95075954	3.94154148	3.92881116
	0.60162353	0.72044539	0.90530890	1.15534453	1.47032496	1.84474675	2.24405748	2.59046628	2.82259555	2.96513852	3.06042996	3.13029491	3.18889108	3.29230456	3.49511857	3.77526718	4.08398492	4.39334897	4.68431457	4.88810137	4.97423013	4.99205316	4.97710192	4.94467351	4.90468284	4.86320594	4.82489936	4.78335437	4.73555378	4.67734070	4.60632806	4.53390969	4.46416715	4.39011148	4.31205736	4.23423537	4.16121037	4.10133817	4.05470902	4.02173155	4.00010183	3.98698546	3.97983629	3.97012923	3.95974508	3.95173454	3.94784198	3.93904818	3.92647274
	0.59333024	0.71095093	0.89448495	1.14377689	1.45792031	1.83031434	2.22835354	2.57572786	2.81174270	2.95986551	3.06077617	3.13684768	3.20012989	3.30797119	3.51544635	3.79831500	4.10743729	4.41629473	4.70617642	4.90910516	4.99402183	5.01176066	4.99679037	4.96427793	4.92421590	4.88249195	4.84373054	4.80164254	4.75341247	4.69442926	4.62279788	4.54952200	4.47846416	4.40282772	4.32304689	4.24430688	4.17056274	4.10976781	4.06159724	4.02667415	4.00317812	3.98823810	3.97862829	3.96726791	3.95626665	3.94793659	3.94299361	3.93494785	3.92239350
	0.58234493	0.69825645	0.87984929	1.12770996	1.44044417	1.81020529	2.20579109	2.55391824	2.79433036	2.94856106	3.05597121	3.13882689	3.20686880	3.31947252	3.53141523	3.81648322	4.12561538	4.43295609	4.72140913	4.92303072	5.00672446	5.02438141	5.00924505	4.97749936	4.93708546	4.89536477	4.85618746	4.81380084	4.76527769	4.70595375	4.63353924	4.55963835	4.48749574	4.41048332	4.32910455	4.24974480	4.17508437	4.11393248	4.06496232	4.02777338	4.00278961	3.98632201	3.97387405	3.96101186	3.94955673	3.94101905	3.93516607	3.92810099	3.91557811
	0.58382331	0.70018573	0.88240738	1.13108312	1.44449929	1.81506427	2.21073300	2.55895531	2.79938041	2.95383293	3.06163969	3.14499716	3.21348041	3.32679177	3.53988172	3.82588030	4.13533815	4.44326903	4.73236741	4.93417010	5.01790143	5.03506955	5.01953737	4.98822499	4.94785863	4.90587379	4.86652307	4.82388737	4.77491125	4.71563439	4.64299222	4.56872614	4.49610552	4.41852882	4.33654909	4.25653587	4.18131091	4.11957179	4.07025269	4.03251467	4.00713173	3.99017756	3.97720208	3.96391512	3.95220517	3.94351348	3.93708961	3.93034659	3.91772273
	0.57494554	0.69048780	0.87211228	1.12085234	1.43451575	1.80352462	2.19670213	2.54536641	2.79050761	2.95226446	3.06833460	3.15951736	3.23501412	3.35609255	3.57672622	3.86651786	4.17670503	4.48379444	4.77283382	4.97295976	5.05534964	5.07146022	5.05511618	5.02407207	4.98444123	4.94225105	4.90199374	4.85838664	4.80797760	4.74779820	4.67450484	4.59859874	4.52360187	4.44307289	4.35808641	4.27532336	4.19758350	4.13344499	4.08299239	4.04260711	4.01448708	3.99436420	3.97794082	3.96229324	3.94895994	3.93894564	3.93135424	3.92530997	3.91245074
	0.56729435	0.68178901	0.86237673	1.11006500	1.42330599	1.79001171	2.18166634	2.53028884	2.77807731	2.94397289	3.06474008	3.16009635	3.23970643	3.36452318	3.58828466	3.87905498	4.18908841	4.49430113	4.78274291	4.98100633	5.06268295	5.07828437	5.06287619	5.03148540	4.99236538	4.95012878	4.90969855	4.86561078	4.81516837	4.75434964	4.68112863	4.60467316	4.52881706	4.44712846	4.36104318	4.27727557	4.19862690	4.13372031	4.08260057	4.04231137	4.01313694	3.99173016	3.97454644	3.95733865	3.94330964	3.93240754	3.92546751	3.91890890	3.90599771
	0.56166028	0.67556787	0.85550300	1.10274351	1.41534726	1.77926434	2.16861349	2.51715360	2.76993655	2.94382721	3.07347333	3.17786674	3.26567299	3.39677934	3.62753893	3.92210112	4.23203515	4.53792726	4.82634521	5.02381053	5.10423457	5.12058479	5.10411194	5.07456352	5.03605120	4.99383692	4.95248914	4.90825677	4.85569402	4.79520859	4.72065416	4.64273282	4.56475096	4.47983879	4.39071832	4.30417621	4.22286594	4.15550782	4.10215791	4.06008636	4.02848233	4.00465850	3.98524980	3.96436009	3.94929067	3.93573460	3.92676422	3.92062008	3.90765995
	0.54746280	0.65942787	0.83750180	1.08297393	1.39438760	1.75357023	2.13851093	2.48632214	2.74389441	2.92604906	3.06491903	3.17878919	3.27558237	3.41428736	3.65086582	3.94628174	4.25485612	4.55820233	4.84383591	5.03828081	5.11724751	5.13342111	5.11876742	5.08867715	5.05175837	5.00994658	4.96841752	4.92353561	4.87099007	4.80913656	4.73517153	4.65646900	4.57699627	4.48946190	4.39804603	4.30944288	4.22642269	4.15712118	4.10196626	4.05871582	4.02488134	3.99860837	3.97704926	3.95550348	3.93931986	3.92393634	3.91454787	3.90637985	3.89340323
	0.54322980	0.65473481	0.83223230	1.07697939	1.38794732	1.74535525	2.12841282	2.47648394	2.73771281	2.92598115	3.07166016	3.19255820	3.29590517	3.44057198	3.68190711	3.97940323	4.28763644	4.59103062	4.87629074	5.06970850	5.14857060	5.16481989	5.15012929	5.12028352	5.08459090	5.04289102	5.00109598	4.95561435	4.90189206	4.83968247	4.76592346	4.68637645	4.60533709	4.51544120	4.42176215	4.33087220	4.24599419	4.17455494	4.11754296	4.07221810	4.03620534	4.00757390	3.98365562	3.96107281	3.94353429	3.92792435	3.91781693	3.90568862	3.89402095
	0.53498885	0.64504910	0.82045422	1.06304776	1.37181582	1.72561713	2.10429278	2.45198558	2.71864470	2.91593469	3.07169985	3.20287210	3.31559382	3.46927473	3.71637160	4.01505800	4.32358933	4.62518539	4.90899469	5.10082402	5.17947473	5.19616381	5.18262419	5.15280714	5.11912627	5.07845097	5.03676176	4.99061277	4.93726158	4.87312837	4.79987368	4.71977863	4.63659625	4.54392485	4.44745778	4.35366421	4.26637380	4.19248876	4.13325785	4.08543461	4.04672065	4.01509933	3.98815279	3.96364679	3.94449017	3.92923433	3.91811941	3.90224243	3.89077606
	0.52501344	0.63321381	0.80602089	1.04589773	1.35210824	1.70234585	2.07734847	2.42432394	2.69526110	2.89903091	3.06179796	3.20019495	3.31953077	3.47854284	3.72818946	4.02640636	4.33360262	4.63261941	4.91439319	5.10425192	5.18235133	5.20012136	5.18709754	5.15955343	5.12609066	5.08634159	5.04474969	4.99886921	4.94537096	4.88245140	4.80869475	4.72870101	4.64479842	4.55096837	4.45335090	4.35824689	4.26992385	4.19515585	4.13504710	4.08613754	4.04623402	4.01306708	3.98459193	3.95907526	3.93914977	3.92467854	3.91299983	3.89547253	3.88300641
	0.51999065	0.62787837	0.80063816	1.04116184	1.34754895	1.69608983	2.06777402	2.41473537	2.68931449	2.89920997	3.06945569	3.21543754	3.34226687	3.50871837	3.76315760	4.06272877	4.37042508	4.66820107	4.94908008	5.13835897	5.21635620	5.23502018	5.22252062	5.19482693	5.16323268	5.12471895	5.08351265	5.03704644	4.98319262	4.91870319	4.84555057	4.76454506	4.67868720	4.58226610	4.48213027	4.38434677	4.29357606	4.21652510	4.15406356	4.10270616	4.06037682	4.02443591	3.99317221	3.96565073	3.94455443	3.92955693	3.91688270	3.89964733	3.88509130
	0.50646718	0.61195795	0.78165619	1.01924799	1.32223651	1.66741618	2.03308486	2.37893015	2.65769824	2.87459300	3.05282220	3.20720903	3.34134612	3.51439437	3.77168839	4.06978433	4.37490908	4.66917465	4.94650321	5.13280968	5.21031758	5.23007208	5.21810744	5.19317320	5.16157976	5.12495090	5.08439212	5.03813965	4.98418957	4.92079664	4.84699487	4.76614997	4.68078330	4.58339890	4.48239341	4.38327122	4.29160573	4.21344455	4.14985476	4.09730176	4.05368046	4.01631113	3.98352653	3.95502605	3.93328907	3.91817458	3.90488086	3.88759371	3.87224948
	0.49353636	0.59559084	0.75989524	0.99156485	1.28914972	1.62986898	1.98901530	2.33254544	2.61537163	2.83967692	3.02611396	3.18895270	3.33177384	3.51056108	3.76852879	4.06530629	4.36741030	4.65941092	4.93348132	5.11684072	5.19398536	5.21501390	5.20485242	5.18099755	5.15251314	5.11642024	5.07682278	5.03084976	4.97763725	4.91498499	4.84292263	4.76321125	4.67707709	4.57995799	4.47870548	4.37926625	4.28707444	4.20879984	4.14508030	4.09234503	4.04848117	4.01064363	3.97726710	3.94816734	3.92610625	3.91075819	3.89710967	3.87976121	3.86329803
	0.49420710	0.59635703	0.76069809	0.99239959	1.28974416	1.62952557	1.98780257	2.33091356	2.61569436	2.84360359	3.03423812	3.20139448	3.34787011	3.53131983	3.79240774	4.09000607	4.39305839	4.68408665	4.95867882	5.14300288	5.22062666	5.24211637	5.23226840	5.20906005	5.17998269	5.14539552	5.10625665	5.06011240	5.00639613	4.94339176	4.86996534	4.79082095	4.70312114	4.60439152	4.50146950	4.40038228	4.30659836	4.22678265	4.16156024	4.10739628	4.06209982	4.02282556	3.98797360	3.95753044	3.93469959	3.91884117	3.90458676	3.88675552	3.86973986
	0.48910626	0.59024689	0.75338467	0.98432096	1.28059067	1.61873264	1.97445397	2.31585602	2.60333243	2.83626897	3.03280381	3.20621525	3.35864080	3.54761509	3.81120601	4.10834388	4.41037326	4.69887311	4.97216051	5.15536002	5.23289884	5.25451248	5.24595263	5.22353055	5.19529219	5.16279326	5.12445349	5.07874416	5.02529978	4.96219369	4.88849870	4.81026294	4.72162032	4.62182858	4.51739985	4.41527571	4.32005976	4.23883793	4.17205813	4.11640747	4.06958307	4.02854630	3.99194445	3.96018335	3.93657427	3.92007613	3.90512499	3.88674302	3.86887582
	0.48694137	0.58763604	0.75005944	0.98018177	1.27538374	1.61176509	1.96516321	2.30526508	2.59632261	2.83592197	3.04006743	3.22108953	3.38171856	3.57765770	3.84467878	4.14226414	4.44378223	4.73026775	5.00270466	5.18526775	5.26368058	5.28601916	5.27856346	5.25754339	5.23013937	5.19886873	5.16222506	5.11706780	5.06370027	5.00052134	4.92606639	4.84766952	4.75713160	4.65607311	4.54932988	4.44524508	4.34752316	4.26399162	4.19487210	4.13679960	4.08755172	4.04390598	4.00466711	3.97082377	3.94579314	3.92834952	3.91232643	3.89301941	3.87401750
	0.47462577	0.57207176	0.72930126	0.95274077	1.24229748	1.57473295	1.92249292	2.26137687	2.55728058	2.80489798	3.01776635	3.20794107	3.37734806	3.57840866	3.84574228	4.14050482	4.43877310	4.72216484	4.99061559	5.17026316	5.24870407	5.27249250	5.26705950	5.24835879	5.22444112	5.19475902	5.15886520	5.11464955	5.06269790	5.00060218	4.92819752	4.85082578	4.76071678	4.65930298	4.55253016	4.44842396	4.34997849	4.26603950	4.19634118	4.13755590	4.08755093	4.04304065	4.00295131	3.96809064	3.94220828	3.92414152	3.90728741	3.88727118	3.86714649
	0.47227679	0.56892271	0.72472232	0.94629696	1.23417206	1.56475675	1.91062602	2.24879460	2.54707573	2.79897196	3.01693846	3.21213177	3.38676658	3.59197414	3.86062327	4.15467054	4.45222763	4.73435829	5.00159049	5.18070207	5.25977404	5.28433066	5.28002795	5.26228272	5.23949827	5.21108336	5.17603814	5.13237049	5.08082280	5.01881537	4.94674016	4.86931378	4.77860188	4.67641169	4.56879829	4.46377931	4.36411817	4.27912012	4.20825941	4.14823866	4.09698281	4.05124877	4.00992451	3.97395598	3.94727875	3.92866271	3.91117340	3.89046558	3.86983441
	0.46638712	0.56137570	0.71446985	0.93288753	1.21782227	1.54543038	1.88788505	2.22475045	2.52678796	2.78595481	3.01200776	3.21545221	3.39864915	3.61039175	3.88029615	4.17336042	4.46941859	4.74904359	5.01375757	5.19203048	5.27181002	5.29727483	5.29500978	5.27951606	5.25803003	5.23111909	5.19850791	5.15616810	5.10536494	5.04408062	4.97224123	4.89422810	4.80351113	4.70042456	4.59150762	4.48523585	4.38387645	4.29741243	4.22479611	4.16286687	4.10958882	4.06195232	4.01876817	3.98121063	3.95334916	3.93384190	3.91536743	3.89364198	3.87195622
	0.45760948	0.55021539	0.69956403	0.91378594	1.19531822	1.52011072	1.85941833	2.19453170	2.49856033	2.76165785	2.99239478	3.20087491	3.38837500	3.60322667	3.87269218	4.16359438	4.45727449	4.73523495	4.99721301	5.17402348	5.25371227	5.27970557	5.27902904	5.26501895	5.24434003	5.21934115	5.18766860	5.14631918	5.09618706	5.03578349	4.96463681	4.88781838	4.79811641	4.69496537	4.58636989	4.48032631	4.37900477	4.29261420	4.21998560	4.15779685	4.10428325	4.05645798	4.01313680	3.97543899	3.94740127	3.92775574	3.90910634	3.88723903	3.86511450
	0.44749909	0.53748785	0.68261589	0.89229962	1.16987720	1.49147718	1.82800667	2.16060404	2.46584907	2.73168554	2.96591361	3.17804818	3.36938580	3.58605470	3.85365178	4.14172469	4.43177245	4.70756516	4.96607215	5.14015063	5.21920643	5.24578208	5.24631488	5.23389294	5.21490422	5.19092920	5.16015869	5.11985811	5.07084697	5.01138841	4.94197788	4.86614728	4.77733016	4.67535217	4.56770251	4.46251667	4.36201613	4.27629929	4.20429908	4.14246458	4.08920361	4.04173170	3.99880857	3.96142089	3.93352517	3.91397196	3.89533129	3.87352698	3.85125648
	0.44181425	0.53019318	0.67281368	0.88017249	1.15536151	1.47419954	1.80842099	2.13937173	2.44762752	2.71857601	2.95919324	3.17803355	3.37572006	3.59777432	3.86645419	4.15299701	4.44135135	4.71458419	4.97126317	5.14425590	5.22383099	5.25191104	5.25408476	5.24358654	5.22526843	5.20385576	5.17459814	5.13568592	5.08744982	5.02881246	4.95918018	4.88451282	4.79518273	4.69270566	4.58417131	4.47824908	4.37660013	4.28977026	4.21644503	4.15306763	4.09824053	4.04920900	4.00482127	3.96608883	3.93723709	3.91701397	3.89758976	3.87491247	3.85185273
	0.43857535	0.52616829	0.66768976	0.87428373	1.14819600	1.46534685	1.79808325	2.12851271	2.43901631	2.71445644	2.96032904	3.18477708	3.38844610	3.61505325	3.88462375	4.16999639	4.45705605	4.72851196	4.98336489	5.15575779	5.23572734	5.26482503	5.26834431	5.25924741	5.24262843	5.22240533	5.19462969	5.15687905	5.10990234	5.05206724	4.98309718	4.90827454	4.81798177	4.71507490	4.60545007	4.49863739	4.39571752	4.30769648	4.23289215	4.16782348	4.11138913	4.06046073	4.01440245	3.97414163	3.94417040	3.92305099	3.90271504	3.87906813	3.85516867
	0.43080253	0.51600226	0.65358108	0.85591615	1.12573256	1.43877124	1.76762474	2.09636763	2.40927395	2.69187897	2.94576384	3.17918646	3.39271368	3.62609955	3.89566183	4.17798190	4.46128941	4.72942541	4.98026598	5.15123018	5.23240522	5.26416655	5.27023485	5.26350391	5.25114038	5.23261284	5.20739128	5.17184231	5.12688459	5.07074824	5.00330949	4.92917204	4.83772272	4.73541288	4.62510142	4.51750660	4.41375616	4.32464971	4.24854488	4.18179524	4.12350655	4.07089187	4.02306419	3.98109388	3.94966551	3.92714920	3.90551509	3.88054569	3.85519056
	0.42789986	0.51164799	0.64681955	0.84668006	1.11405661	1.42414886	1.75026609	2.07772345	2.39253220	2.68053357	2.94055996	3.18055436	3.40201751	3.64030702	3.91034314	4.19125287	4.47242083	4.73873084	4.98766756	5.15759029	5.24057663	5.27424734	5.28216725	5.27788366	5.26756111	5.25024867	5.22652059	5.19409620	5.15073612	5.09595702	5.02911244	4.95491672	4.86305389	4.75919904	4.64898774	4.54098980	4.43616511	4.34599729	4.26874228	4.20060280	4.14096737	4.08688606	4.03762202	3.99430549	3.96173205	3.93810672	3.91540767	3.88928155	3.86270044
	0.42376332	0.50556033	0.63771047	0.83492083	1.10001746	1.40661227	1.72883743	2.05453527	2.37069155	2.66387358	2.93129683	3.17923122	3.41004744	3.65380779	3.92381104	4.20199412	4.48066671	4.74229795	4.98891358	5.15813979	5.24150689	5.27698380	5.28780699	5.28660097	5.27913582	5.26364044	5.24257307	5.21313917	5.17216186	5.11986847	5.05492193	4.97984469	4.88838713	4.78343719	4.67386319	4.56478509	4.45938369	4.36842778	4.28980264	4.22004381	4.15875048	4.10299019	4.05208660	4.00716154	3.97324044	3.94824751	3.92424610	3.89668822	3.86859182
	0.41129156	0.48844331	0.61216200	0.79862037	1.05513143	1.35441490	1.67009367	1.99250368	2.31187007	2.61512573	2.89560183	3.15759588	3.40456019	3.65718197	3.92594618	4.19865553	4.47171848	4.72728443	4.96756803	5.13410484	5.21865906	5.25710560	5.27307334	5.27694108	5.27471938	5.26449692	5.24721155	5.22344549	5.18788464	5.13933469	5.08013436	5.00714584	4.91604333	4.81234405	4.70266522	4.59585230	4.48927871	4.39881837	4.31931561	4.24768822	4.18422723	4.12632732	4.07321688	4.02589535	3.98929176	3.96149518	3.93495084	3.90484598	3.87388233
	0.40242252	0.47691798	0.59574641	0.77542537	1.02668566	1.32226175	1.63494864	1.95593716	2.27690201	2.58465163	2.87081840	3.13930168	3.39360202	3.64979640	3.91676743	4.18673178	4.45612860	4.70805260	4.94554843	5.10936978	5.19399291	5.23371909	5.25152033	5.25820216	5.25871483	5.25188958	5.23615062	5.21444610	5.18324026	5.13785193	5.08135884	5.01000046	4.92022313	4.81734851	4.70773262	4.60246740	4.49782204	4.40745803	4.32813813	4.25583928	4.19154196	4.13281010	4.07873558	4.03013265	3.99202841	3.96270816	3.93486926	3.90352569	3.87115131
	0.39941411	0.47261133	0.58937548	0.76685650	1.01612449	1.30926060	1.61995673	1.94100059	2.26423259	2.57708505	2.86969175	3.14540534	3.40749677	3.66845991	3.93610600	4.20465411	4.47309403	4.72167880	4.95815674	5.12358405	5.21052392	5.25095336	5.27082598	5.28023617	5.28343189	5.27905737	5.26561232	5.24557315	5.21615429	5.17270335	5.12000717	5.04973436	4.95919677	4.85546140	4.74557196	4.63820416	4.53271694	4.44040381	4.35970432	4.28544082	4.21886676	4.15790639	4.10154559	4.05317450	4.01299790	3.98166736	3.95206034	3.91910930	3.88518893
	0.38784098	0.45736723	0.56767313	0.73544831	0.97572427	1.26290515	1.56915560	1.88754574	2.21170923	2.52896111	2.82861654	3.11240642	3.38314540	3.64910566	3.91474214	4.17859125	4.44125973	4.68584422	4.91606657	5.08025654	5.16794724	5.21085215	5.23337433	5.24698786	5.25333959	5.25197405	5.24266203	5.22601019	5.19908126	5.16079581	5.11165169	5.04550360	4.95827093	4.85714486	4.74971134	4.64296109	4.53859314	4.44738014	4.36753983	4.29341323	4.22610002	4.16420601	4.10683451	4.05602759	4.01372044	3.98157439	3.95011129	3.91567119	3.88053604
	0.37364236	0.43880311	0.54210077	0.70002309	0.93230238	1.21422545	1.51536827	1.83011414	2.15373603	2.47380109	2.77979966	3.07134497	3.35064092	3.62073695	3.88352711	4.14112822	4.39594784	4.63493194	4.85903826	5.01882907	5.10675041	5.15183336	5.17737147	5.19412161	5.20460843	5.20717759	5.20175433	5.18856630	5.16654265	5.13250469	5.08805595	5.02581240	4.94250582	4.84635478	4.74261610	4.63840988	4.53570196	4.44661813	4.36822704	4.29397520	4.22730081	4.16532748	4.10734040	4.05356292	4.00913394	3.97627726	3.94286581	3.90688022	3.87211458
	0.37398416	0.43874183	0.54157230	0.69908477	0.93064627	1.21125836	1.51104338	1.82577812	2.15121334	2.47459550	2.78440179	3.08099322	3.36482147	3.63845430	3.90240182	4.15863342	4.41278561	4.65171674	4.87413832	5.03367616	5.12422628	5.17105372	5.19824355	5.21639440	5.22894321	5.23388500	5.23053304	5.21903495	5.19832097	5.16587312	5.12133076	5.05863180	4.97476338	4.87932724	4.77653801	4.67308223	4.56989008	4.48050179	4.40140910	4.32550424	4.25632845	4.19254665	4.13320977	4.07752961	4.03121488	3.99593284	3.96099466	3.92462262	3.88962681
	0.35595854	0.41571040	0.51044997	0.65528726	0.87531564	1.14996675	1.44483421	1.75570218	2.07978330	2.40454575	2.71909488	3.02058326	3.31102154	3.58676931	3.84709337	4.09586475	4.34228653	4.57657472	4.79118008	4.94607214	5.03660424	5.08549538	5.11497958	5.13576794	5.15191795	5.16194082	5.16248146	5.15505609	5.13845674	5.11143229	5.07206013	5.01319904	4.93184295	4.84055338	4.74298912	4.64635770	4.54701171	4.46089813	4.38491067	4.31040100	4.24255640	4.17905696	4.12030775	4.06434717	4.01662298	3.97812203	3.94261236	3.90525086	3.87036537
	0.35607043	0.41537438	0.50962835	0.65401876	0.87321084	1.14663548	1.44023859	1.75091525	2.07584911	2.40317605	2.72010521	3.02468795	3.31878396	3.59590030	3.85657825	4.10484463	4.35027056	4.58476246	4.79786762	4.95273569	5.04333354	5.09328049	5.12401876	5.14605143	5.16361349	5.17522692	5.17793985	5.17188522	5.15662520	5.13132899	5.09308452	5.03462599	4.95290547	4.86062110	4.76240945	4.66750432	4.56904206	4.48299808	4.40665641	4.33123203	4.26236244	4.19774692	4.13758452	4.08033747	4.03111765	3.99119569	3.95409828	3.91561496	3.88055480
	0.35710042	0.41635412	0.51072114	0.65548656	0.87462886	1.14739591	1.44027609	1.75095388	2.07650369	2.40551458	2.72378778	3.03014182	3.32658199	3.60420931	3.86499042	4.11351823	4.35848310	4.59304715	4.80559267	4.96055349	5.05105388	5.10155045	5.13303472	5.15578864	5.17414139	5.18634803	5.19042073	5.18518743	5.17084518	5.14654984	5.10882591	5.05058410	4.96911752	4.87566264	4.77666489	4.68214361	4.58433932	4.49853527	4.42179675	4.34574268	4.27614391	4.21077776	4.14958171	4.09141120	4.04134980	4.00078519	3.96249490	3.92338674	3.88773384
	0.36021079	0.42018824	0.51576584	0.66264463	0.88386224	1.15740047	1.45060945	1.76182029	2.08810611	2.41780432	2.73657965	3.04316689	3.34001179	3.61819496	3.87925751	4.12936418	4.37556849	4.61080246	4.82314307	4.97987472	5.07056871	5.12112620	5.15264249	5.17541875	5.19379393	5.20599723	5.20924730	5.20394239	5.18943870	5.16497353	5.12702976	5.06848310	4.98623160	4.89173061	4.79215819	4.69618522	4.59719151	4.51161822	4.43418146	4.35746192	4.28735216	4.22130493	4.15947967	4.10080715	4.05046359	4.00954477	3.97098734	3.93150628	3.89579784
	0.35933703	0.41892134	0.51403797	0.66021091	0.88038933	1.15288841	1.44529495	1.75616934	2.08278324	2.41322891	2.73301366	3.04036192	3.33853258	3.61715616	3.87728212	4.12655123	4.37182204	4.60611220	4.81773728	4.97401065	5.06478641	5.11573067	5.14787367	5.17124757	5.19028229	5.20285094	5.20667298	5.20219130	5.18854574	5.16468275	5.12757314	5.06999185	4.98833853	4.89435490	4.79524097	4.69878887	4.60031473	4.51557919	4.43836392	4.36170518	4.29154736	4.22527150	4.16325806	4.10407234	4.05317489	4.01170376	3.97274834	3.93341283	3.89669632
	0.35505691	0.41327835	0.50647796	0.64943993	0.86572891	1.13557552	1.42620382	1.73601266	2.06253987	2.39386347	2.71503242	3.02372803	3.32412334	3.60288619	3.86114018	4.10770539	4.35016723	4.58233565	4.79270501	4.94655762	5.03729214	5.08893066	5.12218202	5.14661653	5.16683263	5.17992329	5.18577906	5.18284892	5.17094470	5.14850343	5.11307984	5.05749558	4.97754709	4.88529047	4.78758245	4.69153958	4.59538561	4.51194555	4.43562857	4.35962230	4.28978676	4.22367398	4.16178871	4.10210507	4.05039146	4.00821422	3.96875640	3.93001679	3.89139925
	0.35224700	0.40955084	0.50152188	0.64263506	0.85682916	1.12503298	1.41419807	1.72301519	2.04926002	2.38066759	2.70253403	3.01189510	3.31348768	3.59212787	3.84841561	4.09334585	4.33349446	4.56412475	4.77215751	4.92542766	5.01593939	5.06788750	5.10185484	5.12698428	5.14800778	5.16178504	5.16813026	5.16639638	5.15576566	5.13441884	5.10052281	5.04637449	4.96757411	4.87682229	4.78063154	4.68522189	4.59022782	4.50822959	4.43253602	4.35718729	4.28779147	4.22192679	4.16024854	4.10063232	4.04856781	4.00603615	3.96662114	3.92776946	3.88819162
	0.34931921	0.40565608	0.49640339	0.63576805	0.84801302	1.11448847	1.40192231	1.70954820	2.03542399	2.36685260	2.68947927	2.99935194	3.30206470	3.58065528	3.83461722	4.07721350	4.31472145	4.54326109	4.74878273	4.90152883	4.99167864	5.04387595	5.07866676	5.10461574	5.12657990	5.14144064	5.14810766	5.14781394	5.13861809	5.11829117	5.08623315	5.03358849	4.95605872	4.86731124	4.77277156	4.67853940	4.58439484	4.50406097	4.42907052	4.35453459	4.28562716	4.22005697	4.15861757	4.09912974	4.04683036	4.00393393	3.96453535	3.92533685	3.88492443
	0.34575244	0.40113511	0.49042220	0.62739623	0.83707342	1.10189532	1.38806203	1.69487386	2.02054672	2.35235171	2.67575293	2.98638186	3.29003058	3.56846307	3.82110203	4.06160671	4.29744335	4.52437099	4.72838000	4.88012855	4.97016391	5.02273956	5.05823936	5.08485476	5.10752823	5.12316096	5.13062394	5.13135602	5.12325049	5.10392063	5.07317965	5.02167074	4.94478793	4.85799257	4.76491270	4.67190512	4.57876337	4.50029207	4.42496728	4.35110030	4.28258362	4.21731526	4.15581546	4.09626177	4.04396397	4.00063606	3.96108609	3.92198122	3.88062440
	0.34417427	0.39916401	0.48780023	0.62366952	0.83218585	1.09632435	1.38202680	1.68857388	2.01427552	2.34639846	2.67020090	2.98135529	3.28541275	3.56385972	3.81617599	4.05591291	4.29121964	4.51765418	4.72110878	4.87249681	4.96255959	5.01532339	5.05112764	5.07800541	5.10094801	5.11688781	5.12475245	5.12586658	5.11817117	5.09930411	5.06904311	5.01786340	4.94107445	4.85514402	4.76269653	4.67015458	4.57739190	4.49986979	4.42411158	4.35047086	4.28205052	4.21685533	4.15521126	4.09558951	4.04329437	3.99966237	3.96001456	3.92105543	3.87922555
	0.34356051	0.39833725	0.48667691	0.62213881	0.83025328	1.09398671	1.37930822	1.68553310	2.01113655	2.34332311	2.66723313	2.97866793	3.28290433	3.56112994	3.81317944	4.05241001	4.28681848	4.51327068	4.71595740	4.86719184	4.95711623	5.00989303	5.04583183	5.07280105	5.09590661	5.11203269	5.12011298	5.12147778	5.11407037	5.09551266	5.06560818	5.01460370	4.93814939	4.85248665	4.76068992	4.66854401	4.57600611	4.49881903	4.42327214	4.34984506	4.28153778	4.21645751	4.15494041	4.09542383	4.04291682	3.99925627	3.95949944	3.92092090	3.87866141
	0.34915673	0.40503486	0.49550346	0.63449348	0.84483673	1.10825821	1.39287653	1.69948870	2.02596748	2.36059288	2.68538396	2.99779799	3.30272913	3.58141230	3.83393752	4.07257102	4.30768569	4.53338427	4.73780444	4.88856536	4.97845551	5.03120844	5.06780230	5.09543553	5.11917412	5.13604403	5.14482502	5.14692485	5.14008970	5.12197581	5.09251226	5.04010432	4.96316710	4.87706824	4.78576778	4.69282352	4.59948556	4.52193789	4.44564843	4.37148372	4.30164292	4.23550060	4.17280221	4.11210893	4.05861674	4.01458924	3.97325462	3.93418564	3.89097184
	0.35451625	0.41128205	0.50362064	0.64562650	0.85759668	1.12008036	1.40330467	1.70974159	2.03672602	2.37401833	2.69981566	3.01331441	3.31887984	3.59720713	3.84961226	4.08649711	4.32173311	4.54670475	4.74976767	4.89981342	4.98908129	5.04226654	5.07935139	5.10823996	5.13270056	5.15079849	5.16073223	5.16407284	5.15832473	5.14119495	5.11279693	5.05990071	4.98304005	4.89666726	4.80621864	4.71333510	4.62143166	4.54320085	4.46652546	4.39217274	4.32144736	4.25471840	4.19123938	4.12940311	4.07495731	4.03021618	3.98819338	3.94811397	3.90353168
	0.35558618	0.41228884	0.50477615	0.64697108	0.85851260	1.11979411	1.40165274	1.70730843	2.03398292	2.37223676	2.69846987	3.01251653	3.31817121	3.59545527	3.84704239	4.08193214	4.31625963	4.54075213	4.74007351	4.88929980	4.97773185	5.03150002	5.06863951	5.09863618	5.12348417	5.14256363	5.15346346	5.15786707	5.15315677	5.13707215	5.10985047	5.05780826	4.98171767	4.89563555	4.80612550	4.71441540	4.62546051	4.54680229	4.47048980	4.39676398	4.32646489	4.26012059	4.19687212	4.13477054	4.07998815	4.03471405	3.99335873	3.95247473	3.90687997
	0.35852241	0.41599086	0.50991012	0.65436001	0.86775432	1.12959554	1.41169718	1.71782207	2.04514241	2.38353909	2.70997027	3.02460999	3.32964457	3.60696944	3.85914984	4.09456151	4.32968851	4.55400770	4.75319366	4.90269354	4.99093164	5.04474850	5.08191668	5.11195834	5.13696673	5.15611087	5.16702069	5.17140279	5.16657861	5.15029150	5.12281603	5.07032374	4.99369160	4.90669275	4.81634802	4.72481784	4.63534837	4.55627949	4.47922436	4.40501758	4.33417877	4.26730546	4.20352463	4.14105424	4.08573095	4.04003013	3.99874304	3.95828620	3.91189450
	0.36088665	0.41863170	0.51355635	0.65882601	0.87159832	1.13168784	1.41191840	1.71723586	2.04477945	2.38368009	2.71049094	3.02596872	3.33110043	3.60852658	3.85913131	4.09320016	4.32750374	4.55095827	4.74444028	4.89234870	4.97963652	5.03368072	5.07175696	5.10287938	5.12937829	5.14979191	5.16207521	5.16789736	5.16443801	5.14949875	5.12349173	5.07177560	4.99593051	4.91020904	4.82050920	4.73015328	4.64365858	4.56443972	4.48734734	4.41363312	4.34297066	4.27625853	4.21237662	4.14960432	4.09380741	4.04707878	4.00631317	3.96401050	3.91639859
	0.36232808	0.42044995	0.51603218	0.66220844	0.87569927	1.13604109	1.41641821	1.72197908	2.04989231	2.38902889	2.71601347	3.03171200	3.33698174	3.61470840	3.86564975	4.09996203	4.33462487	4.55809966	4.75179024	4.89991167	4.98720986	5.04119659	5.07933346	5.11043533	5.13701872	5.15744395	5.16971523	5.17550093	5.17196150	5.15689595	5.13076656	5.07886242	5.00272756	4.91672131	4.82663812	4.73579457	4.64908742	4.56981371	4.49239376	4.41843322	4.34751505	4.28053577	4.21637646	4.15339071	4.09744007	4.05043909	4.00950413	3.96729549	3.91949710
	0.36660850	0.42567623	0.52344840	0.67228277	0.88743230	1.14752121	1.42711711	1.73277566	2.06146881	2.40121106	2.72826105	3.04396280	3.34870990	3.62714696	3.87600209	4.11165390	4.34608236	4.57004062	4.76010985	4.90753301	4.99436684	5.04812841	5.08730171	5.11856847	5.14648832	5.16737357	5.18018908	5.18652412	5.18339543	5.16869295	5.14297890	5.09102466	5.01473533	4.92874080	4.83886058	4.74794503	4.66209257	4.58199105	4.50363346	4.42927212	4.35782328	4.29033930	4.22552459	4.16190348	4.10542980	4.05788678	4.01746215	3.97353342	3.92503642
	0.36826967	0.42759007	0.52643563	0.67622166	0.89126663	1.14997252	1.42795465	1.73300033	2.06173242	2.40187288	2.72856588	3.04347653	3.34778839	3.62600377	3.87163738	4.10789456	4.34152422	4.56574344	4.75029061	4.89619916	4.98231650	5.03613780	5.07653742	5.10836901	5.13784047	5.15950960	5.17327509	5.18069805	5.17859071	5.16492029	5.13989327	5.08830479	5.01273549	4.92772020	4.83920224	4.75095295	4.66538374	4.58487231	4.50629106	4.43219613	4.36081722	4.29345507	4.22852161	4.16458730	4.10778738	4.06080943	4.01999517	3.97394407	3.92476699
	0.36823164	0.42752038	0.52646850	0.67614485	0.89057228	1.14825991	1.42540839	1.72994826	2.05848655	2.39873598	2.72487167	3.03870858	3.34253054	3.62037037	3.86414005	4.10078969	4.33420707	4.55782307	4.74035908	4.88544525	4.97115347	5.02529734	5.06616863	5.09842933	5.12845239	5.15049447	5.16473667	5.17276963	5.17125601	5.15817193	5.13328841	5.08158969	5.00659827	4.92225339	4.83468790	4.74961082	4.66250344	4.58206051	4.50361393	4.42982615	4.35867280	4.29156874	4.22675114	4.16278190	4.10591835	4.06023220	4.01797352	3.97114307	3.92179828
	0.37605858	0.43727045	0.53949836	0.69346383	0.91115251	1.16963016	1.44729506	1.75258622	2.08311736	2.42413962	2.75041519	3.06493117	3.36663877	3.64723593	3.89018195	4.12937138	4.36308527	4.58564771	4.76920215	4.91476595	5.00019124	5.05446902	5.09555408	5.12783727	5.15820430	5.18021236	5.19444182	5.20234627	5.20045076	5.18682179	5.16206986	5.10915067	5.03304896	4.94753970	4.85870436	4.77156920	4.68466408	4.60288614	4.52278611	4.44785803	4.37556262	4.30725858	4.24120035	4.17626164	4.11858944	4.07194288	4.03009779	3.98232484	3.93255056
	0.37534782	0.43646324	0.53869042	0.69206074	0.90877233	1.16608002	1.44233601	1.74696057	2.07701910	2.41792638	2.74382181	3.05855275	3.35922839	3.63927335	3.88054950	4.11790412	4.34960611	4.57370182	4.75069459	4.89469677	4.97919657	5.03370493	5.07540795	5.10827106	5.13951083	5.16218965	5.17718912	5.18602317	5.18504054	5.17238802	5.14836750	5.09674790	5.02170054	4.93741533	4.85010769	4.76379330	4.68094570	4.59744895	4.51812298	4.44388761	4.37214660	4.30437227	4.23869721	4.17388299	4.11639567	4.07005609	4.02924517	3.97875597	3.92890696
	0.37893896	0.44114317	0.54501078	0.70044919	0.91855985	1.17590948	1.45224604	1.75710786	2.08806540	2.42926779	2.75495014	3.06970002	3.36897865	3.64973705	3.89100765	4.12911777	4.36121520	4.58389335	4.76149386	4.90554613	4.98952421	5.04416226	5.08609169	5.11908684	5.15063179	5.17359276	5.18870551	5.19768102	5.19671114	5.18393968	5.15984769	5.10720148	5.03173387	4.94707383	4.85949209	4.77423498	4.68977658	4.60562871	4.52564879	4.45094823	4.37872983	4.31044761	4.24417719	4.17886483	4.12120064	4.07498202	4.03336611	3.98219037	3.93211672
	0.38417721	0.44777425	0.55383297	0.71194923	0.93181912	1.18932982	1.46584815	1.77104058	2.10298774	2.44472732	2.77065617	3.08514850	3.38434656	3.66583256	3.90740634	4.14626940	4.37804702	4.60105526	4.77822420	4.92248633	5.00701652	5.06170728	5.10404692	5.13699202	5.16908191	5.19102540	5.20623724	5.21518805	5.21406164	5.20100968	5.17642435	5.12401342	5.04794764	4.96266273	4.87441033	4.78798850	4.70316793	4.61858204	4.53783367	4.46251753	4.38968899	4.32069191	4.25366666	4.18773023	4.12965524	4.08335461	4.04083824	3.98917144	3.93877506
	0.38774726	0.45247922	0.56013958	0.71992874	0.94025009	1.19642016	1.47180216	1.77616475	2.10910008	2.45073267	2.77536700	3.09023121	3.38931685	3.67013896	3.91138493	4.14962375	4.38046962	4.60236197	4.77718771	4.92093212	5.00482580	5.06087585	5.10336277	5.13774543	5.17047110	5.19279358	5.20876998	5.21849411	5.21790718	5.20527598	5.18071205	5.12825759	5.05232774	4.96740483	4.87979672	4.79598071	4.70895505	4.62395286	4.54318349	4.46774638	4.39471847	4.32540970	4.25791201	4.19137915	4.13304097	4.08859815	4.04251882	3.98969722	3.93892853
	0.39209235	0.45806264	0.56755774	0.72968177	0.95154426	1.20774941	1.48309291	1.78752765	2.12168225	2.46327514	2.78723495	3.10297897	3.40171939	3.68225639	3.92400914	4.16266734	4.39342420	4.61495256	4.78905986	4.93281587	5.01575825	5.07235812	5.11441786	5.14959821	5.18219145	5.20530841	5.22141622	5.23126977	5.23060041	5.21780718	5.19291215	5.13993729	5.06355490	4.97822338	4.89036580	4.80624376	4.71920846	4.63315655	4.55191821	4.47605345	4.40255142	4.33269776	4.26461834	4.19759770	4.13897217	4.09520007	4.04806340	3.99431152	3.94335365
	0.40337351	0.47229064	0.58617807	0.75460226	0.98123487	1.23941688	1.51680683	1.82310469	2.15916887	2.50106830	2.82525082	3.14114612	3.43968949	3.72081904	3.96496941	4.20627549	4.43897422	4.65803750	4.83608681	4.98104717	5.06307985	5.11844322	5.16008892	5.19461837	5.22689445	5.25053200	5.26588402	5.27487318	5.27298344	5.25876535	5.23251883	5.17757291	5.09910832	5.01158924	4.92151375	4.83400989	4.74712608	4.65878201	4.57568845	4.49827142	4.42326413	4.35175548	4.28211209	4.21410881	4.15542226	4.10958929	4.06409687	4.00956401	3.95840558
	0.41568888	0.48773628	0.60627818	0.78112819	1.01204448	1.27149685	1.55042901	1.85839080	2.19648375	2.53869844	2.86252262	3.17908565	3.47775935	3.75993413	4.00514871	4.24885608	4.48349103	4.69946179	4.88037053	5.02610551	5.10727516	5.16162410	5.20322080	5.23738238	5.26996296	5.29404411	5.30889653	5.31736777	5.31450188	5.29906714	5.27164266	5.21493412	5.13457028	5.04511997	4.95328236	4.86635858	4.77537561	4.68533769	4.60064263	4.52178128	4.44530538	4.37212608	4.30085326	4.23169940	4.17226823	4.12653341	4.07997546	4.02480328	3.97326235
	0.42293234	0.49672587	0.61788430	0.79588853	1.02822960	1.28785063	1.56704973	1.87607732	2.21518659	2.55739849	2.88086711	3.19607343	3.49659117	3.77823423	4.02332739	4.26785478	4.50532377	4.71687472	4.89774329	5.04350251	5.12419575	5.17815691	5.21990075	5.25409626	5.28707888	5.31123242	5.32597887	5.33446084	5.33132631	5.31548054	5.28776313	5.23028738	5.14919696	5.05913016	4.96685319	4.88078171	4.78815043	4.69704932	4.61189289	4.53248576	4.45537857	4.38140859	4.30934123	4.23958752	4.17945492	4.13536250	4.08674217	4.03094347	3.97914340
	0.42244658	0.49637253	0.61751379	0.79538400	1.02683015	1.28456430	1.56223635	1.86978014	2.20855378	2.54978882	2.87170920	3.18603309	3.48715238	3.76894005	4.01138323	4.25442580	4.49128502	4.70054768	4.87873901	5.02313146	5.10297036	5.15773044	5.20026860	5.23551044	5.26965853	5.29471053	5.31010523	5.31953853	5.31701465	5.30169088	5.27455906	5.21689381	5.13671101	5.04784384	4.95744019	4.87459574	4.77898658	4.68890563	4.60487257	4.52609984	4.44954317	4.37602999	4.30433739	4.23457278	4.17486494	4.13113154	4.07958227	4.02412385	3.97205917
	0.43188766	0.50821493	0.63306368	0.81514584	1.04879748	1.30807635	1.58685054	1.89710425	2.23768492	2.57897850	2.90038279	3.21306669	3.51583694	3.79629769	4.04074646	4.28588822	4.52563129	4.73175962	4.91237866	5.05806681	5.13793400	5.19236972	5.23440807	5.26923169	5.30305481	5.32747549	5.34223286	5.35096241	5.34748994	5.33102608	5.30253523	5.24328035	5.16141180	5.07082035	4.97873411	4.89369546	4.79881367	4.70615577	4.62083663	4.54090724	4.46320224	4.38838905	4.31542754	4.24484542	4.18508897	4.14112716	4.08895607	4.03305739	3.98076091
	0.44956464	0.53088786	0.66309005	0.85405930	1.09257764	1.35328070	1.63365717	1.94790108	2.28992866	2.62974496	2.95198813	3.25881837	3.56328275	3.84089659	4.08774954	4.33621767	4.58306860	4.77730294	4.95978096	5.10608559	5.18558376	5.23946832	5.28131298	5.31579708	5.34910924	5.37219573	5.38546467	5.39319237	5.38812348	5.36977128	5.33983358	5.27734238	5.19318061	5.10075258	5.00720398	4.91687886	4.82337394	4.72872048	4.64208262	4.56061112	4.48121390	4.40431926	4.32940536	4.25772621	4.19812515	4.15569081	4.09971814	4.04396051	3.99132676
	0.45656072	0.54077880	0.67710921	0.87200937	1.11086362	1.37016882	1.64932794	1.96603464	2.30748580	2.64391410	2.96690209	3.26961778	3.57362883	3.85073235	4.09541730	4.34509631	4.59218875	4.77960880	4.96109244	5.10554091	5.18503866	5.24089512	5.28383583	5.31929063	5.35309678	5.37591963	5.38825481	5.39628928	5.39045749	5.37079703	5.34036707	5.27545265	5.19128528	5.09951532	5.01041095	4.91869550	4.82111820	4.72665847	4.64063474	4.55898898	4.47915412	4.40159415	4.32601768	4.25388797	4.19731873	4.15295456	4.09260812	4.03729210	3.98427731
	0.46691738	0.55472516	0.69627836	0.89661725	1.13686022	1.39687048	1.67682577	1.99589687	2.33786868	2.67189006	2.99600542	3.29571501	3.59820015	3.87524661	4.11999332	4.37461333	4.61764625	4.80294764	4.98423103	5.12846821	5.20997225	5.26682971	5.30928194	5.34477070	5.37767112	5.39749066	5.40809769	5.41563487	5.40845055	5.38681389	5.35497797	5.28834544	5.20299436	5.11055034	5.02602442	4.93681941	4.82931176	4.73415418	4.64771489	4.56530611	4.48452505	4.40583861	4.32917126	4.25660936	4.20246683	4.15554635	4.09421111	4.03925905	3.98619883
	0.48309982	0.57651912	0.72572458	0.93382411	1.17496197	1.43552907	1.71851154	2.03884113	2.38275002	2.71270609	3.03697494	3.33304840	3.63508145	3.90858358	4.15618816	4.41946876	4.65405670	4.83643494	5.01906246	5.16658744	5.24803298	5.30544501	5.34647391	5.38057974	5.41136872	5.43142818	5.43696810	5.44042967	5.43055781	5.40836414	5.37431384	5.30623902	5.21865830	5.12474093	5.04944399	4.94972506	4.83936067	4.74337071	4.65622933	4.57273155	4.49064208	4.41037051	4.33209538	4.25881839	4.20578550	4.15632147	4.09549842	4.04106587	3.98806816
	0.49167130	0.58871730	0.74197898	0.95340419	1.19347701	1.45326037	1.73818178	2.05861235	2.40231687	2.72853501	3.05056616	3.34444310	3.64613243	3.91708087	4.16829494	4.42946072	4.66165407	4.84117779	5.02673259	5.17191083	5.25137239	5.30705759	5.34703273	5.38343426	5.41515861	5.43898497	5.43880742	5.44088088	5.42927822	5.40576352	5.37062455	5.30169620	5.21340650	5.11908623	5.05028297	4.93969566	4.83296110	4.73781488	4.65086721	4.56719657	4.48479888	4.40402829	4.32516218	4.25138675	4.19944926	4.14673293	4.08778075	4.03366644	3.98077606
	0.50088213	0.60220096	0.76036670	0.97416440	1.21385496	1.47296655	1.75963833	2.07941125	2.42149561	2.74462604	3.06103160	3.35316345	3.65140500	3.92178292	4.17706256	4.43237374	4.66198778	4.84414909	5.02911713	5.16724415	5.24816997	5.29955094	5.33879506	5.37527140	5.40969624	5.43367752	5.43948510	5.43851276	5.42120988	5.39593411	5.35897436	5.28796403	5.19887119	5.10591176	5.02492361	4.92326463	4.81806002	4.72390692	4.63731355	4.55361366	4.47112655	4.39009641	4.31091550	4.23759738	4.18492807	4.13264577	4.07395711	4.02034156	3.96787596
	0.50917684	0.61623814	0.78029961	0.99687041	1.23528846	1.49312133	1.78170134	2.10072975	2.43827004	2.75443723	3.06713537	3.35333930	3.64733223	3.91493283	4.17699890	4.42140814	4.64647423	4.83106876	5.00890488	5.14868200	5.22132037	5.27020022	5.30855846	5.34462284	5.37873296	5.40303543	5.41616509	5.41581086	5.39320985	5.36478523	5.32538145	5.25160113	5.16203950	5.07475383	4.98953436	4.88642000	4.78325930	4.69114589	4.60565716	4.52264680	4.44068176	4.35980322	4.28061279	4.20785111	4.15908460	4.10270163	4.04545073	3.99269058	3.94102794
	0.51268471	0.62291655	0.78928579	1.00615243	1.24338975	1.50083300	1.78963665	2.10799337	2.44169871	2.75527227	3.06368419	3.34778647	3.64084839	3.90608533	4.16842754	4.40780891	4.63049562	4.81815897	4.99208510	5.12793442	5.19742241	5.24600033	5.28416489	5.32021327	5.35431718	5.37896322	5.39334688	5.39567070	5.37372468	5.34151949	5.30053609	5.22613349	5.13688717	5.04957273	4.96341667	4.86115125	4.76016342	4.66964122	4.58507724	4.50264719	4.42116928	4.34061676	4.26166753	4.19201638	4.14229994	4.08338123	4.02708877	3.97467300	3.92341653
	0.51913663	0.63307004	0.80207178	1.01931018	1.25577812	1.51306205	1.80319986	2.12109658	2.45196369	2.76265834	3.06643874	3.34950532	3.64116516	3.90333163	4.16644904	4.40361172	4.62461548	4.81696734	4.98531533	5.11835620	5.18683633	5.23327643	5.27117383	5.30688247	5.34086122	5.36543779	5.37937693	5.38343636	5.36667478	5.33051212	5.28513361	5.20960329	5.12040708	5.03420671	4.94327338	4.84315062	4.74379549	4.65435482	4.57040924	4.48827161	4.40693271	4.32632850	4.24713098	4.17590063	4.12697695	4.06784105	4.01214457	3.95989636	3.90883899
	0.53078658	0.65079772	0.82465231	1.04303106	1.27899744	1.53784123	1.83031327	2.14720493	2.47399127	2.78121119	3.07791205	3.35888392	3.64768177	3.90576714	4.16671689	4.40193136	4.62066487	4.80673761	4.97327970	5.10615283	5.17279833	5.21805602	5.25519115	5.29016910	5.32377821	5.34652776	5.35968989	5.36282378	5.34910688	5.31363436	5.26601335	5.18654336	5.09732338	5.01469998	4.91552056	4.81834914	4.72020280	4.63173012	4.54834325	4.46619334	4.38486952	4.30411599	4.22445010	4.15640843	4.10398114	4.04471753	3.98984900	3.93806893	3.88752093
	0.54021676	0.66465776	0.84129981	1.06028510	1.29585830	1.55565100	1.84911635	2.16571236	2.48900464	2.79207300	3.08519924	3.36425234	3.64994964	3.90506798	4.16413683	4.39820158	4.61480927	4.80136346	4.96216698	5.09220449	5.15816275	5.20291481	5.23946934	5.27394375	5.30783933	5.32925072	5.34346082	5.34558210	5.33032103	5.29271632	5.24480943	5.16599837	5.07706530	4.99407745	4.89422014	4.79690471	4.70038052	4.61291362	4.53010307	4.44822969	4.36723682	4.28651623	4.20658225	4.14271819	4.08636049	4.02695594	3.97273887	3.92135508	3.87127115
	0.54386352	0.67073392	0.84822113	1.06647774	1.30094684	1.56027848	1.85354224	2.16908566	2.48941796	2.78938690	3.07993924	3.35759580	3.64118344	3.89484748	4.15111182	4.38396123	4.59842801	4.78620784	4.94582960	5.06939304	5.13435954	5.17897049	5.21546858	5.24979844	5.28405544	5.30645476	5.32043979	5.32227640	5.30619420	5.27023858	5.21991025	5.14168007	5.05410049	4.97457769	4.87296802	4.77380791	4.67938686	4.59319453	4.51124833	4.43001641	4.34966493	4.26936503	4.18965015	4.12835028	4.06994048	4.01016450	3.95642430	3.90533298	3.85558556
	0.54072728	0.66782374	0.84406387	1.05986845	1.29227705	1.54890106	1.84006240	2.15374843	2.47137308	2.76873127	3.05811699	3.33434501	3.61837695	3.86900789	4.12241561	4.35308293	4.56502978	4.75636521	4.91355912	5.02943219	5.09357131	5.13869060	5.17532697	5.20982779	5.24523550	5.26773908	5.28362046	5.28599083	5.26993284	5.23785817	5.18539249	5.10665635	5.02132522	4.95075046	4.84081447	4.74391295	4.65169054	4.56736724	4.48691158	4.40691371	4.32773467	4.24844571	4.16958090	4.11006598	4.04910621	3.99035342	3.93695417	3.88607117	3.83654063
	0.54298416	0.67234538	0.84886929	1.06242744	1.29335102	1.54843975	1.83844721	2.15020404	2.46524883	2.75872675	3.04528240	3.31969911	3.60197364	3.84961818	4.09917440	4.32748431	4.53658983	4.73211202	4.88468661	4.99114165	5.05551310	5.10067838	5.13744091	5.17187551	5.20778823	5.23018299	5.24593177	5.24865083	5.23168818	5.20270645	5.14808156	5.07131483	4.99054787	4.91773505	4.80772505	4.71240363	4.62230643	4.53974287	4.46071106	4.38180526	4.30350938	4.22499226	4.14691366	4.09213024	4.02576786	3.96782569	3.91487425	3.86429976	3.81512624
	0.54900491	0.68166595	0.85944962	1.07063600	1.30012580	1.55522637	1.84487393	2.15477643	2.46588594	2.75475621	3.03775938	3.31035240	3.59137946	3.83519288	4.08054976	4.30642999	4.51237343	4.70619648	4.86130742	4.95373042	5.02079887	5.06592158	5.10278967	5.13730177	5.17337071	5.19556543	5.21135034	5.21395396	5.19531208	5.16511836	5.11518765	5.03768903	4.96030656	4.87285902	4.77470589	4.68081498	4.59273717	4.51177608	4.43418394	4.35630029	4.27874397	4.20092404	4.12360746	4.06990570	4.00220724	3.94504084	3.89269718	3.84260642	3.79396452
	0.55946837	0.69680191	0.87628981	1.08568173	1.31389914	1.56957310	1.85933605	2.16761146	2.47401481	2.75672058	3.03574512	3.30612532	3.58391349	3.82589141	4.06714434	4.29063321	4.49347807	4.68487227	4.83886446	4.92204783	4.98893457	5.03460824	5.07119707	5.10600284	5.14161393	5.16317283	5.17921101	5.18081907	5.15897715	5.12671909	5.07590240	5.00472382	4.93781058	4.83618839	4.74230566	4.64927251	4.56321211	4.48371777	4.40699431	4.32990176	4.25274242	4.17535541	4.09890767	4.04179905	3.97658886	3.92014384	3.86833519	3.81868621	3.77052042
	0.56549984	0.70503340	0.88479170	1.09231121	1.31921706	1.57479152	1.86365339	2.17024766	2.47388754	2.75406258	3.03031962	3.29843868	3.57206109	3.81705772	4.05409023	4.27607722	4.47674172	4.66542208	4.82021399	4.90663385	4.96361070	5.00850473	5.04587526	5.08129226	5.11709648	5.13837522	5.15447961	5.15555283	5.13264204	5.09672977	5.04848135	4.98402333	4.91150203	4.81029199	4.71704666	4.62691185	4.54231061	4.46385443	4.38795279	4.31154598	4.23475528	4.15784539	4.08478393	4.02347366	3.95920475	3.90320722	3.85174131	3.80238733	3.75450991
	0.56387705	0.70309923	0.88047414	1.08435233	1.30855836	1.56162896	1.84720478	2.15112045	2.45150693	2.72949471	3.00433162	3.27053045	3.54107452	3.78694815	4.01846548	4.23742626	4.43498839	4.62285856	4.77995783	4.86636729	4.91325006	4.95509347	4.99338315	5.03114552	5.06885433	5.09153059	5.10644325	5.10772444	5.08596218	5.04895878	5.00436662	4.94491642	4.86474836	4.76993664	4.67805236	4.58972484	4.50746579	4.43096532	4.35674429	4.28178752	4.20630885	4.13083111	4.06201536	3.99554504	3.93369415	3.87842307	3.82750169	3.77863685	3.73120886
	0.57689305	0.71926515	0.89762971	1.10080945	1.32530258	1.57984332	1.86679991	2.16883478	2.46553388	2.73989509	3.01120075	3.27393412	3.54133535	3.78684568	4.01668986	4.23462135	4.43114677	4.61361784	4.77243691	4.86015588	4.90245940	4.93974566	4.97546762	5.01868718	5.05471484	5.07737294	5.09137693	5.09155468	5.06873448	5.03060099	4.98859519	4.92566381	4.84049861	4.74699527	4.65809343	4.57178968	4.49114993	4.41538702	4.34147285	4.26668318	4.19105363	4.11580232	4.04799893	3.97918383	3.91793585	3.86296899	3.81224485	3.76352953	3.71621009
	0.58576378	0.73006119	0.90862901	1.11140247	1.33602331	1.59110322	1.87806912	2.17877890	2.47288259	2.74517075	3.01407852	3.27562748	3.54101996	3.78514982	4.01176686	4.22894299	4.42480288	4.60569656	4.76584193	4.85367308	4.89178878	4.92561169	4.96109953	5.00446475	5.03814767	5.06225928	5.07637499	5.07586362	5.05185820	5.01686418	4.97407700	4.91049661	4.82376274	4.73096790	4.64266941	4.55720436	4.47752367	4.40241515	4.32882512	4.25420857	4.17860697	4.10317286	4.03891568	3.96638609	3.90550060	3.85079142	3.80022098	3.75163385	3.70440389
	0.57996135	0.72246401	0.89686519	1.09505697	1.31611913	1.56695844	1.84963972	2.14592888	2.43512273	2.70456692	2.97118780	3.22916637	3.49285953	3.73729833	3.95429154	4.16756755	4.35977207	4.53756618	4.69629743	4.78789915	4.83018915	4.86022639	4.89476629	4.92829813	4.96135000	4.98564420	5.00311759	5.00252095	4.98034963	4.95416628	4.91517711	4.84869707	4.75858890	4.66915129	4.58384088	4.50144026	4.42444119	4.35183843	4.28058738	4.20809045	4.13474061	4.06335009	3.99836260	3.92636332	3.86674282	3.81325102	3.76369172	3.71607259	3.66968656
	0.56840085	0.70800643	0.87632695	1.06838395	1.28427773	1.52900003	1.80524332	2.09498462	2.37866762	2.64478212	2.90867342	3.16235155	3.42451996	3.66942421	3.87629210	4.08281758	4.26966907	4.44145860	4.59680561	4.69408918	4.74196205	4.76940022	4.80195878	4.82879481	4.86269377	4.88537052	4.90430534	4.90432491	4.88603349	4.86775271	4.83293155	4.75781905	4.66875856	4.58356871	4.50225184	4.42388985	4.35196796	4.28333120	4.21513524	4.14568866	4.07555217	4.00950839	3.94011319	3.87226592	3.81429934	3.76237090	3.71411815	3.66774833	3.62242597
	0.56382593	0.70210526	0.86571118	1.05352435	1.26568164	1.50581910	1.77651277	2.06018260	2.33753067	2.60055739	2.86056714	3.11186021	3.37021571	3.61641309	3.81497559	4.01451783	4.19850977	4.36568587	4.51751700	4.61410785	4.66851906	4.70426955	4.72920846	4.75514632	4.78937626	4.80668223	4.82539245	4.82539926	4.81336010	4.79512832	4.75330001	4.67715512	4.59382384	4.51141614	4.43300333	4.35819515	4.28966434	4.22388962	4.15780002	4.09108935	4.02473335	3.96048217	3.88866514	3.82312654	3.76635510	3.71552643	3.66813278	3.62253760	3.57776110
	0.56561548	0.70428305	0.86615602	1.05242930	1.26343128	1.50230591	1.77017086	2.05152458	2.32511140	2.58539280	2.84166142	3.09288177	3.34698524	3.59227367	3.79087488	3.98448771	4.16755115	4.33241049	4.48246959	4.57770054	4.63154392	4.66959683	4.69463954	4.72998192	4.76233425	4.77519674	4.79392340	4.79310928	4.78528987	4.75848903	4.71329936	4.64003706	4.55855076	4.47703985	4.39978600	4.32578151	4.25871310	4.19420614	4.12886545	4.06367930	4.00106469	3.93345052	3.86226620	3.79756278	3.74141950	3.69114251	3.64417189	3.59892950	3.55440521
	0.55781662	0.69574387	0.85364485	1.03613791	1.24360697	1.47854927	1.74089750	2.01758240	2.28747556	2.54457603	2.79555036	3.04809617	3.29682686	3.54007277	3.74149822	3.92282068	4.10349491	4.26503104	4.41278514	4.50648091	4.56005759	4.59850634	4.62922161	4.66838172	4.69646941	4.71110125	4.73002598	4.72894753	4.72517133	4.69326036	4.64628055	4.57489566	4.49373704	4.41381906	4.33887911	4.26909129	4.20466930	4.14287501	4.07891851	4.01856559	3.95707296	3.88781346	3.81845761	3.75527149	3.70046631	3.65131469	3.60529461	3.56091929	3.51709692
	0.55339291	0.69054246	0.84412251	1.02217580	1.22544646	1.45590145	1.71227144	1.98300619	2.24742530	2.50030810	2.74670930	2.99917569	3.24375755	3.48395408	3.68796589	3.86192499	4.03453203	4.19287797	4.33771485	4.42997974	4.48319301	4.52337693	4.55868554	4.59924144	4.62734735	4.64969417	4.66960151	4.66682229	4.65507426	4.61863257	4.57040792	4.50397919	4.42364259	4.34633298	4.27279404	4.20720390	4.14557978	4.08808458	4.02490418	3.97027962	3.90640962	3.83666310	3.76932900	3.70757188	3.65410068	3.60601083	3.56081668	3.51713651	3.47386772
	0.52536131	0.66365075	0.81123567	0.98118141	1.17678715	1.39999944	1.64628635	1.91017392	2.16744582	2.41395220	2.65588159	2.90510531	3.14468704	3.38047034	3.58583136	3.75688431	3.91288406	4.06487011	4.20645074	4.29661613	4.34926855	4.39030390	4.42675277	4.46722751	4.50504713	4.53018573	4.54920592	4.54754911	4.53139367	4.49909320	4.45008646	4.38424739	4.30950591	4.23577473	4.16540781	4.10534054	4.05200984	3.99824226	3.93807855	3.88351402	3.81841114	3.75438748	3.69036441	3.63134391	3.58035279	3.53429827	3.49089811	3.44890374	3.40748604
	0.51531678	0.65485265	0.80024661	0.96705175	1.15940304	1.37983450	1.62167278	1.88170376	2.13548114	2.37927795	2.61859129	2.86675099	3.10370580	3.33774198	3.54529587	3.71320839	3.86488986	4.01250112	4.15242818	4.24166637	4.29381064	4.33542488	4.37259717	4.41342656	4.45352605	4.47963619	4.49764808	4.49599081	4.47916564	4.44825989	4.39908163	4.33272110	4.25971441	4.18724047	4.11962804	4.06265305	4.01290369	3.96062585	3.90102857	3.84445283	3.78084925	3.71828361	3.65528332	3.59741106	3.54743803	3.50218433	3.45946690	3.41802263	3.37773923
	0.51754304	0.65827730	0.80238803	0.96844614	1.15945543	1.37829506	1.61750232	1.87372688	2.12406323	2.36540862	2.60171392	2.84907924	3.08460218	3.31692332	3.52732440	3.69247387	3.84051204	3.98517366	4.12413084	4.21308549	4.26505155	4.30725040	4.34506953	4.38661972	4.42757452	4.45425074	4.47057332	4.46701558	4.44928867	4.41835192	4.36929817	4.29979570	4.22711384	4.15536867	4.09079438	4.03477291	3.98598411	3.93737096	3.87591741	3.81771024	3.75532639	3.69315871	3.63087309	3.57342090	3.52383701	3.47888184	3.43628437	3.39507932	3.35528324
	0.50430755	0.64716416	0.79077440	0.95264740	1.14036333	1.35417854	1.58868879	1.83845194	2.08240712	2.31830417	2.55023489	2.79093817	3.02354943	3.24951682	3.45722946	3.62312145	3.76064731	3.89911729	4.03351331	4.12061160	4.17117279	4.21455034	4.25285613	4.29516232	4.33670052	4.36254447	4.37889053	4.37540341	4.35758207	4.32625032	4.28090575	4.20884985	4.13821411	4.07252963	4.01084702	3.96198894	3.91060790	3.86802118	3.80645275	3.74981530	3.68917553	3.62864731	3.56743275	3.51165156	3.46402901	3.42053626	3.37936718	3.33981680	3.30434839
	0.49064558	0.63605447	0.77640928	0.93396567	1.11825301	1.32650106	1.55369866	1.79631514	2.03380576	2.26389894	2.49303662	2.72791242	2.95928092	3.18201838	3.38623796	3.55489382	3.68310932	3.81618404	3.94007929	4.02835223	4.07701200	4.12248295	4.16206946	4.20534338	4.24866035	4.27771037	4.29501966	4.29322973	4.27486053	4.24181583	4.19531456	4.12207351	4.05496299	3.99459285	3.93486201	3.89146908	3.84034404	3.79314490	3.73759101	3.68204311	3.62298791	3.56310884	3.50488470	3.45134795	3.40520965	3.36309202	3.32269318	3.28507758	3.25412256
	0.47547174	0.62206200	0.76178609	0.91619205	1.09748629	1.30164057	1.52425232	1.76117744	1.99416177	2.22060241	2.44704039	2.67692368	2.90788662	3.12520154	3.32622280	3.49336372	3.62349409	3.75254112	3.86561093	3.95104889	3.99868980	4.04634298	4.08610908	4.12962818	4.17380877	4.20432416	4.22213831	4.22078664	4.20268950	4.16915210	4.12265161	4.05174978	3.98741922	3.93401563	3.87558645	3.83279216	3.78377881	3.73631226	3.68290051	3.62857989	3.57099525	3.51180571	3.45543124	3.40350699	3.35892589	3.31827167	3.27977003	3.24436225	3.21309932
	0.46448860	0.61082024	0.75027612	0.90216048	1.08069441	1.28102750	1.49947742	1.73087237	1.95968636	2.18309746	2.40656821	2.63255112	2.86208013	3.07458378	3.27196877	3.43611132	3.56857388	3.69341936	3.80019690	3.88343847	3.92851578	3.97653954	4.01611139	4.06014760	4.10469628	4.13534635	4.15353726	4.15255893	4.13461544	4.10094619	4.05374078	3.98805777	3.92590684	3.87593780	3.81903369	3.77601334	3.72924840	3.68270939	3.63059128	3.57747809	3.52111280	3.46303832	3.40836084	3.35807286	3.31551218	3.27594862	3.23919103	3.20506797	3.17300551
	0.44142374	0.58648203	0.72504929	0.87103896	1.04344422	1.23622152	1.44649466	1.66791765	1.88895696	2.10736743	2.32353847	2.54503592	2.77010925	2.97485265	3.16221560	3.31909716	3.45235736	3.57077426	3.67700038	3.75473942	3.79153314	3.83450723	3.87411045	3.91987707	3.96395356	3.99404497	4.01341065	4.01361620	3.99651482	3.96474808	3.91684793	3.86427354	3.80887271	3.75772384	3.70645156	3.66315527	3.62160635	3.57795591	3.52633806	3.47589486	3.42223721	3.36689690	3.31568970	3.26877131	3.23075500	3.19518224	3.16103690	3.12735237	3.09441954
	0.42595294	0.57132092	0.70816561	0.84849122	1.01532905	1.20183335	1.40572452	1.61913106	1.83509473	2.04965923	2.26108603	2.48012860	2.70250414	2.90436554	3.08731066	3.23808236	3.36863990	3.48695671	3.59223438	3.66588312	3.70452886	3.74800243	3.78547387	3.83002002	3.87395979	3.89995500	3.92012258	3.92062821	3.90433715	3.87391935	3.83166340	3.78173161	3.73087806	3.67975071	3.63309263	3.59093787	3.55196274	3.50984073	3.45868059	3.40977831	3.35568878	3.30310725	3.25522829	3.21130027	3.17202744	3.14081636	3.10704127	3.07463895	3.04208397
	0.42463516	0.56719350	0.70214089	0.83935460	1.00266158	1.18427736	1.38321957	1.59089895	1.80331746	2.01286904	2.21976811	2.43641004	2.65393777	2.85302454	3.03141754	3.17730699	3.30415925	3.42012675	3.52500717	3.59677722	3.63939323	3.68134441	3.71410380	3.75621238	3.80232972	3.82852296	3.84827292	3.84836798	3.83177080	3.80010439	3.76427319	3.71523914	3.66227797	3.61105713	3.56744129	3.52707799	3.48982137	3.44908185	3.39933949	3.35155251	3.29742149	3.24672877	3.20223754	3.16052491	3.12354032	3.09189349	3.05892606	3.02685555	2.99527858
	0.42147482	0.55990650	0.69388680	0.82893317	0.98855611	1.16617893	1.36089055	1.56376380	1.77287564	1.97826434	2.18170385	2.39466581	2.60751092	2.80482224	2.97839297	3.12022853	3.24433256	3.35642585	3.46090089	3.53217811	3.57683931	3.61858208	3.64907618	3.68991820	3.73601177	3.76319009	3.78211209	3.78252088	3.76736396	3.73712140	3.70397665	3.65527821	3.59846352	3.54875958	3.50671054	3.46811493	3.43200317	3.39171125	3.34488049	3.29801334	3.24481198	3.19682152	3.15555611	3.11554344	3.07934176	3.04674824	3.01512457	2.98350007	2.95279687
	0.41071051	0.54404374	0.67538654	0.80594838	0.95921538	1.13134863	1.31954259	1.51586710	1.71996995	1.91829764	2.11633260	2.32244128	2.53007230	2.72493679	2.89176248	3.02961565	3.14727491	3.25316023	3.35563938	3.42672345	3.47036721	3.51041642	3.54593168	3.58809587	3.62969641	3.66129735	3.68096396	3.68034307	3.66426448	3.63876785	3.60420324	3.55529978	3.50045780	3.45314286	3.41403800	3.37839761	3.34414630	3.30435516	3.25943587	3.21366959	3.16492669	3.12278205	3.08321452	3.04463016	3.00940222	2.97761840	2.94734613	2.91812321	2.88877309
	0.39813086	0.52516017	0.65202172	0.77903621	0.92624759	1.09279676	1.27431514	1.46394439	1.66176407	1.85256493	2.04353724	2.24265141	2.44729786	2.63460112	2.79682207	2.92666726	3.03784022	3.13681325	3.23498066	3.30317356	3.34702287	3.38810610	3.42915003	3.47122336	3.51010381	3.54458952	3.56459366	3.56340582	3.54532217	3.52398616	3.48770298	3.43938104	3.38841287	3.34480490	3.30889515	3.27671447	3.24492870	3.20597972	3.16420567	3.12707816	3.08155330	3.03715618	2.99940723	2.96186091	2.92852655	2.89889845	2.87038379	2.84348019	2.81666529
	0.36557168	0.48509430	0.60726998	0.73087522	0.87022535	1.02992304	1.20375629	1.38772291	1.57598715	1.76082518	1.94415975	2.13566650	2.33274023	2.51329057	2.66912972	2.79200294	2.89684585	2.99191753	3.08603227	3.15224547	3.19460142	3.23526433	3.27617826	3.31699810	3.35839886	3.39381380	3.41504094	3.41564550	3.39992044	3.37879827	3.34672218	3.30253495	3.25804594	3.21950776	3.18770923	3.15902603	3.13051376	3.09540290	3.05868819	3.02474716	2.98226017	2.93874527	2.90226414	2.86704220	2.83664271	2.80986018	2.78388290	2.76057210	2.73699170
