	-2786.18717475	-2786.07804034	-2785.94531227	-2785.79101660	-2785.61902631	2.97331020	3.18913982	3.37576641	3.48810607	3.55042577	3.58338402	3.59945704	3.59783899	3.57530361	3.53483031	3.48691366	3.43907968	3.38950045	3.34061963	3.30429344	3.28734153	3.28864105	3.29991844	3.31233816	3.31895730	3.30900491	-2785.11593864	-2785.16970260	-2785.23735823	-2785.31223695	-2785.39177541	-2785.47289898	-2785.55485248	-2785.63733230	-2785.72196944	-2785.80711620	-2785.89295125	-2785.97510051	-2786.05656753	-2786.13672297	-2786.21332564	-2786.28532514	-2786.35246273	-2786.41458184	-2786.47211826	-2786.52637781	-2786.57842145	-2786.62804633	-2786.67579571
	2.61136685	2.76882117	2.95934759	3.17823884	3.43057104	3.70426594	3.99703413	4.26079176	4.41209446	4.50179578	4.55695422	4.58467101	4.58591853	4.55432595	4.49634439	4.42899599	4.35666236	4.28237421	4.21272041	4.16200433	4.13922432	4.14422088	4.16318689	4.18311964	4.19589242	4.18638675	4.13974627	4.05541680	3.95127979	3.83773268	3.71914197	3.60084636	3.48165072	3.35970800	3.23679327	3.11438875	2.99066950	2.86867526	2.75043477	2.63283016	2.51997602	2.41474998	2.31656817	2.22663449	2.14314977	2.06372388	1.98712869	1.91436419	1.84501512
	2.73394503	2.91008080	3.12800506	3.37170456	3.65549761	3.96867703	4.28302296	4.57643154	4.74864672	4.86005964	4.93883577	4.98244107	4.99505858	4.96321100	4.89869200	4.81901412	4.73371511	4.64491694	4.55959966	4.50004533	4.47522647	4.48208082	4.50728879	4.53570079	4.55795368	4.55604138	4.51061020	4.42275306	4.31264570	4.19040117	4.06003776	3.92941706	3.79694143	3.66122037	3.52532945	3.38608526	3.24592452	3.10900488	2.97371607	2.84060331	2.71201761	2.59035574	2.47718638	2.37355291	2.27765249	2.18744914	2.10137616	2.01943928	1.94129364
	2.78643592	2.97045054	3.20044382	3.45405709	3.75020590	4.08207122	4.40371226	4.70854000	4.88714473	5.00887317	5.09790283	5.14846808	5.16549031	5.13318054	5.06595611	4.98067522	4.88860452	4.79356012	4.70114409	4.63647582	4.60999238	4.61735366	4.64426287	4.67473947	4.69945423	4.69835645	4.65148301	4.56140057	4.44756257	4.31970119	4.18487985	4.04882306	3.91061690	3.77046007	3.62942257	3.48369943	3.33817605	3.19326992	3.05268163	2.91418883	2.77919663	2.65108255	2.53172545	2.42227502	2.32097547	2.22568717	2.13495757	2.04853642	1.96624725
	2.83363640	3.02938205	3.27309678	3.54010041	3.85453771	4.20419454	4.54177336	4.86335865	5.05262300	5.18988426	5.29360225	5.35253825	5.37510490	5.34346475	5.27278572	5.18071695	5.07848790	4.97354195	4.87134620	4.79724809	4.76536378	4.77095315	4.79775776	4.82892649	4.85494577	4.85479330	4.80576040	4.71184989	4.59190604	4.45683360	4.31546085	4.17098898	4.02627501	3.87837227	3.72944301	3.57614568	3.42230543	3.26870856	3.11930222	2.97392319	2.83068786	2.69394911	2.56597014	2.44834193	2.33951343	2.23696694	2.13927404	2.04607589	1.95735041
	2.89522516	3.09653622	3.34990520	3.62770457	3.95210733	4.31075202	4.66215531	4.99637396	5.19778643	5.35055639	5.46896201	5.53843417	5.56839320	5.54008414	5.46756975	5.37204850	5.26147410	5.14869453	5.03942525	4.95687780	4.92089750	4.92584338	4.95337257	4.98673830	5.01554255	5.01975422	4.97314922	4.87760045	4.75492268	4.61760701	4.47143163	4.32100319	4.17127835	4.01653357	3.86084743	3.70144060	3.53978821	3.38118478	3.22134499	3.07009224	2.92038822	2.77692268	2.64232517	2.51841407	2.40374857	2.29548805	2.19224603	2.09369717	2.00000172
	2.94351320	3.13570502	3.37812926	3.64582985	3.95926308	4.30577558	4.64166350	4.96209544	5.15275110	5.30225703	5.41505834	5.48042428	5.50854106	5.48246418	5.41165467	5.32054794	5.21327740	5.10323406	4.99729637	4.91597001	4.87715161	4.87831381	4.90266007	4.93203215	4.95665448	4.95850562	4.91390521	4.82239904	4.70486605	4.57280568	4.43132464	4.28797907	4.14528252	3.99783868	3.84860906	3.69686952	3.54162852	3.39037061	3.23714599	3.09213925	2.94883485	2.81114202	2.68171588	2.56240502	2.45216825	2.34802342	2.24839861	2.15297584	2.06208974
	3.07509138	3.27017045	3.50742186	3.78491908	4.10153796	4.44532877	4.78844659	5.11053758	5.29925772	5.46890164	5.59209738	5.66424998	5.69486438	5.67797875	5.60613937	5.50808269	5.39588036	5.27915954	5.16192766	5.07477757	5.03352115	5.03120195	5.05273518	5.08165946	5.10497701	5.10550089	5.06280310	4.97397582	4.85478075	4.72185144	4.58172135	4.43521915	4.28919893	4.14109225	3.98785093	3.83404830	3.67527676	3.52143950	3.36734886	3.21690000	3.07177176	2.93125773	2.79868538	2.67620622	2.56289183	2.45582729	2.35328000	2.25480504	2.16083939
	3.14057816	3.33719270	3.57025676	3.84920092	4.16305137	4.50166774	4.84536903	5.16423533	5.35163787	5.52600916	5.64994444	5.72163869	5.75221977	5.73837654	5.66610153	5.56510132	5.44873778	5.32810359	5.20865349	5.11704806	5.07153148	5.06577336	5.08378499	5.11165759	5.13227761	5.13068756	5.08622832	4.99928707	4.88118481	4.74924000	4.60992505	4.46610119	4.31939250	4.17147277	4.01948823	3.86578955	3.70862128	3.55483297	3.40447565	3.25223150	3.10821742	2.96823041	2.83574585	2.71326706	2.59999049	2.49297284	2.39033109	2.29153843	2.19696340
	3.22094612	3.41374362	3.63498040	3.90510922	4.20805340	4.52592977	4.86338891	5.16262496	5.33949535	5.51140842	5.63034946	5.69439668	5.73121494	5.71318332	5.64372536	5.54263077	5.42500833	5.30381120	5.18661025	5.09704337	5.05000187	5.04023057	5.05319136	5.07405973	5.09057945	5.08650710	5.04312249	4.95844248	4.84503262	4.71894301	4.58610875	4.44813079	4.30738607	4.16485668	4.02084687	3.87213540	3.72315812	3.57512244	3.43290542	3.28671004	3.14932240	3.01531681	2.88801325	2.77017744	2.66114316	2.55817285	2.45925998	2.36382744	2.27211900
	3.32221257	3.51028171	3.72932247	3.99588161	4.29532133	4.60188657	4.93950129	5.22851062	5.40954094	5.58440400	5.70450835	5.76155172	5.80184320	5.78741335	5.72614084	5.62687947	5.50743361	5.38318398	5.26121395	5.16947658	5.12132157	5.11057861	5.12433119	5.14380247	5.15723675	5.15021133	5.10548749	5.01989723	4.90810894	4.78260476	4.65110783	4.51275576	4.37335647	4.23064536	4.08705680	3.93901066	3.78993029	3.64257907	3.50247018	3.35937829	3.22100893	3.08886168	2.96226067	2.84487682	2.73621190	2.63355491	2.53493651	2.43980833	2.34831221
	3.36435571	3.55117007	3.77009943	4.03625465	4.33656591	4.63780884	4.97657996	5.26040771	5.44274666	5.61914815	5.73926657	5.79436868	5.83498911	5.82387892	5.76346455	5.66417594	5.54274903	5.41681976	5.29168225	5.19870897	5.15086354	5.13916901	5.15161880	5.17006439	5.18185479	5.17337156	5.12781438	5.04081862	4.92834712	4.80418229	4.67327352	4.53377796	4.39427235	4.25158062	4.10709186	3.95912288	3.80964004	3.66211462	3.52237091	3.38038734	3.24173078	3.11010416	2.98349634	2.86592966	2.75710243	2.65428616	2.55548632	2.46011370	2.36829407
	3.42801278	3.61653146	3.84301098	4.11279549	4.42039687	4.72654381	5.07426842	5.35608300	5.55537374	5.74238123	5.86690357	5.91914310	5.96995045	5.96016026	5.89671995	5.79790813	5.67832623	5.54812079	5.41659777	5.31925940	5.26897508	5.25727313	5.26879673	5.28726117	5.29953257	5.28940313	5.24032384	5.15033199	5.03374899	4.90513184	4.77029931	4.62635919	4.48026359	4.33277935	4.18153130	4.02861750	3.87246151	3.72060203	3.57508095	3.43046256	3.28590908	3.15037108	3.01948772	2.89764052	2.78477280	2.67811608	2.57568154	2.47687583	2.38185568
	3.46370753	3.65425722	3.88383345	4.15613798	4.46791275	4.77392322	5.12772841	5.40266789	5.61265318	5.80397281	5.92948603	5.98127829	6.03812156	6.03008608	5.96397509	5.86628530	5.74442257	5.61279103	5.47839287	5.37889937	5.32775362	5.31538585	5.32643152	5.34407217	5.35640833	5.34459440	5.29380951	5.20126445	5.08298937	4.95034443	4.81484756	4.66885412	4.51767280	4.36799678	4.21295686	4.05755762	3.89771615	3.74416971	3.59582595	3.45012357	3.30316025	3.16553297	3.03269016	2.90877155	2.79400360	2.68555939	2.58137680	2.48088401	2.38424406
	3.52389921	3.71801272	3.95139166	4.22802868	4.54149975	4.85310861	5.20718620	5.48525308	5.70803743	5.90552717	6.02728302	6.08691864	6.14875433	6.14383753	6.07758584	5.97488615	5.85164832	5.72273783	5.58513390	5.48299125	5.43081433	5.41806758	5.42857788	5.44544455	5.45776175	5.44329444	5.38896884	5.29367509	5.17290377	5.03602770	4.89679041	4.74777622	4.59122929	4.43615574	4.27629076	4.11594081	3.95077119	3.79373157	3.64109297	3.49268162	3.34273547	3.20060475	3.06503056	2.93785015	2.81998133	2.70864213	2.60169040	2.49855975	2.39947329
	3.58173579	3.77784737	4.01245300	4.29144749	4.60169745	4.91985200	5.26515338	5.54764596	5.78151439	5.98061386	6.09528324	6.16538365	6.23052304	6.22831213	6.16285239	6.05571260	5.93152983	5.80348213	5.66689750	5.56372443	5.51089574	5.49770907	5.50713159	5.52287892	5.53186827	5.51605031	5.46059241	5.36306512	5.24139007	5.10345931	4.96057169	4.80920857	4.64995582	4.49050981	4.32806602	4.16390075	3.99577906	3.83599737	3.68107834	3.53090044	3.37987768	3.23448830	3.09748585	2.96833255	2.84854453	2.73541634	2.62675843	2.52200138	2.42142073
	3.63874981	3.83924214	4.07791091	4.36311371	4.67358767	5.00413579	5.34067939	5.63328017	5.88571401	6.08745856	6.19511263	6.28030380	6.35198448	6.35294362	6.28699807	6.17687507	6.04647773	5.91659576	5.78134641	5.67616942	5.62253141	5.60925100	5.61787218	5.63263604	5.63832590	5.61937763	5.56560369	5.46402823	5.33946765	5.19911300	5.05090245	4.89401119	4.73032121	4.56423319	4.39704466	4.22658413	4.05327402	3.88818770	3.72873719	3.57449776	3.42030068	3.26938857	3.12912774	2.99625053	2.87289194	2.75638728	2.64453248	2.53678177	2.43346940
	3.68783125	3.89084058	4.13096888	4.41987716	4.72467609	5.06732431	5.39573870	5.69222824	5.95541914	6.14655031	6.25883378	6.35479031	6.43174014	6.43145005	6.36416014	6.25352792	6.12055033	5.98561323	5.85099863	5.74615626	5.69202311	5.67780875	5.68470069	5.69314078	5.69512651	5.67642997	5.62047852	5.51964269	5.39420616	5.25313040	5.10353365	4.94340199	4.77651550	4.60562669	4.43597134	4.26110743	4.08451418	3.91609649	3.75472860	3.59844591	3.44284887	3.28928462	3.14682050	3.01188584	2.88649628	2.76808271	2.65437463	2.54481109	2.43976430
	3.74013102	3.94595942	4.18964707	4.48356716	4.78220124	5.14136244	5.46311417	5.76964851	6.04130679	6.21575528	6.33804745	6.44947263	6.53134650	6.52946816	6.46109570	6.34896768	6.21401597	6.07337626	5.93832070	5.83391928	5.77902088	5.76530651	5.76961596	5.77128060	5.77255308	5.75192311	5.69228610	5.59205291	5.46738217	5.32300053	5.17286186	5.00829762	4.83601923	4.66020035	4.48658622	4.30673640	4.12510270	3.95219118	3.78777465	3.62795353	3.47020451	3.31295460	3.16717531	3.02947590	2.90126470	2.78019088	2.66394452	2.55193566	2.44459404
	3.78581993	3.99601722	4.24092968	4.53971841	4.83676949	5.20458810	5.52002815	5.83992914	6.11332391	6.27336657	6.40458479	6.52662658	6.60915672	6.60901335	6.53894013	6.42565438	6.28899456	6.14364977	6.00642371	5.90242964	5.84704827	5.83468036	5.83590129	5.83631659	5.83387575	5.81238492	5.74883376	5.64628000	5.52349268	5.37859290	5.22597519	5.05851461	4.88149100	4.70274167	4.52372900	4.34011752	4.15480086	3.97777318	3.81098753	3.64792604	3.48859767	3.32894468	3.17985850	3.04010171	2.90958056	2.78631403	2.66795942	2.55388936	2.44457395
	3.84150234	4.05414974	4.30559315	4.61593609	4.92109619	5.29005350	5.60164224	5.93894196	6.21603107	6.36375814	6.50774306	6.63509682	6.72022979	6.72663067	6.65722560	6.54157822	6.40304000	6.25444553	6.10828894	6.00559837	5.95168635	5.94128829	5.93999914	5.93771662	5.93947095	5.91684090	5.85002679	5.74378781	5.61870649	5.47744348	5.31908686	5.14759722	4.96434835	4.77953323	4.59202401	4.40193633	4.21030848	4.02619310	3.85467444	3.68664988	3.52324592	3.35995350	3.20480537	3.06174076	2.92749739	2.80072058	2.67908434	2.56193246	2.44978987
	3.90165771	4.10740553	4.36892050	4.66619968	4.99840892	5.35409021	5.67157489	6.01812848	6.27802120	6.43143290	6.58178053	6.70474297	6.79601738	6.80320768	6.73612204	6.62108665	6.48195483	6.33248410	6.18108293	6.07608197	6.02259130	6.01323015	6.01082113	6.01278494	6.01786213	5.99421757	5.92446166	5.81600499	5.68519853	5.54513850	5.39019019	5.21619847	5.02826632	4.83998638	4.64743757	4.45422970	4.25777849	4.06998681	3.89632690	3.72571950	3.56081531	3.39566592	3.23722590	3.09263979	2.95658922	2.82808293	2.70484293	2.58621578	2.47274248
	3.96606964	4.16755855	4.43550736	4.71184762	5.07380357	5.41327851	5.75530805	6.09530432	6.33180344	6.49664216	6.65347007	6.77528215	6.87735434	6.88426217	6.81993212	6.70322632	6.56331057	6.41262514	6.25901456	6.14825094	6.09702022	6.08422792	6.08479936	6.08987474	6.09538557	6.07045234	5.99783143	5.88746814	5.75405686	5.61014737	5.46119492	5.28339539	5.09240091	4.90022944	4.70403338	4.50823497	4.30754665	4.11762738	3.94118228	3.76847942	3.60194856	3.43544811	3.27436426	3.12828718	2.99077477	2.86084564	2.73627462	2.61645093	2.50190478
	4.01381243	4.21235622	4.48155745	4.74801215	5.11619802	5.44771747	5.81256601	6.13662948	6.35804112	6.53099626	6.68862543	6.81586854	6.91782648	6.92710478	6.86976233	6.75131946	6.60341779	6.45131441	6.29753682	6.18736935	6.13554835	6.12199401	6.12201655	6.12590469	6.13000682	6.10356011	6.02946318	5.91862483	5.78472445	5.63867775	5.49164600	5.31581854	5.12518742	4.92988630	4.73229766	4.53384150	4.33191631	4.14195750	3.96333975	3.79145296	3.62421836	3.45846707	3.29652347	3.14965844	3.01184785	2.88153608	2.75658844	2.63637100	2.52143180
	4.06716587	4.27179728	4.55230184	4.81760074	5.19369625	5.52215101	5.91357034	6.24296532	6.45124394	6.64319853	6.80179485	6.93153035	7.03953595	7.06017785	7.01155695	6.89057321	6.73568941	6.57209364	6.41438527	6.30221602	6.24934685	6.23485350	6.23648066	6.24105970	6.24522839	6.21748690	6.14076882	6.02743398	5.89039525	5.73989756	5.58542080	5.41193844	5.21463418	5.01147598	4.80626155	4.59939309	4.39000907	4.19405123	4.00861981	3.83226227	3.65934734	3.48943763	3.32263817	3.17070544	3.02917064	2.89521582	2.76689437	2.64351622	2.52566849
	4.12089222	4.33877589	4.61507718	4.90066065	5.26409010	5.58094331	5.99436308	6.32912126	6.52568472	6.71445259	6.87950103	7.01273581	7.12674964	7.16411299	7.10962452	6.98293520	6.83698994	6.66423124	6.49773750	6.38547268	6.33276353	6.31736683	6.31806079	6.32144422	6.32425653	6.29440201	6.21576379	6.10157827	5.96391777	5.81190490	5.65372955	5.48377102	5.28088407	5.07371193	4.86484188	4.65337007	4.43957341	4.24030614	4.05176489	3.87373376	3.69785417	3.52671788	3.35795798	3.20290254	3.05992467	2.92430512	2.79450509	2.66971212	2.55054362
	4.16452268	4.39240332	4.65075978	4.96021420	5.32011827	5.62527566	6.04624559	6.38000228	6.56829099	6.76533992	6.91824580	7.05590241	7.17764609	7.22349766	7.16566868	7.03495400	6.88751742	6.71849407	6.54546416	6.43414938	6.38225065	6.36638560	6.36585700	6.36794083	6.36936626	6.33766835	6.25812873	6.14428252	6.00760630	5.85617499	5.69700039	5.52644472	5.32625067	5.11755960	4.90596124	4.69351397	4.47775426	4.27824575	4.08860546	3.91038736	3.73376132	3.56311788	3.39412987	3.23769485	3.09507859	2.95939569	2.82964090	2.70491975	2.58582542
	4.21051111	4.44203751	4.69171451	5.01487161	5.37044246	5.66731821	6.10153597	6.40900450	6.60412608	6.82263050	6.96808270	7.11127119	7.26066120	7.28708993	7.23202601	7.10056270	6.95118463	6.79592996	6.61196881	6.49595184	6.44425169	6.42799695	6.42656304	6.42804412	6.42874514	6.39550179	6.31532431	6.20140411	6.06518466	5.91378026	5.75352430	5.57674928	5.38273038	5.17179994	4.95660389	4.74005678	4.52288574	4.32094857	4.12994654	3.94946226	3.77197615	3.59997307	3.42975066	3.27137556	3.12837445	2.99207174	2.86184672	2.73678030	2.61737633
	4.25267370	4.48637413	4.72281712	5.05718706	5.40571094	5.70355367	6.13071324	6.41292841	6.61107435	6.84016089	6.98181657	7.12178453	7.29396996	7.27895626	7.24935393	7.12499789	6.97548795	6.82361922	6.64345855	6.52286471	6.47161219	6.45502260	6.45242826	6.45301066	6.45285398	6.41852511	6.33789229	6.22487454	6.09067144	5.94132593	5.78245412	5.60340569	5.41572628	5.20447661	4.98889204	4.76965099	4.55393647	4.35049812	4.16144092	3.98036233	3.80477615	3.63346240	3.46397247	3.30578777	3.16368390	3.02822219	2.89886255	2.77468074	2.65607714
	4.29684628	4.53263027	4.75762453	5.10173721	5.43414784	5.74985601	6.16179936	6.41817037	6.63464168	6.85765609	7.00450998	7.15751348	7.28934412	7.26791532	7.24209514	7.16235759	7.01469287	6.85399615	6.68518017	6.56539420	6.51277523	6.49550314	6.49263956	6.49280037	6.49685857	6.45899096	6.37482051	6.26077796	6.12802774	5.98048294	5.82296882	5.64292224	5.45694833	5.24410263	5.02928249	4.80902892	4.59189875	4.38604513	4.19797042	4.01555573	3.84028577	3.66856141	3.49953756	3.34133159	3.19906360	3.06408819	2.93527170	2.81170734	2.69368719
	4.33767521	4.57346310	4.80325924	5.14139565	5.45056998	5.78872280	6.19672403	6.43485044	6.67856201	6.88643350	7.05339762	7.19636400	7.30441990	7.29350807	7.24655234	7.19673813	7.06074551	6.89829222	6.73521561	6.62045356	6.56437446	6.54385305	6.54548461	6.54483337	6.54544248	6.50477919	6.42059639	6.30064507	6.16781310	6.02093839	5.86380998	5.68259497	5.49184254	5.28219479	5.06399419	4.84341853	4.62374374	4.41498548	4.22588748	4.04116613	3.86521519	3.69178110	3.52236550	3.36318104	3.21988557	3.08453542	2.95539724	2.83158537	2.71332471
	4.36374134	4.59270987	4.83347471	5.16887180	5.46774294	5.82165437	6.22780575	6.46669527	6.71750021	6.91928190	7.09802408	7.23633844	7.34497492	7.33027679	7.27563952	7.22409090	7.10555454	6.94457227	6.78478357	6.67254628	6.62162253	6.60083656	6.59521079	6.59299425	6.59224697	6.54998915	6.46460708	6.34183064	6.20723630	6.05986348	5.90204787	5.71917206	5.52354623	5.31497832	5.09285659	4.87060104	4.64769995	4.43610815	4.24415125	4.05698926	3.87900828	3.70333376	3.53241527	3.37122882	3.22610237	3.08947642	2.95917054	2.83428483	2.71498094
	4.38717721	4.60299661	4.85894586	5.18955947	5.47995642	5.84629393	6.24401522	6.48083423	6.74243526	6.94159297	7.12795407	7.28204755	7.36560701	7.35634250	7.30232046	7.23284764	7.13568680	6.98215317	6.83043567	6.72391791	6.67523791	6.65359922	6.64362465	6.63739093	6.63363506	6.59040298	6.50378123	6.38060860	6.24337603	6.09604490	5.93815027	5.75411869	5.55345535	5.34618630	5.12210370	4.89623482	4.66963159	4.45579983	4.25967384	4.07059363	3.88990728	3.71193843	3.53931955	3.37573815	3.22838287	3.09024581	2.95861048	2.83249772	2.71198651
	4.39560729	4.60937592	4.87080367	5.20426996	5.49553427	5.86747165	6.26049557	6.50675853	6.77332997	6.98085736	7.17517782	7.33331653	7.40428649	7.39789408	7.34566933	7.27008297	7.16909697	7.02195744	6.87888909	6.77407778	6.72440200	6.70192830	6.69334968	6.68879378	6.68400968	6.63793803	6.55221228	6.42741049	6.28636273	6.13767002	5.97826368	5.79254239	5.58964681	5.38008353	5.15402041	4.92501314	4.69545947	4.47854128	4.27886062	4.08708689	3.90370437	3.72286126	3.54799966	3.38241573	3.23329744	3.09376886	2.96095158	2.83377105	2.71230427
	4.40499988	4.61266098	4.88082965	5.21432325	5.50300497	5.88014989	6.27131627	6.51541885	6.79027658	6.99641677	7.19180196	7.37030946	7.42138445	7.41756067	7.36634696	7.28290866	7.18583158	7.04445150	6.90683100	6.80225967	6.75274608	6.73087771	6.72010081	6.71390308	6.70770946	6.66299566	6.57558148	6.45288873	6.30934499	6.16035272	6.00055254	5.81399683	5.60881123	5.39900325	5.17216085	4.94036757	4.70858870	4.49004946	4.28785282	4.09480622	3.90943866	3.72705128	3.55078995	3.38371557	3.23330877	3.09281019	2.95913549	2.83116177	2.70893550
	4.40115121	4.60088991	4.87461199	5.20092804	5.48818757	5.86541469	6.23829028	6.49117250	6.77744819	6.98436455	7.18201096	7.36473438	7.40188252	7.41031837	7.36180210	7.27820878	7.17193337	7.04094292	6.91481662	6.81616771	6.76358422	6.74082475	6.73255716	6.72476207	6.71130146	6.66735327	6.58485899	6.46709563	6.32015819	6.17171687	6.01270417	5.82646799	5.62116289	5.40989142	5.18433551	4.95019072	4.71496203	4.49496858	4.28972988	4.09531873	3.90862683	3.72428422	3.54659936	3.37829448	3.22573344	3.08403956	2.94947759	2.82070637	2.69771271
	4.40203984	4.59798094	4.87633567	5.19790897	5.48818219	5.86735470	6.23732037	6.49489792	6.78525874	6.98805235	7.19101702	7.35797242	7.41260368	7.42863370	7.38220574	7.29890426	7.19157128	7.06340177	6.93472895	6.84732498	6.79623786	6.77340261	6.76309559	6.74664092	6.73104527	6.68658702	6.60579526	6.49500865	6.34778749	6.19857801	6.03925970	5.85246284	5.64615850	5.43291907	5.20603994	4.97064068	4.73200317	4.50930171	4.30153728	4.10384823	3.91524964	3.72869143	3.54884358	3.37906200	3.22450549	3.08154959	2.94600635	2.81636432	2.69256810
	4.40656389	4.60041163	4.88255490	5.19936453	5.49496790	5.87662134	6.24353153	6.50815147	6.80226971	7.00130137	7.21117049	7.37724910	7.43407296	7.45652423	7.41184808	7.32855748	7.22027588	7.09446141	6.96454425	6.88038971	6.83147425	6.80878357	6.79597215	6.77600547	6.76068542	6.71543049	6.63377683	6.52835140	6.38181508	6.23062123	6.07067683	5.88310513	5.67550483	5.46018454	5.23194677	4.99499647	4.75379003	4.52784070	4.31753510	4.11656343	3.92581784	3.73698994	3.55487042	3.38339057	3.22713161	3.08294235	2.94642888	2.81592599	2.69134691
	4.40393609	4.59264891	4.87527120	5.17879987	5.47909081	5.85863629	6.21805449	6.48483443	6.77346144	6.96991405	7.17673995	7.34836951	7.40957714	7.43423001	7.39206885	7.31092409	7.20474213	7.08195497	6.95151750	6.86957656	6.82336863	6.80142563	6.78587710	6.76490142	6.75084796	6.70350410	6.62123903	6.52317037	6.38173447	6.22999425	6.07168551	5.88585998	5.67945494	5.46501523	5.23784432	5.00201116	4.76165779	4.53446876	4.32404300	4.12241072	3.93117402	3.74311657	3.56050924	3.38902629	3.23251243	3.08842576	2.95227993	2.82219229	2.69801518
	4.40277956	4.58796462	4.87064246	5.16880082	5.46806722	5.84594190	6.19692688	6.46906110	6.75117577	6.94912480	7.15398996	7.32421598	7.39446403	7.42120334	7.38112725	7.30183119	7.19745847	7.07665503	6.94810057	6.86435661	6.81963789	6.79795234	6.78074332	6.76189572	6.74723249	6.69959145	6.61643347	6.51950754	6.38538989	6.23178606	6.07465007	5.89010657	5.68476542	5.47119137	5.24485552	5.00993712	4.77015247	4.54162619	4.33090732	4.12912030	3.93686820	3.74941812	3.56655649	3.39472753	3.23797923	3.09393418	2.95805797	2.82828874	2.70442379
	4.38431774	4.56563846	4.84435052	5.13898529	5.43535524	5.81004715	6.15359265	6.42660295	6.69521112	6.89901071	7.10310230	7.28346451	7.34720205	7.37542576	7.33809956	7.26182529	7.16104078	7.04408618	6.91894003	6.83419413	6.79065649	6.76884358	6.75064173	6.73383151	6.71880910	6.67144363	6.58923532	6.49346616	6.36657926	6.21346530	6.05816247	5.87647474	5.67188409	5.46077868	5.23506019	5.00107059	4.76203311	4.53360566	4.32161367	4.12055421	3.92697592	3.74036807	3.55752790	3.38511337	3.22787650	3.08362331	2.94787520	2.81828861	2.69458266
	4.38379531	4.56340532	4.84098124	5.14686786	5.43270815	5.80736937	6.15458078	6.42620646	6.68955876	6.89754979	7.10447591	7.27808850	7.35511273	7.38611496	7.35101627	7.27628676	7.17695571	7.06179158	6.93823992	6.85336862	6.81081166	6.78859687	6.76984074	6.75343641	6.73786365	6.69035188	6.60800908	6.50732862	6.38916717	6.23525733	6.08002526	5.89879124	5.69387431	5.48291532	5.25675308	5.02230390	4.78166852	4.55135967	4.33712542	4.13435540	3.93839677	3.75069627	3.56655250	3.39278911	3.23470975	3.08992221	2.95390613	2.82415911	2.70033096
	4.38729645	4.56766094	4.84521182	5.16589223	5.44472720	5.82293934	6.17922026	6.44947552	6.71442610	6.92391098	7.13736602	7.30004358	7.39578087	7.42939959	7.39578725	7.32153968	7.22248860	7.10745365	6.98378962	6.89808750	6.85574496	6.83311461	6.81364058	6.79715950	6.78114252	6.73312908	6.64979005	6.54514345	6.42852428	6.27519907	6.11854910	5.93617810	5.72913061	5.51639561	5.28941857	5.05193840	4.80807383	4.57474582	4.35693673	4.15090358	3.95188628	3.76138623	3.57467207	3.39858891	3.23879895	3.09261141	2.95543736	2.82467565	2.69991724
	4.37550794	4.55559937	4.82958686	5.15632531	5.43272721	5.80710654	6.16807622	6.43815983	6.70064298	6.91317404	7.12657919	7.29162429	7.38902968	7.42368878	7.39136011	7.31859561	7.22124825	7.10781926	6.98552713	6.90035548	6.85796934	6.83482985	6.81513711	6.79831779	6.78209951	6.73394417	6.65071058	6.54561122	6.42803643	6.27842961	6.12170712	5.93983926	5.73215922	5.51917163	5.29321397	5.05407078	4.80861307	4.57433012	4.35445170	4.14717370	3.94663356	3.75489857	3.56690906	3.38953664	3.22864778	3.08158187	2.94375561	2.81241682	2.68710354
	4.37260120	4.55361252	4.82669314	5.15460458	5.43338150	5.80445479	6.17462843	6.44282402	6.70439761	6.91984544	7.13419573	7.29812818	7.39982981	7.43584898	7.40465834	7.33293406	7.23685603	7.12492409	7.00410680	6.91962494	6.87759014	6.85400891	6.83399695	6.81679552	6.80010709	6.75158512	6.66798638	6.56167378	6.44330981	6.29617732	6.13863343	5.95646368	5.74823943	5.53447488	5.30914426	5.06848401	4.82136989	4.58525948	4.36329370	4.15394915	3.95190456	3.75837537	3.56885374	3.39011379	3.22819086	3.08032727	2.94189433	2.81003657	2.68424539
	4.36120398	4.54462496	4.81162242	5.13927289	5.42734548	5.79342008	6.17912406	6.44235233	6.69931412	6.91746534	7.13571933	7.30159556	7.41351024	7.45427789	7.42626390	7.35702996	7.26329487	7.15372943	7.03523751	6.95199892	6.90961258	6.88479953	6.86429860	6.84580965	6.82809577	6.77873809	6.69444201	6.58696286	6.46906336	6.32584889	6.16677576	5.98494041	5.77547699	5.56152831	5.33650026	5.09246576	4.84285989	4.60388319	4.37701376	4.16406780	3.95809212	3.76142123	3.56873739	3.38698387	3.22266706	3.07298424	2.93321417	2.80020439	2.67332329
	4.36319867	4.54895104	4.81631549	5.13810436	5.43632677	5.80087865	6.18868555	6.45821356	6.71514027	6.93596561	7.15591519	7.32193085	7.43850082	7.48104120	7.45406337	7.38563783	7.29287598	7.18436347	7.06690399	6.98422346	6.94200121	6.91669019	6.89590087	6.87690281	6.85855535	6.80863706	6.72357364	6.61485863	6.49611715	6.35460247	6.19364997	6.01104455	5.80083365	5.58558479	5.35965788	5.11441222	4.86321894	4.62180546	4.39241991	4.17706023	3.96880706	3.77019856	3.57559404	3.39228295	3.22683693	3.07630400	2.93587991	2.80230125	2.67489598
	4.34943516	4.53768260	4.79977704	5.12001389	5.41895800	5.77494496	6.16878533	6.43500958	6.68626128	6.90918463	7.12745368	7.29472970	7.41508601	7.46032933	7.43581180	7.37006752	7.28011867	7.17456514	7.06007642	6.97914252	6.93697295	6.91094830	6.88943387	6.86936964	6.85000779	6.79962496	6.71469105	6.60630409	6.48820496	6.35092414	6.19036296	6.00909801	5.80099043	5.58720091	5.36284352	5.11929877	4.86884929	4.62714672	4.39704898	4.18039514	3.97217930	3.77276821	3.57759092	3.39377493	3.22800137	3.07741016	2.93720442	2.80392981	2.67680271
	4.33416899	4.52387300	4.78114162	5.09779780	5.39642922	5.74395216	6.13401896	6.40300632	6.64883903	6.87240921	7.08833890	7.25595442	7.37825561	7.42565138	7.40361156	7.34059874	7.25385499	7.15175010	7.04069833	6.96190153	6.92006375	6.89364102	6.87161147	6.85089108	6.83085029	6.78043030	6.69614580	6.58940888	6.47134246	6.33694829	6.17892574	5.99953385	5.79452734	5.58245247	5.36043581	5.11934714	4.87057428	4.62929286	4.39955736	4.18240672	3.97500239	3.77537690	3.58031819	3.39670714	3.23132158	3.08133565	2.94192761	2.80948475	2.68313967
	4.31411686	4.50470049	4.75703430	5.07045298	5.36658061	5.70396249	6.08984414	6.36087378	6.60096910	6.82457672	7.03757967	7.20535024	7.32938395	7.37895878	7.35965857	7.29978329	7.21671246	7.11853318	7.01134193	6.93496959	6.89355479	6.86672599	6.84414028	6.82279951	6.80210379	6.75177136	6.66839336	6.56382564	6.44599370	6.31504033	6.15993105	5.98276436	5.78135618	5.57165848	5.35233303	5.11456915	4.86764797	4.62732778	4.39854567	4.18074273	3.97461621	3.77516391	3.58034835	3.39713487	3.23229354	3.08307235	2.94463054	2.81318572	2.68777322
	4.31723312	4.50838824	4.76146849	5.07448891	5.37248564	5.71097216	6.09780857	6.36973061	6.61055939	6.83466271	7.04850521	7.21701549	7.34278965	7.39321717	7.37409081	7.31430082	7.23111554	7.13274471	7.02528743	6.94863933	6.90703857	6.88004393	6.85727414	6.83576193	6.81484753	6.76421497	6.68035195	6.57487598	6.45693755	6.32512366	6.17024421	5.99269139	5.79041500	5.58059038	5.36076443	5.12251955	4.87491143	4.63417182	4.40450116	4.18602819	3.97920203	3.77920757	3.58379454	3.40010959	3.23491955	3.08543640	2.94676950	2.81511998	2.68951782
	4.30024636	4.49275282	4.74201149	5.04830953	5.34782579	5.67842105	6.06321289	6.33510171	6.57165408	6.79542342	7.00655431	7.17712117	7.30692837	7.36130772	7.34568058	7.28996840	7.21102960	7.11715688	7.01405866	6.93992312	6.89857436	6.87081386	6.84697722	6.82431250	6.80207683	6.75082187	6.66704614	6.56286256	6.44537605	6.31433915	6.16486522	5.98889859	5.78960491	5.58247359	5.36440968	5.12929761	4.88354686	4.64330806	4.41359707	4.19376803	3.98702047	3.78677017	3.59087769	3.40706641	3.24208160	3.09320877	2.95541429	2.82470097	2.69995911
	4.28544416	4.47792914	4.72441027	5.02451279	5.32535242	5.65053548	6.03394294	6.30325661	6.53697395	6.76016508	6.96947280	7.13920574	7.26881844	7.32344201	7.30946599	7.25643501	7.18079464	7.09068876	6.99146807	6.91982541	6.87914118	6.85115398	6.82684386	6.80362991	6.78079024	6.72945155	6.64622586	6.54405112	6.42643642	6.29541346	6.14939696	5.97432566	5.77857779	5.57264041	5.35607372	5.12310021	4.87941617	4.63958866	4.41106938	4.19127399	3.98515622	3.78530204	3.58975819	3.40630230	3.24171464	3.09339454	2.95627286	2.82624826	2.70212937
	4.27828057	4.47076674	4.71488082	5.01113314	5.31084029	5.63088286	6.00822106	6.28101023	6.51274423	6.73517781	6.94285489	7.11509825	7.24914236	7.30774573	7.29703250	7.24706808	7.17454355	7.08771188	6.99168007	6.92174541	6.88109027	6.85215993	6.82660307	6.80198042	6.77755873	6.72520206	6.64155572	6.53967316	6.42243967	6.29134410	6.14854009	5.97506284	5.78137045	5.57793670	5.36299496	5.13292508	4.89049573	4.65188607	4.42326182	4.20353795	3.99694841	3.79721854	3.60156029	3.41829704	3.25411272	3.10647211	2.97018684	2.84103352	2.71773610
	4.25171564	4.44276500	4.68244147	4.97232743	5.26658879	5.57782743	5.94719894	6.21629772	6.44329004	6.66132639	6.86241636	7.03562739	7.16958958	7.23207417	7.22575178	7.18038662	7.11263930	7.03105543	6.94044805	6.87400154	6.83426292	6.80487377	6.77830199	6.75241037	6.72655541	6.67369638	6.59094373	6.49333349	6.37798503	6.25086014	6.11252887	5.94268471	5.75504726	5.55422675	5.34284441	5.11706552	4.87923760	4.64299902	4.41677396	4.19844898	3.99282306	3.79431719	3.59983175	3.41767949	3.25460851	3.10836829	2.97367653	2.84612415	2.72426990
	4.24750644	4.43842422	4.67687610	4.96295471	5.25778261	5.56621570	5.93424036	6.20225931	6.42839186	6.64608486	6.84610530	7.01832708	7.15505639	7.22033800	7.21671069	7.17387969	7.10869622	7.02993998	6.94233169	6.87773300	6.83835663	6.80835350	6.78071508	6.75355406	6.72634576	6.67273831	6.59007113	6.49350879	6.37829388	6.25093470	6.11433974	5.94504785	5.75919639	5.55912700	5.34857891	5.12446024	4.88805141	4.65232647	4.42608773	4.20730820	4.00104650	3.80217058	3.60737188	3.42490462	3.26161926	3.11546057	2.98105054	2.85384270	2.73228214
	4.23444387	4.42455796	4.66099649	4.94131646	5.23606914	5.54030472	5.89694833	6.17115225	6.39602086	6.61086647	6.80804575	6.98549512	7.12430613	7.19335296	7.19358938	7.15458566	7.09353888	7.01931721	6.93633751	6.87417616	6.83467985	6.80341683	6.77401135	6.74486409	6.71555813	6.66042376	6.57788918	6.48061234	6.36744396	6.24267167	6.10805108	5.94133727	5.75795380	5.55963956	5.35051129	5.12927734	4.89500780	4.66061290	4.43409780	4.21558722	4.00867189	3.80945256	3.61440755	3.43169919	3.26831549	3.12245400	2.98861911	2.86207383	2.74109498
	4.21753878	4.40614528	4.63998984	4.91485169	5.20768921	5.50687824	5.85605063	6.12985927	6.35266290	6.56544217	6.76020650	6.93502368	7.07298770	7.14352067	7.14650799	7.11054770	7.05284048	6.98233888	6.90333509	6.84402223	6.80528493	6.77371749	6.74360301	6.71360222	6.68344561	6.62829066	6.54784821	6.45199924	6.34099364	6.21706967	6.08520662	5.92033362	5.73960960	5.54429991	5.33656804	5.11846896	4.88742754	4.65487410	4.42953360	4.21241061	4.00609112	3.80763705	3.61330601	3.43114513	3.26821463	3.12299959	2.98996965	2.86426740	2.74403930
	4.21498014	4.40442362	4.63921108	4.91359990	5.20896939	5.50874896	5.85727611	6.13456371	6.35945523	6.57402819	6.77187572	6.94990203	7.09371192	7.16753052	7.17328459	7.14018764	7.08563709	7.01862092	6.94305062	6.88522372	6.84639436	6.81383126	6.78233551	6.75082203	6.71913699	6.66275056	6.58010490	6.48422080	6.37150686	6.24639392	6.11395745	5.94890471	5.76797868	5.57161546	5.36270915	5.14409391	4.91212335	4.67775516	4.45035680	4.23027011	4.02120355	3.82019520	3.62348520	3.43920402	3.27464849	3.12834063	2.99450750	2.86812032	2.74724190
	4.19108577	4.37948177	4.61244815	4.88332819	5.17593354	5.47152743	5.81579844	6.08984855	6.31336101	6.52430589	6.71909416	6.90002575	7.04491359	7.12188365	7.13139015	7.10223020	7.05165777	6.98886685	6.91754553	6.86188149	6.82305987	6.78947085	6.75650726	6.72335624	6.69000141	6.63258450	6.55033185	6.45482825	6.34343707	6.22181323	6.09134499	5.92932060	5.75133678	5.55661170	5.34931672	5.13285162	4.90332157	4.67061670	4.44333070	4.22391626	4.01470119	3.81336101	3.61642924	3.43173133	3.26670309	3.12027850	2.98661010	2.86049064	2.73978973
	4.16867255	4.35507944	4.58507577	4.85097058	5.13953813	5.43009412	5.76796488	6.03793921	6.26031093	6.47038049	6.66412694	6.83972580	6.98336680	7.06109823	7.07310519	7.04729415	7.00053377	6.94189665	6.87495118	6.82174284	6.78315092	6.74879626	6.71479385	6.68071189	6.64644388	6.58931638	6.51000967	6.41684495	6.30855682	6.18964828	6.05953756	5.89869849	5.72335225	5.53136421	5.32639650	5.11339522	4.88768577	4.65803092	4.43259057	4.21573602	4.00796423	3.80787627	3.61220353	3.42836057	3.26379316	3.11796701	2.98510490	2.85987683	2.73995745
	4.17339817	4.35996313	4.59023847	4.85624394	5.14562949	5.43656330	5.77163188	6.04615716	6.26997100	6.48069169	6.67536342	6.85186962	6.99830291	7.07803256	7.09173033	7.06735308	7.02196221	6.96472897	6.89921463	6.84672618	6.80798276	6.77297308	6.73808363	6.70302764	6.66775036	6.60986330	6.53007367	6.43644544	6.32794683	6.20873568	6.07887624	5.91774745	5.74240641	5.54959285	5.34400293	5.13068756	4.90453052	4.67416217	4.44764428	4.22970688	4.02084240	3.81968138	3.62300954	3.43830442	3.27308479	3.12683163	2.99367183	2.86820796	2.74808114
	4.16802479	4.35391661	4.58333123	4.84770041	5.13617489	5.42552035	5.75400396	6.03195645	6.25521530	6.46421218	6.65912092	6.83985843	6.98711384	7.06842218	7.08419892	7.06241009	7.01986081	6.96567323	6.90335789	6.85260813	6.81405271	6.77836378	6.74235849	6.70583263	6.66894939	6.60987790	6.52920511	6.43489111	6.32590006	6.20695785	6.07810632	5.91955508	5.74503436	5.55336641	5.34857143	5.13620090	4.91106257	4.68142125	4.45435912	4.23677169	4.02756311	3.82594422	3.62880381	3.44359021	3.27796557	3.13156167	2.99841694	2.87301506	2.75293932
	4.16797805	4.35423883	4.58417454	4.84875266	5.13819657	5.42786401	5.75535467	6.03558771	6.26065965	6.47072272	6.66700209	6.84829582	6.99889953	7.08318639	7.10199618	7.08318271	7.04356292	6.99243207	6.93330270	6.88418793	6.84550152	6.80865420	6.77102630	6.73264938	6.69380495	6.63340499	6.55193137	6.45764795	6.34899315	6.23015728	6.10092708	5.94308761	5.76749043	5.57546172	5.37028505	5.15717424	4.93164373	4.70121738	4.47202605	4.25274654	4.04171418	3.83787647	3.63869178	3.45154029	3.28431688	3.13676386	3.00275565	2.87661357	2.75583620
	4.14825163	4.33269683	4.55990496	4.82000670	5.10539988	5.39043162	5.71031900	5.98774821	6.21135313	6.41910913	6.61333335	6.79210487	6.94102180	7.02546328	7.04650846	7.03105090	6.99530072	6.94836251	6.89363265	6.84689251	6.80829466	6.77054176	6.73158313	6.69166008	6.65120936	6.59037239	6.51101338	6.41771498	6.31181603	6.19677459	6.06837211	5.91335831	5.73957943	5.55038400	5.34766347	5.13739903	4.91561387	4.68847713	4.46136320	4.24426015	4.03467804	3.83175914	3.63357538	3.44694213	3.27978121	3.13241385	2.99883084	2.87322081	2.75290239
	4.14700260	4.33074230	4.55701747	4.81573046	5.09997618	5.38367285	5.69955798	5.97813675	6.20192961	6.40967244	6.60408618	6.78155559	6.93208124	7.01768784	7.04036354	7.02681522	6.99312547	6.94839522	6.89596708	6.85044036	6.81186968	6.77357144	6.73381167	6.69298497	6.65160414	6.59035485	6.51134974	6.41850413	6.31335683	6.19942859	6.07141771	5.91699640	5.74366952	5.55501230	5.35315093	5.14367131	4.92287853	4.69653943	4.46974177	4.25270848	4.04306716	3.83996309	3.64159897	3.45473714	3.28736154	3.13992447	3.00639545	2.88089393	2.76070098
	4.14214283	4.32468549	4.54935395	4.80578603	5.08788549	5.36925164	5.68040000	5.95867697	6.18233528	6.38892057	6.58270914	6.76184992	6.91406403	7.00309889	7.02926786	7.01918236	6.98896198	6.94774380	6.89883763	6.85483872	6.81586129	6.77627809	6.73482641	6.69212567	6.64881247	6.58671010	6.50766850	6.41483278	6.31041786	6.19770682	6.07182481	5.91976593	5.74754228	5.55982530	5.35911459	5.15094995	4.93175615	4.70670798	4.48066975	4.26362330	4.05383957	3.85048270	3.65181549	3.46454724	3.29677988	3.14919013	3.01571314	2.89036078	2.77033510
	4.12702971	4.30831448	4.53112534	4.78453277	5.06402296	5.34252879	5.64980288	5.92526216	6.14796491	6.35319016	6.54601261	6.72533106	6.87761885	6.96822329	6.99644847	6.98859618	6.96071151	6.92185435	6.87533367	6.83233893	6.79312955	6.75287894	6.71059792	6.66702888	6.62284778	6.56064780	6.48242266	6.39027872	6.28694872	6.17595092	6.05141127	5.90193557	5.73051600	5.54463416	5.34569559	5.13921722	4.92224054	4.69945755	4.47450422	4.25910739	4.05034895	3.84775177	3.64982410	3.46300868	3.29541234	3.14805367	3.01494966	2.89003637	2.77042560
	4.10420088	4.28375262	4.50402095	4.75351102	5.02915543	5.30368540	5.60699032	5.87691140	6.09737062	6.29930611	6.48930534	6.67051124	6.81848584	6.90961863	6.93944695	6.93365850	6.90808312	6.87161184	6.82755297	6.78571128	6.74648535	6.70585384	6.66306465	6.61895273	6.57421310	6.51264712	6.43518367	6.34444571	6.24213144	6.13371689	6.01130956	5.86572183	5.69633689	5.51269883	5.31663329	5.11239306	4.89836427	4.67910935	4.45621924	4.24343313	4.03655940	3.83565317	3.63927812	3.45363243	3.28676305	3.14007059	3.00772040	2.88358291	2.76469696
	4.09928673	4.27829519	4.49773141	4.74586863	5.02044313	5.29366941	5.59449805	5.86385847	6.08478454	6.28690360	6.47738772	6.65916692	6.80877580	6.90266246	6.93555745	6.93279164	6.91022509	6.87673043	6.83565173	6.79495390	6.75526697	6.71350844	6.66932935	6.62373848	6.57748922	6.51518332	6.43805851	6.34764130	6.24606480	6.13932986	6.01701177	5.87233259	5.70327478	5.52002479	5.32424201	5.12061001	4.90726754	4.68874140	4.46631005	4.25251646	4.04502774	3.84342450	3.64632206	3.45984402	3.29216302	3.14489892	3.01220483	2.88784059	2.76876544
	4.09966834	4.27832032	4.49727977	4.74477546	5.01874625	5.29120453	5.58967854	5.85960355	6.08059010	6.28257340	6.47398160	6.65595427	6.80684180	6.90242164	6.93743635	6.93700164	6.91695141	6.88605341	6.84760756	6.80799229	6.76802225	6.72537303	6.68001085	6.63311178	6.58547855	6.52242365	6.44527979	6.35485445	6.25436724	6.14754140	6.02520278	5.88106989	5.71275611	5.52948911	5.33413931	5.13087226	4.91766511	4.69943812	4.47736404	4.26231344	4.05405588	3.85164173	3.65367071	3.46628984	3.29782463	3.14998468	3.01687760	2.89218219	2.77282214
	4.09032976	4.26746508	4.48430068	4.72887283	4.99970146	5.26900657	5.56355416	5.82995326	6.05037189	6.25215032	6.44169680	6.62502845	6.77087019	6.86840477	6.90670985	6.91012217	6.89429799	6.86769727	6.83358671	6.79570688	6.75525863	6.71130744	6.66424006	6.61549960	6.56593242	6.50272797	6.42583377	6.33752914	6.23858664	6.13566450	6.01628073	5.87360502	5.70675412	5.52470384	5.33092473	5.12915545	4.91792043	4.70192488	4.48207094	4.26678037	4.05870766	3.85636229	3.65829904	3.47063344	3.30183772	3.15381207	3.02070162	2.89609658	2.77686341
	4.09073967	4.26741738	4.48356558	4.72725251	4.99705326	5.26541661	5.55766767	5.82425365	6.04498997	6.24759225	6.43837731	6.62289601	6.76895979	6.86828380	6.90893310	6.91496832	6.90197238	6.87820908	6.84691182	6.81009598	6.76922102	6.72430299	6.67602882	6.62605497	6.57521676	6.51151755	6.43428515	6.34754167	6.24915937	6.14599570	6.02843000	5.88576067	5.71885787	5.53762820	5.34384594	5.14223569	4.93111254	4.71516705	4.49501424	4.27917700	4.07008132	3.86685257	3.66776808	3.47915799	3.30960625	3.16101197	3.02747326	2.90253921	2.78301876
	4.09162921	4.26644032	4.48015712	4.72130834	4.98758592	5.25254237	5.54196439	5.80404472	6.02291525	6.22431124	6.41462140	6.59980488	6.74401820	6.84401306	6.88686378	6.89602791	6.88667288	6.86667359	6.83914722	6.80414100	6.76335902	6.71796499	6.66896476	6.61825410	6.56662633	6.50283105	6.42774201	6.34216341	6.24603354	6.14418127	6.02891152	5.88713063	5.72269368	5.54342829	5.35129718	5.15183605	4.94224630	4.72785717	4.50860873	4.29353148	4.08459815	3.88152416	3.68236088	3.49376462	3.32445167	3.17617558	3.04298656	2.91842160	2.79927887
	4.08330869	4.25510293	4.46457541	4.69976028	4.95942919	5.21772404	5.49943365	5.75424503	5.96911216	6.16747299	6.35555241	6.54708305	6.68104171	6.78197066	6.82775280	6.84167632	6.83823128	6.82441155	6.80299566	6.77078666	6.72982595	6.68335249	6.63286317	6.58056635	6.52724293	6.46281797	6.39000512	6.30659336	6.21392030	6.11351422	6.00455222	5.86590703	5.70599305	5.52989470	5.34174244	5.14678597	4.94230860	4.73159741	4.51556959	4.30246339	4.09494244	3.89294054	3.69437239	3.50613029	3.33702063	3.18897307	3.05619038	2.93216462	2.81355867
	4.07202747	4.24206434	4.44915585	4.68082849	4.93665743	5.19112942	5.46802553	5.71896792	5.93068004	6.12685871	6.31325508	6.50718792	6.63706619	6.73797250	6.78492900	6.80103727	6.80049813	6.78980581	6.77149756	6.74064869	6.69967202	6.65277037	6.60166794	6.54868661	6.49456017	6.43023092	6.35773091	6.27551083	6.18426065	6.08451318	5.97915151	5.84250940	5.68543189	5.51206006	5.32601703	5.13417177	4.93331898	4.72471963	4.51209559	4.29955302	4.09294651	3.89203043	3.69413214	3.50631580	3.33743058	3.18956338	3.05704095	2.93335918	2.81507062
	4.08304370	4.25312618	4.46022968	4.69210702	4.94787737	5.20217712	5.47883011	5.73077219	5.94293888	6.14005909	6.32826162	6.52125912	6.65509741	6.75728602	6.80561414	6.82377629	6.82590441	6.81800996	6.80234756	6.77270148	6.73174087	6.68438926	6.63263208	6.57899075	6.52407937	6.45942825	6.38579756	6.30513597	6.21412966	6.11516706	6.01038439	5.87349153	5.71675704	5.54178061	5.35573337	5.16482607	4.96329343	4.75377083	4.54114921	4.32502102	4.11652479	3.91374162	3.71370581	3.52398752	3.35361806	3.20451946	3.07094788	2.94637828	2.82726281
	4.06317675	4.23201901	4.43725775	4.66594171	4.91815580	5.16891047	5.44115509	5.69101996	5.90111372	6.09624825	6.28302887	6.46644661	6.61295495	6.71608712	6.76640490	6.78737382	6.79309807	6.78919813	6.77743939	6.74930158	6.70798961	6.65983330	6.60709375	6.55249995	6.49651711	6.43176827	6.35823224	6.27853370	6.18865046	6.09104830	5.98851907	5.85657734	5.70150138	5.52807019	5.34450328	5.15479296	4.95591910	4.74926119	4.53777392	4.32019585	4.11224268	3.90923027	3.70865281	3.51818727	3.34699247	3.19713579	3.06302859	2.93813104	2.81870830
	4.04077761	4.20734643	4.40964606	4.63435156	4.88127977	5.12662218	5.39422736	5.63850187	5.84360811	6.03429220	6.21978220	6.39901615	6.55676280	6.65393296	6.70420748	6.72698359	6.73566530	6.73560901	6.72798169	6.70194692	6.66123075	6.61343896	6.56106230	6.50677179	6.45095657	6.38745990	6.31576677	6.23802704	6.15112233	6.05471738	5.95274381	5.82532516	5.67271046	5.50333991	5.32516211	5.13833180	4.94243438	4.74104612	4.53058804	4.31352509	4.10619118	3.90377973	3.70336986	3.51286124	3.34172042	3.19190527	3.05787082	2.93313171	2.81383146
	4.05828116	4.22514956	4.42797555	4.65353290	4.90129170	5.14703754	5.41534721	5.66139340	5.86702273	6.05997694	6.24782319	6.42605911	6.58259361	6.68550932	6.73593180	6.75945232	6.76926838	6.77056437	6.76428731	6.73897963	6.69832124	6.65034514	6.59766107	6.54309684	6.48697673	6.42353630	6.35136709	6.27338432	6.18802747	6.09243101	5.98880363	5.86340767	5.70768297	5.53785733	5.35987071	5.17150318	4.97544464	4.77390984	4.56065384	4.34194423	4.13170618	3.92719371	3.72468302	3.53231130	3.35984663	3.20893700	3.07389081	2.94824400	2.82813048
	4.02453516	4.18841186	4.38735731	4.60762487	4.84847465	5.08712795	5.34788315	5.58807971	5.78819053	5.97651663	6.15971061	6.32981920	6.50098066	6.59130761	6.64246912	6.66807298	6.68063623	6.68509563	6.68225805	6.65845151	6.61795656	6.56997945	6.51719203	6.46261034	6.40657429	6.34442434	6.27511178	6.20044540	6.11960535	6.02859578	5.92985907	5.80880092	5.65607941	5.49284252	5.31913696	5.13382508	4.94429776	4.74684118	4.53662273	4.32211370	4.11256454	3.90999369	3.70920359	3.51799400	3.34653211	3.19645610	3.06217286	2.93731172	2.81793367
	4.03509439	4.19939704	4.39913846	4.62065517	4.86245182	5.10180747	5.36397758	5.60554716	5.80602399	5.99540499	6.18033660	6.35246160	6.52328526	6.61885391	6.66963400	6.69556524	6.70888195	6.71422925	6.71229199	6.68903716	6.64866532	6.60072482	6.54794438	6.49341393	6.43741990	6.37544941	6.30616858	6.23038625	6.14940047	6.05805850	5.95873734	5.83737407	5.68371100	5.51989767	5.34547280	5.16027718	4.97080641	4.77027553	4.55858295	4.34269501	4.12966153	3.92518769	3.72255128	3.52956003	3.35681136	3.20565432	3.07035710	2.94453018	2.82428958
	4.04315300	4.20788748	4.40837536	4.63105378	4.87376718	5.11390940	5.37730776	5.62015613	5.82105812	6.01107524	6.19686563	6.37070043	6.54189078	6.64089037	6.69124243	6.71723914	6.73095468	6.73678828	6.73533057	6.71242940	6.67217181	6.62430153	6.57159052	6.51713648	6.46120328	6.39931209	6.32983988	6.25315061	6.17127608	6.07950315	5.97990121	5.85811272	5.70442381	5.53943681	5.36438556	5.17973640	4.98953720	4.78666778	4.57415428	4.35663054	4.14116614	3.93534601	3.73129722	3.53698108	3.36327104	3.21130039	3.07523529	2.94866271	2.82774684
	4.05385771	4.21913356	4.42041792	4.64430110	4.88829216	5.12965133	5.39463984	5.63893593	5.84042470	6.03103431	6.21753267	6.39221114	6.56805867	6.66478726	6.71600247	6.74234751	6.75624916	6.76209589	6.76047513	6.73746375	6.69699879	6.64879374	6.59565184	6.54077458	6.48440631	6.42197699	6.35188811	6.27466066	6.19139826	6.09962950	5.99859157	5.87692160	5.72297275	5.55667037	5.38112838	5.19631874	5.00462704	4.80108004	4.58725190	4.36807533	4.15153135	3.94491715	3.73985558	3.54476438	3.37052937	3.21812810	3.08164114	2.95464692	2.83334654
	4.05351117	4.21867502	4.41992656	4.64388683	4.88753055	5.12850805	5.39320373	5.63748431	5.83865347	6.02907974	6.21537872	6.38986684	6.56968936	6.66364048	6.71447374	6.74099143	6.75534536	6.76170198	6.76057910	6.73785307	6.69742892	6.64923126	6.59610927	6.54127027	6.48496284	6.42269309	6.35287177	6.27596634	6.19238120	6.10142599	6.00072304	5.87923472	5.72599843	5.55927778	5.38428361	5.20042067	5.00815255	4.80482943	4.59089012	4.37046644	4.15342256	3.94631833	3.74061534	3.54499546	3.37040829	3.21769885	3.08090352	2.95358858	2.83198089
	4.04368860	4.20822612	4.40879274	4.63189221	4.87391268	5.11322821	5.37605607	5.61918899	5.81951455	6.00912935	6.19453449	6.36803962	6.54984007	6.64204484	6.69139421	6.71785930	6.73284403	6.74010537	6.74003056	6.71792870	6.67777053	6.62990749	6.57724371	6.52288705	6.46711469	6.40564446	6.33684841	6.26092272	6.17785898	6.08832326	5.98946449	5.86804089	5.71624395	5.54982878	5.37613856	5.19415266	5.00220706	4.79942143	4.58659986	4.36531076	4.14803025	3.94073631	3.73472185	3.53874710	3.36390606	3.21095030	3.07391347	2.94634369	2.82448078
	4.03794611	4.20185464	4.40182571	4.62452373	4.86532960	5.10354511	5.36505321	5.60725541	5.80815653	5.99755200	6.18095895	6.35329963	6.53428123	6.63000881	6.67741719	6.70386201	6.71939083	6.72725702	6.72768384	6.70586783	6.66571828	6.61793326	6.56546319	6.51139990	6.45603110	6.39504061	6.32685843	6.25151729	6.16846987	6.07990692	5.98244851	5.86126687	5.71115851	5.54517267	5.37279999	5.19234608	5.00054921	4.79884950	4.58557760	4.36360548	4.14644396	3.93874231	3.73228608	3.53599463	3.36103793	3.20800191	3.07085540	2.94313607	2.82110412
	4.03199176	4.19513687	4.39441825	4.61683234	4.85618452	5.09316781	5.35321737	5.59431816	5.79585267	5.98508839	6.16584466	6.33677596	6.51751793	6.61727015	6.66206061	6.68848997	6.70464798	6.71319595	6.71415094	6.69264605	6.65249667	6.60478397	6.55251672	6.49879033	6.44389301	6.38341300	6.31587952	6.24114661	6.15834656	6.07054044	5.97491056	5.85409684	5.70610075	5.54096372	5.37014929	5.19115611	4.99958279	4.79956270	4.58492924	4.36234190	4.14562437	3.93701835	3.72991498	3.53321104	3.35814022	3.20503765	3.06776740	2.93985797	2.81760159
	4.02396588	4.18677545	4.38573046	4.60774083	4.84612940	5.08218650	5.34109990	5.58156051	5.78300236	5.97191303	6.15158721	6.32196958	6.50741461	6.60397191	6.64755971	6.67407095	6.69069050	6.69982495	6.70137788	6.68018072	6.64003780	6.59237699	6.54024014	6.48666910	6.43198543	6.37178449	6.30466586	6.23033492	6.14798721	6.06026861	5.96623974	5.84548087	5.69861828	5.53419141	5.36437019	5.18593668	4.99503920	4.79575111	4.58071059	4.35793462	4.14151171	3.93219204	3.72469856	3.52762428	3.35227359	3.19892686	3.06142400	2.93327125	2.81074983
	4.02092749	4.18371548	4.38266891	4.60449228	4.84267852	5.07840897	5.33698839	5.57733592	5.77903030	5.96791734	6.14710571	6.31756409	6.50558071	6.60022548	6.64342067	6.67025419	6.68708880	6.69647336	6.69828967	6.67721976	6.63705507	6.58938543	6.53725912	6.48369280	6.42902909	6.36887282	6.30184667	6.22748717	6.14528032	6.05736592	5.96408980	5.84316644	5.69654758	5.53233422	5.36278212	5.18439553	4.99380463	4.79461390	4.57938321	4.35655819	4.14016589	3.93045673	3.72275165	3.52544830	3.34988133	3.19634135	3.05867095	2.93036036	2.80767561
	4.01990738	4.18248117	4.38125184	4.60279704	4.84065364	5.07599201	5.33414161	5.57406549	5.77673922	5.96554109	6.14302140	6.31346849	6.49677367	6.59694542	6.63908756	6.66635024	6.68328263	6.69276851	6.69466306	6.67363154	6.63345106	6.58582148	6.53377884	6.48034469	6.42585945	6.36589419	6.29907200	6.22475483	6.14264800	6.05495238	5.96245641	5.84129473	5.69494563	5.53127926	5.36169203	5.18381329	4.99373802	4.79469299	4.57933362	4.35676259	4.14032023	3.93052097	3.72275488	3.52543746	3.34988394	3.19635802	3.05869079	2.93036977	2.80765904
	4.03584924	4.19896651	4.39887253	4.62348672	4.86216425	5.09918105	5.35955993	5.60152957	5.80296016	5.99155994	6.16880515	6.34165595	6.52633718	6.62815984	6.67047275	6.69541783	6.71248113	6.72212818	6.72396714	6.70317122	6.66306031	6.61539247	6.56323667	6.50976661	6.45525142	6.39500425	6.32792726	6.25332355	6.17199549	6.08241039	5.99023091	5.86865846	5.72215456	5.55873037	5.38747857	5.20906163	5.01930371	4.81889480	4.60002884	4.37637193	4.15831407	3.94515490	3.73526779	3.53633201	3.35974828	3.20534435	3.06672729	2.93740071	2.81369175
	4.04957336	4.21278405	4.41341691	4.64006865	4.87977766	5.11844977	5.38007597	5.62173743	5.82183005	6.01019709	6.18677892	6.36181161	6.54250381	6.65111668	6.68967586	6.71254417	6.72922153	6.73891805	6.74101485	6.72043125	6.68034170	6.63273480	6.58064949	6.52741918	6.47322201	6.41304192	6.34605131	6.27176827	6.19115489	6.10225361	6.01003546	5.88824378	5.74231454	5.58031046	5.40806232	5.23028949	5.04149355	4.83981236	4.61922798	4.39415116	4.17385964	3.95809336	3.74609260	3.54577263	3.36841625	3.21332360	3.07385476	2.94355588	2.81884329
	4.05047071	4.21313145	4.41345905	4.63978183	4.87975118	5.11874145	5.37951582	5.61857569	5.81796081	6.00612399	6.18161450	6.35716092	6.53033445	6.64731050	6.68047589	6.70256936	6.71865280	6.72829863	6.73070911	6.71020091	6.67009001	6.62264833	6.57083261	6.51803956	6.46439616	6.40469297	6.33825625	6.26474216	6.18465415	6.09851901	6.00610148	5.88451773	5.73971237	5.57965287	5.40782416	5.23168982	5.04415678	4.84226700	4.62292492	4.39723436	4.17564186	3.95974345	3.74708341	3.54657216	3.36925620	3.21416248	3.07453681	2.94396909	2.81892947
	4.05808929	4.22094284	4.42170063	4.64860637	4.88925239	5.12879812	5.39049404	5.62982520	5.82893299	6.01717335	6.19333977	6.36896552	6.54216959	6.65967204	6.69204881	6.71492921	6.73091790	6.74051384	6.74277095	6.72232926	6.68230842	6.63491600	6.58310355	6.53033457	6.47667791	6.41687399	6.35030843	6.27662267	6.19607866	6.11007380	6.01742828	5.89558759	5.75051843	5.59053177	5.41769738	5.24145567	5.05401259	4.85096632	4.63122684	4.40492554	4.18248051	3.96580440	3.75259625	3.55164936	3.37412964	3.21883556	3.07895639	2.94809334	2.82276346
	4.06177525	4.22374019	4.42412013	4.65076323	4.89042942	5.13157029	5.39274817	5.62783153	5.82344931	6.01017236	6.18987490	6.36492975	6.52860904	6.65473986	6.68229518	6.70373355	6.71868984	6.72804764	6.73034875	6.71008198	6.67017617	6.62316465	6.57183163	6.51975322	6.46687320	6.40767755	6.34196191	6.26907925	6.18995756	6.10683701	6.01402062	5.89240735	5.74938649	5.59156738	5.42111185	5.24652842	5.05896076	4.85773764	4.63895983	4.41083705	4.18842092	3.97130758	3.75723362	3.55594626	3.37871467	3.22351978	3.08347649	2.95227358	2.82651722
	4.06577811	4.22790118	4.42852019	4.65543654	4.89537840	5.13670197	5.39901966	5.63369643	5.82923551	6.01593207	6.19653883	6.37153861	6.53432155	6.66214831	6.68790387	6.71068542	6.72564061	6.73499048	6.73770336	6.71750382	6.67760454	6.63055588	6.57916621	6.52703497	6.47407928	6.41477213	6.34868271	6.27574189	6.19563550	6.11324142	6.02059528	5.89852970	5.75532429	5.59732493	5.42660130	5.25189972	5.06373954	4.86229192	4.64335669	4.41460711	4.19196779	3.97448738	3.76020386	3.55871366	3.38132945	3.22600168	3.08581898	2.95447021	2.82857625
	4.07568792	4.23737779	4.43823556	4.66709427	4.90462282	5.15052847	5.40845267	5.64473146	5.83895851	6.02486154	6.20812404	6.38269537	6.54450226	6.66979908	6.70725668	6.71671164	6.72978354	6.73958491	6.74265961	6.72248464	6.68280021	6.63615677	6.58520392	6.53358548	6.48110395	6.42203093	6.35588598	6.28292836	6.21121483	6.12330089	6.02890980	5.90765385	5.76542910	5.60821201	5.43883981	5.26367890	5.07689934	4.87637118	4.65587925	4.42636660	4.20410567	3.98582196	3.76995428	3.56770997	3.39061935	3.23528777	3.09486633	2.96312366	2.83678493
	4.07723226	4.23788491	4.43842372	4.66862037	4.90372877	5.15192771	5.40447640	5.64378284	5.83298716	6.01717784	6.20102001	6.37525234	6.53562730	6.65681810	6.70841251	6.70726221	6.71880814	6.72406307	6.72774661	6.70701127	6.66759908	6.62161316	6.57134248	6.52047345	6.46876510	6.41031203	6.34464779	6.27416357	6.20988925	6.11648098	6.02043438	5.90104087	5.76085219	5.60547629	5.43882214	5.26401719	5.08020092	4.88120911	4.65994047	4.43087806	4.20969314	3.99111434	3.77374273	3.57108296	3.39476013	3.23976300	3.09936245	2.96744149	2.84081684
	4.07388118	4.23392310	4.43424175	4.66494760	4.89997504	5.14632657	5.39770820	5.64045532	5.82434960	6.00746729	6.18944257	6.36358533	6.52401658	6.64333882	6.69994821	6.70030216	6.71023624	6.71031025	6.71425027	6.69268991	6.65342598	6.60787740	6.55798523	6.50747872	6.45614116	6.39812277	6.33284420	6.26566592	6.20114759	6.10618195	6.00984750	5.89163866	5.75262358	5.59835095	5.43333427	5.25885448	5.07731493	4.87864520	4.65729186	4.42945505	4.20876689	3.99016204	3.77201665	3.56931459	3.39348889	3.23876245	3.09844843	2.96650760	2.83979338
	4.09025450	4.25068239	4.45206097	4.68571593	4.92011529	5.16990537	5.42262309	5.66616850	5.85124355	6.03515626	6.21878443	6.39275941	6.55247551	6.67591263	6.72854208	6.72552851	6.72947538	6.73753466	6.74060374	6.71935293	6.68004332	6.63460475	6.58478655	6.53440565	6.48307114	6.42493519	6.35947774	6.29033439	6.22739121	6.13183798	6.03421193	5.91586435	5.77641187	5.62166397	5.45612486	5.28040077	5.09891165	4.89948879	4.67578153	4.44729784	4.22508672	4.00516546	3.78517869	3.58150922	3.40521667	3.25007105	3.10915298	2.97650333	2.84910032
	4.08501664	4.24457696	4.44553417	4.68295744	4.91104595	5.16484525	5.41458970	5.65692770	5.84054848	6.02396482	6.20655750	6.38107351	6.53851720	6.64954293	6.71414929	6.70590008	6.70978791	6.71623782	6.71836828	6.69745086	6.65768773	6.61251479	6.56313020	6.51327032	6.46272644	6.40492468	6.34033737	6.27008790	6.21209453	6.11627935	6.01755727	5.90104985	5.76352649	5.61101377	5.44676437	5.27356706	5.09280144	4.89476141	4.67241861	4.44513285	4.22303079	4.00303443	3.78294559	3.57971311	3.40368020	3.24906998	3.10829285	2.97561806	2.84809726
	4.09014313	4.24987295	4.45151191	4.69108263	4.91889343	5.17185820	5.42466578	5.66824374	5.84919153	6.03206133	6.21582013	6.38957624	6.54681709	6.65783358	6.71880625	6.71869492	6.71772625	6.72418112	6.72676374	6.70666814	6.66677785	6.62172589	6.57234844	6.52258779	6.47207022	6.41372045	6.34869633	6.28039127	6.21791226	6.12460869	6.02536636	5.90909249	5.77173727	5.61956016	5.45522871	5.28225131	5.10113372	4.90247040	4.67961307	4.45236613	4.22937598	4.00826489	3.78724918	3.58362028	3.40725153	3.25251182	3.11138841	2.97827981	2.85030837
	4.10011219	4.26002891	4.46251460	4.70432223	4.93192367	5.18473686	5.43976377	5.68303074	5.86208809	6.04570569	6.22907883	6.40365963	6.55947510	6.67525797	6.73066531	6.73405457	6.73883667	6.75336659	6.74854063	6.72100385	6.68088879	6.63588026	6.58642934	6.53668793	6.48605836	6.43152057	6.36651865	6.29251155	6.22815945	6.13728690	6.03766927	5.92143700	5.78408051	5.63202409	5.46715129	5.29429080	5.11214730	4.91379252	4.69051025	4.46282675	4.23873591	4.01672694	3.79468021	3.59100451	3.41422753	3.25946013	3.11799811	2.98445823	2.85604616
	4.10322823	4.26233180	4.46542964	4.70730405	4.93591390	5.18834865	5.44568639	5.68832002	5.86004880	6.04395194	6.22679693	6.40007293	6.55581641	6.66436300	6.72361052	6.73824735	6.74235334	6.76006813	6.74960920	6.71353841	6.67240361	6.62783841	6.57862317	6.52952525	6.47944303	6.42975210	6.36384422	6.28781216	6.21974407	6.12977880	6.03224095	5.91741047	5.78182177	5.63191155	5.46879132	5.29765730	5.11557959	4.91983470	4.69686935	4.46960444	4.24521664	4.02297461	3.80010926	3.59701006	3.42055699	3.26634562	3.12496587	2.99121251	2.86247136
	4.11073937	4.26964559	4.47321333	4.71516297	4.94440046	5.19811291	5.45604341	5.70038647	5.86862903	6.05438105	6.23710679	6.40949860	6.56437626	6.66487785	6.73113840	6.74970146	6.75013211	6.76446234	6.75569864	6.72020805	6.67846924	6.63402290	6.58494522	6.53627374	6.48645941	6.43686742	6.36973250	6.29443094	6.22716009	6.13563487	6.03881481	5.92435398	5.78924625	5.63997787	5.47744997	5.30663102	5.12397567	4.92914708	4.70573440	4.47815206	4.25343535	4.03092181	3.80746359	3.60442277	3.42801931	3.27393780	3.13248771	2.99851798	2.86953026
	4.13230958	4.29243374	4.49720634	4.74447185	4.97074674	5.22456529	5.48596194	5.73421294	5.90001983	6.09282569	6.27571622	6.44799849	6.60094877	6.69634029	6.76745272	6.78460878	6.78604849	6.79520381	6.78812246	6.76239083	6.72003145	6.67510601	6.62578179	6.57638112	6.52693855	6.47156987	6.40521831	6.33011987	6.26335381	6.17089054	6.07310855	5.95765489	5.82133335	5.67070704	5.50675216	5.33392982	5.14960583	4.95283499	4.72746350	4.49806775	4.27201601	4.04826490	3.82362102	3.61943992	3.44247019	3.28768422	3.14558369	3.01089569	2.88127612
	4.15442399	4.31526798	4.52133729	4.77018989	4.99727488	5.25362099	5.51858023	5.77110412	5.93198956	6.12882703	6.31103545	6.48306405	6.63658821	6.72882534	6.79906559	6.82282515	6.82936017	6.83614213	6.81994196	6.80076932	6.75655374	6.71116459	6.66172664	6.61228630	6.56356914	6.50377523	6.44229392	6.36523916	6.29482225	6.20215256	6.10398949	5.98785766	5.85090386	5.69969621	5.53520558	5.36045875	5.17581785	4.97789272	4.75025304	4.51963934	4.29247177	4.06768528	3.84172575	3.63617019	3.45906375	3.30351999	3.16085778	3.02538475	2.89502411
	4.16445682	4.32544222	4.53188081	4.78297120	5.00920900	5.27079970	5.53315315	5.79128906	5.94822372	6.14200762	6.32412253	6.49589457	6.65544227	6.74251642	6.81448658	6.84007179	6.85565321	6.85073162	6.83342262	6.81443083	6.76883530	6.72322004	6.67400621	6.62508001	6.57694044	6.51666963	6.45563117	6.38135160	6.30943066	6.21281412	6.11542354	5.99941410	5.86282303	5.71211357	5.54812446	5.37285828	5.18882921	4.99071615	4.76185155	4.53114239	4.30389284	4.07828446	3.85161923	3.64529819	3.46832216	3.31229577	3.16942259	3.03346407	2.90260834
	4.15653561	4.31660156	4.52332810	4.76861086	4.99798963	5.26212250	5.51875761	5.77406709	5.93386614	6.12376643	6.30419727	6.47525638	6.63348480	6.72041689	6.78212749	6.81455126	6.84728515	6.83291015	6.82049387	6.79870634	6.74045083	6.69512126	6.64646793	6.59790862	6.55679700	6.49441971	6.43252132	6.36031270	6.28131788	6.18845628	6.09282248	5.97845225	5.84419371	5.69603942	5.53469793	5.36115775	5.17986928	4.98405785	4.75536573	4.52749324	4.30149027	4.07647002	3.85039778	3.64399688	3.46833524	3.31263825	3.17040480	3.03462367	2.90379363
	4.17080393	4.33169652	4.53958885	4.78327368	5.01791161	5.28395707	5.54344570	5.79852117	5.95965151	6.14420291	6.32545140	6.49634816	6.65501588	6.74807401	6.82128320	6.84264804	6.87920776	6.85860723	6.85053223	6.82717602	6.76938213	6.72351445	6.67434668	6.62527395	6.58359410	6.52072627	6.45605034	6.38688600	6.30555942	6.21149073	6.11533838	6.00023750	5.86518787	5.71613538	5.55384777	5.37850471	5.19633663	4.99915170	4.76905586	4.54073384	4.31360545	4.08747274	3.86041146	3.65295903	3.47694714	3.32055816	3.17783586	3.04142238	2.91001903
	4.19057514	4.35268646	4.56256737	4.80906974	5.04676739	5.31788928	5.57627750	5.84492529	5.99314628	6.18629795	6.36858125	6.53974817	6.69974338	6.78766457	6.84976947	6.88440464	6.92499200	6.89203540	6.90062138	6.88547235	6.81264515	6.76561396	6.71622728	6.66676088	6.62468800	6.56903407	6.49383990	6.43100396	6.33722743	6.24443336	6.14808668	6.03243381	5.89712643	5.74790512	5.58534907	5.40950865	5.22478682	5.02642175	4.79323426	4.56497196	4.33601404	4.10742799	3.87849069	3.66958519	3.49281812	3.33533574	3.19149762	3.05373703	2.92098631
	4.19012008	4.35318167	4.56390602	4.81235814	5.04526325	5.31978682	5.58039851	5.83095448	5.97850570	6.17863971	6.36101687	6.53608185	6.69582594	6.78053326	6.82585297	6.86641597	6.90908563	6.89612303	6.90002091	6.87623455	6.81990036	6.77038095	6.71323737	6.66288948	6.61844282	6.56148162	6.47983877	6.40703670	6.31902221	6.23002434	6.13524212	6.02123259	5.88860603	5.74240599	5.58290458	5.41019458	5.22492067	5.03171638	4.79889164	4.57197810	4.34423907	4.11595308	3.88784064	3.68088625	3.50446152	3.34830003	3.20432989	3.06671910	2.93378709
	4.19781719	4.36369793	4.57535475	4.82164945	5.05869022	5.33816228	5.60277706	5.83505738	5.99422445	6.19805377	6.38257368	6.55671030	6.71684132	6.80612543	6.84734895	6.88797615	6.93225447	6.92849834	6.93655230	6.88982604	6.82769742	6.77812010	6.73029384	6.67933403	6.64236388	6.58612425	6.50300351	6.41864933	6.33436680	6.24592753	6.15103633	6.03689869	5.90443497	5.75839595	5.59901217	5.42626672	5.23928368	5.04652009	4.81203412	4.58508047	4.35551123	4.12639559	3.89693979	3.69022355	3.51262486	3.35634949	3.21116663	3.07289078	2.93906390
	4.20886239	4.37331523	4.58405367	4.83015154	5.07395390	5.35300514	5.62459387	5.83848761	6.01500669	6.21806534	6.40380707	6.57903192	6.73817174	6.82438704	6.86543808	6.90347854	6.94519136	6.95231477	6.96184591	6.90316211	6.85904552	6.80708148	6.75785265	6.70616655	6.66655830	6.60539258	6.52724619	6.43196768	6.34947161	6.26108845	6.16599468	6.05213225	5.92020318	5.77470422	5.61573221	5.44324883	5.25540525	5.06266846	4.82683581	4.60101540	4.37089640	4.14172043	3.91195758	3.70569857	3.52796623	3.37146364	3.22529415	3.08677082	2.95236467
	4.20517838	4.37011290	4.58184573	4.82498998	5.07361656	5.35716255	5.62410151	5.85024613	6.01816501	6.21687220	6.40512747	6.58259886	6.74155724	6.83216367	6.86959308	6.90416643	6.93377504	6.95772488	6.97642596	6.90804101	6.86918679	6.81503135	6.76547186	6.71403736	6.68009706	6.60486107	6.51384938	6.43143256	6.34905940	6.26089809	6.16585771	6.05254703	5.92144090	5.77680767	5.61864695	5.44680079	5.25959620	5.06643980	4.83017216	4.60388341	4.37525301	4.14608491	3.91594650	3.70971483	3.53202770	3.37496068	3.22803248	3.08918984	2.95419493
	4.19637744	4.36753540	4.58181677	4.82610016	5.06774284	5.34838675	5.61469523	5.84511796	6.02102849	6.20430817	6.39702827	6.57303139	6.73320319	6.82623529	6.86436930	6.89743820	6.91745042	6.94245656	6.96987725	6.91917602	6.86655351	6.80982707	6.75945668	6.71776935	6.65645685	6.58670867	6.50339837	6.42248720	6.34093659	6.25319923	6.15857199	6.04597832	5.91594581	5.77242511	5.61523761	5.44418280	5.25786220	5.06415053	4.82924112	4.60357530	4.37660174	4.14769246	3.91804592	3.71182299	3.53495352	3.37757976	3.23060331	3.09127284	2.95592608
	4.17131642	4.33809239	4.54926046	4.79775001	5.04308882	5.31799233	5.58969185	5.80806502	5.99070484	6.16436506	6.34742220	6.53027006	6.69135265	6.77667863	6.81641304	6.84540465	6.87024684	6.89420375	6.91938265	6.90571569	6.85122040	6.79072196	6.73663690	6.69405081	6.61653760	6.54584987	6.46847383	6.39087754	6.31035832	6.22340367	6.12974077	6.01866109	5.89062790	5.74928821	5.59419360	5.42503781	5.24103229	5.04702668	4.81551774	4.59194127	4.36789935	4.14164673	3.91359531	3.70879625	3.53238532	3.37523970	3.22789551	3.08824189	2.95254965
	4.15218867	4.31715583	4.52589148	4.77534095	5.02239850	5.29371451	5.56282653	5.78698780	5.98010533	6.13339830	6.31458808	6.49577985	6.65579552	6.74285086	6.78053819	6.80916786	6.83455446	6.85777845	6.88211350	6.87420907	6.84420601	6.78317174	6.71171299	6.66079379	6.58856410	6.51798077	6.44304667	6.36671404	6.28677916	6.20039663	6.10744822	5.99730472	5.87052779	5.73054476	5.57671297	5.40881628	5.22638942	5.03233654	4.80350997	4.58153483	4.35905005	4.13447661	3.90769182	3.70395108	3.52747949	3.37053676	3.22279533	3.08291674	2.94698187
	4.13904632	4.30329387	4.51019217	4.75680933	5.00501595	5.27237789	5.53560772	5.75616481	5.97054811	6.10548688	6.28648372	6.46042151	6.62010129	6.70657061	6.74856802	6.77544244	6.80354704	6.82215444	6.84608828	6.83896478	6.81172901	6.75283929	6.68409051	6.62713217	6.55902757	6.49272611	6.42070365	6.34521122	6.26568905	6.17984002	6.08763192	5.97847846	5.85305471	5.71455853	5.56217370	5.39572859	5.21510302	5.02122454	4.79583158	4.57605251	4.35526688	4.13288134	3.90814120	3.70601427	3.52989258	3.37351943	3.22579390	3.08606979	2.95030042
	4.11969450	4.28589776	4.49540251	4.73738902	4.98842846	5.24984747	5.50953953	5.71829088	5.93529973	6.07959602	6.26335157	6.42420367	6.58306900	6.67646609	6.72042479	6.75002652	6.77538908	6.79130579	6.81298106	6.80770579	6.76653305	6.71260669	6.66914130	6.61103564	6.54223385	6.47779891	6.40706834	6.33155911	6.25198406	6.16625051	6.07430909	5.96557499	5.84086692	5.70307195	5.55129214	5.38519362	5.20684781	5.00993028	4.78905704	4.56951512	4.34885486	4.12757851	3.90386461	3.70227058	3.52545324	3.36855043	3.21976605	3.07902717	2.94244227
	4.10450804	4.27121192	4.48093082	4.71913427	4.97307577	5.22847641	5.48720360	5.69870798	5.91291758	6.05415345	6.23475375	6.39729763	6.55567691	6.64635920	6.68967593	6.72305072	6.74527667	6.76355074	6.77726280	6.77167986	6.73998937	6.68806463	6.63885081	6.58012812	6.52042594	6.45856616	6.38824753	6.31293284	6.23362044	6.14835790	6.05698570	5.94912283	5.82559812	5.68884465	5.53824353	5.37309805	5.19756923	4.99874622	4.78229843	4.56251816	4.34382427	4.12338310	3.90104273	3.70030194	3.52347993	3.36653028	3.21757330	3.07610635	2.93920287
	4.08819744	4.25476811	4.46668728	4.69920385	4.95286415	5.20524064	5.46428168	5.68180060	5.88580455	6.02652532	6.20531833	6.36672492	6.52585464	6.61486306	6.66034721	6.68969830	6.71651277	6.73519016	6.74426962	6.74343436	6.71781606	6.67317346	6.61008803	6.54948563	6.49795384	6.43745145	6.36662827	6.29150214	6.21253983	6.12783100	6.03711673	5.92999633	5.80771703	5.67216305	5.52292739	5.35904129	5.18698728	4.98657489	4.77304167	4.55401490	4.33738342	4.11749493	3.89637226	3.69645737	3.51987301	3.36301593	3.21416979	3.07224226	2.93520825
	4.06587997	4.23181174	4.44841993	4.67341152	4.92296833	5.17172351	5.43174877	5.64911281	5.84231175	5.98207112	6.16252332	6.32250219	6.48059048	6.57086527	6.62090851	6.65022951	6.67556667	6.69388558	6.70075060	6.69345596	6.66694284	6.62398858	6.56419290	6.51145782	6.46206576	6.40189550	6.32932043	6.25484581	6.17655408	6.09279792	6.00321978	5.89777246	5.77741488	5.64392797	5.49704736	5.33552469	5.16885422	4.96750045	4.75726896	4.53987671	4.32586488	4.10757115	3.88831968	3.68986187	3.51416201	3.35798688	3.20975713	3.06800381	2.93128458
	4.04282374	4.20572947	4.42639202	4.64553193	4.89146896	5.14015859	5.39995156	5.61525361	5.79634739	5.94545437	6.12613893	6.28477783	6.44298889	6.53503474	6.58535412	6.61522217	6.63937016	6.65782545	6.67130688	6.66317795	6.62269277	6.58372135	6.53391284	6.48424491	6.43621521	6.37615189	6.30433814	6.22942530	6.15130646	6.06816084	5.97924959	5.87476612	5.75562634	5.62353692	5.47814439	5.31803902	5.15495644	4.95216233	4.74409989	4.52836540	4.31536929	4.09774415	3.87949975	3.68157885	3.50579941	3.34938875	3.20077233	3.05840274	2.92123200
	4.01984341	4.17986646	4.39650990	4.62618817	4.87691532	5.10649699	5.36672330	5.57789892	5.76023811	5.89940626	6.08569939	6.24420842	6.40597276	6.49424770	6.54651540	6.57632316	6.59888424	6.61772252	6.63068998	6.62126994	6.59296082	6.55671516	6.49994670	6.45244430	6.40537159	6.34610754	6.27623241	6.20145363	6.12378847	6.04155984	5.95345311	5.85000086	5.73217980	5.60171321	5.45780023	5.29915668	5.13733669	4.93535815	4.72948821	4.51603127	4.30451183	4.08768268	3.87075524	3.67368350	3.49813301	3.34162254	3.19280953	3.04989958	2.91246352
	3.99661803	4.15350138	4.36531485	4.59837890	4.84459647	5.07464642	5.33313233	5.54528405	5.72657362	5.86232853	6.04538321	6.20391583	6.36628151	6.45309494	6.50767504	6.53508921	6.56122432	6.58252501	6.59555880	6.58022664	6.55902312	6.52521191	6.46382714	6.41852357	6.37180706	6.31552693	6.24899381	6.17656017	6.09848774	6.01717947	5.92969559	5.82719788	5.71050601	5.58125518	5.43873589	5.28174136	5.11960556	4.91974236	4.71591430	4.50620957	4.29546923	4.07992628	3.86369894	3.66744832	3.49208689	3.33507752	3.18582148	3.04202188	2.90409930
	3.98040163	4.13600590	4.34544889	4.57566519	4.80787092	5.05175826	5.30726106	5.51784906	5.69643214	5.84608311	6.01596074	6.17428976	6.33307517	6.42451713	6.47886080	6.50602675	6.53401527	6.55549642	6.56770319	6.55196031	6.53093681	6.49591049	6.43949966	6.39593519	6.34987422	6.29455805	6.22839769	6.15671920	6.07945635	5.99884190	5.91184593	5.80985506	5.69406670	5.56583659	5.42444874	5.26918987	5.10631161	4.90865569	4.70613573	4.49889444	4.28889265	4.07479831	3.85921180	3.66377901	3.48897995	3.33173848	3.18242011	3.03836426	2.90034839
	3.95394058	4.10877527	4.31469042	4.54274645	4.76695255	5.01026779	5.26430057	5.47008549	5.64515251	5.80847438	5.96564095	6.12330566	6.27923236	6.37465855	6.42896948	6.45741612	6.48906525	6.51072464	6.51754464	6.50276929	6.48179346	6.44630066	6.39703908	6.35511067	6.30918750	6.25471789	6.18941721	6.11860411	6.04071766	5.96124392	5.87536596	5.77444877	5.66054650	5.53443216	5.39535522	5.24323390	5.08109186	4.88676782	4.68682078	4.48234794	4.27409778	4.06240577	3.84888630	3.65495609	3.48161093	3.32493808	3.17629686	3.03269934	2.89515810
	3.94142944	4.09347309	4.29597249	4.52444426	4.73972741	4.98544993	5.24041988	5.44212768	5.62113430	5.79068524	5.93639470	6.09466471	6.25120804	6.34744766	6.40057234	6.42930923	6.46110964	6.48368840	6.48950026	6.48391769	6.46119027	6.42503717	6.37431248	6.33398849	6.29007660	6.23666104	6.17194460	6.10169816	6.02718781	5.94822670	5.86270823	5.76312605	5.64992059	5.52447513	5.38624763	5.23718515	5.07100997	4.87985682	4.68041026	4.47763949	4.27087029	4.05986233	3.84772738	3.65366626	3.48109354	3.32378207	3.17487896	3.03085982	2.89315585
	3.93427806	4.08264049	4.27961141	4.50911239	4.72463167	4.96435774	5.22260927	5.42114450	5.60176122	5.77991037	5.90718810	6.07274677	6.23007964	6.32652287	6.37688138	6.40451569	6.43623401	6.45967200	6.46764739	6.46621688	6.44301275	6.40404895	6.36040781	6.32054049	6.27706616	6.22397022	6.15960386	6.08970085	6.01559815	5.93700685	5.85179298	5.75285605	5.64018678	5.51532301	5.37779644	5.23163843	5.06218346	4.87381110	4.67470009	4.47277459	4.26694416	4.05669910	3.84550550	3.65159733	3.47939921	3.32188732	3.17283823	3.02858659	2.89080297
	3.89514205	4.04144891	4.23485776	4.46205302	4.68026061	4.91028391	5.16451264	5.36767491	5.54593651	5.72273333	5.83409787	6.00107969	6.16213248	6.25800170	6.30723269	6.33639485	6.36829069	6.39192523	6.40668939	6.40356567	6.37633198	6.33832324	6.29965024	6.26105763	6.21918890	6.16758186	6.10343130	6.03487142	5.96229474	5.88518367	5.80143433	5.70360187	5.59315803	5.47094020	5.33641253	5.19613944	5.02769279	4.84318092	4.64619033	4.44650561	4.24296522	4.03525293	3.82640541	3.63440397	3.46376576	3.30720280	3.15906020	3.01550977	2.87835570
	3.83861212	3.98527078	4.17537799	4.39757179	4.61797721	4.83786106	5.08263565	5.29003442	5.46329890	5.62970520	5.74487181	5.90045626	6.06736412	6.16248672	6.21373910	6.24429053	6.27577973	6.30020365	6.31659735	6.30916559	6.28262831	6.24953865	6.21276675	6.17573514	6.13599691	6.08642259	6.02080838	5.95435246	5.88378579	5.80874036	5.72732905	5.63283096	5.52567825	5.40742836	5.27744298	5.14289438	4.97889184	4.79894809	4.60546689	4.40960633	4.20971212	4.00579761	3.80063284	3.61149402	3.44332438	3.28838716	3.14184838	2.99959061	2.86358926
	3.78615256	3.93541471	4.12022758	4.33397907	4.55639481	4.77518689	5.00362889	5.20935986	5.37291996	5.52128634	5.67093804	5.79968357	5.97020503	6.06598053	6.12010820	6.15555191	6.18469130	6.20770142	6.22352386	6.21103263	6.18703583	6.16065955	6.12354932	6.08814625	6.05018591	6.00249337	5.93985771	5.87522199	5.80626974	5.73346548	5.65407431	5.56222314	5.45855618	5.34468066	5.22035805	5.08799867	4.92955573	4.75522096	4.56649915	4.37521677	4.18009749	3.98056203	3.78015678	3.59445639	3.42942478	3.27661092	3.13218756	2.99174873	2.85750884
	3.76275325	3.91144121	4.09014546	4.30451978	4.52492860	4.74787189	4.96309974	5.16766347	5.32690987	5.47754424	5.64077662	5.74380314	5.91713614	6.01311587	6.06727515	6.10743485	6.13780472	6.15598887	6.17264806	6.16108873	6.13968000	6.11289425	6.07501523	6.04074873	6.00374115	5.95709497	5.89929435	5.83552470	5.76658954	5.69574486	5.61663207	5.52620519	5.42419519	5.31259940	5.19218991	5.05892914	4.90283124	4.73197380	4.54641868	4.35715205	4.16473323	3.96745001	3.76968598	3.58594126	3.42260175	3.27090243	3.12762670	2.98820787	2.85498712
	3.72258022	3.87037204	4.04446751	4.25913704	4.47770799	4.69509628	4.89849743	5.09867014	5.26023739	5.41433995	5.57605996	5.66345717	5.83259117	5.93007719	5.98300629	6.02327234	6.05467758	6.07421809	6.09295732	6.08494641	6.06550567	6.03822980	6.00170047	5.96888602	5.93149282	5.88570665	5.82989662	5.76759099	5.70160129	5.63175890	5.55559568	5.46764853	5.36831055	5.26057592	5.14689863	5.01241112	4.86037139	4.69416291	4.51352966	4.32695136	4.13797305	3.94421503	3.75017922	3.56923855	3.40843782	3.25863110	3.11728094	2.97956163	2.84791293
	3.67684752	3.82281079	3.99430841	4.20463298	4.41969988	4.63590138	4.82991528	5.02497440	5.19282668	5.34534161	5.49787199	5.59967691	5.74954831	5.85115514	5.90344580	5.94552028	5.97409462	5.99562751	6.01382470	6.00995276	5.99303583	5.96644370	5.93361181	5.90183310	5.86513524	5.82120241	5.76705532	5.70618222	5.64142256	5.57299857	5.49811472	5.41102137	5.31511212	5.21204233	5.10244661	4.96853977	4.82054975	4.65902713	4.48386874	4.30017907	4.11417439	3.92413573	3.73398253	3.55591115	3.39761156	3.24961801	3.11019581	2.97416411	2.84409088
	3.60372208	3.74696223	3.91192902	4.11254606	4.32013377	4.52999737	4.70974319	4.90250628	5.06921225	5.21967638	5.36173701	5.48538225	5.60093675	5.70412217	5.75823301	5.79949245	5.82554973	5.84775119	5.86416628	5.86463567	5.85248147	5.83042645	5.79978126	5.76692486	5.73510091	5.69479651	5.64345652	5.58483142	5.52268795	5.45716950	5.38525631	5.29982184	5.20964780	5.11485342	5.00651137	4.88072123	4.74048729	4.58510923	4.41799755	4.23962840	4.06045756	3.87788170	3.69479838	3.52287261	3.36983916	3.22662360	3.09137258	2.95933546	2.83287838
	3.57153721	3.71394479	3.87717623	4.07325421	4.27891098	4.48693791	4.66370993	4.85388125	5.01866651	5.16886432	5.30926275	5.44122070	5.54531449	5.64825379	5.70371109	5.74422767	5.77225993	5.79482684	5.81121182	5.81283491	5.80190124	5.78236870	5.75363833	5.72002659	5.68947109	5.65025730	5.60001670	5.54218832	5.48087849	5.41656271	5.34585657	5.26226778	5.17521516	5.08294927	4.97406447	4.85100518	4.71427283	4.56118125	4.39677493	4.22030788	4.04324935	3.86292825	3.68225665	3.51219717	3.36078046	3.21910476	3.08492398	2.95404055	2.82863442
	3.54931815	3.69162654	3.85550410	4.04843663	4.25405686	4.46090038	4.63957233	4.82912455	4.99107273	5.14199636	5.28300612	5.42146509	5.52306388	5.62796529	5.68577738	5.72673569	5.75833806	5.78175260	5.79884260	5.80151864	5.79167589	5.77373472	5.74569624	5.71229789	5.68215797	5.64358607	5.59368484	5.53545888	5.47300635	5.40874694	5.33793614	5.25619619	5.17250714	5.07842930	4.96750820	4.84434015	4.70913697	4.55620335	4.39225628	4.21587351	4.03880943	3.85945234	3.67966737	3.50964770	3.35822468	3.21661048	3.08212114	2.95114995	2.82569753
	3.48935764	3.63017089	3.79620990	3.97765232	4.18294681	4.38551996	4.57292979	4.74912947	4.90665604	5.05403833	5.19330054	5.33475148	5.44507115	5.53752113	5.59770322	5.63886024	5.66995156	5.69325567	5.71063258	5.71532364	5.70644407	5.68993855	5.66444248	5.63523498	5.60633567	5.56856280	5.52022446	5.46334031	5.40219367	5.33984527	5.27066847	5.19397476	5.11370395	5.01728205	4.90986585	4.78852769	4.65707701	4.50763924	4.34620275	4.17254327	3.99776065	3.82140575	3.64446191	3.47661374	3.32664613	3.18657710	3.05311111	2.92319880	2.79861144
	3.43632975	3.57615239	3.74203894	3.91261944	4.11377210	4.31222193	4.50388301	4.66984317	4.82556316	4.97060462	5.10840361	5.24783519	5.36531300	5.45476676	5.51731760	5.55975773	5.59117735	5.61461503	5.63249113	5.63865381	5.63247434	5.61901063	5.59765799	5.57274238	5.54467839	5.50977130	5.46347706	5.40889643	5.34842133	5.28801066	5.22026469	5.14548430	5.06318230	4.96708243	4.86484524	4.74719059	4.61903726	4.47448342	4.31606839	4.14719440	3.97526374	3.80271614	3.62974217	3.46494918	3.31718397	3.17944823	3.04781803	2.91983410	2.79702097
	3.39282164	3.53030325	3.69571873	3.86288975	4.05954072	4.25571399	4.44892971	4.60623771	4.76198586	4.90589913	5.04297438	5.18047027	5.30471805	5.38259285	5.44671333	5.49025898	5.52126403	5.54431738	5.56231068	5.57054310	5.56549303	5.55343029	5.53346306	5.51158062	5.48510101	5.45182943	5.40692001	5.35406942	5.29521900	5.23790542	5.17391640	5.09757094	5.01398273	4.92048979	4.82083921	4.70701511	4.58103919	4.43912199	4.28295477	4.11697991	3.94713317	3.77708718	3.60653365	3.44374020	3.29749892	3.16135000	3.03099211	2.90424559	2.78252544
	3.34895282	3.48481374	3.64945181	3.81604321	4.00724846	4.20082026	4.39386117	4.54847294	4.70152944	4.84344662	4.97882894	5.11429341	5.24253236	5.31622167	5.38250294	5.42320417	5.45398064	5.47679228	5.49511498	5.50478102	5.50075860	5.48979386	5.47119249	5.45128769	5.42653314	5.39453253	5.35075629	5.29925817	5.24216587	5.18646948	5.12481734	5.04719592	4.96281473	4.87197805	4.77401495	4.66355527	4.54073287	4.40148511	4.24725962	4.08357924	3.91575457	3.74779514	3.57938537	3.41838349	3.27350367	3.13879263	3.00956664	2.88391674	2.76316501
	3.26074722	3.39480659	3.55634373	3.72553716	3.90330850	4.09003537	4.27922102	4.44107881	4.57989384	4.71437946	4.84659567	4.97915461	5.10913954	5.19445946	5.25838562	5.28487172	5.31563206	5.33752240	5.35666493	5.36721061	5.36467510	5.35579415	5.34082039	5.32409718	5.30356748	5.27405194	5.23257061	5.18379190	5.13290375	5.07806868	5.01541599	4.93811455	4.85474961	4.77019596	4.67444562	4.56899428	4.45315089	4.32059354	4.17104072	4.01179317	3.84865600	3.68470434	3.52061687	3.36333407	3.22144400	3.08980926	2.96302600	2.83970010	2.72099455
	3.20373545	3.33637387	3.49654776	3.66746814	3.84161019	4.02601657	4.21709150	4.38414284	4.52253037	4.65139157	4.78893442	4.92528794	5.05787937	5.15039382	5.20912224	5.23692789	5.26534743	5.28574230	5.30560124	5.31660600	5.31388000	5.30658674	5.29407637	5.28026990	5.26229300	5.23484741	5.19732727	5.15158152	5.10388389	5.04845556	4.98385823	4.90542316	4.82504761	4.74301993	4.64749846	4.54331147	4.42663240	4.29403917	4.14567442	3.98816188	3.82662359	3.66378566	3.50061558	3.34417654	3.20254345	3.07150977	2.94500187	2.82193543	2.70339245
	3.15131038	3.28197394	3.44246693	3.61889187	3.79017407	3.97391146	4.16670620	4.34013389	4.47705004	4.60507130	4.74434383	4.88230814	5.01700300	5.11647736	5.17286457	5.20662754	5.23542159	5.25344733	5.27464495	5.28658144	5.28468613	5.27875576	5.26706975	5.25483584	5.23820731	5.21222547	5.17603162	5.13361291	5.08424913	5.02738394	4.96004057	4.88233744	4.80396088	4.72193172	4.62658886	4.52341756	4.40692790	4.27493140	4.12669788	3.96915263	3.80719509	3.64324708	3.47931843	3.32254375	3.17974039	3.04767301	2.92012182	2.79622060	2.67688107
	3.10465175	3.23209878	3.39164264	3.56932997	3.74114939	3.92216172	4.11325114	4.28593648	4.42632560	4.55358134	4.69325149	4.83186604	4.96748026	5.06680787	5.12263867	5.16226327	5.19261839	5.21065013	5.23268281	5.24515416	5.24456650	5.23944496	5.22825588	5.21710419	5.20154914	5.17685243	5.14132669	5.10002391	5.04816714	4.99085384	4.92356873	4.84768941	4.77096141	4.68912422	4.59492936	4.49313137	4.37787603	4.24697028	4.09918621	3.94212657	3.78088876	3.61748747	3.45392921	3.29795923	3.15550222	3.02394155	2.89680246	2.77314757	2.65400133
	3.03773096	3.15821028	3.31707070	3.49420916	3.66813779	3.84379880	4.03027827	4.20270204	4.34716899	4.47260385	4.61066914	4.75056148	4.88769723	4.98831353	5.04409205	5.08596502	5.11707625	5.14000759	5.16390731	5.17763668	5.17966430	5.17704142	5.16613123	5.15686048	5.14326960	5.12073668	5.08617059	5.04337653	4.99106535	4.93368424	4.86841594	4.79515926	4.72020530	4.63921840	4.54784606	4.44766772	4.33412016	4.20619102	4.06095274	3.90544001	3.74570181	3.58377901	3.42134296	3.26617414	3.12490609	2.99351099	2.86688716	2.74371442	2.62496398
	2.96561220	3.08106804	3.23612949	3.41019970	3.59023545	3.75721455	3.93649288	4.10840759	4.25664145	4.38298319	4.51314002	4.65459325	4.79251240	4.89327071	4.95002843	4.99003014	5.02372614	5.04828609	5.07492739	5.09042268	5.09626452	5.09628049	5.08815679	5.08119688	5.07086635	5.05053361	5.01634339	4.97173759	4.92084278	4.86495783	4.80375734	4.73264922	4.65974254	4.58111519	4.49300940	4.39548227	4.28537079	4.16172913	4.01882075	3.86680914	3.70902944	3.54982377	3.38893653	3.23538551	3.09602254	2.96551909	2.84003734	2.71791127	2.60010185
	2.87790772	2.98941959	3.13714121	3.30463438	3.48325992	3.64450367	3.81307429	3.97981963	4.12647533	4.25431783	4.37898027	4.51739763	4.65282122	4.74929128	4.80398642	4.84352496	4.87641130	4.89890688	4.92389499	4.94185417	4.95101347	4.95387813	4.95065544	4.94650560	4.93949158	4.92062683	4.88798726	4.84564199	4.79743730	4.74481658	4.68764598	4.62146893	4.55178758	4.47903381	4.39530696	4.30329666	4.19919828	4.08173774	3.94484623	3.79907121	3.64691400	3.49303843	3.33710395	3.18829196	3.05291454	2.92620822	2.80440406	2.68564655	2.57086018
