	6.28290747	6.26085034	6.23492224	6.20384004	6.16545931	6.11589176	6.06655766	6.02982900	6.00345214	6.00645865	6.14637329	6.60949284	6.93202794	7.22294699	7.55549387	7.84256101	8.25352243	8.52807254	8.97307755	9.20544751	9.56915139	9.92537059	10.07302025	10.33481712	10.79461225	10.96465350	11.11420830	11.27588243	11.36866466	11.32961496	11.21147871	11.08151387	10.95312035	10.78662432	10.45891774	10.17475683	9.99442774	9.83113363	9.59416914	9.40347177	9.21298152	9.07025176	8.95200611	8.81075971	8.62150005	8.41130510	8.22448168	8.06606875	7.82501130
	6.28826617	6.25868068	6.22385156	6.18134682	6.12710952	6.05456725	5.96422982	5.89763899	5.85027650	5.82420112	5.88704611	6.47310655	6.85265008	7.13831719	7.49829152	7.74601992	8.19088171	8.45433425	8.94805210	9.19726364	9.56896281	9.94286090	10.10803713	10.42124706	10.83312290	10.99956837	11.16127257	11.33304901	11.42163779	11.36811397	11.23196725	11.08565551	10.94465540	10.76892686	10.40995658	10.14297473	9.96504082	9.78750109	9.51222189	9.29576482	9.14341515	9.01171576	8.88855250	8.73581465	8.52706137	8.33515888	8.16715585	8.00594778	7.73807364
	6.28916283	6.25901455	6.22381625	6.18096084	6.12613773	6.05234670	5.95744656	5.88635970	5.83601418	5.80449888	5.84142095	6.37003551	6.84142010	7.13094020	7.49613563	7.74326321	8.19180251	8.45361827	8.94973817	9.19634368	9.57145970	9.94255873	10.10700829	10.42845499	10.83640484	10.99946713	11.15986861	11.33119595	11.42168880	11.36997398	11.23297559	11.08509752	10.94414698	10.77203272	10.41549239	10.14094595	9.95786312	9.77349743	9.48828895	9.27721916	9.12722888	8.99454503	8.86768235	8.70368740	8.50957801	8.32781368	8.16013212	7.99263512	7.73321358
	6.29249682	6.26216190	6.22708854	6.18463150	6.13046779	6.05757777	5.95956240	5.88422893	5.83134919	5.79687399	5.82500659	6.32255874	6.83953486	7.13365328	7.50037811	7.74752578	8.19899376	8.45788549	8.95759134	9.19894537	9.58361203	9.94483363	10.10878299	10.44188052	10.84130357	11.00092268	11.16107681	11.33284873	11.42402035	11.37250651	11.23401153	11.08451734	10.94327848	10.77301324	10.41830050	10.13934934	9.95305926	9.76333669	9.47013325	9.26419224	9.11534110	8.98069384	8.84863957	8.67298944	8.49097903	8.31615754	8.14830658	7.96818865	7.72058190
	6.30066363	6.27065213	6.23663718	6.19610179	6.14499601	6.07680567	5.98037095	5.89380015	5.83459417	5.79491636	5.81128245	6.25317456	6.83778994	7.13789538	7.50641469	7.75332789	8.20870372	8.46376666	8.96773915	9.20308515	9.59930678	9.94876549	10.11287172	10.46425355	10.84980454	11.00418430	11.16360521	11.33669634	11.42962037	11.38013709	11.24024298	11.08846395	10.94757479	10.78314155	10.44053058	10.14848549	9.95681491	9.76217259	9.46129931	9.25642844	9.10732044	8.96831214	8.82464490	8.63250265	8.46482938	8.30046396	8.13133516	7.92599749	7.69956520
	6.30235082	6.27245682	6.23891909	6.19929923	6.14964361	6.08370467	5.98972515	5.89708563	5.83435448	5.79207530	5.80314235	6.21777810	6.84251319	7.14867577	7.51367722	7.76203278	8.21737075	8.47027323	8.97503531	9.20593882	9.61142456	9.95019329	10.11455745	10.47697503	10.85374618	11.00497197	11.16314906	11.33542346	11.42766388	11.37997447	11.24092563	11.08915994	10.94928525	10.78870491	10.45356423	10.15330905	9.95826776	9.76045267	9.45542795	9.25119988	9.10220174	8.96074139	8.80910662	8.60962703	8.44941876	8.29115451	8.12072448	7.90059569	7.68573260
	6.31006399	6.28031995	6.24738776	6.20899764	6.16139164	6.09873491	6.01071781	5.90958655	5.84176566	5.79571792	5.79849482	6.15334345	6.83771788	7.14324271	7.51209282	7.75984132	8.21743716	8.46881808	8.97378877	9.20458036	9.60476547	9.94893185	10.11242002	10.47057676	10.85122661	11.00143423	11.15630907	11.32421042	11.41432756	11.37044782	11.23586139	11.08662404	10.94867529	10.79186290	10.46543124	10.15973086	9.96225306	9.76290174	9.45606799	9.25099268	9.10126191	8.95678580	8.79440341	8.59377371	8.43920562	8.28537355	8.11338301	7.88527985	7.67905631
	6.31435657	6.28448343	6.25194700	6.21452946	6.16860794	6.10867315	6.02558065	5.91734462	5.84288385	5.79221540	5.79094426	6.14881417	6.84585160	7.16796977	7.53025606	7.78733281	8.23988334	8.49137692	8.99691574	9.21652920	9.65163016	9.95693414	10.12106905	10.50410938	10.86010318	11.00486620	11.15503150	11.31485764	11.39438777	11.34775937	11.21711359	11.07286248	10.93941260	10.78720027	10.46444710	10.15750773	9.95773921	9.75311448	9.44135920	9.24051872	9.09072691	8.94020983	8.75015282	8.55760568	8.41188127	8.26358114	8.08415406	7.83913064	7.64987420
	6.32063423	6.29067754	6.25852395	6.22202821	6.17776113	6.12054188	6.04194614	5.93076987	5.84929853	5.79387720	5.78564681	6.10518247	6.84092725	7.17070458	7.53433398	7.79680539	8.24663549	8.49888865	9.00292327	9.21860249	9.65970436	9.95712849	10.12057966	10.50617563	10.85921524	11.00209370	11.14855248	11.30128314	11.37401843	11.32682444	11.20053389	11.06077310	10.93123590	10.78321031	10.46552660	10.15786936	9.95703178	9.75048173	9.43764004	9.23766717	9.08711646	8.93223875	8.72629261	8.53860801	8.39774963	8.25312797	8.06941031	7.81809164	7.63724302
	6.32859806	6.29844801	6.26665475	6.23116206	6.18873148	6.13457692	6.06101579	5.95087206	5.85979584	5.79839617	5.78090618	6.04531576	6.83059636	7.16271736	7.53400569	7.79770182	8.24834945	8.49823480	9.00277781	9.21475278	9.65585774	9.95296725	10.11586354	10.50094726	10.85726939	10.99959008	11.14555399	11.29880619	11.37230739	11.32533775	11.19890359	11.05852931	10.93031992	10.78685025	10.48113762	10.16372252	9.95897546	9.75029078	9.43715645	9.23664564	9.08475367	8.92532559	8.70586956	8.52247095	8.38594296	8.24527378	8.05983426	7.80376002	7.62924374
	6.33252430	6.30203412	6.27025155	6.23514050	6.19352380	6.14085026	6.06975871	5.96125286	5.86380581	5.79839588	5.77696133	6.04838812	6.82717575	7.16818454	7.53904682	7.81074495	8.25497318	8.50772875	9.00998727	9.21812645	9.67418368	9.95606073	10.12133731	10.52743399	10.86405298	11.00455310	11.15284496	11.31252543	11.39156150	11.34429927	11.21313442	11.06757294	10.93711516	10.79466125	10.49763993	10.16949244	9.96041128	9.74826926	9.43474981	9.23442475	9.08115240	8.91728006	8.68909963	8.51029772	8.37612828	8.23590012	8.04518190	7.78797633	7.61839375
	6.33604923	6.30531826	6.27356491	6.23876787	6.19783015	6.14638839	6.07736720	5.97189091	5.86915449	5.80073272	5.77630531	6.04197897	6.82376869	7.16974748	7.54129692	7.81700119	8.25761064	8.51128407	9.01196081	9.21814455	9.68201867	9.95587501	10.12213837	10.53703486	10.86648986	11.00623294	11.15659416	11.32289601	11.40816007	11.36036168	11.22511991	11.07529541	10.94264249	10.80038221	10.50927787	10.17393349	9.96246829	9.74888561	9.43466791	9.23404501	9.08022741	8.91441883	8.68221776	8.50489684	8.37193350	8.23246504	8.04007514	7.78217708	7.61492966
	6.33783111	6.30676390	6.27487989	6.24010512	6.19939050	6.14846804	6.08035547	5.97638593	5.86996431	5.79916365	5.77425396	6.07510811	6.82987652	7.19040903	7.55103591	7.84201368	8.26849435	8.53016711	9.02336971	9.22670088	9.70295990	9.96200987	10.13083907	10.56769998	10.87365521	11.01228968	11.16544369	11.33697645	11.42457243	11.37421642	11.23516041	11.08213520	10.94768372	10.80458064	10.51583816	10.17703508	9.96453311	9.74978620	9.43466452	9.23391405	9.07943120	8.91146511	8.67590384	8.50010673	8.36765141	8.22747290	8.03056404	7.77304428	7.60805642
	6.34034783	6.30897811	6.27699649	6.24229773	6.20189862	6.15161556	6.08461703	5.98329715	5.87310779	5.80002435	5.77283003	6.07289612	6.82740670	7.19322173	7.55296037	7.84958476	8.27074186	8.53440282	9.02495132	9.22705689	9.70629122	9.96197301	10.13184465	10.57555071	10.87542172	11.01403592	11.16888255	11.34366634	11.43219139	11.37935687	11.23846289	11.08421425	10.94904094	10.80569153	10.51786991	10.17810815	9.96537596	9.75024377	9.43452433	9.23380300	9.07903390	8.90995416	8.67240875	8.49735735	8.36539043	8.22532634	8.02684231	7.76926078	7.60540873
	6.34298989	6.31121424	6.27905118	6.24435214	6.20422238	6.15454560	6.08862288	5.98976633	5.87531578	5.79955277	5.77177253	6.09917916	6.83323114	7.21599387	7.56150898	7.87757505	8.27943854	8.55254284	9.03269080	9.23253299	9.71755120	9.96457877	10.13609152	10.59226498	10.87873395	11.01683800	11.17313345	11.34925515	11.43471075	11.37702181	11.23531896	11.08216592	10.94758188	10.80382285	10.51259941	10.17651078	9.96545104	9.75064912	9.43432404	9.23380117	9.07879434	8.90851678	8.66905094	8.49470604	8.36292215	8.22237829	8.02087393	7.76357620	7.60102518
	6.34581795	6.31366838	6.28134410	6.24667792	6.20688612	6.15791496	6.09322577	5.99793481	5.87858644	5.79978588	5.77187544	6.12490114	6.83941466	7.24045544	7.57065175	7.91253768	8.28865722	8.57455360	9.04064067	9.23837237	9.72878723	9.96700773	10.13977468	10.60641252	10.88103318	11.01844479	11.17511913	11.35053455	11.43092269	11.36776750	11.22650989	11.07626413	10.94350700	10.79972682	10.50361965	10.17350892	9.96527417	9.75190084	9.43538866	9.23467837	9.07942934	8.90846378	8.66787571	8.49361224	8.36177086	8.22095253	8.01775825	7.76041414	7.59859363
	6.34697153	6.31451546	6.28199660	6.24721551	6.20746680	6.15867798	6.09434160	5.99940239	5.87837906	5.79760588	5.77178140	6.17044909	6.85265364	7.27555475	7.58348891	7.95886952	8.30154867	8.60482222	9.05290478	9.24866928	9.74674140	9.97284055	10.14734702	10.62762254	10.88537312	11.02239563	11.17951717	11.35231715	11.42405396	11.35426906	11.21438178	11.06825624	10.93798761	10.79400872	10.49043179	10.16888023	9.96433199	9.75281065	9.43652741	9.23555860	9.07997746	8.90849206	8.66774457	8.49342995	8.36100042	8.21909013	8.01317948	7.75667315	7.59514279
	6.35110229	6.31820641	6.28551048	6.25086471	6.21167839	6.16397067	6.10149040	6.01198717	5.88527787	5.80028978	5.77258572	6.17905710	6.85438284	7.29019596	7.59013710	7.98796300	8.30836210	8.62536651	9.05790149	9.25235284	9.75410842	9.97369380	10.14863045	10.63377903	10.88571014	11.02228355	11.17872309	11.34874852	11.41374628	11.33862213	11.20091019	11.05923828	10.93175570	10.78859928	10.48119519	10.16629349	9.96537159	9.75704013	9.44122923	9.23891334	9.08304951	8.91189207	8.67108534	8.49542176	8.36263723	8.22120044	8.01694912	7.75864647	7.59681136
	6.35438568	6.32099703	6.28800755	6.25334816	6.21444252	6.16735252	6.10593928	6.01867543	5.88907245	5.80051899	5.77236058	6.19622548	6.85932174	7.30733625	7.59755636	8.01662887	8.31562463	8.64985794	9.06389868	9.25840944	9.76468738	9.97668965	10.15297134	10.64500032	10.88797833	11.02378729	11.17967185	11.34619524	11.40353499	11.32338251	11.18806547	11.05089156	10.92601752	10.78308435	10.47010045	10.16240103	9.96496844	9.75859732	9.44276764	9.24001272	9.08375516	8.91189824	8.67044095	8.49491745	8.36188887	8.21991950	8.01440241	7.75651476	7.59508911
	6.35803576	6.32412524	6.29082922	6.25617577	6.21759454	6.17119468	6.11097621	6.02556656	5.89431046	5.80183873	5.77184998	6.20285151	6.86045014	7.31736813	7.60249075	8.03613516	8.32022122	8.66901761	9.06698753	9.26212390	9.77156525	9.97822174	10.15558346	10.65191262	10.88908321	11.02378539	11.17837856	11.34135561	11.39357411	11.31063935	11.17792285	11.04488168	10.92245310	10.78016525	10.46412246	10.16074960	9.96610053	9.76189873	9.44585469	9.24189787	9.08519415	8.91284926	8.67060182	8.49474831	8.36150265	8.21933174	8.01342276	7.75543969	7.59433457
	6.35969694	6.32531456	6.29165129	6.25684416	6.21823958	6.17191229	6.11183428	6.02638416	5.89314598	5.79824132	5.77126359	6.22617755	6.86926633	7.33722743	7.61150927	8.06126622	8.32803408	8.70442192	9.07342286	9.27218696	9.78455749	9.98371021	10.16408576	10.66200635	10.89305741	11.02626527	11.17908212	11.33661555	11.38157689	11.29624189	11.16700568	11.03890050	10.91914067	10.77694116	10.45624581	10.15856460	9.96708707	9.76473578	9.44805772	9.24296924	9.08576344	8.91255542	8.66921922	8.49323831	8.35927861	8.21552292	8.00508706	7.74930337	7.58883680
	6.36261487	6.32756183	6.29346977	6.25853285	6.22002798	6.17403527	6.11454837	6.02985835	5.89436137	5.79553167	5.77157337	6.24534183	6.87764780	7.35715911	7.62182921	8.08670865	8.33675519	8.74755704	9.07987291	9.28416248	9.79748693	9.98888067	10.17139689	10.66967902	10.89527348	11.02675929	11.17642740	11.32713620	11.36639310	11.28136904	11.15635836	11.03328244	10.91626774	10.77420086	10.44877665	10.15659199	9.96888788	9.76931672	9.45203284	9.24496228	9.08723090	8.91366965	8.66941967	8.49259026	8.35779285	8.21280496	7.99919013	7.74456546	7.58460025
	6.36566481	6.32982684	6.29527744	6.26018118	6.22174972	6.17606742	6.11713687	6.03311012	5.89531861	5.79221095	5.77279445	6.26810869	6.88823632	7.37950974	7.63407777	8.11385853	8.34698731	8.79642386	9.08765788	9.29961343	9.81239843	9.99531007	10.18026913	10.67833704	10.89798293	11.02806061	11.17473574	11.31922285	11.35314236	11.26849892	11.14736800	11.02874380	10.91420689	10.77196506	10.44151087	10.15457963	9.97077137	9.77430473	9.45636587	9.24688258	9.08857223	8.91480723	8.66979475	8.49186735	8.35602423	8.20956542	7.99174962	7.73914237	7.57968787
	6.36960519	6.33298910	6.29806158	6.26292007	6.22475854	6.17972054	6.12191347	6.03971622	5.90071140	5.79310585	5.77321896	6.26737045	6.88746670	7.38539226	7.63821586	8.12300496	8.34955032	8.80968871	9.08856514	9.30455902	9.81642617	9.99625219	10.18187292	10.67953291	10.89741682	11.02698007	11.17198571	11.31412877	11.34666814	11.26229094	11.14277476	11.02635602	10.91319780	10.77122968	10.43845442	10.15346891	9.97219660	9.77829164	9.45979047	9.24825132	9.08967600	8.91616457	8.67056112	8.49158765	8.35526167	8.20855978	7.99019850	7.73738560	7.57823020
	6.37140653	6.33405211	6.29871496	6.26335944	6.22511776	6.18008816	6.12230013	6.03976197	5.89800341	5.78734484	5.77615499	6.28621304	6.89617622	7.40118368	7.64803241	8.13931910	8.35639345	8.83320577	9.09383699	9.31879286	9.82729424	10.00180115	10.18992573	10.68662463	10.90002953	11.02877729	11.17246495	11.31169749	11.34064167	11.25546487	11.13744686	11.02345872	10.91154642	10.76888969	10.43107163	10.15027038	9.97188724	9.77957247	9.45976710	9.24717876	9.08828958	8.91414115	8.66715079	8.48808781	8.35086943	8.20206071	7.97599950	7.72816405	7.56996173
	6.37613856	6.33762461	6.30167291	6.26610401	6.22801125	6.18350080	6.12665036	6.04541437	5.90171947	5.78540629	5.78074044	6.29547220	6.90044239	7.41343169	7.65692356	8.15346784	8.36256966	8.85201990	9.09788648	9.33180891	9.83597492	10.00544997	10.19484743	10.69023586	10.90036667	11.02850776	11.17118275	11.30935918	11.33732876	11.25142546	11.13342653	11.02108910	10.91028517	10.76692264	10.42446172	10.14702184	9.97170885	9.78165884	9.46031799	9.24629768	9.08733275	8.91303746	8.66471937	8.48514489	8.34718164	8.19679951	7.96454333	7.72087686	7.56365511
	6.37972549	6.34027604	6.30379733	6.26801071	6.22996668	6.18575966	6.12943782	6.04873555	5.90279179	5.78201260	5.78738527	6.30830141	6.90748787	7.42570933	7.66747413	8.16566263	8.36939709	8.86809799	9.10188962	9.34501495	9.84290552	10.00806690	10.19813420	10.69172137	10.89957768	11.02718506	11.16894874	11.30639211	11.33399328	11.24804162	11.12997576	11.01857833	10.90839268	10.76398036	10.41635787	10.14257473	9.96956239	9.78044544	9.45719869	9.24324719	9.08427378	8.90922052	8.65947585	8.48058709	8.34212889	8.18983313	7.95048988	7.71239240	7.55624615
	6.38212063	6.34186823	6.30491085	6.26888106	6.23076786	6.18662677	6.13039699	6.04942215	5.90029332	5.77634826	5.79398616	6.32333546	6.91567726	7.43745513	7.67843946	8.17651531	8.37704461	8.88382221	9.10703248	9.36033538	9.85081509	10.01166785	10.20265399	10.69459534	10.89987384	11.02703687	11.16891824	11.30715846	11.33492117	11.24804550	11.12890498	11.01753058	10.90756753	10.76229772	10.41066897	10.13902309	9.96746773	9.77875957	9.45361715	9.23988309	9.08077530	8.90467065	8.65341892	8.47542853	8.33638018	8.18169713	7.93422649	7.70252944	7.54731185
	6.38610892	6.34480447	6.30722994	6.27093339	6.23284037	6.18897714	6.13323789	6.05273075	5.90167493	5.77375983	5.80190511	6.33094480	6.91891585	7.44384399	7.68525076	8.18295576	8.38138539	8.89355786	9.10930198	9.37001722	9.85521160	10.01295528	10.20417191	10.69554931	10.89923953	11.02660012	11.16993636	11.31195920	11.34207461	11.25302770	11.13044086	11.01747245	10.90712428	10.76092230	10.40560659	10.13513422	9.96445608	9.77569310	9.44814371	9.23508768	9.07599197	8.89858844	8.64553898	8.46903487	8.32973935	8.17277898	7.91789128	7.69267296	7.53856654
	6.38901563	6.34668765	6.30850028	6.27188743	6.23368993	6.18984198	6.13406927	6.05271774	5.89750630	5.76712843	5.81870968	6.35269540	6.92989172	7.45464666	7.69890798	8.19208795	8.38997160	8.90655326	9.11349121	9.38378472	9.85968323	10.01394303	10.20496146	10.69437457	10.89693263	11.02507316	11.17103853	11.31778270	11.34962047	11.25689250	11.12998856	11.01460562	10.90287117	10.75354654	10.39012606	10.12628320	9.95704061	9.76629519	9.43499523	9.22528952	9.06656774	8.88664326	8.63142619	8.45809298	8.31846501	8.15737880	7.89182890	7.67677090	7.52378365
	6.39195019	6.34869334	6.30997271	6.27310402	6.23487036	6.19113507	6.13551350	6.05387813	5.89553044	5.76323437	5.82955191	6.36286692	6.93464235	7.45963622	7.70691320	8.19690698	8.39545605	8.91402159	9.11593652	9.39187049	9.86157604	10.01354121	10.20346730	10.69112267	10.89345502	11.02219186	11.17066385	11.32219557	11.35627880	11.26009146	11.12908465	11.01128079	10.89829056	10.74655553	10.37723864	10.11883758	9.95077326	9.75859018	9.42470267	9.21754398	9.05923479	8.87747979	8.62079735	8.44964708	8.30972674	8.14538987	7.87295102	7.66476267	7.51221157
	6.39428303	6.35029863	6.31116065	6.27410495	6.23586144	6.19225055	6.13682120	6.05513744	5.89462350	5.76109336	5.83920210	6.37183675	6.93876305	7.46336092	7.71358629	8.20073286	8.40027071	8.91975508	9.11796359	9.39787667	9.86307682	10.01321727	10.20212818	10.68871180	10.89098229	11.01978823	11.16987364	11.32553246	11.36256010	11.26398886	11.12953774	11.00969945	10.89582874	10.74289922	10.37042134	10.11447414	9.94702387	9.75406093	9.41845323	9.21260783	9.05451772	8.87152207	8.61370981	8.44388181	8.30375076	8.13705242	7.86026809	7.65663010	7.50433092
	6.39798825	6.35291760	6.31315903	6.27583859	6.23761403	6.19425555	6.13924774	6.05782471	5.89542221	5.76031551	5.85286921	6.38061131	6.94161224	7.46575714	7.72059560	8.20402421	8.40484314	8.92414462	9.11871315	9.40158831	9.86278286	10.01117752	10.19812367	10.68373337	10.88711827	11.01605978	11.16847290	11.33110820	11.37383598	11.27145418	11.13126124	11.00810668	10.89285264	10.73878838	10.36276301	10.10878315	9.94172682	9.74747825	9.40942280	9.20534547	9.04751296	8.86262626	8.60331585	8.43549711	8.29524233	8.12538194	7.84375173	7.64592492	7.49395658
	6.39605434	6.35108200	6.31136651	6.27398242	6.23553630	6.19170258	6.13570595	6.05181197	5.88488870	5.75226195	5.86988939	6.40508426	6.95386213	7.47336258	7.73480336	8.21068526	8.41473035	8.93405842	9.12455096	9.41585825	9.86847777	10.01481006	10.20289306	10.68726676	10.88901961	11.01742188	11.16994451	11.33278119	11.37462495	11.27071740	11.12988866	11.00673729	10.89123290	10.73577897	10.35707572	10.10571539	9.93912186	9.74359507	9.40458512	9.20174354	9.04359731	8.85680619	8.59690017	8.43009405	8.28894447	8.11566534	7.83056272	7.63688732	7.48435892
	6.39693178	6.35159188	6.31165950	6.27416555	6.23567471	6.19182052	6.13573642	6.05128683	5.88306809	5.75068660	5.88055851	6.41477792	6.95755481	7.47528224	7.74080911	8.21297586	8.41845380	8.93690105	9.12558728	9.41954461	9.86888410	10.01433657	10.20177833	10.68559308	10.88767021	11.01604912	11.16949063	11.33505556	11.37897099	11.27332369	11.13022536	11.00581616	10.88969474	10.73345558	10.35290961	10.10281524	9.93640082	9.73998123	9.39984306	9.19797571	9.03983792	8.85181673	8.59135760	8.42555993	8.28414712	8.10879933	7.82161265	7.63081089	7.47814720
	6.40019494	6.35386957	6.31339235	6.27567661	6.23722193	6.19361581	6.13796449	6.05402477	5.88432472	5.75222572	5.89026498	6.41454664	6.95586925	7.47496787	7.74306399	8.21343163	8.41855143	8.93635613	9.12327905	9.41435770	9.86532048	10.01030099	10.19458983	10.67754825	10.88324999	11.01151636	11.16640877	11.33842614	11.38913429	11.28007676	11.13112017	11.00363110	10.88643796	10.72937405	10.34569902	10.09695040	9.93053521	9.73234391	9.39012776	9.19031707	9.03242850	8.84238646	8.58095894	8.41733403	8.27586987	8.09739814	7.80715311	7.62124668	7.46861001
	6.40050603	6.35381331	6.31312375	6.27528653	6.23672480	6.19295604	6.13688802	6.05151527	5.87863651	5.74918120	5.91227774	6.43266933	6.96253189	7.47808351	7.75359543	8.21656396	8.42426820	8.94018750	9.12501376	9.41922393	9.86617515	10.01012998	10.19366846	10.67602272	10.88251061	11.01055546	11.16648265	11.34212167	11.39543896	11.28288445	11.13012681	11.00092367	10.88294728	10.72445524	10.33801000	10.09181003	9.92557076	9.72540144	9.38197320	9.18412875	9.02618242	8.83362808	8.57173886	8.40977369	8.26766182	8.08509700	7.79312073	7.61134817	7.45791386
	6.39984694	6.35300133	6.31222558	6.27431053	6.23561516	6.19157551	6.13487024	6.04764682	5.87087581	5.74476538	5.93442100	6.45266486	6.97138145	7.48294322	7.76628423	8.22106926	8.43189517	8.94618416	9.12839637	9.42723842	9.86878708	10.01127736	10.19429539	10.67574449	10.88236699	11.01001818	11.16628568	11.34390092	11.39868984	11.28375944	11.12851625	10.99835355	10.87976284	10.71985083	10.33098712	10.08744304	9.92148956	9.71964659	9.37539296	9.17921538	9.02119939	8.82643988	8.56410335	8.40331862	8.26038373	8.07384165	7.78048142	7.60218071	7.44773706
	6.40147110	6.35395991	6.31281504	6.27473302	6.23599313	6.19195697	6.13514766	6.04713638	5.86790611	5.74423188	5.95706446	6.46846851	6.97678424	7.48541446	7.77603098	8.22382704	8.43696590	8.94916684	9.12956586	9.43013510	9.86893427	10.01035674	10.19154944	10.67279368	10.88078854	11.00794020	11.16460214	11.34727338	11.40920210	11.29157600	11.13045008	10.99739305	10.87788424	10.71733633	10.32617142	10.08333163	9.91737059	9.71428968	9.36859449	9.17368222	9.01569297	8.81868310	8.55540462	8.39590897	8.25236435	8.06175660	7.76756018	7.59293476	7.43778102
	6.40251843	6.35449767	6.31307818	6.27487295	6.23609130	6.19201730	6.13500744	6.04595730	5.86407691	5.74417880	5.97985976	6.48792555	6.98399126	7.48892178	7.78794196	8.22705359	8.44268919	8.95245930	9.13108233	9.43305064	9.86929367	10.00958409	10.18870474	10.66915884	10.87899926	11.00581527	11.16262908	11.34909021	11.41685517	11.29725706	11.13152785	10.99620253	10.87584816	10.71451167	10.32155097	10.07963119	9.91374476	9.70954616	9.36280850	9.16904046	9.01114789	8.81234359	8.54815088	8.38952098	8.24526113	8.05068022	7.75661873	7.58481965	7.42869031
	6.40603293	6.35693560	6.31493374	6.27650182	6.23777683	6.19397824	6.13741191	6.04889549	5.86598633	5.74782783	5.99537786	6.48937612	6.98188375	7.48732468	7.78668105	8.22506698	8.43920892	8.94820032	9.12666170	9.42224272	9.86366939	10.00425074	10.17967882	10.66060705	10.87462771	11.00091822	11.15751593	11.35039875	11.42924758	11.30795412	11.13370888	10.99385951	10.87169546	10.70918437	10.31366416	10.07275686	9.90627937	9.69940527	9.35151616	9.16044027	9.00303738	8.80038476	8.53684824	8.38021196	8.23557004	8.03605414	7.74246660	7.57492958	7.41818260
	6.40480059	6.35556944	6.31349513	6.27497343	6.23606650	6.19185977	6.13426201	6.04252242	5.85566487	5.74534618	6.02569294	6.52950527	6.99740825	7.49336472	7.80744054	8.22990972	8.44888550	8.95353646	9.12987026	9.43030673	9.86561385	10.00471957	10.17927459	10.65977720	10.87416899	11.00005316	11.15674649	11.35181366	11.43368431	11.30973885	11.13168959	10.99018717	10.86681046	10.70184085	10.30381889	10.06637158	9.89996061	9.69003956	9.34200453	9.15336005	8.99579632	8.78703727	8.52612801	8.37085093	8.22469884	8.01798230	7.72649977	7.56253597	7.40343441
	6.40259093	6.35352373	6.31154384	6.27299885	6.23390206	6.18921829	6.13047872	6.03546659	5.84479112	5.74240945	6.04866241	6.56878376	7.01203709	7.49950509	7.82598636	8.23470467	8.45776168	8.95921162	9.13338274	9.43809376	9.86809178	10.00574301	10.17971285	10.65870483	10.87384423	10.99959190	11.15607447	11.35078725	11.43234341	11.30639516	11.12717180	10.98561328	10.86162055	10.69433853	10.29456586	10.06084207	9.89460982	9.68014123	9.33454998	9.14793629	8.99004349	8.77430911	8.51782997	8.36354645	8.21588995	8.00085780	7.71409014	7.55241894	7.39074302
	6.40317831	6.35378117	6.31162603	6.27299503	6.23385975	6.18912412	6.13019690	6.03434368	5.84281701	5.74392000	6.05535914	6.57393988	7.01273615	7.49907470	7.82676485	8.23350229	8.45576097	8.95666290	9.13081525	9.43175372	9.86483328	10.00274259	10.17480314	10.65174563	10.87142742	10.99707413	11.15309149	11.34896459	11.43441878	11.30767889	11.12508898	10.98195692	10.85707143	10.68837401	10.28699336	10.05523647	9.88864915	9.66855124	9.32637984	9.14180042	8.98382767	8.76135101	8.50974844	8.35687676	8.20853370	7.98618414	7.70465051	7.54510143	7.38207745
	6.40195580	6.35255590	6.31040367	6.27173020	6.23244963	6.18736304	6.12757568	6.02898330	5.83513004	5.74318909	6.07017204	6.60074120	7.02343542	7.50328056	7.84099888	8.23672105	8.46189046	8.96010098	9.13281684	9.43643062	9.86608438	10.00306265	10.17432203	10.64833528	10.87109113	10.99639770	11.15155238	11.34658262	11.43331202	11.30653771	11.12219883	10.97837144	10.85264199	10.68179745	10.27922984	10.05018220	9.88348632	9.65587008	9.31955784	9.13661074	8.97814128	8.74888322	8.50180103	8.34982157	8.20007319	7.96711945	7.69398847	7.53623013	7.37094323
	6.40170841	6.35186059	6.30948313	6.27067038	6.23120089	6.18568157	6.12463081	6.02203450	5.82379543	5.74695532	6.09533921	6.63672835	7.04112803	7.50986764	7.86562111	8.24122361	8.46993402	8.96362767	9.13382952	9.43663594	9.86521956	10.00071278	10.16838928	10.63913836	10.86747291	10.99253783	11.14646278	11.34276205	11.43390601	11.30480347	11.11494787	10.96849663	10.84074342	10.66512199	10.26068880	10.03745228	9.87017893	9.62436853	9.30279385	9.12409290	8.96484155	8.72112767	8.48364186	8.33377546	8.18111710	7.92413009	7.67170380	7.51754800	7.34703977
	6.39977757	6.35006151	6.30775345	6.26890563	6.22923007	6.18319261	6.12082640	6.01216745	5.81427112	5.74828941	6.11203211	6.65904471	7.06050071	7.51616501	7.89126017	8.24630871	8.48080917	8.96922511	9.13785068	9.44648680	9.86824990	10.00242620	10.16970395	10.63851291	10.86790465	10.99269466	11.14568508	11.34062565	11.43189965	11.30278487	11.11206128	10.96529539	10.83663501	10.65824814	10.25326316	10.03291765	9.86548485	9.61169763	9.29659776	9.11939109	8.95944650	8.70948071	8.47586550	8.32646944	8.17187214	7.90364210	7.66087908	7.50794303	7.33414332
	6.40018932	6.35001105	6.30748083	6.26853447	6.22877931	6.18254903	6.11948559	6.00763419	5.80843327	5.75425967	6.12725144	6.67567693	7.07304301	7.52059805	7.90709305	8.24875845	8.48432582	8.96998245	9.13707450	9.44185586	9.86560611	9.99925882	10.16212190	10.61606500	10.86286253	10.98787547	11.13833125	11.33185933	11.42833265	11.30242594	11.10865816	10.95971459	10.82954764	10.64674790	10.24207781	10.02463057	9.85652214	9.59096987	9.28566496	9.11107079	8.95069799	8.69235776	8.46401337	8.31576130	8.15918470	7.87840402	7.64710455	7.49600892	7.31844903
	6.39986982	6.34942042	6.30675807	6.26772262	6.22782503	6.18125558	6.11716927	5.99942087	5.80213996	5.76059540	6.13999112	6.68796570	7.08532635	7.52410827	7.92173520	8.25037044	8.48686813	8.97002193	9.13603076	9.43719890	9.86305643	9.99643903	10.15570741	10.59792971	10.85868595	10.98388337	11.13192655	11.32333194	11.42295474	11.30001658	11.10426431	10.95377754	10.82223557	10.62825131	10.23088377	10.01634703	9.84742027	9.57074945	9.27485463	9.10267555	8.94147678	8.67506120	8.45216627	8.30480972	8.14570268	7.85438404	7.63343594	7.48357284	7.30130002
	6.39984266	6.34903960	6.30619994	6.26705673	6.22701938	6.18013502	6.11508393	5.99183545	5.79647497	5.76751936	6.15175921	6.69875732	7.09470400	7.52657029	7.93138258	8.25078908	8.48654413	8.96837255	9.13348661	9.42868420	9.85905112	9.99257342	10.14777302	10.57457669	10.85367788	10.97933609	11.12475694	11.31385678	11.41715976	11.29778560	11.09969745	10.94727793	10.81421406	10.60544321	10.21873754	10.00706369	9.83706628	9.54856978	9.26279616	9.09322819	8.93108988	8.65609015	8.43912778	8.29277238	8.13090454	7.82901852	7.61880211	7.47019292	7.28323934
	6.39912952	6.34845195	6.30567555	6.26653606	6.22643501	6.17938153	6.11389223	5.98776543	5.79417314	5.76859702	6.15492234	6.70318156	7.10068856	7.52837820	7.93956322	8.25232276	8.48965513	8.97019474	9.13486444	9.43163363	9.86017820	9.99332690	10.14862209	10.57560543	10.85384196	10.97961192	11.12512082	11.31397509	11.41626086	11.29613650	11.09856956	10.94656800	10.81346477	10.60225726	10.21751782	10.00648885	9.83647495	9.54732101	9.26215599	9.09273079	8.93035240	8.65469788	8.43808531	8.29160120	8.12909192	7.82646241	7.61714437	7.46835482	7.27791841
	6.39764320	6.34686829	6.30405265	6.26481683	6.22443472	6.17664836	6.10893469	5.96906157	5.78338121	5.78255842	6.17547593	6.72363842	7.12886815	7.53513534	7.96422978	8.25586057	8.49620890	8.97204845	9.13500531	9.42904661	9.85825090	9.99116003	10.14250368	10.55400300	10.84966424	10.97647725	11.11927203	11.30522607	11.40975688	11.29249386	11.09339525	10.93938466	10.80390194	10.57039820	10.20165848	9.99488794	9.82322944	9.52002682	9.24706721	9.08070083	8.91631699	8.62991025	8.42069362	8.27481756	8.10700570	7.79353847	7.59725607	7.44899290	7.22956104
	6.39757423	6.34661380	6.30371832	6.26443348	6.22397099	6.17595267	6.10740118	5.96214046	5.77960896	5.79059976	6.18466228	6.73177161	7.13899261	7.53728791	7.97011349	8.25620300	8.49598423	8.97098966	9.13329122	9.42333943	9.85563628	9.98901059	10.13783571	10.53997459	10.84743531	10.97499439	11.11580143	11.29981097	11.40742302	11.29348706	11.09220116	10.93630542	10.79921602	10.55499321	10.19341824	9.98837166	9.81556385	9.50497841	9.23854212	9.07382189	8.90834672	8.61645010	8.41128009	8.26584672	8.09532319	7.77726057	7.58736494	7.43944273	7.20001395
	6.39591659	6.34494585	6.30210004	6.26276167	6.22204328	6.17327888	6.10230935	5.94348786	5.77098321	5.80938917	6.20373290	6.75053116	7.17242353	7.54495759	7.99637824	8.26039476	8.50230901	8.97328381	9.13360368	9.41802770	9.85288889	9.98633054	10.13031353	10.51107314	10.84074047	10.97023323	11.10820053	11.28729948	11.39510533	11.28476539	11.08530028	10.92955352	10.79095989	10.52958485	10.18045980	9.97915655	9.80502335	9.48519314	9.22730138	9.06470765	8.89734079	8.59851009	8.39811179	8.25243886	8.07640114	7.75405544	7.57234261	7.42362046	7.15745396
	6.39490174	6.34374723	6.30087332	6.26147361	6.22051328	6.17101492	6.09745673	5.92638404	5.76407046	5.83304649	6.22217107	6.76436712	7.20128425	7.54967494	8.00539223	8.26125449	8.50261817	8.97169040	9.13094308	9.40793866	9.84826899	9.98316815	10.12315015	10.48750292	10.83679753	10.96784376	11.10317259	11.27904283	11.38987062	11.28281558	11.08237974	10.92359908	10.78166033	10.50052094	10.16400478	9.96636557	9.78943856	9.45704202	9.21067645	9.05064021	8.87988780	8.57165301	8.37860366	8.23281152	8.04893255	7.72351010	7.55209212	7.40231946	7.10906818
	6.39388786	6.34268418	6.29982751	6.26039489	6.21925574	6.16917720	6.09350418	5.91245149	5.75911483	5.85370010	6.23714042	6.77718817	7.22945096	7.55571369	8.02226265	8.26448567	8.50695704	8.97327204	9.13115623	9.40335239	9.84541729	9.98128720	10.11799842	10.46672395	10.83135206	10.96473753	11.09779388	11.26888019	11.37965816	11.27730088	11.07779333	10.91811337	10.77388423	10.47828412	10.15281914	9.95859071	9.77992531	9.44087943	9.20134350	9.04279566	8.86980366	8.55657317	8.36717678	8.22080395	8.03145604	7.70593426	7.53980310	7.38873900	7.08201171
	6.39251866	6.34121729	6.29835077	6.25885971	6.21746026	6.16656339	6.08776601	5.89513593	5.75482955	5.88632519	6.25566379	6.79017394	7.25633892	7.56132081	8.02914873	8.26622658	8.50812288	8.97239980	9.12959809	9.39301602	9.83940908	9.97822078	10.11073675	10.43689232	10.82269879	10.96008486	11.09042408	11.25445484	11.36376429	11.26655595	11.07086297	10.91096778	10.76358268	10.45043647	10.13854492	9.94837987	9.76680203	9.41964630	9.18865274	9.03174832	8.85523991	8.53576758	8.35102153	8.20345769	8.00212003	7.68224724	7.52247088	7.36887587	7.04803032
	6.39249658	6.34094384	6.29797161	6.25842021	6.21691636	6.16565795	6.08526640	5.88710110	5.75425980	5.90827324	6.26568086	6.79597385	7.26471037	7.56297600	8.03070247	8.26540599	8.50333303	8.96905648	9.12605929	9.38006574	9.83276136	9.97448885	10.10370548	10.41243326	10.81601572	10.95676366	11.08454145	11.24291879	11.35246991	11.26179880	11.06715296	10.90609282	10.75624144	10.43167862	10.12839933	9.94068496	9.75679422	9.40423241	9.17925275	9.02350941	8.84455472	8.52123920	8.33982751	8.19164507	7.97683803	7.66737504	7.51146510	7.35631112	7.02912933
	6.39023452	6.33885970	6.29597266	6.25633238	6.21441970	6.16198849	6.07736912	5.86781252	5.75083861	5.94847738	6.28442700	6.80820573	7.28966247	7.56957748	8.04290387	8.26900187	8.50959887	8.97190402	9.12770008	9.37877981	9.83141201	9.97437028	10.10158978	10.39928917	10.81106353	10.95498428	11.08080636	11.23225287	11.33616358	11.24783012	11.05695366	10.89696647	10.74437518	10.40622380	10.11601170	9.93203697	9.74521865	9.38791045	9.16955530	9.01475207	8.83193486	8.50511476	8.32682276	8.17663017	7.93563542	7.64923621	7.49680996	7.33757166	7.00407712
	6.39015466	6.33852688	6.29553201	6.25581416	6.21374513	6.16075742	6.07349290	5.85792647	5.75234891	5.98116055	6.29800106	6.81359392	7.29210167	7.57045640	8.04194750	8.26723135	8.50365783	8.96748438	9.12397495	9.36655204	9.82457401	9.97167402	10.09686381	10.38125534	10.80510592	10.95297299	11.07707657	11.22300092	11.32531800	11.24154306	11.05335464	10.89203108	10.73594168	10.38626772	10.10497149	9.92331292	9.73251220	9.36977774	9.15799193	9.00394731	8.81671912	8.48634939	8.31188755	8.16004981	7.89314073	7.63107983	7.48253225	7.32021404	6.98370742
	6.39118392	6.33914695	6.29596311	6.25619213	6.21415746	6.16119059	6.07344745	5.85556783	5.75502828	5.99879660	6.30179990	6.81392061	7.28881645	7.56733620	8.03247346	8.26250847	8.48855900	8.95711177	9.11673423	9.34537158	9.80893187	9.96442179	10.08818119	10.35182577	10.78928905	10.94667164	11.06977902	11.20772474	11.30518636	11.22964524	11.04584349	10.88376056	10.72411300	10.36495891	10.09473582	9.91578306	9.72144935	9.35617174	9.14940168	8.99582096	8.80420914	8.47396293	8.30214356	8.14946166	7.87043928	7.62118807	7.47498744	7.31141665	6.97513245
	6.38995236	6.33804787	6.29492573	6.25511357	6.21287356	6.15924681	6.06883364	5.84607924	5.75530290	6.01906514	6.31376255	6.82050061	7.29959174	7.57145245	8.03891480	8.26481165	8.49245690	8.95916161	9.11832022	9.34555606	9.80851795	9.96482425	10.08782127	10.34547214	10.78556928	10.94498616	11.06720137	11.20140934	11.29551892	11.22216681	11.04174567	10.88015662	10.71868197	10.35499635	10.09040326	9.91299367	9.71707532	9.35055099	9.14600741	8.99248188	8.79854182	8.46753014	8.29658524	8.14248077	7.85405752	7.61379419	7.46855830	7.30263673	6.96576593
	6.38826449	6.33657136	6.29357115	6.25374575	6.21126825	6.15681214	6.06289683	5.83442880	5.75638653	6.03939311	6.32803409	6.82781840	7.31124547	7.57547034	8.04377162	8.26658304	8.49443687	8.95927407	9.11906233	9.34329496	9.80463084	9.96420847	10.08737099	10.33704420	10.77751993	10.94162892	11.06407741	11.19378185	11.28256464	11.21038828	11.03447488	10.87330252	10.70847675	10.33850601	10.08230743	9.90691071	9.70759604	9.33991307	9.13907424	8.98541263	8.77895467	8.45619544	8.28696764	8.13059730	7.83078704	7.60293240	7.45909254	7.28950080	6.95404032
	6.38604545	6.33462067	6.29176284	6.25190617	6.20910158	6.15347543	6.05439716	5.81945269	5.75923924	6.06187616	6.34999070	6.83830029	7.32526652	7.58188706	8.05136372	8.26966035	8.49900930	8.96045520	9.12067678	9.34189968	9.80058963	9.96369848	10.08683372	10.32720482	10.76781540	10.93780029	11.06022544	11.18435165	11.26766455	11.19872859	11.02756007	10.86602780	10.69670296	10.32010489	10.07323878	9.90005544	9.69652055	9.32762461	9.13088826	8.97694945	8.75438702	8.44256291	8.27519964	8.11578420	7.80356318	7.58973746	7.44726920	7.26928343	6.93981977
	6.38722323	6.33538079	6.29235741	6.25251161	6.20986998	6.15446535	6.05499659	5.81849814	5.76467867	6.07157774	6.35682750	6.84042083	7.32442010	7.58064716	8.04489501	8.26653033	8.48680096	8.95156162	9.11471584	9.32425573	9.78489220	9.95695742	10.07982044	10.30447592	10.74945425	10.93006990	11.05388772	11.17330650	11.25376461	11.19085162	11.02367010	10.85982648	10.68525940	10.30364377	10.06425229	9.89271786	9.68495629	9.31590043	9.12289181	8.96926245	8.73476217	8.43251046	8.26692592	8.10654020	7.79004340	7.58329668	7.44224941	7.25953361	6.93655501
	6.38662348	6.33479157	6.29178590	6.25192780	6.20919752	6.15338803	6.05176405	5.81255990	5.76754687	6.08199605	6.36721088	6.84521324	7.33084065	7.58314449	8.04734136	8.26745674	8.48688908	8.95067771	9.11453931	9.32147909	9.78056705	9.95581441	10.07905556	10.29885570	10.74253464	10.92752832	11.05200392	11.16890592	11.24659898	11.18532906	11.02014879	10.85527221	10.67716732	10.29299561	10.05860259	9.88814033	9.67511637	9.30900638	9.11815468	8.96449116	8.72197590	8.42587976	8.26114419	8.09934335	7.77902452	7.57772794	7.43719537	7.24596955	6.93132648
	6.38570457	6.33390326	6.29093604	6.25107085	6.20821022	6.15170059	6.04624224	5.80405839	5.77352204	6.09631683	6.38534568	6.85206844	7.33840236	7.58668115	8.04994026	8.26861219	8.48655877	8.94926867	9.11448648	9.31746573	9.77485179	9.95478042	10.07882367	10.29184576	10.73309580	10.92400305	11.04926554	11.16261257	11.23582263	11.17641676	11.01459442	10.84814243	10.66424183	10.27717819	10.05018861	9.88125207	9.65804196	9.29845757	9.11073202	8.95678544	8.70158486	8.41509140	8.25160903	8.08719355	7.76189270	7.56880966	7.42897136	7.21959268	6.92342547
	6.38659909	6.33452610	6.29144267	6.25157561	6.20882737	6.15255144	6.04739672	5.80466074	5.77604926	6.09888318	6.38515851	6.85142338	7.33522959	7.58475588	8.04492805	8.26659261	8.48024957	8.94442194	9.11200951	9.31106305	9.76800378	9.95279878	10.07813135	10.28741921	10.72689811	10.92213884	11.04853214	11.16033649	11.23139839	11.17296829	11.01209453	10.84380535	10.65640650	10.26806453	10.04512458	9.87692617	9.64559944	9.29232921	9.10638086	8.95244852	8.69136229	8.40966461	8.24710036	8.08206104	7.75522302	7.56557063	7.42648559	7.21259518	6.92198845
	6.38779106	6.33539948	6.29218313	6.25232372	6.20974670	6.15389571	6.04982641	5.80759359	5.77820344	6.09875581	6.38187888	6.84881549	7.32813509	7.58093484	8.03651902	8.26288892	8.47155643	8.93740833	9.10819198	9.30363742	9.76033893	9.95038731	10.07756446	10.28472605	10.72257258	10.92124011	11.04867215	11.15962997	11.22930097	11.17175958	11.01166145	10.84127978	10.64881841	10.26083120	10.04060538	9.87272766	9.63347299	9.28603940	9.10157538	8.94745587	8.67999434	8.40372656	8.24235489	8.07689170	7.74894651	7.56256839	7.42442617	7.20864225	6.92145198
	6.38716308	6.33478701	6.29159721	6.25172311	6.20903837	6.15261108	6.04531426	5.80089465	5.78355408	6.10857859	6.39612173	6.85406916	7.33454095	7.58427297	8.04014387	8.26483043	8.47331827	8.93796219	9.10973187	9.30399207	9.75837389	9.95109721	10.07969579	10.28447450	10.71782236	10.91975053	11.04795483	11.15660564	11.22273045	11.16555444	11.00687085	10.83434525	10.62901108	10.24832817	10.03358124	9.86653379	9.61549549	9.27768442	9.09549198	8.94081071	8.66390750	8.39488602	8.23432664	8.06622669	7.73604831	7.55550983	7.41769895	7.18906676	6.91534725
	6.38587918	6.33366866	6.29057979	6.25070951	6.20785804	6.15064472	6.03935554	5.79236557	5.78916645	6.11988117	6.41430815	6.86135329	7.34480042	7.58951820	8.04711366	8.26797104	8.47786543	8.94034174	9.11200290	9.30614321	9.75786246	9.95173588	10.08111591	10.28373371	10.71280527	10.91726215	11.04605786	11.15278627	11.21605850	11.15912513	11.00221037	10.82854061	10.61038182	10.23792289	10.02758140	9.86115341	9.60019699	9.27035117	9.08999987	8.93456054	8.64895536	8.38660735	8.22664573	8.05564427	7.72364196	7.54854174	7.41083164	7.16890276	6.90874859
	6.38497286	6.33276384	6.28970549	6.24984554	6.20691053	6.14899039	6.03336725	5.78425949	5.79851395	6.13201612	6.43404679	6.86779347	7.35155579	7.59308280	8.04874441	8.26873782	8.47734919	8.93725126	9.11136890	9.30367291	9.75025898	9.94899770	10.08100736	10.27964248	10.70010731	10.91087474	11.04152798	11.14522750	11.20414941	11.14885974	10.99389341	10.81687985	10.57124042	10.22040810	10.01737273	9.85171750	9.57626873	9.25885466	9.08124793	8.92458682	8.62750892	8.37475375	8.21581508	8.04101699	7.70824711	7.53991653	7.40266319	7.14819642	6.90200608
	6.38396785	6.33182913	6.28882061	6.24895402	6.20589519	6.14719367	6.02662618	5.77802081	5.80670850	6.14040037	6.45153406	6.87279212	7.35684333	7.59630479	8.05072255	8.26996827	8.47824130	8.93611284	9.11182772	9.30315474	9.74583615	9.94753848	10.08147689	10.27749548	10.69055597	10.90545672	11.03761881	11.13948430	11.19501078	11.13978726	10.98609756	10.80693720	10.54255629	10.20795656	10.01022580	9.84494044	9.56003992	9.25144756	9.07575866	8.91822171	8.61442951	8.36757534	8.20906648	8.03140205	7.69882450	7.53439627	7.39711102	7.13483664	6.89722723
	6.38208828	6.33017467	6.28730038	6.24744504	6.20416993	6.14414944	6.01435645	5.76940830	5.81865164	6.15095645	6.47583374	6.87937332	7.36382682	7.60101532	8.05417578	8.27175236	8.48104991	8.93510422	9.11261585	9.30436434	9.74166851	9.94570708	10.08260331	10.27762539	10.68137079	10.89880143	11.03225409	11.13194349	11.18294264	11.12604490	10.97226049	10.78886414	10.49942988	10.18814951	9.99783432	9.83254000	9.53401545	9.23935044	9.06659310	8.90749053	8.59459287	8.35664233	8.19874031	8.01633649	7.68557130	7.52641451	7.38896773	7.11664119	6.89054903
	6.38227384	6.32993426	6.28692486	6.24713201	6.20402330	6.14360816	6.00933596	5.76392553	5.83567732	6.16140510	6.49082222	6.88294765	7.36559970	7.60212668	8.04866818	8.26881101	8.47263806	8.92235706	9.10525672	9.29237139	9.71849475	9.93184502	10.07303417	10.26127977	10.64324150	10.87508848	11.01280475	11.11035003	11.15663506	11.10019665	10.94725406	10.75517016	10.43135826	10.15438362	9.97480542	9.80918568	9.49214875	9.21892577	9.05081022	8.88982606	8.56628651	8.34104093	8.18461736	7.99441507	7.67072916	7.51822538	7.38185780	7.10341494	6.88698130
	6.38299696	6.33026356	6.28710192	6.24733496	6.20440437	6.14410286	6.00826381	5.76289326	5.84391533	6.16538601	6.49692769	6.88410215	7.36575889	7.60255351	8.04548804	8.26714533	8.46855784	8.91574825	9.10119247	9.28613003	9.70716860	9.92439993	10.06681913	10.25163808	10.61989101	10.86229218	11.00159892	11.09858436	11.14345686	11.08724533	10.93399501	10.73727958	10.40179081	10.13809593	9.96257317	9.79648354	9.47188217	9.20831081	9.04242684	8.88052386	8.55243524	8.33312762	8.17757631	7.97810909	7.66383973	7.51443756	7.37887630	7.09877729	6.88580931
	6.38194721	6.32921979	6.28609411	6.24633424	6.20326200	6.14169060	5.99302672	5.75722338	5.85959209	6.17438385	6.52492390	6.89227489	7.37599442	7.61009542	8.05378095	8.27175440	8.47553001	8.91922386	9.10390816	9.28925153	9.70637117	9.92276264	10.06521188	10.24761289	10.60204374	10.85263881	10.99198293	11.08726235	11.12965255	11.07264334	10.91922629	10.71832830	10.37462213	10.12373000	9.95209470	9.78536874	9.45464274	9.19974934	9.03587018	8.87260406	8.54044780	8.32609919	8.17056288	7.95415110	7.65600888	7.50943604	7.37362377	7.08853472	6.88181550
	6.38297385	6.32967997	6.28633814	6.24661058	6.20378853	6.14231001	5.99074171	5.75624636	5.87218680	6.17827784	6.53002072	6.89208187	7.37389146	7.60913017	8.04660633	8.26801702	8.46871337	8.90846860	9.09675765	9.28015987	9.68733930	9.91159307	10.05505048	10.23458062	10.57211380	10.83666596	10.97664330	11.07060649	11.11125657	11.05238312	10.89531405	10.68526901	10.33250909	10.09789103	9.93079285	9.76217045	9.42298827	9.18214675	9.02166341	8.85651249	8.51879698	8.31340380	8.15926921	7.92411990	7.64570710	7.50355586	7.36884147	7.08146768	6.87998758
	6.38313296	6.32943196	6.28597145	6.24630282	6.20363703	6.14165340	5.98174327	5.75436131	5.88790548	6.18311143	6.53705305	6.89228152	7.37283055	7.60870420	8.04036152	8.26390103	8.46172769	8.89736651	9.08819745	9.26907025	9.66746696	9.89904046	10.04298544	10.22028768	10.54788819	10.82236589	10.96137434	11.05334375	11.09066167	11.02670567	10.86261995	10.63161098	10.28133422	10.06369693	9.90136048	9.72917570	9.38184523	9.15860782	9.00246189	8.83439493	8.49173457	8.29732286	8.14475613	7.88952883	7.63347007	7.49638390	7.36282294	7.07272725	6.87759184
	6.38180099	6.32821523	6.28485270	6.24520040	6.20232536	6.13879311	5.96339974	5.74987096	5.90470869	6.19067926	6.56231337	6.89972421	7.38228780	7.61493866	8.04750697	8.26706836	8.46603809	8.89975203	9.08886119	9.26860203	9.66222475	9.89564634	10.03865911	10.21252681	10.52877564	10.81198910	10.95145687	11.04198535	11.07687955	11.01138583	10.84634467	10.60064736	10.26313332	10.05203035	9.89135294	9.71708080	9.36812149	9.15118611	8.99651575	8.82645448	8.48241070	8.29176035	8.13910960	7.87524268	7.62819568	7.49283086	7.35890029	7.06588233	6.87485924
	6.38366146	6.32918281	6.28551410	6.24596120	6.20353374	6.14072822	5.96741962	5.75144133	5.91314147	6.19086268	6.55003524	6.89383598	7.37340613	7.60842215	8.03279675	8.25821081	8.45123790	8.88298442	9.07587200	9.25084780	9.62845745	9.88345159	10.02638603	10.19864910	10.51763760	10.80888816	10.94809928	11.03683664	11.06929449	10.99924675	10.82706357	10.55087536	10.22712953	10.02171177	9.86233698	9.68205543	9.33154789	9.12797491	8.97698853	8.80336979	8.45754106	8.27656218	8.12612147	7.85060699	7.61895051	7.48794818	7.35618933	7.06442351	6.87572668
	6.38249940	6.32812327	6.28453557	6.24501013	6.20242240	6.13828197	5.95049352	5.74834961	5.92574684	6.19569488	6.56815868	6.89837029	7.37879524	7.61176783	8.03703118	8.25985086	8.45350072	8.88493700	9.07659145	9.25097183	9.62934403	9.88370601	10.02583066	10.19673805	10.51397107	10.80702892	10.94619220	11.03369961	11.06450467	10.99335990	10.82078603	10.53800459	10.21817005	10.01435175	9.85533885	9.66994339	9.32255822	9.12232823	8.97216116	8.79363962	8.45017492	8.27161008	8.12097200	7.83974402	7.61435535	7.48457410	7.35244770	7.05824106	6.87303504
	6.38142607	6.32720460	6.28371155	6.24420823	6.20147308	6.13623980	5.93731548	5.74611213	5.93505190	6.19919107	6.58202878	6.90192228	7.38278945	7.61418318	8.04021860	8.26109523	8.45533975	8.88679100	9.07749174	9.25164450	9.63130971	9.88450667	10.02612718	10.19620630	10.51239213	10.80621571	10.94544722	11.03227348	11.06206476	10.99045366	10.81800147	10.53260593	10.21391276	10.01064844	9.85171989	9.66193887	9.31760871	9.11910305	8.96927979	8.78592231	8.44539663	8.26826136	8.11731894	7.83206845	7.61096623	7.48195370	7.34938698	7.05311127	6.87068240
	6.38035838	6.32641537	6.28305156	6.24355226	6.20064485	6.13453020	5.92816711	5.74487959	5.94109138	6.20164959	6.59422777	6.90551743	7.38724772	7.61730757	8.04491872	8.26360421	8.45944970	8.89077922	9.08018292	9.25513353	9.63699653	9.88598582	10.02747334	10.19762082	10.51223272	10.80507736	10.94407717	11.03063012	11.06005067	10.98832218	10.81623678	10.53114303	10.21509184	10.01257541	9.85374527	9.66534032	9.31985119	9.12077663	8.97061317	8.78768616	8.44633892	8.26874832	8.11723617	7.83114943	7.61044110	7.48122772	7.34801068	7.05038504	6.86921670
	6.37972839	6.32583561	6.28252651	6.24305449	6.20007932	6.13323297	5.92084228	5.74390989	5.94846061	6.20382987	6.60011830	6.90726571	7.38858905	7.61772091	8.04464409	8.26289754	8.45805532	8.88956091	9.07884769	9.25284034	9.63298830	9.88491341	10.02621047	10.19534176	10.50893419	10.80413595	10.94356931	11.02990898	11.05874707	10.98663006	10.81438363	10.52648480	10.21027456	10.00802250	9.84919649	9.65468009	9.31357223	9.11646839	8.96668488	8.77630914	8.44057950	8.26484247	8.11326919	7.82380452	7.60714721	7.47880325	7.34538781	7.04653268	6.86747940
	6.37958471	6.32551773	6.28218462	6.24275878	6.19982536	6.13249936	5.91571269	5.74303350	5.95580888	6.20549708	6.60033843	6.90703097	7.38684542	7.61550021	8.03977184	8.25927462	8.45171914	8.88367361	9.07399356	9.24550733	9.62075733	9.88181077	10.02282731	10.18997938	10.50318259	10.80355102	10.94401233	11.03020809	11.05828678	10.98570374	10.81301528	10.52001570	10.20061480	9.99803386	9.83911084	9.63206747	9.30019666	9.10714592	8.95837375	8.75413043	8.42929186	8.25730520	8.10615193	7.81120579	7.60160679	7.47504396	7.34188272	7.04193549	6.86563456
	6.37894735	6.32487426	6.28158757	6.24220766	6.19924284	6.13121747	5.90714181	5.74162792	5.96286278	6.20731551	6.60563687	6.90728805	7.38653452	7.61409437	8.03726315	8.25685688	8.44743226	8.88032419	9.07109761	9.24057027	9.61189546	9.87973951	10.02063677	10.18542224	10.49347126	10.79985248	10.94169597	11.02782908	11.05461698	10.98132092	10.80829162	10.50732388	10.18988754	9.98911041	9.83087763	9.61320840	9.28939126	9.09966115	8.95166666	8.73570182	8.42030138	8.25117723	8.10016832	7.80112066	7.59698051	7.47172113	7.33853086	7.03720443	6.86360969
	6.37788898	6.32388451	6.28068822	6.24136298	6.19830722	6.12914867	5.89485475	5.73997439	5.97295634	6.20997911	6.61286531	6.90829630	7.38690650	7.61294146	8.03499327	8.25432778	8.44296012	8.87699574	9.06804427	9.23519330	9.60208505	9.87738894	10.01820208	10.18015929	10.48132183	10.79490429	10.93841382	11.02441003	11.04949743	10.97509227	10.80147746	10.49009796	10.17639100	9.97829387	9.82104455	9.59024756	9.27641854	9.09068773	8.94356691	8.71283687	8.40944202	8.24374062	8.09277291	7.78886149	7.59131113	7.46755865	7.33417202	7.03107760	6.86093539
	6.37786923	6.32373757	6.28052212	6.24123423	6.19822640	6.12883078	5.89177800	5.73950410	5.97607367	6.21063874	6.61270565	6.90752472	7.38553002	7.61110849	8.03175169	8.25178713	8.43826036	8.87290714	9.06466688	9.22981237	9.59215709	9.87473623	10.01545870	10.17572908	10.47481587	10.79293081	10.93750083	11.02356226	11.04802931	10.97314986	10.79895719	10.48213552	10.16821406	9.97080919	9.81384012	9.57352828	9.26743045	9.08448797	8.93804812	8.69793215	8.40254606	8.23919217	8.08853846	7.78236881	7.58842767	7.46566960	7.33254448	7.02939720	6.86047715
	6.37803918	6.32382180	6.28058012	6.24130545	6.19834060	6.12898801	5.89173860	5.73944666	5.97639858	6.21063612	6.61228689	6.90697115	7.38488950	7.61032955	8.03073739	8.25077885	8.43628048	8.87114275	9.06316685	9.22747614	9.58790951	9.87359879	10.01416377	10.17376397	10.47256449	10.79256087	10.93744262	11.02355514	11.04791883	10.97307946	10.79889572	10.48048968	10.16565503	9.96822069	9.81128008	9.56756437	9.26436525	9.08238429	8.93616333	8.69300955	8.40038698	8.23784368	8.08734845	7.78074941	7.58776829	7.46532689	7.33238522	7.02955326	6.86073341
	6.37788236	6.32368010	6.28045385	6.24118836	6.19820517	6.12862277	5.88952184	5.73929217	5.97798882	6.21106197	6.61401794	6.90695174	7.38489571	7.60988399	8.03055730	8.24997880	8.43478891	8.86980899	9.06193309	9.22553776	9.58385532	9.87239153	10.01284393	10.17156386	10.46825779	10.79082647	10.93602576	11.02210277	11.04603547	10.97118762	10.79718658	10.47593754	10.16212098	9.96538731	9.80861703	9.56164461	9.26119562	9.08023264	8.93408454	8.68774718	8.39801817	8.23627952	8.08575163	7.77848210	7.58671691	7.46456538	7.33158324	7.02860902	6.86034949
	6.37513309	6.32152265	6.27860028	6.23935967	6.19589277	6.12313715	5.86513119	5.73772962	5.99660346	6.21805731	6.63291116	6.91497909	7.39217108	7.61431829	8.03450163	8.25182169	8.43780395	8.87155996	9.06295229	9.22595160	9.57748035	9.86904560	10.01032092	10.16745391	10.45411516	10.78015074	10.92702614	11.01294971	11.03538744	10.95894679	10.78321063	10.45545648	10.15307866	9.95987366	9.80307717	9.54769680	9.25406116	9.07574737	8.92922143	8.67200484	8.39057354	8.23087086	8.07897547	7.76748356	7.58136833	7.45996721	7.32553821	7.02015116	6.85613627
	6.37196394	6.31901053	6.27643181	6.23722543	6.19318223	6.11641305	5.83677963	5.73640292	6.01619725	6.22580172	6.65183975	6.92280115	7.39860043	7.61710777	8.03582358	8.25112740	8.43628199	8.86793649	9.05980417	9.22038018	9.55630716	9.85921736	10.00203700	10.15623045	10.42776999	10.76080440	10.91072560	10.99646268	11.01652698	10.93751648	10.75821318	10.41995138	10.13469351	9.94725153	9.79036780	9.52031015	9.24014691	9.06668261	8.91976970	8.64670328	8.37880418	8.22257734	8.06910097	7.75298490	7.57432955	7.45407698	7.31803085	7.01029823	6.85132692
	6.37045232	6.31777121	6.27534801	6.23616894	6.19184537	6.11285531	5.82271104	5.73611341	6.02411818	6.22921943	6.65823146	6.92498854	7.39952883	7.61596430	8.03284808	8.24788941	8.43041930	8.86061455	9.05411013	9.21170244	9.53230631	9.84883771	9.99302325	10.14449706	10.40442397	10.74430229	10.89703381	10.98278042	11.00101391	10.91999706	10.73738481	10.39029338	10.11738736	9.93453566	9.77766227	9.49493121	9.22714206	9.05799796	8.91106263	8.62626138	8.36932164	8.21607576	8.06190048	7.74345018	7.56971585	7.45042072	7.31370699	7.00519406	6.84895430
	6.36914334	6.31679316	6.27451705	6.23532243	6.19070386	6.10996417	5.81353468	5.73639217	6.02904245	6.23257466	6.66539659	6.92974874	7.40362802	7.61918336	8.03702620	8.24972503	8.43368998	8.86337792	9.05556367	9.21373120	9.53550177	9.84927388	9.99324161	10.14490155	10.40439277	10.74345171	10.89591621	10.98146212	10.99922322	10.91774240	10.73504681	10.38780467	10.11686378	9.93453070	9.77750094	9.49328183	9.22634350	9.05746395	8.91004947	8.62212464	8.36751945	8.21460277	8.05955620	7.73984329	7.56788884	7.44863661	7.31101675	7.00162440	6.84699236
	6.36702078	6.31503332	6.27296443	6.23378019	6.18863467	6.10368087	5.79427091	5.73752057	6.03874520	6.23834867	6.67442441	6.93395769	7.40534925	7.61832563	8.03380559	8.24614957	8.42680941	8.85531057	9.04917215	9.20353265	9.50609973	9.83684706	9.98240239	10.13030395	10.37395574	10.72162401	10.87826903	10.96420582	10.97962083	10.89549889	10.70894357	10.35304643	10.09616991	9.91913639	9.76173495	9.46236107	9.21002210	9.04631327	8.89840552	8.59584222	8.35477485	8.20545364	8.04897106	7.72695193	7.56137743	7.44328187	7.30460135	6.99487804	6.84369200
	6.36663187	6.31474799	6.27272032	6.23352355	6.18827076	6.10269993	5.79144962	5.73769917	6.04027746	6.23948876	6.67670031	6.93562509	7.40672573	7.61945001	8.03506819	8.24673920	8.42780509	8.85592190	9.04940210	9.20391512	9.50608490	9.83651480	9.98195146	10.12979894	10.37293982	10.72081841	10.87737171	10.96318275	10.97848806	10.89443330	10.70808697	10.35240538	10.09633464	9.91951694	9.76212466	9.46259503	9.21031413	9.04653361	8.89840927	8.59530621	8.35469225	8.20535132	8.04854787	7.72630150	7.56105783	7.44289184	7.30386697	6.99395568	6.84315777
	6.36437986	6.31300871	6.27122487	6.23200975	6.18611302	6.09583584	5.77429284	5.73998302	6.04963569	6.24597071	6.68769001	6.94275142	7.41219282	7.62277341	8.03885034	8.24751776	8.42878014	8.85680988	9.04882835	9.20254617	9.50171639	9.83376603	9.97923132	10.12633120	10.36642108	10.71551502	10.87259541	10.95805880	10.97165843	10.88531367	10.69702933	10.33967199	10.08819217	9.91285575	9.75416556	9.44799015	9.20227920	9.04077518	8.89144225	8.58077748	8.34739539	8.19958097	8.04074477	7.71774771	7.55651559	7.43874562	7.29831766	6.98816024	6.84010823
	6.36214301	6.31120434	6.26965838	6.23046214	6.18397900	6.08898120	5.75627016	5.74191465	6.05888347	6.25193473	6.69735997	6.94779577	7.41573549	7.62354021	8.03994265	8.24635692	8.42596763	8.85500021	9.04664516	9.19810326	9.48926855	9.82833438	9.97473420	10.11999837	10.35280005	10.70384811	10.86341906	10.94934127	10.96124295	10.87220228	10.68130453	10.31992288	10.07495117	9.90196592	9.74161303	9.42536519	9.18950204	9.03175050	8.88146348	8.56022577	8.33656409	8.19126887	8.03058404	7.70655928	7.55050574	7.43359867	7.29211846	6.98190013	6.83696654
	6.36108277	6.31032581	6.26888840	6.22970766	6.18294219	6.08558041	5.74815709	5.74277962	6.06291716	6.25468206	6.70133981	6.94978733	7.41691417	7.62333759	8.04035602	8.24574180	8.42437462	8.85473069	9.04628956	9.19646864	9.48338815	9.82614997	9.97337282	10.11766208	10.34617366	10.69679390	10.85833024	10.94500652	10.95663174	10.86673584	10.67511156	10.31216757	10.06963147	9.89751339	9.73610526	9.41530088	9.18346294	9.02745042	8.87672888	8.55045199	8.33099495	8.18690107	8.02536042	7.70095815	7.54734509	7.43088297	7.28897982	6.97878486	6.83537314
	6.35902227	6.30882439	6.26759782	6.22831974	6.18073372	6.07785201	5.73518656	5.74650770	6.07148123	6.26235190	6.71210860	6.96004809	7.42383912	7.62970317	8.04705688	8.24882199	8.43017149	8.85933548	9.04821396	9.19917841	9.48842149	9.82694407	9.97335322	10.11809490	10.34807892	10.69861506	10.85885944	10.94454973	10.95532477	10.86478667	10.67293691	10.31161868	10.07027825	9.89816211	9.73572828	9.41300415	9.18231240	9.02631071	8.87387016	8.54452693	8.32837239	8.18431883	8.02028702	7.69628628	7.54476620	7.42796565	7.28408575	6.97392693	6.83248263
	6.35788863	6.30789192	6.26677515	6.22748012	6.17942192	6.07248961	5.72737420	5.74881190	6.07594545	6.26605465	6.71546913	6.96232292	7.42414081	7.62864180	8.04443957	8.24579390	8.42493194	8.85367156	9.04322495	9.19161837	9.47250129	9.81927311	9.96650419	10.10948331	10.33436356	10.68901124	10.85102703	10.93649225	10.94571373	10.85316405	10.65771610	10.29191008	10.05638547	9.88654594	9.72260236	9.39213683	9.17046218	9.01757870	8.86410125	8.52808833	8.31952027	8.17730686	8.01077576	7.68821961	7.54019432	7.42394199	7.27643138	6.96952697	6.82998991
	6.35639387	6.30675907	6.26579187	6.22643764	6.17780089	6.06680569	5.71804782	5.75101337	6.08157909	6.27124044	6.72234305	6.96854803	7.42813054	7.63183432	8.04826918	8.24738705	8.42761796	8.85637113	9.04451089	9.19288634	9.47271886	9.81870411	9.96603638	10.10904054	10.33318164	10.68666228	10.84899873	10.93441883	10.94341020	10.85060224	10.65468239	10.28979822	10.05563278	9.88602283	9.72105765	9.38843894	9.16817802	9.01569821	8.86098522	8.52172551	8.31596569	8.17405083	8.00546011	7.68330414	7.53723188	7.42088188	7.27036960	6.96496705	6.82720152
	6.35499951	6.30571783	6.26488273	6.22545667	6.17622577	6.06107433	5.70960418	5.75340617	6.08680575	6.27616488	6.72861731	6.97447099	7.43155473	7.63469715	8.05109505	8.24845998	8.42973938	8.85778967	9.04497883	9.19332487	9.47107459	9.81656428	9.96414758	10.10682840	10.32881029	10.68057654	10.84349229	10.92906054	10.93827584	10.84581740	10.65055839	10.28805783	10.05539690	9.88624460	9.72059753	9.38711705	9.16733300	9.01477483	8.85878395	8.51736044	8.31361030	8.17169447	8.00010133	7.67950871	7.53487920	7.41827856	7.26597022	6.96081514	6.82458812
	6.35296667	6.30414017	6.26349971	6.22397966	6.17368570	6.05010461	5.69689852	5.75856447	6.09509090	6.28414954	6.73621655	6.98134584	7.43424861	7.63587707	8.05230549	8.24765136	8.42872970	8.85761530	9.04423315	9.19119989	9.46405450	9.81320219	9.96164545	10.10322477	10.32021162	10.67050332	10.83587316	10.92228212	10.93175840	10.83927362	10.64108782	10.28230891	10.05087177	9.88210404	9.71427497	9.37548025	9.15975618	9.00855562	8.85005022	8.50232336	8.30473756	8.16379187	7.98007198	7.66990187	7.52895431	7.41250147	7.24942659	6.95374777	6.82026484
	6.35166170	6.30317735	6.26265593	6.22303194	6.17194129	6.04241185	5.68980902	5.76249127	6.10054939	6.29029874	6.74200673	6.98807149	7.43747697	7.63876635	8.05469073	8.24838936	8.43041418	8.85836827	9.04399497	9.19074473	9.46195584	9.81112225	9.95951112	10.10088664	10.31673019	10.66688630	10.83236680	10.91853712	10.92740743	10.83419620	10.63260746	10.27802126	10.04836412	9.88002581	9.71105532	9.37019564	9.15660965	9.00581032	8.84562021	8.49557573	8.30111317	8.16031437	7.96884775	7.66544822	7.52621950	7.40953621	7.23717766	6.94973823	6.81769156
	6.35001716	6.30206181	6.26167242	6.22181117	6.16947233	6.03106869	5.68278668	5.76807060	6.10752389	6.30036348	6.75149836	7.00156879	7.44494270	7.64707354	8.06240976	8.25323902	8.43905995	8.86361248	9.04666203	9.19498092	9.46652235	9.80952782	9.95727849	10.09958998	10.31647475	10.66416411	10.82822398	10.91370272	10.92125785	10.82694663	10.62024494	10.27674838	10.05073597	9.88311717	9.71373290	9.37466313	9.15973203	9.00753892	8.84524233	8.49618482	8.30214637	8.16013484	7.96221855	7.66367951	7.52489515	7.40707806	7.22336513	6.94487938	6.81412833
	6.34811705	6.30076739	6.26053981	6.22041139	6.16648614	6.01549074	5.67340446	5.77543779	6.11646194	6.31285931	6.76242358	7.01616924	7.45224702	7.65441201	8.06846848	8.25650785	8.44511349	8.86630409	9.04739371	9.19628507	9.46495162	9.80499735	9.95261968	10.09491150	10.30944369	10.65415865	10.81928590	10.90486913	10.91149558	10.81644680	10.60338182	10.27292354	10.05085852	9.88386929	9.71288816	9.37414152	9.15962259	9.00655640	8.84119916	8.49179799	8.30012049	8.15718773	7.94705263	7.65917399	7.52184802	7.40297687	7.20494834	6.93850027	6.80961895
	6.34702603	6.30002192	6.25988506	6.21956702	6.16435547	5.99546923	5.66787971	5.78167181	6.12262699	6.32247965	6.76880774	7.02539270	7.45575533	7.65750141	8.07033590	8.25702157	8.44599838	8.86572823	9.04618194	9.19422976	9.45845930	9.80006329	9.94796153	10.08932848	10.29983058	10.63921220	10.81048786	10.89667533	10.90281443	10.80749071	10.58944255	10.26685952	10.04748687	9.88095735	9.70821787	9.36746262	9.15563734	9.00294678	8.83528544	8.48418942	8.29585220	8.15279720	7.93176063	7.65409111	7.51849490	7.39913608	7.19163250	6.93372627	6.80623413
	6.34591609	6.29918533	6.25916682	6.21876087	6.16261319	5.97837123	5.66191996	5.78609777	6.12722380	6.32767050	6.77185862	7.02707947	7.45534650	7.65534737	8.06731515	8.25397728	8.44125999	8.86162503	9.04306884	9.18968175	9.44836085	9.79496563	9.94450057	10.08545520	10.29306850	10.63110659	10.80519099	10.89299362	10.89853436	10.80223881	10.58015223	10.26017692	10.04187077	9.87534145	9.69968174	9.35464077	9.14701586	8.99546689	8.82462568	8.46989638	8.28690767	8.14448406	7.90931753	7.64565574	7.51292993	7.39362985	7.17528892	6.92804135	6.80257745
	6.34464077	6.29827945	6.25833671	6.21770170	6.16023068	5.95441695	5.65796941	5.79154259	6.13239454	6.33770407	6.77801805	7.03814832	7.45948238	7.66021226	8.07199151	8.25699961	8.44662339	8.86639726	9.04634535	9.19346008	9.45226970	9.79611217	9.94540092	10.08589157	10.28986179	10.61653666	10.79921118	10.88816294	10.89445077	10.79997223	10.58251267	10.26578295	10.04753308	9.88052602	9.70448770	9.36012977	9.15007772	8.99732083	8.82504511	8.46994283	8.28668177	8.14319341	7.90225494	7.64304878	7.51073723	7.39047680	7.16373480	6.92340184	6.79893981
	6.34140279	6.29595602	6.25618769	6.21492066	6.15346859	5.89300421	5.65093867	5.80995343	6.14610820	6.36569066	6.79281276	7.06564565	7.46940347	7.67153847	8.08061186	8.26170443	8.45514847	8.87055607	9.04736584	9.19498754	9.44924956	9.78948852	9.93868580	10.07928873	10.28017703	10.59087062	10.78532730	10.87437966	10.87805422	10.78023163	10.55078434	10.25346583	10.04184490	9.87551302	9.69513682	9.34999096	9.14390638	8.99067108	8.81033474	8.45699017	8.27907002	8.13383997	7.87455443	7.63292596	7.50327372	7.38094621	7.13502312	6.91194336	6.79014897
	6.33907476	6.29426730	6.25464905	6.21289532	6.14775462	5.84472713	5.64646818	5.82825777	6.15787203	6.39087615	6.80284357	7.08344709	7.47356774	7.67501316	8.08130306	8.26114433	8.45477436	8.86829136	9.04514193	9.19190934	9.44064747	9.78310653	9.93408724	10.07525636	10.27438590	10.57853567	10.77946337	10.86991920	10.87209702	10.77131370	10.53674743	10.24697804	10.03598284	9.86798213	9.67648246	9.33185920	9.13189709	8.97907652	8.77888068	8.43645403	8.26621913	8.12022565	7.84315500	7.62070540	7.49461338	7.37116458	7.11111229	6.90252284	6.78324292
	6.33737893	6.29308881	6.25354061	6.21128443	6.14254151	5.81246657	5.64602648	5.84484311	6.16704440	6.41597419	6.81217437	7.10413512	7.47935987	7.68200639	8.08641740	8.26404689	8.45963434	8.87101169	9.04592984	9.19248217	9.43745780	9.77842128	9.92973928	10.07038581	10.26526963	10.55602251	10.76753451	10.85832924	10.85925135	10.75757117	10.51943056	10.24038525	10.03229437	9.86437849	9.66469937	9.32412626	9.12704548	8.97375795	8.75935196	8.42735223	8.26040967	8.11293555	7.82695408	7.61415419	7.48944127	7.36442016	7.09480251	6.89516235	6.77727470
	6.33478309	6.29117627	6.25168789	6.20864590	6.13420464	5.77452043	5.64789645	5.86949679	6.17900109	6.45316762	6.82432247	7.13220161	7.48666081	7.69139460	8.09318534	8.26822693	8.46672078	8.87544374	9.04783029	9.19419659	9.43509464	9.77302918	9.92471787	10.06461705	10.25271885	10.52560350	10.74944721	10.84077244	10.84086127	10.73998365	10.50218796	10.23464574	10.02989524	9.86155052	9.65308421	9.31687274	9.12222573	8.96780599	8.73645548	8.41728901	8.25338289	8.10335186	7.80784682	7.60591814	7.48247541	7.35501489	7.07430990	6.88536032	6.76899430
	6.33279570	6.28960981	6.25013283	6.20650407	6.12747487	5.75340352	5.65098986	5.88970927	6.18700430	6.48293620	6.83163642	7.15004679	7.49017404	7.69587751	8.09519610	8.26936804	8.46858880	8.87584710	9.04746000	9.19320443	9.42975626	9.76866712	9.92104646	10.06082957	10.24583441	10.51102765	10.74026338	10.83157690	10.83061598	10.72937116	10.48929855	10.22802845	10.02518030	9.85592016	9.64024331	9.30583230	9.11496943	8.96020380	8.70842556	8.40585873	8.24536306	8.09354812	7.79099012	7.59818389	7.47608540	7.34702453	7.05944557	6.87779559	6.76252047
	6.33006453	6.28741759	6.24792848	6.20349411	6.11859697	5.73145149	5.65622637	5.91531309	6.19647050	6.51800276	6.84020148	7.17109168	7.49443464	7.70157849	8.09811519	8.27118077	8.47193074	8.87723895	9.04770913	9.19292045	9.42578202	9.76427509	9.91746443	10.05714153	10.23868540	10.49544356	10.72884682	10.81955495	10.81725622	10.71502986	10.47358257	10.21970925	10.01923252	9.84892172	9.61899986	9.29486889	9.10731967	8.95147395	8.68116895	8.39400044	8.23643862	8.08183076	7.77287299	7.58927405	7.46830992	7.33693001	7.04144469	6.86825599	6.75423935
	6.32584195	6.28385783	6.24425847	6.19856118	6.10514666	5.70648674	5.66608761	5.95398734	6.20911893	6.56459823	6.85115687	7.19739653	7.49987802	7.70838609	8.10212013	8.27327997	8.47455990	8.87808373	9.04686048	9.19026257	9.41503744	9.75425156	9.90914698	10.04740008	10.22162240	10.46112664	10.70205160	10.79322338	10.78855150	10.68553819	10.44139262	10.20199112	10.00682602	9.83575123	9.58440215	9.27721472	9.09533396	8.93805401	8.64492051	8.37808430	8.22427498	8.06562156	7.75066344	7.57781664	7.45788924	7.32313455	7.01903944	6.85592468	6.74333516
	6.32337533	6.28167427	6.24195218	6.19547485	6.09685929	5.69530670	5.67187821	5.97768239	6.21631899	6.59076459	6.85720863	7.21145771	7.50265939	7.71122438	8.10335173	8.27405604	8.47451474	8.87651696	9.04538799	9.18722416	9.40545828	9.74503967	9.90188677	10.03913489	10.20814032	10.43644086	10.68164528	10.77466676	10.76961118	10.66651240	10.42432946	10.19298866	10.00070457	9.82903320	9.56698845	9.26802731	9.08901604	8.93071069	8.62628107	8.36959591	8.21772301	8.05674615	7.73978170	7.57197556	7.45242760	7.31584460	7.00873915	6.85018174	6.73818614
	6.32075783	6.27932755	6.23943370	6.19204849	6.08715470	5.68440535	5.67780463	5.99842918	6.22362005	6.61353736	6.86323436	7.22320535	7.50533012	7.71393035	8.10457330	8.27498426	8.47469917	8.87507955	9.04394126	9.18429157	9.39603770	9.73507599	9.89381696	10.03026025	10.19420834	10.41152100	10.65725552	10.75328625	10.74836152	10.64360514	10.40762716	10.18500818	9.99546366	9.82294091	9.55229270	9.26027947	9.08365024	8.92395841	8.60969920	8.36185121	8.21136242	8.04755091	7.72919506	7.56599085	7.44655474	7.30789176	6.99799061	6.84368769	6.73207540
	6.31645333	6.27546822	6.23524406	6.18623848	6.06927623	5.66870721	5.68787463	6.02465412	6.23567577	6.63964000	6.87367398	7.24733564	7.51104965	7.72244997	8.10939938	8.27877015	8.48074394	8.87781642	9.04523839	9.18474888	9.39291082	9.72877720	9.88839888	10.02419964	10.18433793	10.39477226	10.63435257	10.73479099	10.72897592	10.61678104	10.39388796	10.17758690	9.98929440	9.81560061	9.53568898	9.25058708	9.07616970	8.91377283	8.58735472	8.35079912	8.20149541	8.03247256	7.71319355	7.55644655	7.43691529	7.29474875	6.98097632	6.83280854	6.72163764
	6.31292575	6.27224852	6.23169926	6.18129870	6.05371648	5.65757946	5.69555849	6.04106324	6.24457716	6.65797190	6.88085610	7.26238480	7.51464951	7.72712448	8.11189113	8.28059257	8.48256317	8.87732384	9.04410068	9.18236404	9.38538945	9.71912065	9.88015503	10.01528926	10.17144033	10.37402266	10.60353173	10.71345892	10.70727941	10.58912089	10.37736431	10.16830385	9.98210003	9.80778947	9.51922238	9.24151261	9.06916672	8.90437291	8.56944951	8.34184137	8.19336119	8.01989555	7.70104700	7.54892133	7.42922032	7.28431942	6.96823611	6.82438740	6.71349801
	6.31058260	6.27006672	6.22928310	6.17795963	6.04335436	5.65158540	5.70025274	6.04947426	6.24973543	6.66573324	6.88397004	7.26586144	7.51518574	7.72695507	8.11088134	8.27980753	8.48010638	8.87363308	9.04106223	9.17790880	9.37536449	9.70804864	9.87132637	10.00602065	10.15895155	10.35476038	10.57747411	10.69406119	10.68703126	10.56505330	10.36072601	10.15862740	9.97464280	9.80000995	9.50345269	9.23283017	9.06267138	8.89631845	8.55496496	8.33430580	8.18670268	8.01015515	7.69198727	7.54318842	7.42350920	7.27659831	6.95955613	6.81843516	6.70779651
	6.30935991	6.26889650	6.22799757	6.17626411	6.03901025	5.65017539	5.70246666	6.05225687	6.25097976	6.66572552	6.88279508	7.25968378	7.51263740	7.72119575	8.10601997	8.27611629	8.47232939	8.86569117	9.03545655	9.17040046	9.36076134	9.69245640	9.85976515	9.99419068	10.14393362	10.33227030	10.54501098	10.67092488	10.66275665	10.53477094	10.34149372	10.14760003	9.96592029	9.79108114	9.48765618	9.22382603	9.05601369	8.88885325	8.54290713	8.32778341	8.18126539	8.00307958	7.68574355	7.53927498	7.41996595	7.27178865	6.95527296	6.81542289	6.70510282
	6.30668840	6.26634449	6.22511979	6.17225601	6.02598350	5.64504973	5.70708263	6.05983061	6.25608298	6.67167745	6.88522409	7.26136419	7.51259805	7.71984297	8.10407141	8.27465107	8.46848657	8.86026240	9.03133451	9.16457144	9.34888655	9.67524568	9.84819680	9.98227252	10.12888671	10.31105080	10.51338051	10.64329725	10.63308930	10.50436922	10.32268197	10.13620920	9.95641678	9.78096430	9.46972797	9.21325281	9.04785227	8.87873219	8.52736515	8.31902560	8.17314162	7.98265561	7.67578331	7.53256083	7.41317080	7.25043055	6.94634934	6.80905016	6.69900494
	6.30307074	6.26286347	6.22113314	6.16657424	6.00181067	5.63804792	5.71298754	6.06948757	6.26278337	6.68027142	6.88926553	7.26695691	7.51375437	7.72077052	8.10375828	8.27435176	8.46666911	8.85613745	9.02790849	9.15957091	9.33839149	9.65176156	9.83628272	9.97021191	10.11359313	10.29006917	10.48283323	10.60843321	10.59709175	10.47506483	10.30411351	10.12423436	9.94656767	9.77037123	9.45165653	9.20251055	9.03923307	8.86712184	8.51066029	8.30941429	8.16365189	7.95305945	7.66388217	7.52412903	7.40415746	7.21826890	6.93392017	6.80001784	6.69018992
	6.29825430	6.25819028	6.21571777	6.15876557	5.96409662	5.62941259	5.72126061	6.08259448	6.27244405	6.69262993	6.89572164	7.27906673	7.51686880	7.72480169	8.10608804	8.27598061	8.46754307	8.85452401	9.02595249	9.15591988	9.32955966	9.62878227	9.82504739	9.95864995	10.09882264	10.26991846	10.45381310	10.57258868	10.56104938	10.44680185	10.28699419	10.11302513	9.93708837	9.75922114	9.43284989	9.19099352	9.02947128	8.85300206	8.49203884	8.29831837	8.15208867	7.91725524	7.64986118	7.51373251	7.39275190	7.17950612	6.91865375	6.78831660	6.67845700
	6.29564334	6.25557933	6.21263255	6.15430049	5.94220671	5.62522317	5.72485694	6.08821445	6.27676571	6.69666482	6.89757375	7.27850769	7.51681423	7.72395690	8.10461749	8.27510982	8.46498246	8.84944289	9.02261085	9.15135053	9.32068262	9.60750801	9.81388665	9.94745193	10.08527673	10.25263694	10.43078693	10.54354036	10.53289941	10.42525702	10.27391083	10.10414166	9.93011343	9.75105139	9.42059593	9.18348128	9.02319168	8.84404365	8.48138896	8.29186678	8.14541169	7.89914783	7.64242022	7.50806870	7.38654870	7.16063351	6.91120902	6.78237383	6.67246663
	6.29413689	6.25397886	6.21070898	6.15155836	5.93342357	5.62446444	5.72591192	6.08898663	6.27690877	6.69369076	6.89473909	7.26620948	7.51293215	7.71631632	8.09797624	8.27048993	8.45588403	8.83827477	9.01566856	9.14273546	9.30562273	9.57556843	9.79810213	9.93203733	10.06736188	10.22987257	10.39998457	10.50522614	10.49534747	10.39591950	10.25500947	10.09150717	9.92025341	9.74024587	9.40516168	9.17405775	9.01572090	8.83460680	8.47059763	8.28539668	8.13938462	7.88561669	7.63668519	7.50381049	7.38224810	7.15070129	6.90730463	6.77921231	6.66955352
	6.28960069	6.24936237	6.20521114	6.14351671	5.89869930	5.61856084	5.73108172	6.09682053	6.28300302	6.70034688	6.89821921	7.27164871	7.51439096	7.71801488	8.09892772	8.27117754	8.45551559	8.83512217	9.01267364	9.13831153	9.29686554	9.55340339	9.78439820	9.91783916	10.05010700	10.20838937	10.37235412	10.47179025	10.46385793	10.37232269	10.23972330	10.08046804	9.91149675	9.72965709	9.39109062	9.16582583	9.00836514	8.82260217	8.45841073	8.27783495	8.13078004	7.86407617	7.62701020	7.49587685	7.37297623	7.12522390	6.89632144	6.77036397	6.66067473
	6.28647418	6.24613630	6.20132900	6.13773009	5.87728974	5.61524723	5.73486544	6.10210902	6.28769105	6.70460807	6.90084065	7.27411068	7.51554471	7.71942060	8.09955307	8.27174093	8.45536255	8.83279917	9.01079147	9.13554209	9.29117102	9.53904736	9.77558036	9.90886021	10.03921220	10.19504629	10.35494844	10.45073158	10.44366682	10.35671252	10.22922355	10.07258862	9.90492317	9.72151722	9.38020653	9.15925173	9.00249400	8.81322056	8.44912144	8.27189943	8.12407759	7.84872088	7.61991124	7.48999868	7.36613033	7.10835236	6.88880056	6.76423065	6.65453094
	6.28529328	6.24478609	6.19964364	6.13533017	5.87324984	5.61496994	5.73426227	6.10067765	6.28559691	6.69746308	6.89531870	7.25284535	7.50903157	7.70863364	8.08899847	8.26498750	8.44355109	8.81120484	9.00109348	9.12500522	9.27393570	9.50659898	9.75479530	9.88975634	10.01781059	10.17079723	10.32609410	10.41699855	10.40918923	10.32708995	10.20733144	10.05632668	9.89146308	9.70610960	9.36088660	9.14693285	8.99245750	8.79531376	8.43611182	8.26378016	8.11660873	7.83512179	7.61348467	7.48509380	7.36136084	7.10000656	6.88560432	6.76188805	6.65296795
	6.28440249	6.24368722	6.19824308	6.13348652	5.87135874	5.61510821	5.73244182	6.09728912	6.28059104	6.68570982	6.88631904	7.22054761	7.49935701	7.69285727	8.07388290	8.25540757	8.42713074	8.78008375	8.98777813	9.11096311	9.25151598	9.46558295	9.72701860	9.86455969	9.98979222	10.13929500	10.29004689	10.37547126	10.36703280	10.29064819	10.18027993	10.03665300	9.87530023	9.68646576	9.33834457	9.13233512	8.98050247	8.76782802	8.42139335	8.25458435	8.10836613	7.82114114	7.60671578	7.47996808	7.35668059	7.09308191	6.88338366	6.76042204	6.65259735
	6.28165891	6.24066245	6.19450722	6.12809034	5.85828282	5.61395846	5.73200151	6.09503482	6.27661589	6.67420546	6.87847455	7.18784223	7.49031583	7.67981410	8.05956487	8.24700790	8.41365057	8.74451153	8.97446916	9.09787909	9.23125545	9.42877121	9.69624828	9.83738945	9.95949190	10.10568809	10.25239699	10.33352565	10.32584166	10.25593596	10.15431155	10.01797553	9.85991242	9.66255043	9.31790203	9.11903401	8.96869456	8.73339593	8.40659988	8.24473740	8.09814206	7.80301559	7.59716274	7.47186838	7.34799882	7.07740586	6.87600917	6.75423542	6.64706320
	6.27928041	6.23810690	6.19137127	6.12342605	5.84593011	5.61212245	5.73249735	6.09488219	6.27613289	6.66890492	6.87585059	7.17647139	7.48650890	7.67543108	8.05275171	8.24388413	8.40903434	8.72761042	8.96826956	9.09246684	9.22336662	9.41426109	9.67975615	9.82501119	9.94587696	10.09073967	10.23631348	10.31597154	10.30829417	10.24105930	10.14256626	10.00931042	9.85242804	9.64477175	9.30770889	9.11225902	8.96211927	8.71244118	8.39796650	8.23865295	8.09119843	7.79055513	7.59041420	7.46593855	7.34127594	7.06462860	6.86960366	6.74878573	6.64182230
	6.27830591	6.23694508	6.18991453	6.12142619	5.84415328	5.61216367	5.72988360	6.08864173	6.27155207	6.65044926	6.86789557	7.14912093	7.47651510	7.66405959	8.03483360	8.23618043	8.39849886	8.69567003	8.95621731	9.08289607	9.21036807	9.39195555	9.64834174	9.80657013	9.92622727	10.06873332	10.21310733	10.29131791	10.28302682	10.21822669	10.12423396	9.99610643	9.84152845	9.62051198	9.29432031	9.10336887	8.95415591	8.69102767	8.38854363	8.23232079	8.08495868	7.78066611	7.58493745	7.46140489	7.33681856	7.05824169	6.86685662	6.74667317	6.64043827
	6.27689231	6.23515634	6.18754896	6.11795748	5.84050314	5.61080731	5.72471191	6.07847378	6.26480308	6.62275416	6.85727446	7.11321440	7.46323111	7.65005581	8.01001194	8.22651320	8.38578406	8.65557267	8.93942122	9.06994843	9.19300367	9.36182952	9.60023485	9.77815539	9.89582504	10.03376955	10.17513533	10.25191446	10.24514557	10.18547239	10.09956248	9.97956231	9.82871663	9.59365783	9.27994182	9.09414510	8.94577384	8.66897315	8.37910008	8.22599030	8.07850844	7.77116885	7.57947188	7.45654874	7.33188380	7.05313680	6.86499221	6.74502742	6.63948795
	6.27791021	6.23593381	6.18836270	6.11949512	5.85310164	5.61437618	5.71649889	6.05853947	6.25361338	6.56586147	6.84100909	7.06988840	7.44275270	7.63142155	7.96739072	8.21407689	8.37108419	8.61554103	8.92168500	9.05830212	9.17807434	9.33739184	9.56491856	9.75971165	9.87691195	10.00954914	10.14991275	10.22706012	10.21712747	10.15549485	10.07409208	9.96210129	9.81542368	9.56912394	9.26575983	9.08459042	8.93765455	8.65141494	8.37058692	8.22042976	8.07419228	7.76557396	7.57580210	7.45361932	7.32989563	7.05309931	6.86557263	6.74558082	6.64073383
	6.27796740	6.23577542	6.18798627	6.11885452	5.85441244	5.61519019	5.71366265	6.05137182	6.25020017	6.54407375	6.83613127	7.05625760	7.43706356	7.62702841	7.95555058	8.21195057	8.36824061	8.60421888	8.91701328	9.05607768	9.17452956	9.32993849	9.55387743	9.75410585	9.87104382	10.00063756	10.13928074	10.21570938	10.20411387	10.14184668	10.06299528	9.95487254	9.81004751	9.55836074	9.25935410	9.08030641	8.93362166	8.64224682	8.36661061	8.21771209	8.07157783	7.76217340	7.57368310	7.45168378	7.32808673	7.05224056	6.86566638	6.74557808	6.64092150
	6.27603089	6.23352513	6.18503403	6.11423209	5.84420644	5.61273777	5.71155854	6.04689678	6.24847503	6.53176080	6.83440926	7.05169666	7.43662368	7.62883550	7.95735675	8.21563467	8.37254441	8.60723389	8.91985552	9.05981512	9.17780116	9.33158150	9.55510874	9.75441472	9.87138673	9.99953668	10.13707369	10.21313234	10.20117897	10.13883230	10.06112816	9.95467353	9.81053086	9.55757393	9.25922424	9.08052672	8.93300958	8.63854914	8.36553418	8.21665181	8.06947432	7.75864912	7.57120800	7.44872919	7.32423096	7.04709007	6.86295925	6.74274154	6.63786368
	6.27416253	6.23139831	6.18234476	6.11030501	5.84192067	5.61221108	5.70665971	6.03415911	6.24475165	6.50881574	6.82795501	7.03871307	7.42784476	7.62415339	7.94125501	8.21320696	8.37138800	8.59967382	8.91603174	9.06038536	9.17902380	9.33160786	9.55805039	9.75977882	9.87940239	10.00875451	10.15036525	10.22986608	10.21201483	10.14027479	10.05918883	9.95286704	9.80803463	9.54822752	9.25165604	9.07382615	8.92474324	8.61862742	8.35581129	8.20870144	8.05995418	7.74495551	7.56283712	7.44095886	7.31561025	7.03516306	6.85679959	6.73759389	6.63334255
	6.27299703	6.22983182	6.18009882	6.10692272	5.84171379	5.61284804	5.69989474	6.01349446	6.23865569	6.47818953	6.81915209	7.02387322	7.41801905	7.62181282	7.92721599	8.21277017	8.37241182	8.59268740	8.91072087	9.05918892	9.17737898	9.32553061	9.54773779	9.75484309	9.87362547	9.99869391	10.13607777	10.21364016	10.19138649	10.11715296	10.04123050	9.94074474	9.79786805	9.52933072	9.24238024	9.06756324	8.91765458	8.60482260	8.35058567	8.20478988	8.05511703	7.73917861	7.55908953	7.43688654	7.31090177	7.03228631	6.85652237	6.73737611	6.63385712
	6.27222744	6.22890681	6.17889823	6.10537113	5.84455519	5.61458160	5.69596337	5.99615674	6.23401656	6.45890366	6.81082602	7.01280088	7.40782892	7.61814665	7.91589132	8.21038989	8.37192422	8.58870576	8.90728066	9.05873395	9.17784648	9.32593909	9.55167276	9.75930628	9.87874433	10.00370300	10.14254538	10.22079562	10.19051093	10.10739184	10.03093484	9.93230818	9.78973704	9.51440028	9.23357429	9.06082678	8.91035952	8.59046584	8.34354627	8.19926754	8.04894033	7.73094593	7.55401553	7.43231996	7.30618325	7.02669772	6.85382536	6.73546381	6.63289941
	6.27073775	6.22729711	6.17695476	6.10283572	5.84500461	5.61572631	5.69206165	5.97906206	6.22892340	6.44280695	6.80162404	7.00248678	7.39595145	7.61358528	7.90499493	8.20684312	8.37081864	8.58557908	8.90424343	9.05856039	9.17909955	9.32839314	9.55981723	9.76616596	9.88716048	10.01414281	10.15846548	10.24251844	10.20424447	10.10785086	10.02753819	9.92867673	9.78574307	9.50563007	9.22726264	9.05535420	8.90387087	8.57721850	8.33646859	8.19324330	8.04167705	7.72111759	7.54763659	7.42631187	7.29954501	7.01762185	6.84859008	6.73124098	6.62951972
	6.26830583	6.22471576	6.17390072	6.09904308	5.84868375	5.61918484	5.68545256	5.94796142	6.21942816	6.41706760	6.78452638	6.98556207	7.37401338	7.60559459	7.88686990	8.19955212	8.36795136	8.57963700	8.89812857	9.05729419	9.18041327	9.33212645	9.57499338	9.77966588	9.90434838	10.03581109	10.19171384	10.28748996	10.23071665	10.10694220	10.01933558	9.91987084	9.77608049	9.48609203	9.21269003	9.04264353	8.88923467	8.55039302	8.32148006	8.18039008	8.02636371	7.70141837	7.53464747	7.41416058	7.28553973	6.99929389	6.83733937	6.72195078	6.62096788
	6.26825255	6.22426989	6.17301018	6.09775104	5.85458607	5.62452685	5.68165730	5.92713372	6.21303011	6.40292112	6.77451352	6.98060905	7.36575473	7.60913442	7.88839548	8.20131589	8.37168214	8.58072615	8.89502554	9.05566333	9.17867967	9.32780397	9.56815455	9.77757601	9.90189265	10.03018026	10.18137122	10.27250045	10.20330475	10.07262567	9.99165251	9.89886660	9.75716763	9.45807125	9.19704368	9.03103514	8.87687441	8.53307456	8.31361778	8.17450498	8.01970910	7.69547996	7.53114170	7.41106203	7.28237817	6.99959813	6.83853425	6.72322554	6.62339564
	6.26544085	6.22106906	6.16891192	6.09180382	5.85015117	5.62668219	5.67887253	5.91292175	6.20707070	6.39258879	6.76544966	6.97648465	7.35848627	7.61158565	7.89118889	8.20305498	8.37606468	8.58524477	8.89562493	9.05700529	9.18083556	9.33014100	9.57395608	9.78103373	9.90572528	10.03416241	10.18631687	10.28043224	10.20120905	10.06034415	9.98080983	9.89037567	9.74917194	9.44405311	9.18774622	9.02336163	8.86724993	8.51674778	8.30470476	8.16645510	8.00926377	7.68299953	7.52261142	7.40255776	7.27135126	6.98844585	6.83150247	6.71710630	6.61860517
	6.26358574	6.21887539	6.16606665	6.08773934	5.84910143	5.62910247	5.67603017	5.90151987	6.20131892	6.38477478	6.75687884	6.97337751	7.35282707	7.61388752	7.89440945	8.20472053	8.37902044	8.58791418	8.89590443	9.05765006	9.18171486	9.33031383	9.57385458	9.78189529	9.90702261	10.03552269	10.18922811	10.28477659	10.20046389	10.05194540	9.97224483	9.88374876	9.74292702	9.43365790	9.18017724	9.01681966	8.85942653	8.50532455	8.29824109	8.16059029	8.00052102	7.67487723	7.51691293	7.39685416	7.26153424	6.98206425	6.82732544	6.71338997	6.61470117
	6.26198475	6.21685474	6.16340411	6.08419964	5.85203838	5.63328886	5.67108864	5.88363406	6.19265350	6.37295414	6.74384411	6.96892007	7.34637486	7.61882680	7.90235137	8.20993557	8.38603979	8.59583089	8.90055956	9.06205782	9.18614050	9.33362957	9.57928456	9.78592517	9.91187412	10.04011250	10.19554534	10.29932253	10.20661906	10.04103746	9.96130798	9.87625748	9.73681227	9.42228419	9.17109722	9.00901397	8.85036343	8.49233229	8.29014723	8.15302408	7.98209480	7.66488129	7.50952916	7.38944858	7.24127809	6.97440406	6.82203062	6.70862591	6.60987958
	6.25982345	6.21421393	6.16006874	6.07990468	5.85394754	5.63914300	5.66827874	5.87107249	6.18357923	6.36311908	6.72978752	6.96734343	7.34579955	7.62788536	7.92063733	8.21925449	8.39634400	8.60951777	8.90997316	9.06974517	9.19355179	9.34038642	9.59003172	9.79297588	9.92008396	10.04890542	10.20760356	10.32331356	10.22421037	10.03624218	9.95306133	9.87002450	9.73138628	9.40949796	9.16000286	8.99928191	8.83887240	8.47578678	8.27966844	8.14331633	7.95558086	7.65222477	7.50024108	7.38045631	7.21797112	6.96523890	6.81541005	6.70266471	6.60230905
	6.26067804	6.21496521	6.16125108	6.08287276	5.86884455	5.65016288	5.66857611	5.86456835	6.17722217	6.35639323	6.71637132	6.96643000	7.34588825	7.63507205	7.93672926	8.22629624	8.40331312	8.61865160	8.91678953	9.07528521	9.19817375	9.34359836	9.59419296	9.79783223	9.92681774	10.05660703	10.22099517	10.35630761	10.25385749	10.03219290	9.94203544	9.86071878	9.72314048	9.39158843	9.14418623	8.98515641	8.82278756	8.45671079	8.26687405	8.13212620	7.92887640	7.64038545	7.49179152	7.37345004	7.20507161	6.96081712	6.81267866	6.70108174	6.60415006
