	55.75510001	62.60719661	68.14960114	71.80347503	73.95550325	75.10286030	75.25854981	74.80093399	74.06458195	73.29764858	72.66334429	72.23684419	72.03633909	72.06890307	72.31703648	72.72526873	73.17265869	73.59495108	74.01725397	74.44645837	74.87776964	75.40378422	76.07706659	76.84310170	77.61271233	78.31597722	78.92147448	79.41025040	79.77762220	80.04916801	80.25596251	80.42964113	80.60809070	80.82053934	81.08857526	81.44072103	81.88669455	82.48807584	83.27524737	84.19727969	85.18648897	86.31308999	87.46905314	88.57440815	89.56235980	90.57333916	91.57753072	92.57006832	93.53057004
	55.16811629	63.55496769	70.34515169	74.89993568	77.48014096	78.52294697	78.51835826	77.88499755	76.95994392	76.01415520	75.23453755	74.70273840	74.42448593	74.40268043	74.63176077	75.04230069	75.48710204	75.88856501	76.25954607	76.62588901	76.99748253	77.49288967	78.18908011	79.01251040	79.85788657	80.63435757	81.29291601	81.81954357	82.21136081	82.50066759	82.72196891	82.95659148	83.24469334	83.52544250	83.87655945	84.31540768	84.91057407	85.57303923	86.79521725	87.79414512	89.11650545	90.36539805	91.98020193	93.28581748	94.57076298	95.87938147	97.19642125	98.48672742	99.77391169
	55.24740794	63.63558257	70.58068873	75.34724469	78.12138812	79.29821470	79.36230575	78.75440302	77.83601336	76.89889391	76.14227991	75.63789588	75.38809371	75.40168606	75.66788042	76.11574144	76.59742567	77.04384184	77.47791189	77.93274869	78.41551812	79.04516982	79.89689995	80.88256012	81.87975901	82.78741867	83.55439932	84.16879978	84.63548502	84.98897248	85.27190031	85.55937114	85.90611064	86.30691392	86.81939370	87.43653927	88.18365437	89.18364149	90.67701401	92.25132237	94.00604712	95.80169592	97.83751303	99.61783568	101.20161054	102.71672607	104.28034939	105.79377076	107.24409503
	55.45281189	63.79896787	70.80655277	75.68908489	78.56931497	79.80921321	79.89316856	79.28318072	78.36674819	77.44887438	76.72602518	76.25642423	76.03628968	76.07957494	76.36643933	76.81639190	77.28397972	77.71739689	78.15127606	78.62600041	79.14305141	79.82477098	80.73650816	81.77954417	82.82505075	83.77315645	84.57525545	85.21931192	85.71142690	86.08608163	86.38720868	86.69033736	87.05019278	87.47598791	88.00753103	88.66268378	89.44776802	90.49107557	92.05073315	93.80116498	95.71517148	97.68182667	99.84096206	101.79194413	103.44759062	105.02760116	106.62014676	108.18062830	109.64842997
	55.77268915	63.93793520	70.98903913	76.06161879	79.16151014	80.56122683	80.71876488	80.13028580	79.22992360	78.35201705	77.68634639	77.26448784	77.07600417	77.14486951	77.43095339	77.84196380	78.24067878	78.60333045	78.98196071	79.43414287	79.95840196	80.67811380	81.64235633	82.73662459	83.82623411	84.81593816	85.65919357	86.34275070	86.87312519	87.28447694	87.61962898	87.95198179	88.33665599	88.79728001	89.36107954	90.06030023	90.88292047	91.99846207	93.62383258	95.50822430	97.57430721	99.72847541	102.00766853	104.05388060	105.79484770	107.43065120	109.00525377	110.52259948	111.94817698
	55.92034385	63.91701871	70.94369309	76.11133616	79.35979431	80.88785640	81.11948368	80.57060152	79.70642478	78.87944040	78.26980756	77.88917446	77.72388974	77.80743110	78.09547452	78.48623154	78.84320541	79.16586273	79.52083422	79.97266592	80.52116305	81.29818512	82.33558016	83.50089031	84.65781350	85.70937494	86.60823146	87.34040972	87.91417396	88.36666462	88.74352125	89.12197561	89.55948781	90.08580147	90.72897520	91.51986734	92.43523407	93.73965963	95.55224158	97.62907444	99.84652209	102.25489612	104.71400615	106.88340729	108.74522674	110.42685473	112.10368922	113.67513657	115.13304852
	56.09463995	63.88422529	70.86704504	76.09681773	79.45509597	81.07655243	81.34828934	80.80223819	79.94193040	79.14832277	78.59123946	78.25692826	78.12043723	78.21047007	78.48243151	78.83389446	79.12164971	79.36342124	79.64604739	80.04863542	80.57191339	81.34737620	82.38809742	83.55171199	84.70515002	85.75659282	86.66184542	87.40620171	87.99569694	88.46401903	88.85374863	89.23329197	89.65763019	90.16179232	90.77871058	91.52997045	92.41018575	93.71141398	95.47746836	97.49161670	99.65409443	102.03739832	104.43518658	106.57918669	108.42326155	110.05607632	111.68038140	113.16862446	114.58889946
	56.55486982	64.09461065	70.98399986	76.31551956	79.87370173	81.66151708	82.01626992	81.52580122	80.74417554	80.06034952	79.60470144	79.33468526	79.22799323	79.34534139	79.62006617	79.94159102	80.16424233	80.34180793	80.58201115	80.95633206	81.47629831	82.28802896	83.37603488	84.58521780	85.78211490	86.87952744	87.83155042	88.62055180	89.25245445	89.76139227	90.19047980	90.61820391	91.09706347	91.65604376	92.33167162	93.16070717	94.21324748	95.66092779	97.58375340	99.74991058	102.11455400	104.63782555	107.25264253	109.44051712	111.32757053	113.04307737	114.66121537	116.13267881	117.55324553
	56.86651299	64.15638677	70.95581990	76.36064978	80.09223415	82.04468021	82.49329341	82.06331678	81.35082437	80.75845019	80.38733006	80.17074652	80.08440221	80.21664563	80.50112321	80.81210788	80.99489363	81.12778543	81.33439831	81.67323081	82.16755220	82.97425030	84.05942038	85.26265395	86.45531458	87.55644481	88.51907480	89.32165170	89.96881684	90.49423963	90.93970258	91.38899804	91.87551712	92.44874951	93.16300535	94.04608301	95.13713077	96.61061570	98.49286750	100.69162216	103.04063911	105.57574594	108.13848415	110.38493913	112.25419633	113.91463102	115.49346595	116.96316825	118.34132435
	57.19021337	64.12452173	70.73387470	76.15712954	80.09110224	82.27185835	82.86830573	82.54946319	81.95828215	81.50547429	81.25357328	81.10922597	81.05089433	81.20785453	81.50504259	81.79844321	81.93284534	82.01523518	82.18830978	82.48600820	82.95225750	83.74888141	84.81793884	85.99956446	87.17176465	88.25844524	89.21380742	90.01369373	90.66524169	91.19899659	91.65565738	92.11508586	92.61352096	93.19018424	93.98334059	94.88916938	95.97760962	97.45177727	99.28546558	101.42168726	103.80409586	106.26707591	108.78121165	110.95209949	112.82862119	114.47148741	116.03820490	117.42759430	118.78799670
	57.62702555	64.35279378	70.79780138	76.22767531	80.33402488	82.69342937	83.41490696	83.21309793	82.74590559	82.41468485	82.24885885	82.14307423	82.08079724	82.24448770	82.58223138	82.89264062	83.02126420	83.10275641	83.28785041	83.57394614	84.03017200	84.82725593	85.89321773	87.06699837	88.23195834	89.31166633	90.26424415	91.06311276	91.71649415	92.24856099	92.69768031	93.17901379	93.71265340	94.34003401	95.17276632	96.13733301	97.30869072	98.76713761	100.72653920	102.84587593	105.25951589	107.77483448	110.35050329	112.53575985	114.46427880	116.13958034	117.68818362	119.10112804	120.40339582
	58.02169724	64.59223325	70.89213367	76.27512199	80.45627926	82.92783108	83.73853613	83.61417381	83.21817155	82.95259935	82.83363534	82.74977991	82.68557961	82.85167610	83.20516116	83.52628155	83.65211124	83.73110501	83.91845007	84.19820075	84.64664086	85.43698303	86.49581267	87.65981446	88.81473158	89.88637626	90.83092553	91.62738860	92.28160599	92.81272219	93.26979919	93.75238761	94.31026027	94.98167730	95.79938927	96.79401356	97.95687250	99.41706935	101.37987010	103.51821884	105.93701165	108.41586639	110.99637346	113.15962783	115.09564360	116.79126626	118.32505650	119.73158553	121.02559941
	58.33373048	64.81693247	71.01383873	76.40777728	80.71080442	83.29587019	84.19550461	84.16056305	83.84671785	83.64506172	83.56332005	83.49100588	83.41598157	83.57980240	83.96467335	84.30785827	84.44104584	84.53076137	84.73253644	85.00978264	85.44842132	86.23499390	87.29091690	88.44938285	89.60107691	90.67287342	91.61337438	92.40934346	93.06706230	93.60320597	94.06884621	94.58077121	95.18033023	95.89557834	96.75761061	97.77692870	98.98365817	100.51663691	102.52868224	104.72626113	107.23653166	109.74880432	112.34313308	114.60708357	116.55481135	118.25969054	119.80458013	121.23031012	122.54766407
	58.54847734	64.91759039	70.99812665	76.36963779	80.76747192	83.47260797	84.46816741	84.51741596	84.28029104	84.14235438	84.10319854	84.05126509	83.97645822	84.14235007	84.54739531	84.90247383	85.03619643	85.13040295	85.33946258	85.61409404	86.04507702	86.82581156	87.86786782	89.01409146	90.15501955	91.22140471	92.16166602	92.95516897	93.61338136	94.15412708	94.62286524	95.15811531	95.78231415	96.51585920	97.40010292	98.41040084	99.64863692	101.21533478	103.21601285	105.46388143	108.00343724	110.49985334	113.12589553	115.45741800	117.33671565	119.06667362	120.61548295	122.02465078	123.33698675
	58.90667667	65.15859551	71.09591463	76.44120811	80.93804167	83.75982654	84.86640179	85.02881790	84.89826131	84.84406119	84.85695655	84.82937658	84.75469026	84.93172382	85.36686149	85.73752770	85.87819313	85.97500626	86.19035361	86.46563381	86.88863038	87.66496320	88.69882080	89.82847173	90.95658628	92.01549567	92.95653769	93.74639326	94.41235874	94.95794481	95.42939312	95.98527181	96.63937899	97.39876147	98.28884914	99.33740178	100.62229479	102.22014239	104.25063134	106.58239947	109.10296032	111.66561756	114.32758635	116.75796707	118.56934334	120.30356433	121.85001750	123.24452086	124.53214665
	59.39129279	65.51285093	71.29084967	76.59188937	81.15642426	84.06631431	85.27172040	85.54274196	85.51519490	85.54155494	85.60640475	85.60741471	85.53834862	85.73234568	86.19560880	86.57810916	86.71878441	86.81350747	87.04210215	87.31945644	87.73242449	88.50071599	89.52700210	90.63751506	91.74872554	92.79473455	93.72762634	94.51098653	95.17469565	95.71888206	96.19010373	96.75573518	97.42190665	98.18733524	99.09006733	100.18096366	101.48321657	103.10240852	105.15762248	107.50823153	109.99878496	112.61115718	115.26245260	117.77476150	119.54193996	121.25151930	122.78038518	124.16283636	125.42647709
	59.74485159	65.81719474	71.51710125	76.83557789	81.46495093	84.41465865	85.67461649	86.02438352	86.07062740	86.14357724	86.23187407	86.24292510	86.17110707	86.37884151	86.86658550	87.25717924	87.38992356	87.48382597	87.74347596	88.02971927	88.44814532	89.21012968	90.22721698	91.32724439	92.42797043	93.46496910	94.38935240	95.16710745	95.82105407	96.36078312	96.83066951	97.40255523	98.07722270	98.84028625	99.77803932	100.92740513	102.24675567	103.90271342	106.01320035	108.39154414	110.88713585	113.56908697	116.22858531	118.84171187	120.58378603	122.30323720	123.83303591	125.21377053	126.47180108
	60.24510400	66.15764362	71.68348555	76.95907502	81.65886809	84.71924999	86.09437332	86.56891869	86.72421519	86.87375314	87.01150059	87.05066356	86.98444564	87.20896148	87.71697874	88.10514225	88.21495198	88.32673696	88.61768060	88.90789623	89.32218806	90.07029711	91.06377410	92.13978027	93.21088572	94.22456316	95.13359946	95.89807404	96.53878506	97.06861117	97.53365940	98.09233415	98.76453247	99.55141658	100.50866306	101.64722903	102.96539242	104.65413367	106.75799459	109.05976176	111.58372714	114.24540503	116.81476678	119.47569212	121.22675380	122.92960905	124.43934518	125.79203596	127.02341890
	60.67415662	66.48585485	71.91231902	77.20603902	81.96844124	85.10345807	86.55764208	87.13374772	87.37677069	87.58192089	87.75422057	87.81135541	87.74899304	87.99425592	88.52406110	88.89819682	89.00614438	89.15070212	89.46539469	89.75507393	90.16556921	90.90135989	91.87684148	92.92914819	93.97742836	94.97062243	95.86537153	96.61659264	97.24556018	97.76635127	98.22710172	98.77237766	99.46774343	100.27798582	101.26007060	102.38209962	103.72472893	105.45204215	107.53389385	109.84014798	112.37312036	115.01059004	117.58252218	120.23094508	122.05587543	123.75260523	125.25182059	126.58563821	127.79913755
	61.13936113	66.82361644	72.12807666	77.41640110	82.22361407	85.44426027	86.98378101	87.66806091	88.00313475	88.26727183	88.47945706	88.55867583	88.50535644	88.77002874	89.31308898	89.66553635	89.79076727	89.95897492	90.27386251	90.55896099	90.96419977	91.69105687	92.64916467	93.67705862	94.70233956	95.67600630	96.55339087	97.29120799	97.90913764	98.42310603	98.87857948	99.43011118	100.13391023	100.95838870	101.93076075	103.07562897	104.43542854	106.16595928	108.20017567	110.53282466	113.05199704	115.61946473	118.22687460	120.85764020	122.71705858	124.39796432	125.87892984	127.18743975	128.37504095
	61.55051137	67.17501809	72.42731571	77.77177307	82.62605611	85.90801984	87.51153417	88.29273946	88.70476634	89.00998166	89.24691945	89.33960839	89.29482400	89.58543368	90.14569696	90.48148322	90.65192372	90.82472491	91.15095798	91.44581490	91.84753715	92.57410925	93.51968988	94.52750537	95.53192597	96.48891779	97.34532189	98.06516356	98.66765972	99.16875530	99.61094631	100.16719319	100.89014955	101.68896026	102.67429235	103.87753923	105.25443359	106.97643619	109.03770488	111.38396963	113.92464287	116.47885169	119.12513647	121.75893083	123.68401069	125.36771424	126.84227859	128.13493669	129.30577673
	62.13130791	67.66529861	72.84992073	78.23652962	83.11601395	86.46124824	88.13916764	89.02578010	89.52326310	89.87352400	90.14047636	90.25070848	90.22027036	90.53941127	91.09458339	91.44515606	91.62292522	91.78706614	92.11775015	92.41739043	92.81852356	93.53701462	94.48166163	95.46113061	96.43637739	97.37395672	98.20335189	98.89961267	99.48274969	99.96972823	100.39748846	100.95260881	101.64927393	102.44935785	103.46134660	104.67794823	106.07504982	107.76069618	109.84344989	112.18762628	114.66089471	117.23912317	119.90658076	122.46113986	124.51111513	126.18267787	127.63284373	128.90195599	130.04743598
	62.74894127	68.19808647	73.33039108	78.76832547	83.66941638	87.07141215	88.82627597	89.82337329	90.40774557	90.79440519	91.08125350	91.20060938	91.18080324	91.52323927	92.06233749	92.44336604	92.60100160	92.77458677	93.09680546	93.39644179	93.80100500	94.51075817	95.43549003	96.38369268	97.32630690	98.24848428	99.04882085	99.71905284	100.28019135	100.75035940	101.15936925	101.70732560	102.37644504	103.20902329	104.22389539	105.46227909	106.82996174	108.52604864	110.59809371	112.91250485	115.35829755	117.95326565	120.64192352	123.04702307	125.28991136	126.94508321	128.37126789	129.61853532	130.74221140
	63.36876286	68.67031467	73.68393811	79.09552603	84.02241775	87.50994734	89.35215890	90.47127113	91.15687711	91.60481729	91.92514376	92.05950232	92.05100884	92.39637693	92.94662527	93.33797426	93.46714811	93.66247457	94.00363435	94.31525454	94.72385726	95.42087653	96.30800803	97.22880360	98.14504888	99.02042508	99.79326389	100.44314946	100.98819555	101.44501329	101.84156710	102.38999866	103.07599987	103.91325826	104.93630112	106.14900122	107.48110839	109.20968214	111.26137466	113.48498391	115.93834659	118.52225663	121.19973003	123.60048191	125.81815517	127.43968511	128.83946343	130.05631014	131.15054572
	64.01630234	69.24265504	74.23128539	79.68125348	84.64225387	88.16688416	90.04333315	91.25335202	92.00206879	92.48258993	92.81592293	92.95978833	92.96358485	93.30547715	93.90402197	94.26092123	94.38275527	94.57211885	94.93897949	95.26913901	95.69154126	96.38278928	97.24463088	98.16303845	99.05398375	99.89498350	100.63650806	101.26016943	101.78890821	102.22604913	102.60571523	103.14263751	103.83002535	104.66111273	105.68402763	106.86732665	108.24886697	109.98378404	112.01669381	114.23556132	116.69723511	119.30292512	122.00438010	124.39446168	126.63069992	128.24323841	129.62709150	130.82605880	131.90358639
	64.92043686	70.01415247	74.95460391	80.39057961	85.38654386	88.95736195	90.91055952	92.25213189	93.09741394	93.60666708	93.95723922	94.11979585	94.14818721	94.49767485	95.14363659	95.43874167	95.55829859	95.75789834	96.14139146	96.47786468	96.90582376	97.58582151	98.41076252	99.30477358	100.17258577	100.97436636	101.69002241	102.29011634	102.79345594	103.21702887	103.57793303	104.09905800	104.76396918	105.56725158	106.56435599	107.78178939	109.16680898	110.89500117	112.82713972	115.07027679	117.51619151	120.11333576	122.80070095	125.16707888	127.38557931	128.96794006	130.31891179	131.48485531	132.53085391
	65.70551926	70.69876130	75.62739099	81.03130006	86.05868662	89.61401019	91.63997990	93.07655082	93.99883849	94.57696437	94.93587444	95.04736493	95.09650178	95.46659967	96.11826199	96.37725959	96.50701927	96.69675217	97.10161002	97.44828375	97.88372035	98.56396153	99.36616539	100.21948208	101.04350913	101.81167091	102.49942364	103.08371675	103.58865487	104.00230789	104.35494005	104.86171829	105.47113090	106.28487500	107.28974589	108.49631825	109.88379517	111.58565301	113.49573050	115.72856164	118.16635777	120.75403542	123.42137628	125.76950625	127.97514474	129.53932128	130.86691954	132.01107717	133.03580021
	66.46843358	71.38786717	76.33929131	81.71194360	86.78582807	90.30306782	92.33232603	93.81588428	94.80811252	95.44388460	95.83210728	95.95028456	95.96720238	96.38097717	96.97567544	97.20229956	97.33511723	97.54504859	97.93452932	98.29727155	98.76513410	99.43921894	100.24346938	101.06778226	101.85218303	102.59344512	103.26122871	103.80821193	104.27636924	104.67615901	105.03159691	105.50328227	106.12765447	106.94405503	107.92766272	109.15216166	110.55530884	112.16285888	114.11732997	116.34405680	118.78056708	121.35933438	124.01300859	126.35193617	128.55567183	130.11094511	131.42712838	132.56013395	133.57337783
	67.39003026	72.20535619	77.17960652	82.50313799	87.60254788	91.11783865	93.16619972	94.69510016	95.76337070	96.46254595	96.87270765	97.06829137	97.06689159	97.49850938	98.04300160	98.24788171	98.36776404	98.60125965	98.99723548	99.36383893	99.85080797	100.51925325	101.31707894	102.12235274	102.87100371	103.57485974	104.21520466	104.73756589	105.17999572	105.56593218	105.88808468	106.36045824	106.99691646	107.79476004	108.77873486	110.01186221	111.37580523	112.95758054	114.91322664	117.12106341	119.53611338	122.07980972	124.69748210	127.00381226	129.18479040	130.71394730	132.00237368	133.11039767	134.09820918
	68.23536056	73.00183230	78.06108631	83.41518976	88.53225144	92.04928063	94.11480944	95.70693630	96.80361703	97.51447864	97.91919259	98.12734188	98.21203076	98.61020043	99.10809272	99.27189900	99.39457423	99.64134795	100.05604581	100.44202150	100.93354127	101.60299303	102.36892643	103.15897517	103.88221828	104.57254782	105.15710699	105.66423281	106.11329034	106.48728688	106.78817940	107.24810336	107.87608307	108.65542355	109.66042287	110.81128780	112.14829013	113.78149488	115.72298005	117.91275612	120.29835309	122.80758846	125.39374131	127.68030439	129.84493438	131.36155551	132.63016065	133.71948082	134.68784804
	68.81871622	73.56341375	78.70086864	84.14723269	89.31584586	92.85058619	94.93183210	96.55225625	97.67965519	98.39296247	98.78731337	98.98760978	99.10239185	99.49013406	99.95608465	100.12665876	100.23552916	100.49213552	100.93100862	101.31396368	101.82246041	102.49976053	103.23619146	103.98316307	104.68014989	105.35087531	105.91170969	106.42762842	106.84001171	107.19157047	107.50713627	107.93043323	108.56498597	109.35631118	110.29746110	111.44526231	112.78628011	114.41280668	116.33503554	118.49621759	120.84783432	123.32160100	125.87640604	128.14606352	130.29690201	131.80278668	133.05559718	134.12802226	135.07911268
	69.25795522	73.99341770	79.16147582	84.67395862	89.86450502	93.42087721	95.51038551	97.13359773	98.28001119	98.98737988	99.38135247	99.56132397	99.68902386	100.07482023	100.51816353	100.67678616	100.80814021	101.06543699	101.49618098	101.87814126	102.41682922	103.09147424	103.81019020	104.53147255	105.20658792	105.86047719	106.40686083	106.90931865	107.32968439	107.67014084	107.95777671	108.39372821	109.01881089	109.77878844	110.71272590	111.85915505	113.19260025	114.80967865	116.71386893	118.85331345	121.17832173	123.62593159	126.16036074	128.42296326	130.53071981	132.07015449	133.31444573	134.37696178	135.31843292
	69.97381449	74.67898067	79.84192628	85.43650785	90.66571830	94.25555112	96.35974697	97.99815693	99.15533745	99.85222020	100.24736945	100.41868079	100.55348359	100.93798523	101.35911025	101.51499459	101.66785839	101.93965834	102.35624766	102.75766376	103.32653510	103.99598268	104.69711805	105.38202857	106.02977933	106.64133398	107.18152062	107.67419122	108.08252372	108.41549944	108.67762789	109.11676105	109.71937625	110.45594443	111.38848452	112.50739201	113.82500992	115.42066937	117.29456373	119.39641654	121.67716696	124.07999388	126.57754000	128.82221756	130.87252532	132.44429447	133.67335465	134.71804479	135.64185326
	70.15153760	74.90632041	80.11839537	85.77114289	91.00354703	94.55039896	96.62393051	98.22340563	99.34763262	100.02254465	100.38810788	100.55936251	100.68054201	101.05619415	101.46336967	101.62591875	101.76275609	102.06039703	102.46491031	102.85890591	103.43491966	104.10242560	104.79878830	105.48994013	106.13283655	106.73396864	107.25044454	107.74677622	108.14441933	108.47261036	108.73371645	109.15539246	109.75213805	110.47639038	111.40348298	112.52605488	113.84122250	115.43485875	117.30691359	119.40605090	121.68616829	124.09711212	126.61340305	128.88420191	130.90645896	132.54951017	133.79769097	134.85800459	135.79557784
	70.44697322	75.20040489	80.41972279	86.11380497	91.36429445	94.91923048	96.99149003	98.59434838	99.71582692	100.38100598	100.75040985	100.92190282	101.05095399	101.42124114	101.81614607	101.96865013	102.12284264	102.41886211	102.81748871	103.22146451	103.80435548	104.47495084	105.16623857	105.84360342	106.48057630	107.06537692	107.58283961	108.06453010	108.46026694	108.79207903	109.03686643	109.46488406	110.04274567	110.75477581	111.68827500	112.79572921	114.10426559	115.68994647	117.55007632	119.63434399	121.89588776	124.29058075	126.79585034	129.06440937	131.05931528	132.72913169	133.97456753	135.03092920	135.96446173
	71.28777515	75.98109168	81.12376498	86.86689346	92.16974153	95.77925762	97.87667984	99.47856797	100.57170782	101.22154800	101.56883060	101.76242728	101.88455886	102.22930624	102.61058639	102.78263569	102.95815354	103.29364491	103.69646564	104.14748302	104.72898891	105.38604083	106.05261736	106.71428708	107.32137083	107.87790285	108.36942676	108.84993062	109.22737795	109.55115997	109.79796556	110.19927514	110.75865826	111.47040215	112.38276503	113.47855118	114.73611916	116.28655417	118.10865235	120.14786271	122.35814183	124.70490203	127.17476439	129.42005212	131.36536500	133.05050974	134.27949568	135.32034909	136.23673939
	71.67750354	76.39258072	81.56509696	87.39743568	92.74102567	96.38039964	98.46731876	100.04858738	101.11971794	101.74711170	102.07685473	102.26258318	102.38103112	102.69817841	103.06866925	103.23858792	103.41798672	103.78467952	104.21662838	104.67691403	105.25032487	105.90803311	106.55379234	107.20530496	107.80376229	108.34834570	108.81988316	109.27119580	109.65363242	109.97194013	110.21704083	110.60674734	111.14489284	111.83502460	112.74829918	113.84196195	115.08486898	116.61518597	118.41410946	120.42838311	122.61336412	124.94157179	127.40298186	129.64835655	131.58186718	133.28704342	134.51050475	135.55072515	136.46549619
	71.89887302	76.64423308	81.85970656	87.78097667	93.17198300	96.81993521	98.89272902	100.45700323	101.50503244	102.10886999	102.41008047	102.59372455	102.70822694	103.01874718	103.36950894	103.51884539	103.70892192	104.10338512	104.54461350	105.00273241	105.57137769	106.21928736	106.86563544	107.50153546	108.09969490	108.63388871	109.08783105	109.52171372	109.89470165	110.21906945	110.46371893	110.84078310	111.36190741	112.03077992	112.93666720	114.02887548	115.26890159	116.78394949	118.56782354	120.56517756	122.73471182	125.05626195	127.52040828	129.77669035	131.71142103	133.44725881	134.67218190	135.71880758	136.64020203
	72.29833098	77.02847762	82.26197107	88.24234743	93.69079197	97.38753534	99.49070673	101.03250565	102.06537277	102.65435719	102.95075098	103.12457174	103.24574482	103.53686848	103.87151624	104.02469860	104.23439669	104.64322287	105.11220520	105.58122388	106.14103630	106.78279084	107.41248230	108.01646569	108.60796965	109.12897013	109.56809968	109.97494895	110.34762405	110.65986185	110.90094327	111.25996015	111.77498268	112.42601451	113.31230742	114.37484540	115.60640216	117.08986692	118.84077771	120.80542745	122.94291343	125.23943772	127.68408421	129.93571682	131.86411637	133.62171691	134.83055903	135.87607027	136.78509226
	72.60342685	77.31972068	82.56202313	88.59612889	94.09507489	97.82274287	99.95494470	101.48862510	102.50780739	103.07863506	103.35580052	103.53167035	103.65047200	103.92579994	104.24278510	104.39664346	104.62457052	105.04887466	105.52581963	106.00459081	106.54756641	107.18259545	107.80802703	108.39174165	108.96240283	109.47202080	109.90569898	110.29638834	110.65799985	110.96494427	111.19944225	111.54832258	112.05701821	112.69861992	113.56067019	114.60324473	115.81965940	117.27990458	118.99858827	120.93773475	123.05146948	125.32913941	127.75862854	130.00706971	131.93397518	133.68519807	134.91071717	135.95596921	136.84923021
	73.07008976	77.71866731	82.97009009	89.05441307	94.66974065	98.53677685	100.70777253	102.24874775	103.26290623	103.82519146	104.10442648	104.28187761	104.40917254	104.66908433	104.96969273	105.14192188	105.40723142	105.85427189	106.34629933	106.84555099	107.40001012	108.03408798	108.63649910	109.19604784	109.74546189	110.24328371	110.66568903	111.06002350	111.40924237	111.70390801	111.93498609	112.27157721	112.76515229	113.40676687	114.25036001	115.26539296	116.45178405	117.85587835	119.52668925	121.41554214	123.48663673	125.72098085	128.11091270	130.33457440	132.23823854	133.97797319	135.18031456	136.19654628	137.07427502
	73.23146559	77.91538729	83.23837930	89.42347563	95.10053779	98.97951672	101.14601604	102.67098338	103.65927298	104.19480264	104.44967925	104.60896901	104.73195900	104.97792763	105.26114648	105.42825963	105.69520004	106.14118797	106.65049189	107.12962297	107.69442803	108.32182600	108.91268428	109.47211596	110.00839605	110.50218647	110.92491632	111.31232926	111.65351403	111.93174372	112.16030241	112.49066670	112.97021642	113.61261862	114.43612445	115.44612658	116.62078054	118.00434931	119.65119873	121.51945928	123.57960772	125.81181441	128.20310288	130.43686817	132.34859837	134.06321436	135.31563153	136.33830400	137.21683105
	73.14593839	77.89749162	83.31492501	89.61496652	95.35554556	99.23925188	101.39577200	102.90405803	103.86503094	104.37259188	104.59113055	104.73232256	104.85086808	105.09538078	105.35642183	105.50639727	105.75879054	106.20530652	106.72729880	107.18758432	107.75110268	108.36845099	108.96076646	109.53160939	110.06159561	110.55365477	110.97989147	111.36084831	111.69888232	111.97377060	112.20082295	112.52737789	112.99826704	113.63511594	114.44539875	115.46092818	116.63258505	118.00454308	119.64341810	121.50215004	123.56219846	125.80524281	128.21059950	130.46281076	132.39122176	134.08494500	135.39560158	136.42704595	137.33389709
	73.38971194	78.11920623	83.55428035	89.90208483	95.70757560	99.65481402	101.80923852	103.30643792	104.24978715	104.74389954	104.96003552	105.09592170	105.21772960	105.45752854	105.70672706	105.87605884	106.13654568	106.59754635	107.12890615	107.59011378	108.16111471	108.78745947	109.36661025	109.93266899	110.45702611	110.94578608	111.37099271	111.74941002	112.09651224	112.36221955	112.58336038	112.90585697	113.37106645	114.00257330	114.81250693	115.81598583	116.97301984	118.31655618	119.93090247	121.76256682	123.79887730	126.02684070	128.41867845	130.66085499	132.58159328	134.25237662	135.56901169	136.59254586	137.50991205
	73.51524086	78.27279491	83.75028458	90.17177894	96.01629498	99.96593588	102.10430976	103.58303513	104.50268818	104.97059439	105.17069643	105.29772089	105.41488173	105.65459477	105.89425929	106.06306941	106.32600377	106.78889226	107.32290374	107.77818488	108.35137045	108.96798539	109.54446261	110.10644440	110.62702945	111.11136835	111.53791131	111.90954707	112.25452643	112.51733083	112.73118204	113.04636732	113.50417283	114.12959281	114.93377186	115.93146087	117.07831282	118.41521904	120.00554133	121.82188478	123.84405494	126.07005194	128.46236808	130.70933611	132.63473362	134.28686329	135.64649828	136.67405797	137.60309502
	73.88516260	78.66101121	84.24440639	90.80997257	96.78301639	100.78870981	102.93806882	104.37579229	105.24690568	105.65476441	105.81182790	105.93107142	106.03758516	106.25559977	106.47452479	106.64133728	106.91227317	107.39058361	107.92129193	108.38317838	108.95928192	109.54401541	110.10154847	110.65901986	111.15976969	111.63150060	112.05456075	112.42239538	112.75723818	113.01755798	113.22363180	113.52114301	113.95782333	114.56624329	115.36176470	116.33990104	117.44478301	118.74436320	120.29479306	122.06401789	124.04651686	126.24865385	128.61957307	130.86117928	132.78252484	134.42686407	135.81195766	136.85666995	137.80014692
	73.95957465	78.77941631	84.42512181	91.06262394	97.05755694	101.04683326	103.16207519	104.58560581	105.43378108	105.81682410	105.96359479	106.06321708	106.15789723	106.36493016	106.57202390	106.74486296	107.01118582	107.47541413	108.00359344	108.45828785	109.02798582	109.60796473	110.15540282	110.70631318	111.21436126	111.68266603	112.10218973	112.46798481	112.79617827	113.04922943	113.25126648	113.53902006	113.96604826	114.56711729	115.35708582	116.33321688	117.42752051	118.72571977	120.26476618	122.02468666	124.00068554	126.20199576	128.57606675	130.82613293	132.75970982	134.41324542	135.81599207	136.87853523	137.83948259
	74.27778095	79.07107279	84.71242421	91.43345783	97.51797617	101.59263828	103.70355573	105.12505612	105.95323779	106.30512634	106.43051085	106.51969312	106.61345108	106.80955262	107.00166810	107.17654712	107.45640572	107.93195944	108.44805629	108.91494266	109.48178861	110.04557270	110.58671812	111.12567863	111.62481573	112.08225508	112.49642943	112.85755775	113.18242954	113.43756550	113.62686075	113.90244252	114.31236712	114.89572117	115.66834047	116.62440591	117.70034470	118.96485865	120.46422666	122.18703630	124.12850306	126.29950242	128.65177739	130.88385948	132.82205246	134.47624707	135.88141534	136.96844112	137.93683143
	74.47644628	79.27750243	84.95697557	91.79047597	97.97715606	102.10813946	104.21813982	105.62794892	106.43385191	106.75600432	106.86157255	106.93435356	107.02989956	107.21536684	107.39717997	107.58196470	107.87160471	108.35963668	108.86699568	109.34222266	109.90647373	110.46720385	111.00033506	111.52292167	112.01807657	112.47032103	112.88005428	113.23952432	113.56126960	113.81801889	114.00221849	114.26822757	114.66364984	115.23052596	115.98601602	116.91914557	117.97739187	119.21088179	120.67648145	122.36198699	124.27237810	126.41631495	128.73645721	130.95468453	132.89365026	134.54684066	135.94694162	137.06470124	138.03951519
	74.75839400	79.55768285	85.25454574	92.21120486	98.51213347	102.70677583	104.82838103	106.22601998	107.00553073	107.29369752	107.37670942	107.43047124	107.53378241	107.70927021	107.88129479	108.07814174	108.38283364	108.88629367	109.39091835	109.87978392	110.44566435	111.00399432	111.52850208	112.03593014	112.52159335	112.96937429	113.37479026	113.73390889	114.04937286	114.30839896	114.49322331	114.74908798	115.12970456	115.67899383	116.41485508	117.31950557	118.35169823	119.55488915	120.98168981	122.62024025	124.49343708	126.60189380	128.87538143	131.07532852	133.01019936	134.65824899	136.04915826	137.19957756	138.17801603
	74.72212981	79.53900073	85.26108282	92.23402351	98.53584470	102.71349814	104.83440897	106.22389936	106.99439010	107.27410251	107.34975905	107.39641515	107.49786923	107.66805287	107.83756770	108.03376854	108.33121013	108.82802309	109.33386141	109.81728739	110.38147129	110.93929861	111.45938659	111.96925519	112.45543002	112.90212614	113.30751496	113.66591029	113.97945753	114.24007905	114.42575541	114.68096691	115.06071142	115.60923750	116.34401328	117.24811704	118.27984893	119.48270421	120.90768012	122.54958008	124.42614751	126.53791086	128.81457133	131.02074523	132.96044525	134.61413335	136.00542348	137.16878057	138.15205956
	74.97307312	79.84363747	85.64864923	92.78002164	99.18802896	103.40674026	105.53842619	106.90521836	107.63106054	107.85725866	107.88864497	107.90634488	108.01220104	108.15338843	108.30819504	108.51031900	108.82285198	109.31775879	109.82285315	110.31570499	110.87875253	111.42614251	111.92853842	112.42422038	112.89402621	113.33391279	113.73400325	114.08973268	114.39861059	114.65591729	114.84224134	115.08630282	115.44937071	115.97850609	116.69498794	117.56524379	118.56466709	119.73328528	121.11081556	122.70534669	124.54616529	126.62042251	128.85795540	131.05774446	132.99089904	134.64809162	136.04116922	137.25305515	138.25533384
	75.20644401	80.08719840	85.90601791	93.10988717	99.56411035	103.83492358	105.96605995	107.33054076	108.04194230	108.24633272	108.25549474	108.26393697	108.37111185	108.50222174	108.65077548	108.86143310	109.19083770	109.68541050	110.19769273	110.70041773	111.26557767	111.80637827	112.30511769	112.78529038	113.24493729	113.67917087	114.07714236	114.43101049	114.74027736	114.99504253	115.18104709	115.42069415	115.77532614	116.29537079	117.00150504	117.85201239	118.83188602	119.97935814	121.32951599	122.89174553	124.70653370	126.75335865	128.96890289	131.14853504	133.06866747	134.72112688	136.11811487	137.34010629	138.34880426
	75.29234169	80.21509619	86.10522564	93.45054130	99.99675381	104.30965989	106.43765274	107.80045962	108.47238715	108.62295812	108.58675631	108.56051637	108.64361688	108.75909816	108.88259214	109.09787275	109.42435014	109.90958458	110.41474424	110.92347547	111.48107229	112.01507545	112.49270106	112.95848894	113.41225307	113.83698575	114.22927633	114.58468742	114.88952190	115.14132831	115.32864916	115.56173890	115.90686426	116.41646444	117.10194171	117.93011002	118.88632061	120.01333947	121.32389346	122.85379150	124.62774706	126.64552091	128.85317278	131.02328087	132.95260945	134.60325701	136.00388902	137.27389280	138.30827645
	75.77289866	80.71338272	86.65311836	94.11067782	100.74554581	105.13139343	107.26556629	108.60617076	109.24344656	109.34466889	109.27368775	109.22722254	109.30346177	109.41217152	109.52140381	109.74183029	110.08869337	110.57604366	111.07950830	111.60817255	112.16402446	112.68034598	113.14543881	113.58045401	114.01833979	114.43144773	114.81765329	115.17031758	115.47488571	115.72180194	115.91410225	116.14135493	116.47470741	116.97207824	117.63301918	118.43032656	119.34889236	120.43228559	121.70076926	123.17538306	124.88899302	126.84178094	129.00766277	131.13008063	133.04350758	134.67108007	136.06795425	137.34896048	138.40879878
	75.90745322	80.86230803	86.82250015	94.34397415	101.03463259	105.46871911	107.62106248	108.95307842	109.58094833	109.65022753	109.55067605	109.48426583	109.54765235	109.64476366	109.73982007	109.95730988	110.29769849	110.77284037	111.27219690	111.79708496	112.34848432	112.85272483	113.30439929	113.72328535	114.15019495	114.55005135	114.92969152	115.27817444	115.57937722	115.82401185	116.02037060	116.24336129	116.56667055	117.05764430	117.70607140	118.48775523	119.38513630	120.44160798	121.68265858	123.13218294	124.81038344	126.73278808	128.87717083	130.98530171	132.90736516	134.53871443	135.94475556	137.22528215	138.32926316
	76.08661172	81.05136938	87.04550900	94.65332827	101.48933233	106.01321548	108.21408431	109.52822913	110.13558434	110.16002675	110.01934031	109.93000745	109.98379125	110.05554011	110.13086896	110.33848958	110.68271206	111.13834944	111.62982060	112.15851279	112.70255503	113.19164296	113.62896270	114.03043949	114.43413876	114.82320655	115.19773204	115.54236370	115.84500986	116.08334563	116.28176906	116.49921931	116.81615983	117.30021313	117.93213621	118.69300814	119.55989595	120.57859180	121.77096112	123.17751932	124.80605625	126.67640449	128.77205335	130.85379805	132.77522420	134.40850885	135.82491032	137.09183134	138.25886558
	76.42834299	81.35441762	87.32131465	94.94229190	101.88302088	106.47961892	108.71105986	110.01845017	110.60871409	110.60608805	110.44250655	110.34057281	110.39226892	110.45447808	110.52353870	110.73265278	111.08476685	111.53874238	112.03259191	112.57138039	113.11206217	113.59451497	114.01941432	114.40789724	114.79581651	115.17799820	115.54775603	115.89286678	116.19302787	116.43222103	116.62885688	116.84323456	117.15902981	117.63526880	118.25031801	118.99375607	119.83530047	120.82276120	121.97469829	123.34150173	124.92759212	126.74996148	128.79836510	130.85155901	132.75772797	134.38407096	135.79767811	137.05305377	138.24405188
	76.61765958	81.59556482	87.65945906	95.37618767	102.37689598	106.96956582	109.20629792	110.46090077	111.00250009	110.95284560	110.75007016	110.62481462	110.66315921	110.70073210	110.75269885	110.95054513	111.29884594	111.73561217	112.21702653	112.75596263	113.28595987	113.75698970	114.17157672	114.54952794	114.91919020	115.29871271	115.66846329	116.01307420	116.31185118	116.54883041	116.74265411	116.95690067	117.27411730	117.74504283	118.34811957	119.07816639	119.89909795	120.86033883	121.97707764	123.30548882	124.85758656	126.64441108	128.65633914	130.69416178	132.59637625	134.22770160	135.65508364	136.94028667	138.15442155
	77.15712759	82.10486261	88.13429869	95.85829350	102.96929409	107.61672130	109.93237823	111.16205900	111.66926203	111.58206013	111.35063400	111.21328675	111.25578415	111.28202264	111.33107440	111.53746237	111.88946508	112.33323879	112.81633108	113.36812458	113.89573677	114.35698346	114.75610051	115.12635935	115.47130420	115.83635593	116.20768073	116.55402490	116.85177409	117.09367033	117.28475541	117.50207296	117.81296300	118.28326056	118.86714626	119.57658199	120.37086413	121.29313471	122.35912404	123.63483806	125.13029078	126.86331127	128.81500829	130.81123648	132.68035014	134.30157304	135.72138403	137.00345249	138.22342103
	77.62905570	82.45483143	88.30968915	96.03682244	103.31706117	108.09501073	110.52954757	111.78368215	112.26390030	112.14126335	111.86980339	111.70506792	111.73397320	111.74600911	111.78874348	112.00630192	112.36981554	112.81755122	113.30811613	113.87015302	114.39862543	114.85302177	115.24319171	115.60107794	115.93784101	116.29580778	116.65793713	117.00545457	117.30431382	117.54702453	117.74368157	117.95844753	118.26743174	118.72367163	119.29629343	119.98532549	120.75394723	121.64442591	122.66529705	123.88902451	125.32623135	127.00647710	128.89985785	130.85038114	132.69009998	134.29297472	135.70260794	136.98473075	138.20433175
	77.50234611	82.37474541	88.28865426	96.07777575	103.39534758	108.19523548	110.63725584	111.90372827	112.37755612	112.24247580	111.95346639	111.77896426	111.80423710	111.79903861	111.83216329	112.03949329	112.39781519	112.83210128	113.31619602	113.87601944	114.39760679	114.84507315	115.22826533	115.58250834	115.91202656	116.26245397	116.62153710	116.96903101	117.26557515	117.50729508	117.70111062	117.91275126	118.22433575	118.68108925	119.25235203	119.93756126	120.70007291	121.58066751	122.58633113	123.79636622	125.21792974	126.88563630	128.76530369	130.71409049	132.55600923	134.16703193	135.58860331	136.88377689	138.12582049
	77.83134631	82.71207284	88.60956057	96.44555146	103.78052001	108.57803269	111.02103543	112.27972810	112.71845572	112.54769605	112.23359063	112.04270061	112.07109587	112.05643827	112.08588170	112.28950204	112.64565720	113.07113573	113.55044102	114.10911931	114.62384951	115.05976802	115.43278723	115.77639786	116.09684170	116.44185885	116.79549495	117.13982631	117.43289360	117.67283058	117.86611802	118.07569263	118.39100628	118.84128909	119.40897515	120.08247991	120.83151804	121.68875281	122.66338581	123.83958000	125.22456600	126.85631889	128.70063075	130.62602875	132.45480641	134.06125804	135.48913716	136.79470806	138.04899094
	78.01399770	82.91402091	88.79995180	96.68123229	104.03800685	108.86056104	111.32142616	112.58806900	113.01375699	112.81508777	112.48667358	112.28941262	112.32613984	112.30817553	112.33039029	112.52767600	112.87676933	113.29112709	113.76292237	114.31758117	114.82510561	115.24719757	115.60785507	115.94037884	116.24997850	116.58688371	116.93386282	117.27501208	117.56335876	117.80086003	117.99099513	118.20099643	118.51432476	118.95821410	119.52199023	120.18104994	120.91450608	121.74338957	122.68278969	123.81911961	125.16263060	126.75218209	128.55805655	130.45805974	132.27443552	133.88379126	135.32594962	136.65052305	137.92833384
	78.73265045	83.47375932	89.06955261	96.82034917	104.25309017	109.19891014	111.79026182	113.09622669	113.52226453	113.31891678	112.97729439	112.77509383	112.82551986	112.82001919	112.84659073	113.05833713	113.41769816	113.84349146	114.32161574	114.88527488	115.39205608	115.80569305	116.15439899	116.47487976	116.77317089	117.10164110	117.44606892	117.78046456	118.06550310	118.30175326	118.49372675	118.70368201	119.00957800	119.44639255	119.99820252	120.63056076	121.33862672	122.13043248	123.02261780	124.10150415	125.38524763	126.91308173	128.65301523	130.49323729	132.26911416	133.85536821	135.28404431	136.60617656	137.87326292
	78.83979580	83.56712142	89.11218248	96.84269109	104.31796835	109.32436344	111.95804841	113.28677565	113.71294812	113.50761496	113.15796222	112.95597893	113.01235418	113.00925711	113.03430351	113.24517129	113.60290569	114.02556397	114.50382994	115.06726150	115.57092287	115.97750528	116.31853017	116.63280174	116.92638950	117.24986330	117.59259191	117.92742280	118.21088788	118.44475793	118.63622290	118.84443155	119.15202668	119.58574506	120.13424159	120.75633919	121.45382158	122.22958587	123.10013485	124.15354733	125.41105976	126.91118422	128.62322846	130.44035313	132.20338659	133.78752827	135.21995497	136.55101375	137.82788177
	79.16924299	83.85977624	89.30223852	96.98292774	104.51213463	109.59162059	112.28977690	113.64734721	114.06931485	113.85524238	113.49158580	113.29161867	113.35923202	113.36101361	113.38637012	113.59789745	113.95341682	114.37186409	114.85169512	115.41626730	115.91523808	116.30983451	116.63885082	116.94085291	117.22414621	117.53942904	117.88121637	118.21582259	118.49802466	118.73080769	118.92091202	119.12674672	119.43701375	119.87056034	120.40900630	121.01598687	121.69699894	122.44609512	123.28130736	124.29164072	125.50391406	126.95495852	128.61841543	130.39554947	132.13319502	133.70930147	135.14397590	136.48819979	137.77397662
	79.57842327	84.19614912	89.48957772	97.10300360	104.69860057	109.87643052	112.64537721	114.03805090	114.45461505	114.22127158	113.83995427	113.63076285	113.70238488	113.70482720	113.73543959	113.95548559	114.31925797	114.74538761	115.23325208	115.80823582	116.30932839	116.69899426	117.02086667	117.31382766	117.58956354	117.89858167	118.24251399	118.57819241	118.86353187	119.09757348	119.28774260	119.49158373	119.80493476	120.23648509	120.76514758	121.36198862	122.03109340	122.76247081	123.57310449	124.55354625	125.73293921	127.14703005	128.77251531	130.51438812	132.22735023	133.79213899	135.21947635	136.56321323	137.84562960
	80.08317849	84.62120190	89.76319443	97.25086889	104.91264342	110.19165029	113.02492278	114.45522384	114.87393543	114.62434984	114.22301765	114.01183310	114.08720438	114.09933533	114.14130635	114.37378147	114.75344679	115.19587480	115.69176216	116.28046222	116.78777097	117.17511447	117.49154379	117.77662100	118.04398082	118.34691697	118.69266823	119.03023859	119.32015996	119.55581641	119.74995289	119.95391911	120.26688023	120.69381902	121.21579893	121.80324011	122.46258001	123.17796759	123.96558986	124.91622937	126.06205729	127.43818770	129.02362171	130.72742390	132.40980823	133.95504121	135.36760937	136.70318711	137.97605911
	80.34507708	84.88231859	89.97253385	97.41720119	105.11423631	110.45079570	113.32956632	114.79151913	115.20619576	114.93710810	114.52104050	114.30577219	114.39416473	114.40966535	114.45972219	114.69707362	115.07705827	115.51955678	116.01804654	116.61112501	117.11563528	117.49325572	117.79947111	118.07127641	118.32551188	118.62107582	118.96324375	119.30258414	119.59591666	119.83313687	120.02791261	120.23228600	120.54791748	120.96890521	121.48485723	122.06014669	122.70686950	123.40206118	124.16019088	125.07499299	126.18298551	127.51657566	129.05911595	130.72588695	132.38342265	133.91895532	135.33139227	136.67442997	137.95894391
	80.64642859	85.20270609	90.26857297	97.65653357	105.32391006	110.64908571	113.54134404	115.00472799	115.41671870	115.14011082	114.71445233	114.50367636	114.60558496	114.63332751	114.69179964	114.93315178	115.30904362	115.74800845	116.24454496	116.83701413	117.33806251	117.70689668	118.00345621	118.26638811	118.50993957	118.80108044	119.13624123	119.47311375	119.76807813	120.00526366	120.20097038	120.40841110	120.72325106	121.13957131	121.64926242	122.21431851	122.84996103	123.52834868	124.26193006	125.14704368	126.22583446	127.52290583	129.03021201	130.66671501	132.30310096	133.83037049	135.24346137	136.59267515	137.88580210
	81.20473541	85.74594678	90.68588564	97.92827642	105.60254101	110.99547516	113.96420922	115.44780645	115.86369213	115.57538530	115.13436393	114.93144128	115.05647741	115.10745696	115.18560347	115.44583933	115.82830359	116.27249981	116.77329524	117.37252216	117.87366080	118.23118798	118.51529088	118.76419814	118.99583041	119.27817931	119.60693249	119.93572529	120.22976643	120.46676225	120.66521629	120.87389337	121.19075350	121.60266884	122.09965261	122.64604974	123.26256125	123.91204921	124.60597216	125.44151326	126.46621895	127.70430201	129.14736937	130.72447578	132.31586640	133.82076132	135.22414724	136.57214785	137.86773484
	81.28889104	85.85747810	90.75710664	97.96604388	105.70407302	111.16680845	114.19236611	115.69705665	116.11485436	115.80965587	115.36219623	115.15942137	115.29546313	115.35720217	115.44492733	115.71898527	116.10429208	116.54411620	117.05236671	117.65371027	118.14895094	118.49586729	118.77120714	119.01170277	119.23579947	119.51302070	119.83673070	120.16212102	120.45707983	120.69290232	120.89130899	121.10071527	121.41942249	121.83127893	122.32063214	122.86473644	123.46754405	124.10151726	124.77229682	125.57883984	126.57310432	127.77693793	129.18302437	130.72543568	132.29166923	133.78866837	135.19040547	136.54105205	137.84493257
	81.40098046	86.03782473	90.93161516	98.16212236	105.98214501	111.50867793	114.58586544	116.08429775	116.48868366	116.15935711	115.69873386	115.49754518	115.65170295	115.73245779	115.83562969	116.12872333	116.51812953	116.95826994	117.47159361	118.06864350	118.55833707	118.88823362	119.15145341	119.38142561	119.59663382	119.86804187	120.18865100	120.51541494	120.80418392	121.04607372	121.24426616	121.45885353	121.77533230	122.18716937	122.67111647	123.20926131	123.80354443	124.42040501	125.06108472	125.82878402	126.78125019	127.93886938	129.29177229	130.78574599	132.31348853	133.79265272	135.18807078	136.53636148	137.84566412
	82.10117142	86.65399088	91.25625827	98.18003547	106.11076627	111.90611718	115.19316616	116.76014731	117.16987590	116.83066520	116.35423272	116.16729101	116.35574311	116.48020548	116.61639876	116.93747519	117.34521050	117.79584416	118.31169265	118.91195524	119.39586594	119.70511642	119.95023283	120.16106483	120.35801265	120.61585859	120.93092683	121.25821653	121.54016165	121.78628707	121.98928977	122.21380011	122.53035967	122.92527316	123.39679236	123.91785892	124.49224251	125.07884952	125.67054816	126.36487993	127.23831360	128.30120806	129.54914291	130.94173649	132.38539411	133.81582216	135.18390825	136.51011044	137.81170790
	82.75093162	87.23934914	91.67827522	98.34994943	106.24711770	112.18023716	115.58117031	117.18078701	117.58437601	117.24676946	116.75914908	116.57952409	116.79083601	116.94340625	117.10596275	117.44360459	117.86464910	118.32648241	118.83748042	119.44349182	119.92472234	120.22576186	120.46010840	120.66016006	120.84613953	121.09753050	121.40952414	121.73294388	122.01792835	122.26280658	122.47068877	122.69719613	123.01398928	123.40239584	123.86140112	124.37188799	124.93680508	125.50891723	126.07487475	126.73284667	127.56344545	128.57604864	129.76879813	131.10206393	132.49905248	133.89630191	135.24247810	136.55089279	137.83776552
	82.86755266	87.44047398	91.89156445	98.49575199	106.36407287	112.36005961	115.82068688	117.42974794	117.83966662	117.49749159	117.01876984	116.84285364	117.08024540	117.26233301	117.43390740	117.79189844	118.21763140	118.67208638	119.19898325	119.79512036	120.26097069	120.55075464	120.77041107	120.95954236	121.13474237	121.38098748	121.68789410	122.00063286	122.28523737	122.53033710	122.74139428	122.96857476	123.28733089	123.66851538	124.11877282	124.61363393	125.16677226	125.72131164	126.25868521	126.88115615	127.67299278	128.64474808	129.79291358	131.09396009	132.46427656	133.83786298	135.17558447	136.48060297	137.76509646
	83.32510860	87.89654795	92.25605351	98.59900858	106.41439615	112.64148246	116.33060619	118.03154845	118.45819990	118.12640587	117.64173202	117.47719136	117.74832161	117.97537624	118.18473740	118.57700601	119.03915322	119.50056417	120.04461805	120.64298628	121.11457688	121.40089239	121.60284882	121.77207587	121.93432587	122.16882634	122.46994110	122.77719425	123.05668982	123.30088613	123.50806701	123.74065272	124.05601639	124.43759395	124.86789579	125.34200585	125.87682799	126.39595648	126.89716312	127.47071987	128.20429359	129.11084634	130.18464018	131.41702745	132.73840039	134.07049619	135.38246690	136.66157707	137.91202635
	83.63554084	88.29904480	92.68888809	98.93914734	106.79941575	113.22430073	117.08622489	118.82497915	119.22785220	118.88419077	118.36879091	118.20133362	118.49981961	118.77519249	119.02049443	119.44979613	119.95454077	120.41981175	120.96617188	121.57823754	122.04294361	122.32545841	122.50049421	122.65469959	122.80466799	123.02966591	123.32663964	123.62860736	123.90675543	124.15296417	124.35978601	124.58982632	124.90592724	125.28887166	125.69747273	126.14981914	126.66304862	127.14920552	127.61317925	128.13700339	128.81279492	129.65105027	130.64437000	131.79265914	133.04995139	134.34682057	135.63422870	136.88224700	138.09457232
	83.24735400	88.08776761	92.64192405	98.97280535	106.85196995	113.27738246	117.18056497	118.93052983	119.33347285	118.99860101	118.51019204	118.34889127	118.66781183	118.97311215	119.22699812	119.66250303	120.18955296	120.63369998	121.19644735	121.81655515	122.26327018	122.54364836	122.70930468	122.85899391	123.00559239	123.22644125	123.51736460	123.81336324	124.08727479	124.33073621	124.53175194	124.76073716	125.07472337	125.45370198	125.85410382	126.29892375	126.79583283	127.26558574	127.71265427	128.21483516	128.86594616	129.67937884	130.64702351	131.76827603	133.00284254	134.29172611	135.57962338	136.83001616	138.04374247
	83.31928276	88.29986723	93.01512843	99.33548874	107.24112568	113.92438226	118.04812813	119.86172760	120.25401531	119.91390138	119.40139853	119.26511443	119.61482432	119.98394220	120.28700835	120.76231500	121.34678340	121.80868955	122.39674985	123.04553876	123.49651035	123.77931436	123.94320087	124.08665613	124.22726002	124.43237080	124.71893921	125.01394435	125.28892119	125.53209451	125.72877542	125.95505818	126.25729823	126.61186503	126.99132478	127.41545072	127.87980687	128.31461937	128.72299164	129.17368107	129.76493874	130.50658728	131.39615903	132.43995968	133.60330005	134.83584355	136.08800294	137.29920191	138.48261990
	82.69482625	87.87750100	92.81813816	99.30382605	107.27297746	113.98431678	118.14517060	119.97157654	120.37380467	120.02885301	119.54441608	119.42765187	119.78828466	120.18801526	120.51771797	121.00571994	121.61272798	122.06443307	122.67638376	123.33214276	123.78988006	124.07282888	124.23264117	124.37279225	124.51184997	124.71043216	124.98691033	125.27928254	125.55102512	125.78737042	125.97851185	126.19985957	126.49556925	126.83698852	127.20863559	127.62301882	128.07292604	128.49553335	128.88773946	129.32067589	129.89246431	130.61043114	131.47571981	132.49716109	133.64147701	134.86065233	136.10534982	137.31523194	138.50048600
	82.22700836	87.55454439	92.65943287	99.27030718	107.27868007	113.99445099	118.16952566	120.00151446	120.41087628	120.06320132	119.59999779	119.50097771	119.86860673	120.28664128	120.63611578	121.13468042	121.75035908	122.20076015	122.82484121	123.48330170	123.94692671	124.23035692	124.38810562	124.52645019	124.66486138	124.86259945	125.13295208	125.42450589	125.69398843	125.92488699	126.11242528	126.32941744	126.62159084	126.95359797	127.32006784	127.72634325	128.16831375	128.58469873	128.96765505	129.39048628	129.95078283	130.65454017	131.50496318	132.51304205	133.64650967	134.85882956	136.09814426	137.30745880	138.49513105
	82.07966719	87.45254734	92.60208691	99.24309664	107.26073065	113.92527355	118.06536780	119.88348663	120.28856315	119.94145281	119.48347502	119.39664708	119.76319601	120.17550299	120.52283752	121.01641843	121.62128186	122.06857617	122.69941162	123.34158701	123.80173635	124.08340394	124.24004098	124.37865561	124.51724864	124.71522983	124.99296578	125.28405568	125.55219003	125.78165348	125.96787150	126.18100309	126.47317445	126.80646115	127.17349534	127.58052790	128.02514979	128.44195611	128.82860298	129.25537363	129.81901417	130.52630732	131.38151729	132.39420591	133.53217995	134.74924728	135.99454990	137.20923068	138.40160801
	81.79744298	87.28288666	92.56295901	99.28531216	107.30605722	113.98826535	118.14983539	119.97541418	120.37737597	120.03614375	119.58135128	119.51348317	119.89341986	120.31645328	120.67726107	121.18917566	121.79446710	122.25351119	122.88691077	123.53122965	123.99126519	124.27393257	124.43113151	124.56935771	124.70760714	124.90890145	125.18876023	125.48157386	125.74932043	125.97884565	126.16346891	126.37165125	126.66015109	126.98733924	127.34836167	127.74328647	128.18155501	128.59217846	128.97429415	129.39358899	129.94608864	130.63989035	131.48078133	132.47876021	133.60366307	134.81022528	136.04783071	137.25687437	138.45372423
	81.37856298	87.03076284	92.51160695	99.36294126	107.38434421	114.14969246	118.38776180	120.24236749	120.64685641	120.31446589	119.86514109	119.82068006	120.22394735	120.67430671	121.06469464	121.61169367	122.23098945	122.71178019	123.34678515	124.01058819	124.47476030	124.76071962	124.91974889	125.05697481	125.19460923	125.40332961	125.67824381	125.97464694	126.24265855	126.47176248	126.65434945	126.85701432	127.13911262	127.45340831	127.80282845	128.17504983	128.59894515	128.99814746	129.36752689	129.76849680	130.29710956	130.96263135	131.77253561	132.73933555	133.83604492	135.01912458	136.23720188	137.43152683	138.63131036
	80.82216105	86.65902566	92.37544255	99.41067654	107.49549217	114.32253427	118.60379466	120.46476397	120.85913696	120.53135357	120.08201539	120.05651479	120.47522307	120.94591643	121.35849992	121.92807012	122.55971083	123.05103555	123.70362097	124.37125080	124.83860211	125.12613412	125.28640337	125.42539085	125.56388168	125.77712246	126.05875360	126.35746760	126.62572837	126.85556687	127.03606571	127.23337328	127.50946521	127.81202545	128.14943764	128.50614267	128.91868713	129.30785085	129.67288634	130.06333065	130.57712447	131.22410425	132.01450504	132.96039329	134.03905894	135.20675904	136.41269118	137.59839716	138.80372640
	80.12255743	86.19286923	92.20507748	99.47388515	107.64760124	114.53997367	118.86146812	120.72242408	121.10060912	120.77510873	120.32302957	120.32211201	120.76292618	121.25753797	121.69345459	122.29225973	122.93297456	123.43965419	124.11060650	124.78027739	125.25093659	125.54034548	125.70225984	125.84432206	125.98422016	126.20025869	126.49195877	126.79276219	127.06166038	127.29520084	127.47342489	127.66566731	127.93433962	128.22264508	128.54514574	128.88534293	129.28413222	129.65930764	130.02243759	130.40281761	130.90105395	131.52766177	132.29677533	133.21926282	134.27793141	135.42849485	136.62061683	137.79630056	139.01037231
	79.87518321	86.05377380	92.20640487	99.55342984	107.73911669	114.68325209	119.05473338	120.93060504	121.30749653	120.98406378	120.53287639	120.54254522	121.00136908	121.52063477	121.97328533	122.59344151	123.24444618	123.76276620	124.44204862	125.12025465	125.59469144	125.88606360	126.04965756	126.19304792	126.33318364	126.55063017	126.84393823	127.14584553	127.41489791	127.64851335	127.82571932	128.01688952	128.28331327	128.56095137	128.87279521	129.20067881	129.58797814	129.94881893	130.31074617	130.67981546	131.16401917	131.77260312	132.52168986	133.42416428	134.46392607	135.59865819	136.77707865	137.94009486	139.15838871
	79.85391128	86.05761446	92.24112101	99.58574623	107.75984543	114.72331796	119.11798191	121.00421195	121.38294901	121.06070101	120.61146098	120.62229347	121.08889789	121.61856324	122.07652535	122.70447081	123.36083029	123.88218118	124.56446255	125.24688734	125.72290014	126.01505219	126.17928139	126.32307145	126.46311093	126.68064306	126.97313181	127.27515406	127.54421663	127.77680220	127.95373291	128.14588948	128.41250239	128.68557655	128.99332540	129.31692259	129.69936308	130.05327076	130.41537210	130.77915631	131.25755369	131.85872287	132.59924803	133.49348640	134.52520713	135.65355701	136.82586848	137.98255742	139.20275917
	79.74629621	85.99896160	92.23900473	99.61050321	107.78998149	114.76614166	119.16544457	121.05466173	121.42936591	121.10380621	120.65513234	120.66772506	121.13998844	121.67727007	122.13631782	122.77037487	123.43281991	123.95182132	124.63959592	125.32301384	125.80034623	126.09242545	126.25678464	126.40167257	126.54183305	126.75968186	127.05222474	127.35483078	127.62426181	127.85659022	128.03318790	128.22620277	128.49173952	128.76293671	129.06641663	129.38684758	129.76600663	130.11746915	130.47837960	130.83904688	131.31404598	131.91071877	132.64650617	133.53578707	134.56322340	135.68718859	136.85568719	138.00918763	139.23169279
	79.01329565	85.51546033	92.02013724	99.54614232	107.72459138	114.62813410	119.01375498	120.89800147	121.28993269	120.94621485	120.53532055	120.59056607	121.10867153	121.67875275	122.14150672	122.79816168	123.43445023	123.97464089	124.64437207	125.32694223	125.79985869	126.09487440	126.26012611	126.40560769	126.54829160	126.76691780	127.05894297	127.36248225	127.63144935	127.86171654	128.03683263	128.24095173	128.50420249	128.77151919	129.06128422	129.37234028	129.74285127	130.08383748	130.44529943	130.80361718	131.27369500	131.85900748	132.58454764	133.46171021	134.47729193	135.58822972	136.75228187	137.90553308	139.13323855
	78.17103025	85.00780934	91.86657805	99.57526623	107.74179742	114.57196316	118.93944372	120.81382907	121.21658105	120.84189500	120.47300498	120.57788901	121.14731886	121.77183977	122.24301345	122.93127191	123.54090035	124.09921515	124.76714668	125.44563142	125.91900970	126.21038475	126.38417367	126.52736662	126.67911711	126.89944249	127.19332793	127.49775577	127.76669895	127.99396777	128.16595500	128.37720640	128.63764796	128.90318412	129.17885056	129.47532209	129.82628347	130.16035881	130.51519321	130.86638577	131.32581506	131.89270223	132.60092832	133.46050483	134.45794823	135.55108667	136.69951678	137.85338529	139.08269386
	77.68747542	84.75075523	91.85932292	99.68892680	107.84918450	114.66303148	119.02743577	120.89452068	121.29299377	120.89711007	120.54625246	120.67522413	121.27098437	121.93995901	122.42004616	123.13023822	123.73323485	124.29614476	124.98068189	125.65758089	126.13618312	126.42042064	126.60519109	126.74442421	126.90635834	127.12877994	127.42572223	127.73064570	128.00016123	128.22541137	128.39474850	128.60505137	128.86359469	129.12937153	129.39782838	129.68185107	130.01382250	130.34804033	130.69241709	131.03490885	131.48330504	132.03434211	132.72712341	133.57251380	134.55503554	135.63443851	136.76467425	137.91852748	139.14445687
	77.65032132	84.77194158	91.91798057	99.76436965	107.89464876	114.63484130	118.95432417	120.80230958	121.19340803	120.80909572	120.46353881	120.58935849	121.19567948	121.87105820	122.34209455	123.05194314	123.64213565	124.20553174	124.88694311	125.55814485	126.03505812	126.31593313	126.50062493	126.64049042	126.80108871	127.02296231	127.31932021	127.62418307	127.89338780	128.11825764	128.28745736	128.49790831	128.75802531	129.02724081	129.29790367	129.58154839	129.91326951	130.24712855	130.59323366	130.93870705	131.38884864	131.94092604	132.63591604	133.48292795	134.46719856	135.54890813	136.67881850	137.83237394	139.06379401
	76.98630221	84.41821256	91.85475205	99.85113083	107.96171571	114.67409475	119.00202188	120.84700607	121.23196836	120.86622374	120.56052184	120.72688236	121.36820822	122.06896643	122.57917149	123.30833632	123.90270120	124.46645579	125.17791513	125.85830565	126.34009499	126.62149766	126.81081744	126.95498087	127.11563260	127.34398417	127.64195812	127.95053940	128.22077336	128.44268309	128.60881096	128.81903808	129.07565403	129.33811197	129.60273000	129.87327930	130.18421109	130.51783732	130.84206931	131.17299273	131.60622967	132.13255508	132.80314088	133.62508577	134.58535785	135.64923339	136.75929746	137.91449302	139.13110104
	77.05319184	84.47509918	91.88031068	99.85157000	107.94101199	114.62666096	118.93927414	120.78052224	121.16525947	120.80525926	120.50410463	120.67214570	121.31228715	122.01054245	122.51865333	123.24798723	123.83817450	124.40156148	125.11040132	125.78905549	126.26935848	126.55101064	126.73963117	126.88446764	127.04414699	127.27226903	127.56983908	127.87866114	128.14871727	128.37036570	128.53583875	128.74570858	129.00271153	129.26635470	129.53249673	129.80527838	130.11515002	130.44903873	130.77419866	131.10615916	131.54017670	132.06732960	132.73918025	133.56219538	134.52361535	135.58979586	136.70010603	137.85609608	139.07455428
	76.68907677	84.32746016	91.84928604	99.86507165	107.94161053	114.56003798	118.85024606	120.68042030	121.06250850	120.71701071	120.45219547	120.65957104	121.33245302	122.01403584	122.57566085	123.29537976	123.89061644	124.43942996	125.16685405	125.84814853	126.32596362	126.61160982	126.79334550	126.94762771	127.09766788	127.33169863	127.62885912	127.94013081	128.20991774	128.42898844	128.59213287	128.80110902	129.05788574	129.31805429	129.58059676	129.85312215	130.15997955	130.49752218	130.80744079	131.13334155	131.56037510	132.07503772	132.73552404	133.54751725	134.49819893	135.55592777	136.66125495	137.82284903	139.03084598
	75.93228846	83.96320212	91.82115611	99.99876693	108.08386261	114.66511915	118.95357748	120.77042708	121.14579146	120.80102429	120.57817035	120.84050515	121.55275463	122.23284159	122.86752511	123.58287317	124.18712567	124.72327927	125.48175281	126.16999215	126.64919332	126.93799296	127.11717643	127.28027834	127.42325285	127.66596113	127.96497971	128.27928107	128.54944329	128.76582329	128.93148586	129.14093109	129.39581478	129.64666971	129.89930407	130.15605631	130.46678964	130.80208558	131.08826575	131.40207044	131.81549076	132.30793323	132.94708043	133.73808162	134.66737545	135.70210403	136.80406225	137.96364615	139.15183141
	75.40754490	83.70448628	91.83536877	100.14742088	108.23467565	114.80393548	119.08863020	120.89692614	121.26367764	120.90730844	120.70709446	121.00201770	121.73747804	122.42044255	123.09467517	123.80467295	124.41028186	124.94847480	125.71605576	126.40554425	126.88673958	127.17415941	127.35649233	127.52180303	127.66563957	127.91319064	128.21498184	128.53020761	128.80055552	129.01591164	129.18586570	129.39856108	129.65183648	129.89572228	130.14121241	130.38107444	130.70554621	131.03433600	131.30833602	131.61608733	132.02231289	132.50323793	133.13123260	133.91112045	134.82803505	135.84649497	136.95369122	138.10535399	139.28264525
	75.50242934	83.79846622	91.82217556	100.05254752	108.07342001	114.55534618	118.79225473	120.60768747	120.96328041	120.62778017	120.46134277	120.77331571	121.55857754	122.20101281	122.89892126	123.58351575	124.19240708	124.72867096	125.48081526	126.16215355	126.63802770	126.92083532	127.10146283	127.27002316	127.41458957	127.66459633	127.96596725	128.28063973	128.54931154	128.76226403	128.92153740	129.13750514	129.39043850	129.63614040	129.88418725	130.13665965	130.46061388	130.79607113	131.06741389	131.37671041	131.78389122	132.26636661	132.89667580	133.67879232	134.59815119	135.62465907	136.72919813	137.88980684	139.07232524
	75.35249564	83.81616243	91.96410706	100.22813167	108.23727884	114.70055462	118.95535191	120.75691719	121.10574239	120.76509805	120.61736896	120.93691636	121.75680366	122.41257972	123.13536659	123.83774901	124.47135116	124.97086230	125.76742476	126.45849040	126.93806712	127.21903743	127.40064620	127.57042459	127.71478350	127.96968911	128.27201647	128.58812435	128.85742958	129.06769995	129.22750303	129.43624049	129.68552482	129.92463959	130.16478704	130.40937686	130.72856268	131.06521012	131.31768106	131.61386401	132.00755491	132.47132077	133.08228295	133.84521192	134.74525779	135.75221272	136.85029869	138.01037475	139.17863136
	75.30006818	83.86216964	92.08377301	100.35782363	108.30380924	114.69218713	118.90406399	120.69528973	121.03238758	120.69249119	120.56486295	120.89586112	121.74757106	122.39201645	123.12400522	123.81874873	124.45077958	124.95513034	125.73827599	126.42272783	126.90263271	127.18136120	127.36453944	127.53521091	127.68059092	127.93446942	128.23806715	128.55470855	128.82348840	129.03244559	129.18969918	129.40335238	129.65155887	129.88952953	130.12717389	130.36797588	130.69919753	131.03365086	131.28110874	131.57568343	131.96701177	132.42711943	133.03526946	133.79499159	134.68898470	135.69482319	136.79794569	137.95587400	139.12317583
	75.31802500	83.89630588	92.06379420	100.28320066	108.18115552	114.52199440	118.70722800	120.50795122	120.84853860	120.52675406	120.42222164	120.77468190	121.63779041	122.27696253	123.01727558	123.70904468	124.34960768	124.83112829	125.62021029	126.30130293	126.76607737	127.04323363	127.22379867	127.40210827	127.54666685	127.81641015	128.12193922	128.43830431	128.70662790	128.91384486	129.07137276	129.27654434	129.52283128	129.76258241	130.00126490	130.25078149	130.58359420	130.91716362	131.16342002	131.45834066	131.84865577	132.30857684	132.91661974	133.67517938	134.56866221	135.57542626	136.68192800	137.83787190	139.00703285
	74.99181621	83.82969859	92.18983644	100.45439316	108.27676824	114.56324607	118.73684475	120.55113711	120.87310499	120.57329761	120.53503987	120.90817132	121.79634397	122.46737347	123.22935356	123.93626560	124.60570662	125.07085308	125.86995343	126.55728416	127.02496901	127.29036346	127.48274624	127.66016466	127.81499207	128.09135200	128.40187343	128.71806796	128.98619372	129.18887460	129.34687026	129.54828096	129.78596102	130.02143177	130.24838312	130.48843662	130.83563052	131.15502303	131.38477664	131.66730176	132.04236259	132.48361616	133.07298378	133.81192824	134.68183795	135.67212758	136.78756620	137.92221343	139.08036060
	75.10687127	83.96617522	92.29709332	100.51280994	108.26408361	114.48339955	118.63169537	120.44958670	120.75835601	120.48118526	120.48002774	120.84602722	121.74418197	122.42816296	123.18859290	123.89276682	124.56951954	125.02275867	125.82098319	126.50674652	126.98224157	127.23902112	127.44108924	127.61368836	127.77607284	128.04429783	128.35718441	128.67279746	128.94070874	129.14098634	129.29896524	129.49956735	129.73445267	129.97098371	130.19667882	130.43765537	130.78708191	131.10701176	131.33181999	131.61136863	131.98311801	132.42117256	133.00694383	133.74181344	134.60570554	135.59317241	136.71298612	137.84486985	139.00305667
	75.61136638	84.25462272	92.34245757	100.39043869	108.01102678	114.09807172	118.15196343	119.96357023	120.28233077	120.04043725	120.05317894	120.41121207	121.29254090	121.96286407	122.69146379	123.36317312	124.00858792	124.46744627	125.23074788	125.89536974	126.37256372	126.63461676	126.83739484	127.01260587	127.17529334	127.42852924	127.74169950	128.05709155	128.32487131	128.52506011	128.68144519	128.88543562	129.12725240	129.37309162	129.61159297	129.87025791	130.21681127	130.55436966	130.79071609	131.08191748	131.46749683	131.92595350	132.53061442	133.28381982	134.16417741	135.17480670	136.29656687	137.44931168	138.62575972
	75.98310405	84.50607686	92.41340095	100.28776438	107.74097375	113.68983584	117.66593770	119.48349606	119.81907604	119.62561903	119.67826589	120.03870012	120.91538665	121.58041696	122.29793156	122.94688709	123.57385138	124.03937916	124.77441386	125.42750858	125.90847547	126.17754893	126.38281191	126.56449724	126.72597378	126.97015666	127.28501923	127.60011124	127.86764176	128.06578889	128.22002195	128.42451793	128.66971214	128.92173090	129.16727091	129.42797216	129.78917056	130.13255673	130.37360939	130.66993209	131.06216988	131.53293730	132.14737550	132.90982140	133.79814495	134.81732504	135.94864808	137.10929833	138.29844902
	75.90424009	84.48044874	92.41121653	100.23607967	107.60339111	113.47449437	117.43364851	119.24602217	119.58934907	119.42515886	119.51146122	119.91422905	120.77401187	121.45267601	122.17259453	122.81506940	123.42014745	123.90630743	124.63610369	125.28817429	125.76966588	126.04263385	126.24966756	126.43557575	126.59987448	126.84623275	127.16488091	127.48112652	127.74889387	127.94632315	128.09832638	128.30372585	128.54928452	128.80123166	129.04702197	129.30664993	129.68057325	130.02027977	130.25731598	130.55167035	130.94257296	131.41431947	132.02710078	132.78679321	133.67217135	134.68301603	135.82739614	136.98356530	138.17435420
	75.70298864	84.56028134	92.69880314	100.53185652	107.81201330	113.65091497	117.60485191	119.42525494	119.74637258	119.59619305	119.72913794	120.17087959	121.04525676	121.74197178	122.49434442	123.16209367	123.78482103	124.27612015	125.01461778	125.68068539	126.17437796	126.44914307	126.66128878	126.84643084	127.01029571	127.25704824	127.57577408	127.89157378	128.15815832	128.35101282	128.49942071	128.70477771	128.94255029	129.18500550	129.41864417	129.67694908	130.06046676	130.37901624	130.60237712	130.88391389	131.25916306	131.71226507	132.30319920	133.04378911	133.90336994	134.91034657	136.04844385	137.18457431	138.36210437
	75.61565416	84.47072649	92.62379649	100.44065839	107.64212892	113.35991603	117.28011381	119.04987994	119.36456769	119.24286452	119.40366757	119.88203661	120.73082125	121.43870632	122.16995667	122.81453604	123.40196913	123.91769688	124.63504125	125.28095575	125.76697449	126.04140640	126.25706352	126.44657455	126.61607162	126.86808481	127.19085395	127.50890320	127.77649249	127.97092619	128.12135431	128.33130344	128.57536114	128.82533227	129.06830832	129.33960456	129.72720732	130.05018189	130.28064867	130.57016348	130.95455520	131.42194531	132.02634647	132.77807582	133.64669057	134.66356908	135.80879533	136.95343034	138.14072052
	75.83874149	84.73913667	92.87549162	100.52563925	107.45879067	112.93599105	116.74664037	118.42521384	118.75910283	118.69655413	118.87051021	119.44326205	120.24916622	120.97319271	121.66569497	122.27110664	122.74352904	123.33659590	124.02835282	124.65368261	125.11999552	125.39137172	125.60503472	125.80244449	125.99055727	126.24900462	126.58337669	126.90285415	127.17081505	127.36935210	127.51571372	127.74142984	127.99510827	128.24814351	128.49716757	128.79567633	129.19326016	129.51965922	129.75683816	130.05544930	130.45178976	130.93980999	131.55830994	132.31838472	133.18903758	134.21758431	135.38276960	136.53558939	137.73530161
	76.03844986	85.29259130	93.56282536	101.00221113	107.63249927	112.94269131	116.72926425	118.31490392	118.67588509	118.68431869	118.86297860	119.49792038	120.32095746	121.04274766	121.74192549	122.35292260	122.79271296	123.40403503	124.08192496	124.71374422	125.16869358	125.42828100	125.64440329	125.84510053	126.04889069	126.31269307	126.65439364	126.96957746	127.23675619	127.44155234	127.58738252	127.82846115	128.07534190	128.31980294	128.55674389	128.89104541	129.30343408	129.60435854	129.83407027	130.12502740	130.51321568	130.99289776	131.59515311	132.33735694	133.17294536	134.22853642	135.38245703	136.51989253	137.71125798
	76.34814198	85.71679126	93.96188113	101.17610269	107.60695309	112.75362275	116.49318517	118.00390225	118.35592213	118.41369347	118.58072166	119.24367769	120.06723509	120.76265452	121.45133757	122.00257296	122.45072660	123.03648060	123.71260542	124.32412059	124.73923678	124.98613042	125.20812491	125.41691762	125.63935755	125.93441318	126.28766110	126.60372518	126.87585311	127.08830637	127.23766366	127.48631891	127.73689508	127.98196164	128.21040551	128.55806808	129.00432687	129.30279463	129.53907183	129.83627207	130.23483522	130.72795382	131.33954244	132.08565622	132.91901077	133.99757207	135.15405106	136.29907245	137.49906035
	76.72958652	86.19437188	94.37713373	101.24678888	107.47708842	112.43274621	116.04196520	117.50770776	117.80630192	117.94383714	118.12123855	118.81972338	119.62041998	120.31249641	120.97026633	121.39199385	121.89073290	122.46017309	123.11058542	123.65119158	124.03574147	124.27597752	124.51245446	124.74601540	124.99441788	125.30092965	125.69320639	126.03156779	126.31336510	126.52410808	126.67896380	126.93470493	127.20121110	127.45134609	127.66035612	128.06667932	128.52259477	128.82379425	129.07459811	129.38529192	129.80250151	130.31859169	130.95153340	131.71167516	132.55569506	133.65886313	134.81416955	135.97636927	137.19204683
	77.07641450	86.67985776	94.82802781	101.41403182	107.49485704	112.36686649	115.86295122	117.29846901	117.58669191	117.77209787	117.97247273	118.68897985	119.47214552	120.16224523	120.78699277	121.19279596	121.70262317	122.25673837	122.86723595	123.39061929	123.77654491	124.03567861	124.27985471	124.51035393	124.75740209	125.04523022	125.47603684	125.81881238	126.11129884	126.32926633	126.48880968	126.75335002	127.02961150	127.28110754	127.47802376	127.94328348	128.38608372	128.68163657	128.93736465	129.25250395	129.67497138	130.19649603	130.83437791	131.59730647	132.43870348	133.56524174	134.70354824	135.86902790	137.08796666
	77.53856444	87.33638888	95.42075887	101.77036568	107.61077493	112.35999120	115.70119517	117.09429690	117.37642051	117.57511428	117.82413521	118.53343058	119.30697445	119.96305974	120.53863510	120.94479542	121.43987155	121.95618558	122.51674042	123.05260787	123.40589548	123.70102146	123.95155523	124.18739869	124.42253302	124.72289229	125.12674418	125.48542397	125.80687655	126.03217983	126.19795355	126.47565068	126.76555384	127.01216077	127.28378743	127.72850751	128.16305850	128.46515444	128.73082919	129.05729507	129.49072944	130.02431714	130.67358183	131.44274086	132.31079946	133.44628581	134.57795702	135.75260842	136.97973065
	78.97593509	88.86820745	96.63906335	102.50064905	107.99742197	112.51910577	115.61379520	116.89733192	117.19207200	117.43758023	117.68167669	118.41564749	119.15283466	119.77895069	120.25713610	120.68405846	121.17055753	121.62129566	122.16314134	122.62346940	123.00800068	123.31414367	123.58067691	123.82658942	124.07437345	124.39597690	124.75505656	125.10403270	125.45562476	125.69047985	125.86405666	126.16194265	126.47172321	126.69767603	127.01188022	127.48946515	127.90961862	128.21816193	128.49585122	128.83337032	129.27590872	129.82351259	130.48801282	131.27203601	132.14439295	133.29669000	134.42294805	135.60535261	136.83974000
	80.17483620	90.05924587	97.57005573	103.07471943	108.30672714	112.65986551	115.64297363	116.87830254	117.20326926	117.44762487	117.72371508	118.44592332	119.15029141	119.77707394	120.21736058	120.66257193	121.13621533	121.54681392	122.06209406	122.51785616	122.91281162	123.22113472	123.49217365	123.74227252	123.99538515	124.32476807	124.67871157	125.01151310	125.35677672	125.60841729	125.78717854	126.08533980	126.39850679	126.62894448	126.96894830	127.44767628	127.85517282	128.16502741	128.44616441	128.78766764	129.23268258	129.78293509	130.45019836	131.22597978	132.11713892	133.26742656	134.39095638	135.57392746	136.80855613
	81.45111209	91.24803930	98.44142111	103.58097765	108.52990763	112.71856271	115.55268365	116.74658119	117.08781705	117.34590813	117.66521279	118.36266052	119.04308780	119.67936079	120.08056615	120.52135465	120.97802210	121.34980813	121.83554252	122.28370805	122.67615410	122.99914529	123.27144367	123.52909860	123.79113742	124.12638168	124.48687956	124.81413055	125.12550166	125.39057241	125.58939799	125.89204439	126.20608626	126.43793879	126.82473726	127.28879919	127.68929592	128.00028551	128.28520439	128.63049319	129.07831612	129.63182045	130.30431483	131.08444226	131.98687260	133.13064536	134.25318070	135.43795153	136.67414876
	83.32782585	92.96534029	99.64970325	104.31020811	108.87619167	112.79536718	115.39506564	116.53135824	116.87876965	117.13919970	117.49328765	118.17019840	118.81391743	119.46363801	119.81880092	120.23473008	120.65796375	121.04083033	121.45958273	121.87204372	122.26215341	122.58370416	122.85825810	123.12938170	123.40244166	123.75108520	124.12591072	124.45995923	124.74531167	124.99863975	125.20642130	125.52227089	125.83463463	126.07639710	126.51686711	126.95772260	127.35710262	127.67171291	127.96225539	128.31893239	128.77392813	129.33633972	130.02422959	130.79906397	131.75374870	132.87844959	134.00720401	135.19937179	136.44348536
	84.92399470	94.33450144	100.59293561	104.86362770	109.13446785	112.84313215	115.28722728	116.35852912	116.71640130	116.99467330	117.35172806	118.01230971	118.63852469	119.28322220	119.60900882	119.99340933	120.38785835	120.73989696	121.13927173	121.54101492	121.91911885	122.23504624	122.51344820	122.79266465	123.07333711	123.43105762	123.80759167	124.14261844	124.43097243	124.69332043	124.89862003	125.20993959	125.52242480	125.79094077	126.24726664	126.68340984	127.08067245	127.39944504	127.69506249	128.06140527	128.52004675	129.09214720	129.79678867	130.56905068	131.56314131	132.67480765	133.81045744	135.01026639	136.26196341
	86.22554800	95.41709942	101.33653600	105.30836586	109.38276012	112.96278581	115.30765675	116.34883733	116.71598331	117.00599828	117.37162100	118.01911259	118.64384380	119.27711120	119.59801163	119.96379786	120.34274980	120.67183091	121.04437009	121.45828288	121.83324903	122.14480410	122.42527854	122.70799121	122.99378173	123.34997105	123.72934526	124.06586190	124.35763710	124.61101631	124.82882246	125.13533538	125.44504825	125.72599082	126.19747005	126.63390939	127.02649753	127.34526876	127.64271654	128.01166426	128.46788650	129.04110533	129.75062388	130.51829090	131.52990825	132.62967522	133.76396385	134.96317279	136.21429088
	87.16380465	96.23207256	101.95101707	105.72651961	109.67707196	113.20894310	115.52139395	116.54489352	116.91876673	117.21635759	117.58781978	118.22675654	118.84547503	119.48627493	119.81606232	120.17933873	120.55576055	120.85920342	121.21038360	121.64864999	122.02476793	122.33147762	122.61003430	122.89297930	123.18127962	123.53910032	123.90934285	124.24561649	124.53917026	124.77316296	125.00511124	125.31678373	125.61848418	125.89537104	126.40513344	126.82495075	127.21349144	127.52852101	127.82420660	128.18881225	128.63554622	129.19926232	129.90075595	130.65479032	131.67473551	132.74973594	133.87335685	135.06173002	136.30209726
	88.67157397	97.40580752	102.71599739	106.22565081	109.98361673	113.40372687	115.62736455	116.62608180	116.98139065	117.29604161	117.67640041	118.30174095	118.92132442	119.55269172	119.88526851	120.22889888	120.59245952	120.85683062	121.20045193	121.65077377	122.01270686	122.31641945	122.59451222	122.87908174	123.16948106	123.53331763	123.90302569	124.24123221	124.54133101	124.75800656	125.00737748	125.30660119	125.59612344	125.91859048	126.43656362	126.85002838	127.23673190	127.55174568	127.84761701	128.21134697	128.65457435	129.21556299	129.91507606	130.66222984	131.69496141	132.75524787	133.87329979	135.05563848	136.29063339
	90.44753465	98.73310368	103.51841948	106.78200482	110.33874955	113.57031481	115.66147547	116.62434308	116.98072090	117.31124847	117.69685455	118.30183641	118.90248127	119.52285756	119.85285648	120.16660632	120.51253722	120.76375050	121.06565450	121.54287318	121.86848088	122.17008534	122.45091634	122.73838678	123.03059638	123.40259128	123.77303382	124.11294649	124.42571134	124.64706138	124.86886668	125.16978922	125.46109110	125.87209363	126.34648014	126.76157791	127.14809855	127.46618133	127.76327025	128.12898805	128.57470354	129.13966847	129.84377510	130.61273890	131.64645444	132.70126568	133.82053697	135.00455408	136.24119214
	92.57106619	100.17371848	104.32443199	107.31402976	110.65556506	113.66774405	115.61808595	116.53563096	116.90018796	117.25997090	117.63564509	118.22159526	118.81031601	119.37788853	119.70025754	119.97024607	120.28885769	120.53118356	120.80454020	121.26966856	121.57079733	121.86098989	122.14453081	122.43547211	122.72959952	123.11362339	123.48773555	123.83062376	124.16396699	124.39718952	124.62041721	124.87569359	125.15921247	125.65116903	126.10849173	126.52678217	126.91325030	127.23635169	127.53932593	127.90709806	128.36002688	128.93165151	129.63895823	130.46337692	131.47750754	132.52805088	133.64993235	134.83742088	136.07851154
	93.67187900	100.86875399	104.67432528	107.54272119	110.78724454	113.68852027	115.59586863	116.50749686	116.87238507	117.23603109	117.61208261	118.20134337	118.80437530	119.30588371	119.63942412	119.88179101	120.18511868	120.42790594	120.68507051	121.10009368	121.44537775	121.72087297	121.99210121	122.28939159	122.58576697	122.97823887	123.35097227	123.69720052	124.03907029	124.29806852	124.49885806	124.72289188	125.06747026	125.55755390	126.01627404	126.42544707	126.81249806	127.13978720	127.44490091	127.81298407	128.27056163	128.84526052	129.54837696	130.40662462	131.40925754	132.45709293	133.57864923	134.76716166	136.01071323
	94.50373495	101.52382287	105.18120812	107.96379443	111.12718996	113.96097105	115.86654154	116.76446288	117.12706122	117.48253394	117.84976901	118.43650596	119.06361529	119.52389794	119.88472710	120.12280144	120.41962587	120.65434446	120.89281365	121.27746472	121.66769236	121.94738330	122.20579336	122.49607155	122.78766551	123.17525024	123.55651707	123.90413051	124.24232960	124.51045850	124.68459919	124.89439980	125.30601169	125.76981745	126.22590137	126.63639925	127.02192744	127.34865544	127.65165495	128.01647345	128.46885009	129.03531536	129.72391628	130.61539656	131.59138167	132.62734903	133.74063443	134.92156252	136.15824464
	95.98559196	102.34889087	105.55307903	108.18094927	111.19093615	113.85968234	115.64929601	116.55087519	116.92512491	117.28144268	117.65653847	118.24820412	118.86249316	119.27215456	119.61051300	119.79921023	120.05818652	120.29824337	120.50388066	120.84867963	121.23765821	121.53745934	121.81174813	122.06417916	122.37407584	122.76694505	123.15741970	123.51078109	123.84888628	124.11770518	124.26668179	124.51813714	124.97144663	125.43337137	125.87765250	126.28259475	126.66393067	126.99461960	127.30372758	127.67757206	128.14389169	128.72535723	129.43252263	130.34889399	131.32637533	132.36643839	133.48639960	134.67573633	135.92316739
	96.85368704	102.82925717	105.79610379	108.31801604	111.21828304	113.80020522	115.53164456	116.43005464	116.81007503	117.16217181	117.53922089	118.12112718	118.73389312	119.12931557	119.46572011	119.62271416	119.85449540	120.08268535	120.26798447	120.58718175	120.98788650	121.30399272	121.57647994	121.82528567	122.15984409	122.54510745	122.93683615	123.29315172	123.63593724	123.87409476	124.03030945	124.30067997	124.76725998	125.22923714	125.67395264	126.08078817	126.46205886	126.79438746	127.10729663	127.48791397	127.96210461	128.55356839	129.26486255	130.20133480	131.17672455	132.21790648	133.34107781	134.53423628	135.78758849
	97.67242890	103.60823874	106.52119433	108.93624928	111.73355389	114.25808532	115.96719870	116.85275631	117.23206535	117.57803217	117.93779784	118.53551609	119.14533938	119.52062614	119.90793848	120.06716938	120.29753994	120.53048375	120.72254030	121.01328790	121.36610732	121.68375962	121.95748498	122.27133626	122.61634241	123.00333036	123.37721696	123.73806964	124.06721130	124.25114595	124.40780511	124.72426199	125.21022745	125.66137310	126.09855662	126.50442043	126.88318084	127.21278467	127.51901281	127.89257791	128.35414031	128.93280299	129.67423826	130.58756904	131.54385185	132.57124084	133.68267132	134.86446960	136.10817929
	98.71426343	104.67515870	107.56515237	109.83088016	112.50790703	114.95995827	116.65775743	117.53583206	117.88612818	118.21024120	118.54438370	119.15412916	119.74973409	120.09819705	120.53521256	120.71345530	120.95135473	121.21062962	121.41506506	121.67482532	121.97224005	122.27852501	122.55109365	122.90253203	123.24633451	123.64542958	124.01640759	124.37623749	124.67906516	124.81701249	124.98320033	125.37990408	125.86369645	126.30508463	126.73233353	127.13626436	127.49696061	127.81565415	128.11305217	128.47279566	128.91612147	129.48595930	130.26295139	131.13491941	132.06510001	133.07192339	134.16569208	135.33027406	136.55899171
	99.95643494	105.73532182	108.50952506	110.58498379	113.09906801	115.44283599	117.11164959	117.98203059	118.32113571	118.61225680	118.92891848	119.51500697	120.11100998	120.41258448	120.86790421	121.06213215	121.26195050	121.52467693	121.72201629	121.98040495	122.23648550	122.47529485	122.78071176	123.12386772	123.46315530	123.90220614	124.28206090	124.64078870	124.89291229	125.05504773	125.29471468	125.70022799	126.14697303	126.59242844	127.01893094	127.41462860	127.76938562	128.08260114	128.37998772	128.72909876	129.16290206	129.76001653	130.54501925	131.40052287	132.31395543	133.30751933	134.39109063	135.54605954	136.77075482
	100.80532836	106.30255189	108.96495056	110.94157692	113.34619698	115.60202040	117.26251808	118.11305216	118.45771780	118.74108227	119.06674111	119.62162229	120.23754765	120.52264749	120.93688085	121.16156979	121.32758686	121.58276157	121.76896247	122.02415130	122.28847812	122.51244961	122.80838315	123.08954978	123.43825468	123.89862928	124.27906816	124.64347673	124.86805430	125.10460121	125.36578206	125.75033111	126.18389687	126.63430686	127.06319447	127.46090095	127.81438827	128.12515045	128.42615477	128.76961611	129.20555234	129.83237076	130.61209614	131.46604648	132.37481700	133.36563152	134.44742792	135.60022961	136.82624967
	101.63498750	106.99098781	109.68650609	111.58726608	113.89790235	116.09153156	117.76642959	118.60939070	118.92820901	119.18818090	119.53390050	120.03763965	120.68434935	120.97766801	121.32521138	121.64480569	121.78922029	122.04360349	122.22504639	122.48603562	122.76025747	122.98621857	123.23567452	123.50236931	123.86990046	124.30692550	124.68963582	125.05737792	125.26147527	125.54679164	125.81463026	126.19358571	126.63561927	127.08708407	127.51715850	127.89067264	128.23746987	128.53372100	128.83905734	129.16521869	129.62308633	130.25687493	131.02422275	131.86574761	132.76114063	133.74145852	134.81507426	135.95933764	137.17996141
	102.66587100	107.75520187	110.40489760	112.17950186	114.35449459	116.46138362	118.15015222	118.99975602	119.31494593	119.55784214	119.90113087	120.35671811	120.99570344	121.29609509	121.57144848	121.90936285	122.06935561	122.30622521	122.47435945	122.73344684	123.01198489	123.23378836	123.45231897	123.71447126	124.07882329	124.43754214	124.82239122	125.19805954	125.47652811	125.81113478	126.07581573	126.43263197	126.88395891	127.33578650	127.78294271	128.14265292	128.48911173	128.76949966	129.08576109	129.41096267	129.90355188	130.54048057	131.30301381	132.13896660	133.02858385	134.00657315	135.07947846	136.22485763	137.45313073
	104.23617859	108.85971510	111.66838271	113.44920465	115.53484526	117.53564868	119.24148411	120.03781394	120.33769586	120.56961822	120.88588039	121.32229760	121.96717074	122.28652440	122.53320177	122.82868876	123.09672781	123.32987204	123.50300415	123.77665015	124.06790125	124.29181707	124.52061074	124.77804926	125.10610998	125.44014379	125.83116466	126.20235604	126.51653507	126.82417709	127.09235593	127.46245397	127.88070149	128.32801923	128.77206794	129.10477851	129.39967867	129.69117126	130.01329599	130.37200013	130.86136319	131.47807700	132.22555641	133.04050813	133.90719926	134.86851686	135.92283814	137.04915083	138.25673503
	105.30280099	109.51201161	112.27499621	114.00197739	116.02679696	117.94964451	119.66453593	120.45853517	120.74854690	120.95717139	121.27141495	121.67670952	122.32262020	122.63599028	122.84012641	123.13093136	123.40623535	123.64022932	123.81253937	124.08594161	124.38154459	124.60282495	124.83431551	125.09026425	125.41604243	125.74276476	126.13459622	126.51219302	126.83449379	127.13049634	127.39984280	127.78453880	128.19728470	128.64670585	129.07771187	129.39436017	129.67083536	129.96907308	130.30212913	130.68251259	131.16401336	131.77949471	132.52784517	133.33660245	134.19764522	135.15807932	136.21113809	137.33918026	138.54132734
	106.27945560	110.02818504	112.63610484	114.19818678	116.12901623	117.99583519	119.72634089	120.56167116	120.86761969	121.06438513	121.40275237	121.77245313	122.40466781	122.70666498	122.84463050	123.12089921	123.38856399	123.59672365	123.75463505	124.01541525	124.30829962	124.52441852	124.75763420	125.01139701	125.34459299	125.66803645	126.06044467	126.45935036	126.78720772	127.07852612	127.33952697	127.76128053	128.17231168	128.62082517	129.03183823	129.35384245	129.63879074	129.92288592	130.28220553	130.68154091	131.16419682	131.78922290	132.53931184	133.35302746	134.22043261	135.18890112	136.25286170	137.39143016	138.60186445
	108.83741633	111.56970260	113.72428239	115.19187435	116.92178459	118.73210592	120.42468757	121.25852359	121.57084719	121.75871342	122.09823175	122.48788768	123.10811451	123.45176847	123.58449489	123.81815724	124.13612497	124.32410226	124.49665794	124.76376451	125.06686475	125.27873317	125.52164306	125.77749731	126.11872767	126.46115533	126.84622084	127.23820195	127.56219594	127.85332335	128.06940558	128.51881772	128.92129452	129.31403731	129.71364813	129.99294138	130.32570657	130.58074011	130.94620544	131.33952005	131.81253506	132.43247239	133.18823662	133.99289605	134.83920039	135.79577765	136.84280785	137.96420195	139.12696524
	111.15404538	112.90519709	114.76044272	116.01196782	117.54464308	119.34698386	121.08769524	121.95922725	122.26136589	122.42136761	122.70756339	123.08769409	123.65652559	123.99362868	124.11324699	124.28131326	124.61821385	124.77547880	124.97938862	125.21680262	125.53215263	125.72835564	125.98076191	126.24361883	126.57636123	126.91424440	127.29554861	127.66401662	127.99348882	128.30764661	128.53819084	129.01023058	129.38407121	129.74153959	130.15420174	130.44659071	130.78018608	131.07638695	131.42277055	131.80996231	132.28300635	132.92125224	133.65486672	134.44557884	135.29122978	136.24802228	137.31186275	138.43099602	139.58223574
	113.01674392	113.90964780	115.48061342	116.65540597	118.11755471	119.92683306	121.67933376	122.58179513	122.87788977	123.02474076	123.28088773	123.68602556	124.21112901	124.59794478	124.71834537	124.88711993	125.16468197	125.32970548	125.60874967	125.85837082	126.17835667	126.35757828	126.61928082	126.89097594	127.21947437	127.56034465	127.94299016	128.31314090	128.64360206	128.96699945	129.20118507	129.65043391	130.00381679	130.31089348	130.72148456	131.02838384	131.35381608	131.65102785	131.99667480	132.37512751	132.84460321	133.49250465	134.21597328	134.99776077	135.83248117	136.77862143	137.82517350	138.93861890	140.11361628
	114.47322606	114.81439497	116.07002442	117.16672639	118.58924706	120.42121891	122.19540639	123.14741989	123.44360008	123.57196812	123.80824744	124.23228250	124.73398589	125.16347959	125.29334970	125.47738783	125.70099136	125.87877583	126.18376934	126.43787755	126.78252687	126.96209487	127.23491374	127.51020745	127.83772898	128.19298754	128.57591870	128.94645946	129.27608233	129.60113746	129.84626678	130.23121011	130.57283922	130.86892037	131.27425354	131.59037934	131.90943086	132.20052813	132.54706130	132.91824715	133.38709123	134.03517524	134.74752691	135.51551716	136.33111168	137.27113469	138.29512096	139.41222605	140.60377852
	116.87564209	116.38877879	117.14514993	118.24423464	119.65852935	121.53362466	123.34539208	124.36296330	124.66183960	124.72793327	124.95719320	125.36993900	125.85751401	126.33897953	126.53289137	126.75841974	126.93490613	127.10906113	127.34642804	127.63296558	128.06350274	128.31267190	128.59163353	128.85407438	129.19668630	129.58411495	129.96334672	130.33173809	130.65873370	130.96804434	131.23650978	131.46645549	131.77139600	132.12052668	132.49484972	132.80960298	133.10777060	133.38727539	133.75332589	134.10935706	134.57449197	135.22219339	135.91038125	136.64885275	137.41905179	138.33344523	139.32993790	140.47020757	141.67329939
	118.31033981	116.87902200	117.42623984	118.72024044	120.23210423	122.18220864	124.01531945	125.08354379	125.35896147	125.36437728	125.55840380	125.91169266	126.35015282	126.78001447	126.96352306	127.20618496	127.36436244	127.47059224	127.67362156	127.96790816	128.35343297	128.59861643	128.90354982	129.19052849	129.55506816	130.03227994	130.41826190	130.80175327	131.13198725	131.43823602	131.65415756	131.89678693	132.18502350	132.55486681	132.91221532	133.22392058	133.51149092	133.79316447	134.17206897	134.52237573	135.03501495	135.66241165	136.32715126	137.06503007	137.90047792	138.78368656	139.82085685	140.97559403	142.21662513
	119.08055732	117.38434413	117.73042287	119.08513203	120.64862606	122.64534741	124.45604260	125.52806999	125.75437604	125.78523067	125.99180031	126.31931660	126.77098008	127.17446336	127.38290359	127.62039615	127.76495672	127.84978696	128.02173222	128.30706005	128.63117272	128.89458064	129.26724130	129.60424388	129.94201956	130.43141714	130.83091326	131.22277040	131.55933342	131.90211830	132.04064377	132.29801277	132.63639728	133.03276875	133.37669419	133.68136804	133.95922580	134.24164350	134.61354516	134.96392097	135.50587245	136.12970878	136.76263591	137.50049034	138.34132600	139.25511830	140.31546588	141.48531100	142.74797841
	119.83409653	118.10103547	118.10836639	119.44688776	121.09027252	123.09922652	124.88456107	125.95924361	126.14673656	126.18960143	126.40013460	126.71891473	127.18163723	127.53203892	127.75735783	127.98710863	128.11041763	128.20904960	128.35399670	128.61927933	128.90448746	129.16071766	129.57069180	129.92909386	130.26548837	130.75169094	131.17155059	131.56138518	131.88280211	132.22998447	132.34781008	132.63026149	133.03907982	133.44562531	133.78582184	134.08605058	134.36137617	134.65850933	134.99887311	135.35088296	135.89924215	136.50219845	137.10694162	137.84178701	138.70940318	139.64964623	140.71197804	141.89965407	143.17698619
	121.08388297	119.31391154	118.86954437	120.28729587	122.08619346	124.05829099	125.80039112	126.84120260	126.95802680	127.04556902	127.25123055	127.56659291	128.00491066	128.26834703	128.51053220	128.69657743	128.82375364	128.94198045	129.05415787	129.28559765	129.56273301	129.83896738	130.20293680	130.54260668	130.92483978	131.35918565	131.77783012	132.20219649	132.56374079	132.91032862	133.08169263	133.40242029	133.82882205	134.23655814	134.56689374	134.85802541	135.12889955	135.44867965	135.79124097	136.15839525	136.66373875	137.20774805	137.84329595	138.59059273	139.48849598	140.45124635	141.51794660	142.69611975	144.00916922
	122.44846578	120.72224613	120.00081322	121.38783859	123.29928057	125.20622229	126.88210213	127.87896398	127.94395710	128.09331618	128.32623143	128.62832950	128.98575268	129.26278911	129.47649261	129.69930393	129.83474903	129.97561998	130.08209864	130.32488439	130.59199452	130.86028925	131.17021910	131.51328744	131.96471730	132.38075152	132.81425706	133.26734148	133.69081119	133.98362896	134.21656988	134.56370488	134.97146510	135.36054821	135.67282649	135.94260514	136.19962466	136.52672079	136.85516588	137.11116152	137.59758408	138.21381599	138.86934881	139.65091067	140.54200775	141.50964262	142.57789592	143.75762315	145.08305489
	125.19248492	123.60476684	122.34534035	123.29479898	125.31782169	127.18826411	128.83949652	129.71373656	129.86951763	129.95170907	130.19125272	130.45658585	130.81459618	131.07059971	131.27726909	131.53383669	131.70739404	131.84832654	131.94985504	132.20329880	132.49493543	132.77468419	133.08788386	133.44970284	133.88654157	134.31450873	134.76027195	135.22735775	135.66824860	135.98923909	136.22402121	136.56908996	136.91304285	137.25855505	137.53785678	137.78207653	138.01290828	138.30551609	138.56559754	138.79193324	139.27457867	139.91300056	140.58096352	141.36521117	142.23586941	143.18878870	144.24910727	145.39854053	146.70521656
