	3.65023123	3.54676406	3.45099156	3.34100066	3.25492112	3.17731975	3.36165768	3.28620113	1.55686742	2.45100492	2.57003830	2.68807084	2.86099723	3.05483599	3.34791059	3.81307949	4.66371484	5.59540385	6.61186197	7.59280469	8.37024734	9.05369946	9.51370720	9.96388655	10.17665456	10.61964263	10.87977500	10.98930531	11.06585422	11.13323427	11.19309933	11.24214762	11.27360262	11.27710493	11.25101411	11.20660145	11.15665967	11.10946904	11.06670767	11.02621045	10.98562373	10.94110716	10.88712500	10.81610592	10.71945306	10.52380886	10.32034245	10.19174877	10.10173435
	3.60787883	3.51036474	3.40049091	3.28984359	3.21160054	3.14120532	3.07118113	2.98088653	0.15683468	2.39619305	2.52192355	2.65836252	2.82384632	3.04932044	3.37612340	3.87895728	4.56083349	5.43089075	6.48258536	7.51747172	8.34375157	9.06486949	9.57996451	10.00102651	10.24150549	10.72661676	10.92540346	11.03100877	11.11377443	11.19130380	11.26180125	11.31948568	11.35551686	11.35597674	11.31907302	11.26051111	11.19750221	11.14016310	11.08979517	11.04388819	10.99919443	10.95128395	10.89423232	10.82000439	10.71982482	10.51773324	10.31485239	10.18423135	10.08957890
	3.56354054	3.46318820	3.34242616	3.25070190	3.17656784	3.10703449	3.02771759	2.94519117	0.29319299	2.38298269	2.50960893	2.64597732	2.79170750	3.02708357	3.35202523	3.85255472	4.49829790	5.34485326	6.41502251	7.48936398	8.33289629	9.06164632	9.58087835	10.00263624	10.24571518	10.73123896	10.92812897	11.03397317	11.11847601	11.19878453	11.27274739	11.33412206	11.37298587	11.37346790	11.33343667	11.26992610	11.20213765	11.14113225	11.08818915	11.04066062	10.99489416	10.94620895	10.88815472	10.81193772	10.70767154	10.48324469	10.28322517	10.15536294	10.06072547
	3.52368241	3.40918771	3.29609222	3.21543436	3.14200549	3.06835022	2.98673071	2.91095200	0.42214657	2.38337842	2.50688833	2.64043707	2.77256378	3.00680543	3.32776865	3.83604763	4.46324949	5.31039714	6.39597807	7.48612517	8.33585524	9.06655879	9.59233034	10.00590637	10.25110354	10.73671619	10.93037858	11.03616725	11.12217109	11.20479392	11.28152236	11.34551274	11.38600942	11.38607974	11.34337907	11.27629410	11.20514671	11.14165237	11.08700025	11.03833615	10.99179433	10.94252916	10.88366462	10.80592398	10.69861697	10.45972458	10.26436933	10.13896923	10.04497298
	3.44866963	3.31977371	3.23431710	3.16043825	3.08733864	3.01040401	2.93840642	1.81577491	0.69627374	2.38822221	2.50360415	2.63067815	2.73810330	2.96304835	3.26146133	3.73806135	4.36551221	5.23244656	6.35052364	7.47023700	8.33285756	9.06802707	9.59389461	10.00666317	10.25209269	10.73772832	10.93037355	11.03727574	11.12649879	11.21381957	11.29608057	11.36553939	11.40991396	11.41034946	11.36372827	11.29053400	11.21335945	11.14526183	11.08761299	11.03709219	10.98954353	10.93976430	10.88042709	10.80164876	10.69146036	10.43829109	10.24581601	10.12270626	10.02977740
	3.38265468	3.26928837	3.19384524	3.11754789	3.04102823	2.96931477	2.90565438	0.01826924	1.50371431	2.39591975	2.50178299	2.62624119	2.72500896	2.94717780	3.23618542	3.68007001	4.31941011	5.19534094	6.33504996	7.46998088	8.33699228	9.07167385	9.59913058	10.00700676	10.25168307	10.73722708	10.92968814	11.03701696	11.12775324	11.21719154	11.30200020	11.37382552	11.41967845	11.41978296	11.37090840	11.29458104	11.21435278	11.14396400	11.08483636	11.03340781	10.98545160	10.93550277	10.87599884	10.79646919	10.68422048	10.41943328	10.22961642	10.10819861	10.01575298
	3.32160846	3.23157235	3.15455260	3.07284922	3.00118098	2.93695024	2.88156935	0.00000000	1.79766506	2.39791960	2.49919903	2.62062592	2.71109741	2.92597764	3.20351997	3.60448269	4.25480221	5.13047267	6.28570579	7.44246507	8.32247132	9.06303073	9.57779821	10.00247600	10.24422788	10.72973909	10.92541525	11.03317180	11.12399269	11.21360536	11.29861743	11.37054827	11.41663962	11.41722425	11.36871564	11.29228257	11.21158948	11.14062748	11.08108412	11.02940456	10.98127445	10.93125244	10.87171334	10.79192341	10.67855934	10.40826149	10.22170917	10.10199939	10.01035747
	3.24237960	3.16022682	3.06688118	2.99207952	2.92956855	2.87657519	2.86338344	0.00000000	2.30543502	2.41383447	2.50118911	2.62137697	2.70514839	2.91012483	3.17691403	3.55608877	4.21195288	5.11230803	6.30522414	7.46729448	8.34439138	9.07950807	9.60607050	10.00524582	10.24350352	10.72759668	10.92092902	11.02772584	11.11853978	11.20839574	11.29374361	11.36545252	11.41087150	11.41003191	11.36051959	11.28346201	11.20209190	11.13033412	11.06983444	11.01732344	10.96835277	10.91733066	10.85614603	10.77311205	10.65154466	10.36001500	10.18733207	10.07440259	9.98550389
	3.19377461	3.09468949	3.00329179	2.93850198	2.87768862	2.83824497	1.43481297	-0.00411810	2.30085278	2.42171360	2.50422297	2.62151368	2.70019004	2.89485615	3.14858538	3.51002457	4.15034816	5.05767747	6.27656064	7.45145483	8.33711022	9.07389544	9.59151974	9.99780945	10.22978871	10.71357123	10.91127107	11.01837770	11.10899223	11.19834535	11.28334538	11.35511804	11.40093862	11.40081744	11.35239424	11.27609971	11.19483884	11.12256678	11.06139763	11.00825382	10.95855930	10.90662542	10.84421115	10.75887186	10.61665412	10.32766509	10.16400802	10.05562227	9.96863430
	3.12158591	3.01038437	2.93407503	2.85435304	2.80955044	2.79530661	0.00000000	0.99217855	2.32134169	2.43335074	2.51271402	2.62373941	2.69683715	2.88039573	3.11592225	3.45863634	4.06745462	4.98328793	6.23230333	7.42255578	8.31750286	9.05675763	9.54988763	9.98275669	10.20734924	10.69386144	10.90038131	11.00938939	11.10229977	11.19522042	11.28587841	11.36501471	11.41826823	11.42271106	11.37412662	11.29408982	11.20778406	11.13049180	11.06540218	11.00939415	10.95748894	10.90380866	10.83988706	10.75264780	10.58986444	10.30417651	10.14357702	10.03718807	9.95082475
	3.03579388	2.94297980	2.84466478	2.76904761	2.75458093	2.74500246	0.00000000	2.02755570	2.34098980	2.44087785	2.52284214	2.62789240	2.69830299	2.87871197	3.11002681	3.44828474	4.04956100	4.98631482	6.24387993	7.43287619	8.32364540	9.05904083	9.55111802	9.97927386	10.20216166	10.69218407	10.89932774	11.00916950	11.10479656	11.20292597	11.30142849	11.38998453	11.45133471	11.45878974	11.40693395	11.32026811	11.22703970	11.14379953	11.07418514	11.01490279	10.96047435	10.90500226	10.83962030	10.75067654	10.57753974	10.29228223	10.13234857	10.02637521	9.93974673
	2.99567882	2.90258083	2.78703504	2.73896857	2.72928382	2.71725046	0.00000000	2.08361090	2.35480940	2.44589016	2.53148946	2.63045691	2.69875152	2.87594218	3.10175544	3.43609145	4.02518640	4.97460631	6.24049963	7.43274696	8.32249905	9.05694863	9.54279040	9.97534924	10.19665124	10.68925423	10.89803433	11.00884692	11.10637760	11.20829252	11.31245613	11.40780288	11.47493608	11.48435713	11.42967223	11.33789437	11.23960041	11.15221902	11.07958612	11.01811288	10.96202703	10.90535059	10.83896631	10.74881931	10.56792822	10.28427568	10.12505996	10.01924826	9.93227660
	2.95928059	2.84986713	2.74767709	2.71189359	2.70033945	2.71882749	0.00000000	2.15341306	2.36735986	2.44917470	2.53866492	2.63271086	2.70031682	2.87763079	3.10711123	3.44531072	4.04788319	5.00918461	6.27295384	7.45737193	8.33917927	9.06821541	9.56388442	9.97880128	10.20067084	10.69418693	10.90075230	11.01165354	11.11057869	11.21577068	11.32486038	11.42584316	11.49726649	11.50712843	11.44903419	11.35251284	11.25006567	11.15949677	11.08449096	11.02118598	10.96357869	10.90559615	10.83780805	10.74562939	10.55358342	10.27558968	10.11866800	10.01379366	9.92679086
	2.92946067	2.80271640	2.72107800	2.68033629	2.65797351	1.63016417	0.00000000	2.19304792	2.37682267	2.45334354	2.54672001	2.63531423	2.70243131	2.87867486	3.10860535	3.44661143	4.03944728	5.00586077	6.27310364	7.45846743	8.33912730	9.06723306	9.55986270	9.97649701	10.19729513	10.69174362	10.89995944	11.01158059	11.11134565	11.21826671	11.33017383	11.43429128	11.50824044	11.51830938	11.45813050	11.35869476	11.25376984	11.16132245	11.08497746	11.02066366	10.96219733	10.90340900	10.83468073	10.74099603	10.53733426	10.26544660	10.11105523	10.00723883	9.92035987
	2.87777703	2.74821279	2.68325621	2.62549826	2.59912482	0.45269557	0.00000000	2.22355118	2.38641283	2.45718051	2.55484405	2.63783639	2.70474816	2.88066467	3.11592361	3.45865600	4.06177847	5.03659859	6.30043265	7.47823781	8.35085275	9.07383355	9.56896497	9.97682967	10.19633432	10.69040743	10.89909102	11.01108836	11.11086389	11.21843036	11.33142746	11.43642394	11.51046003	11.51915981	11.45706674	11.35620465	11.25057142	11.15780789	11.08121411	11.01644410	10.95722788	10.89736281	10.82687935	10.72995831	10.50431102	10.24684926	10.09853880	9.99737408	9.91119271
	2.81528002	2.70625037	2.63862798	2.56248861	2.54915597	-0.03468237	0.00000000	2.24149010	2.39496932	2.46131595	2.56206917	2.64012699	2.70670917	2.88178720	3.12107635	3.46782663	4.08195544	5.06413898	6.32653791	7.49546526	8.36103699	9.07886854	9.57593121	9.97623259	10.19378244	10.68639984	10.89648349	11.00862582	11.10766556	11.21453717	11.32670225	11.43037419	11.50279892	11.50990079	11.44709856	11.34670349	11.24205391	11.15033299	11.07440058	11.00974243	10.94998985	10.88895563	10.81629868	10.71508250	10.46500554	10.22445636	10.08350585	9.98556907	9.90022829
	2.77557739	2.68256770	2.59940475	2.53174851	2.53657832	-0.00056937	0.00067000	2.24952585	2.39824671	2.46270453	2.56476233	2.64086307	2.70803320	2.88456539	3.13371744	3.49003476	4.12599306	5.12140051	6.37517550	7.52696284	8.38125285	9.09106880	9.59876838	9.98010231	10.19691057	10.68632897	10.89562090	11.00706492	11.10485238	11.21002322	11.31981716	11.42028096	11.48914102	11.49360920	11.43059198	11.33209604	11.23009723	11.14074545	11.06636270	11.00247409	10.94253321	10.88045974	10.80543632	10.69950285	10.42734703	10.20410261	10.07073161	9.97612004	9.89175822
	2.72302411	2.64276782	2.53637607	2.49598168	2.52278131	0.00000000	0.10610865	2.26534645	2.40661479	2.46908862	2.57347144	2.64377337	2.71060428	2.88485271	3.13457961	3.49173290	4.12893474	5.13017183	6.38497260	7.53228032	8.38280818	9.08970720	9.59130076	9.97607968	10.18931720	10.67616643	10.88936031	11.00087246	11.09726381	11.20051729	11.30798782	11.40568217	11.47201275	11.47548316	11.41343138	11.31705791	11.21738834	11.12997858	11.05697212	10.99357423	10.93319868	10.86980697	10.79215811	10.68074821	10.38793978	10.18050622	10.05426503	9.96276012	9.87908586
	2.69142926	2.59673407	2.49932200	2.47813519	2.52197513	0.00000000	1.04712172	2.27772123	2.41148733	2.47344529	2.57898567	2.64575881	2.71304660	2.88640861	3.14096004	3.50256773	4.15533626	5.15821718	6.41060555	7.54642670	8.39088556	9.09326949	9.59728861	9.97535547	10.18665792	10.67118386	10.88488291	10.99549364	11.09028688	11.19171613	11.29685674	11.39182890	11.45516326	11.45696079	11.39547388	11.30128297	11.20413149	11.11903117	11.04772888	10.98513038	10.92468594	10.86022608	10.78015523	10.66362010	10.35699862	10.16185692	10.04119312	9.95205728	9.86882288
	2.65765312	2.54243622	2.47326263	2.45910196	2.58450755	0.00000000	1.92936673	2.29577441	2.41702291	2.47998987	2.58518098	2.64832257	2.71629300	2.88751332	3.14414711	3.50805031	4.16959771	5.17254922	6.42245024	7.55190011	8.39249855	9.09234281	9.59434845	9.97209651	10.18131385	10.66427381	10.87912645	10.98879192	11.08221903	11.18207071	11.28576864	11.37938245	11.44149395	11.44295451	11.38237656	11.28993494	11.19455728	11.11106023	11.04108998	10.97906279	10.91860903	10.85333972	10.77132651	10.64782425	10.33375638	10.14659208	10.02975991	9.94227374	9.85914454
	2.62197350	2.49984212	2.44886007	2.43208357	3.08307003	0.00000000	1.98372686	2.30586346	2.41891736	2.48244004	2.58719277	2.64949668	2.71888995	2.89017907	3.15379381	3.52676171	4.20681506	5.21950882	6.47243473	7.57402795	8.40775391	9.10018522	9.61330190	9.97446552	10.18335634	10.66409965	10.87629336	10.98388241	11.07559427	11.17306428	11.27452682	11.36537650	11.42507905	11.42540845	11.36576750	11.27567895	11.18287027	11.10180722	11.03379764	10.97271122	10.91253604	10.84676404	10.76281966	10.62558240	10.31367428	10.13424455	10.02109391	9.93518681	9.85233796
	2.56792668	2.46695856	2.41775992	2.38876088	2.18862788	0.00000000	2.00322804	2.31965080	2.42232423	2.48682376	2.59055608	2.65107561	2.72174331	2.89219602	3.16161842	3.54449890	4.23899771	5.26492163	6.51530430	7.59181373	8.42006823	9.10607441	9.63032223	9.97562804	10.18344871	10.66129941	10.87184642	10.97745595	11.06702303	11.16171836	11.26073814	11.34903377	11.40711284	11.40750610	11.34991530	11.26257049	11.17237592	11.09374736	11.02766808	10.96752073	10.90740758	10.84069914	10.75424884	10.59229385	10.29261393	10.12055034	10.01101147	9.92650808	9.84348108
	2.51525604	2.43682734	2.37094407	2.33601891	1.01118690	0.00000000	2.02427107	2.33052909	2.42490585	2.49077131	2.59270610	2.65197773	2.72381431	2.89392846	3.16983368	3.56563178	4.27623739	5.32196041	6.56885064	7.61309678	8.43565442	9.11433631	9.65320685	9.97883403	10.18638715	10.66029335	10.86879700	10.97258797	11.06007233	11.15224279	11.24894143	11.33516135	11.39200492	11.39256014	11.33681767	11.25191836	11.16409872	11.08769210	11.02331868	10.96401517	10.90374179	10.83581474	10.74641816	10.55986135	10.27316815	10.10798468	10.00187531	9.91856474	9.83513473
	2.46693704	2.39864803	2.30767910	2.29255325	-0.06308225	0.00000000	2.05272036	2.34716076	2.42937456	2.49852127	2.59768053	2.65429374	2.72728494	2.89497416	3.17234923	3.57368539	4.28691787	5.33508388	6.57310639	7.61232871	8.43315874	9.11106083	9.64969490	9.97573304	10.18209308	10.65421475	10.86386884	10.96766072	11.05443388	11.14540371	11.24164218	11.32814163	11.38587549	11.38753359	11.33272242	11.24838159	11.16096426	11.08520108	11.02126444	10.96195371	10.90125139	10.83225548	10.74042349	10.53710556	10.25759033	10.09651925	9.99255545	9.90967958	9.82551021
	2.43747366	2.35017996	2.26230903	2.49165388	0.00000000	0.00000000	2.06991334	2.35144123	2.42896389	2.49786427	2.59701113	2.65392538	2.72789039	2.89668325	3.18093209	3.60563335	4.32857564	5.40071614	6.62131786	7.63226552	8.44830700	9.11883963	9.67059808	9.97986401	10.18707225	10.65703164	10.86306918	10.96574428	11.05141200	11.14057346	11.23515440	11.32046825	11.37748014	11.37873692	11.32417302	11.24059468	11.15429763	11.08002465	11.01713982	10.95809537	10.89702145	10.82689240	10.73221829	10.50909580	10.24121776	10.08594075	9.98447990	9.90215520	9.81729891
	2.39457590	2.28108156	2.22594564	3.84409480	0.00000000	0.00000000	2.12198626	2.36082349	2.43245905	2.50492687	2.60068796	2.65544253	2.73059363	2.89808287	3.18750934	3.63595821	4.36290711	5.44288606	6.64681870	7.64082063	8.45442589	9.12125759	9.68157183	9.98122206	10.18892039	10.65694010	10.86059882	10.96274358	11.04775609	11.13597118	11.22955209	11.31488776	11.37245731	11.37431576	11.31975605	11.23591734	11.14974127	11.07614165	11.01384534	10.95475004	10.89279600	10.82075451	10.72231937	10.47629444	10.22111595	10.07213052	9.97316911	9.89101278	9.80435284
	2.34890709	2.23730915	2.19479935	2.89973265	0.00000000	0.00000000	2.14762472	2.36515328	2.43284304	2.50673883	2.60116253	2.65508859	2.73039101	2.89852283	3.19330104	3.67494100	4.41136431	5.48186516	6.67244521	7.65353846	8.46439716	9.12523320	9.69123964	9.98323909	10.19174820	10.65787806	10.85902067	10.96088849	11.04553657	11.13317710	11.22620527	11.31177209	11.36988234	11.37217116	11.31750985	11.23351483	11.14733996	11.07400418	11.01187540	10.95253029	10.88978177	10.81577471	10.71337054	10.44805006	10.20309399	10.05946592	9.96284804	9.88063067	9.79191285
	2.29441663	2.20899872	2.14830001	0.59984063	0.00000000	0.00000000	2.16186036	2.36482596	2.43001208	2.50141241	2.59875075	2.65294247	2.72734121	2.89846920	3.19967645	3.71997025	4.46368555	5.52923173	6.70358045	7.67030752	8.47837908	9.13242175	9.70492522	9.98793535	10.19822749	10.66316223	10.86041052	10.96186687	11.04641183	11.13398908	11.22713651	11.31334733	11.37209744	11.37420283	11.31866563	11.23388222	11.14717936	11.07374716	11.01135011	10.95137862	10.88790534	10.81242414	10.70651855	10.42720446	10.18933271	10.05001005	9.95530522	9.87295024	9.78248708
	2.23884022	2.17496996	1.85154112	1.89955938	0.00000000	0.00000000	2.17898656	2.36680736	2.42919198	2.50212334	2.59872543	2.65212113	2.72637542	2.89848185	3.20492383	3.75056689	4.50544732	5.55352692	6.71755159	7.67693932	8.48333897	9.13448453	9.71140790	9.99016974	10.20247905	10.66828050	10.86210298	10.96355333	11.04861115	11.13713644	11.23165694	11.31992634	11.38030936	11.38222157	11.32447286	11.23717255	11.14845736	11.07389658	11.01047241	10.94937703	10.88466166	10.80738472	10.69762591	10.40235933	10.17247877	10.03767719	9.94481015	9.86199246	9.76917128
	2.21001332	2.13592595	0.69443125	4.90580981	0.00000000	0.00000000	2.17457675	2.36275636	2.42468431	2.49506246	2.59418241	2.64847332	2.72079424	2.89725350	3.21223307	3.78719661	4.56285872	5.59655183	6.74938609	7.69863042	8.49986819	9.14163736	9.72206301	9.99430417	10.20969386	10.67387832	10.86409942	10.96604783	11.05217309	11.14199046	11.23775738	11.32762832	11.38834385	11.38850747	11.32773811	11.23784389	11.14735584	11.07165883	11.00700268	10.94438803	10.87743357	10.79667705	10.68045687	10.36299386	10.14777294	10.01935634	9.92852380	9.84447151	9.74759243
	2.19135111	2.10101799	-0.01408092	4.82934461	0.00000000	0.00000000	2.17480109	2.36016400	2.42172612	2.49008280	2.59139984	2.64585252	2.71614587	2.89591371	3.21701821	3.80573083	4.58967618	5.61670207	6.76370380	7.70765730	8.50688938	9.14489523	9.72657955	9.99608081	10.21378419	10.67584491	10.86417775	10.96714757	11.05450225	11.14574942	11.24298529	11.33439068	11.39549318	11.39413681	11.33082917	11.23857805	11.14636538	11.06937638	11.00349114	10.93945228	10.87059301	10.78668642	10.66491114	10.33203348	10.12782595	10.00367173	9.91413988	9.82895825	9.72843594
	2.17523326	2.00113159	0.14361629	4.83219864	0.00000000	0.00000000	2.16221383	2.35570027	2.41885590	2.48489434	2.58868881	2.64377544	2.71241505	2.89449329	3.21923321	3.81595923	4.60565850	5.63031486	6.77474141	7.71500548	8.51277556	9.14777715	9.73027147	9.99771684	10.21725106	10.67782081	10.86472794	10.96845513	11.05686416	11.14941246	11.24808757	11.34104950	11.40281451	11.40054378	11.33527961	11.24113818	11.14738702	11.06926018	11.00235081	10.93720363	10.86695866	10.78103904	10.65434691	10.31488073	10.11606131	9.99390967	9.90478080	9.81851337	9.71505612
	2.14387542	1.73481556	1.01706568	4.83664381	0.00000000	0.00000000	2.13028737	2.34541409	2.41414336	2.47793059	2.58352587	2.64075794	2.70743379	2.89163483	3.21983054	3.82261922	4.61624779	5.63998208	6.78134250	7.71943265	8.51512695	9.14821845	9.73117789	9.99804909	10.22001067	10.67973406	10.86530375	10.97035820	11.06061132	11.15554066	11.25714169	11.35327479	11.41682875	11.41355467	11.34505429	11.24728479	11.15050690	11.07020784	11.00160405	10.93471081	10.86252964	10.77401793	10.63658607	10.29308194	10.10008924	9.98007255	9.89076525	9.80246064	9.69404289
	2.13841864	1.45880475	2.46131564	4.83539582	0.00000000	0.00000000	2.09036677	2.32879698	2.40614230	2.46307525	2.57153259	2.63490767	2.69924519	2.88897181	3.22366734	3.83859983	4.64326187	5.67209502	6.81117583	7.74853738	8.53948006	9.15966550	9.74365758	10.00442797	10.22844192	10.68537265	10.86883135	10.97355824	11.06391108	11.15889446	11.26044853	11.35646113	11.41932403	11.41486369	11.34561098	11.24776390	11.15124301	11.07116118	11.00258705	10.93544745	10.86281493	10.77342595	10.63007443	10.28972235	10.09790699	9.97825817	9.88868406	9.79975132	9.68936909
	2.12654411	1.39863275	2.84156713	4.83675271	0.00000000	0.00000000	2.06906364	2.31911636	2.40273777	2.45884720	2.56559679	2.63252467	2.69624163	2.88743108	3.22504647	3.84367905	4.65106449	5.68163322	6.81783510	7.75685582	8.54528640	9.16154675	9.74541853	10.00544592	10.23083177	10.68684262	10.86955900	10.97481483	11.06594082	11.16192405	11.26463328	11.36184354	11.42525672	11.42025434	11.34968252	11.25042332	11.15276016	11.07184439	11.00258087	10.93469194	10.86115689	10.77052134	10.62090330	10.28023306	10.09091840	9.97217208	9.88239205	9.79241899	9.68007227
	2.05324675	0.51047259	4.88092320	4.84044035	0.00000000	0.00000000	2.01966974	2.29333685	2.39405736	2.44629888	2.55261322	2.62699146	2.68816501	2.88082606	3.21914357	3.83958541	4.64859994	5.67776132	6.81424752	7.74835780	8.53673890	9.15742253	9.74136259	10.00335443	10.23012472	10.68658414	10.86932821	10.97615888	11.06913828	11.16748645	11.27324303	11.37369234	11.43900502	11.43306992	11.35922759	11.25618654	11.15548720	11.07247096	11.00161217	10.93215758	10.85700694	10.76413284	10.59332460	10.26289865	10.07728331	9.95961319	9.86832991	9.77511857	9.64644774
	2.01545995	0.17615089	4.86302061	4.84168979	-0.07093401	0.00000000	2.01982929	2.26750922	2.38399041	2.43572870	2.52994898	2.62000503	2.68069751	2.87543244	3.21895494	3.84712329	4.66208456	5.69480989	6.82705091	7.76287579	8.54717659	9.16143608	9.74515669	10.00562356	10.23416806	10.68916476	10.87100274	10.97838917	11.07224434	11.17180923	11.27895791	11.38070472	11.44610233	11.43858617	11.36246046	11.25743673	11.15549273	11.07169989	11.00008759	10.92972847	10.85348761	10.75871872	10.57111359	10.25080349	10.06839667	9.95150468	9.85919445	9.76366797	9.62132600
	2.01730113	-0.04237155	4.88537884	4.84191026	0.91172988	0.00000000	1.62865638	2.24651821	2.37339142	2.42598905	2.50888127	2.61236006	2.67357185	2.86988330	3.21948485	3.85677077	4.67813611	5.71480581	6.84473733	7.78112338	8.56164407	9.16789869	9.75142133	10.00897310	10.23880840	10.69155710	10.87261850	10.98029614	11.07462873	11.17480382	11.28255034	11.38479654	11.44981184	11.44095248	11.36344315	11.25754344	11.15526162	11.07135292	10.99943826	10.92847903	10.85147440	10.75524024	10.55610484	10.24297667	10.06283541	9.94642757	9.85327391	9.75586043	9.60463110
	1.60846005	1.09614660	4.88097302	4.84422487	2.19861569	0.00000000	0.84569868	2.22771295	2.36030862	2.41671632	2.48807513	2.60333743	2.66618348	2.86065501	3.21569729	3.85817222	4.68554083	5.72540988	6.85233372	7.78863265	8.56583617	9.16913305	9.75205249	10.00956982	10.24082040	10.69262002	10.87370520	10.98251046	11.07826573	11.18024678	11.29021499	11.39477813	11.46111246	11.45161422	11.37205783	11.26372318	11.15944140	11.07416494	11.00103191	10.92891948	10.85081720	10.75297301	10.54454583	10.23592680	10.05693254	9.94020532	9.84540855	9.74496317	9.58233268
	1.10213887	1.19965225	4.88236446	4.84533895	3.74942436	0.00000000	0.43785196	2.20719842	2.34236837	2.40789118	2.47310501	2.59186809	2.65963975	2.85053903	3.21209989	3.86060775	4.69367330	5.73724705	6.86120994	7.79755013	8.57107701	9.17105462	9.75309833	10.01027999	10.24210152	10.69260637	10.87412358	10.98388935	11.08068268	11.18400134	11.29556366	11.40186876	11.46909516	11.45904500	11.37795783	11.26790899	11.16230946	11.07624418	11.00229985	10.92927022	10.85024567	10.75091980	10.53466470	10.23025377	10.05244060	9.93552250	9.83927036	9.73597558	9.56448282
	0.41558230	3.02216876	4.88635716	4.84872104	4.78465356	0.00000000	0.03972561	2.17200051	2.32038333	2.39700523	2.45500185	2.57789593	2.65181659	2.83286140	3.20258333	3.84939724	4.68576354	5.72907469	6.85367615	7.78353720	8.55674838	9.16367305	9.74501231	10.00567643	10.23799537	10.69005450	10.87275434	10.98407297	11.08238763	11.18767610	11.30177498	11.41066183	11.47942509	11.46828046	11.38447454	11.27136871	11.16338191	11.07569521	11.00037827	10.92591679	10.84523196	10.74338091	10.51190018	10.21647028	10.04133606	9.92381041	9.82481588	9.71666954	9.53285947
	0.01199169	2.88719031	4.88666694	4.84867230	4.80824593	0.00000000	0.00209553	2.11866398	2.28852590	2.38374434	2.43931526	2.55783234	2.64368672	2.81932410	3.20317527	3.86263450	4.71119470	5.76387628	6.87588919	7.81299508	8.57690280	9.17102175	9.75098895	10.00899466	10.24261971	10.69205037	10.87414903	10.98573828	11.08445059	11.19016461	11.30437844	11.41317703	11.48075132	11.46788469	11.38288605	11.26943137	11.16161267	11.07417055	10.99867808	10.92353956	10.84168534	10.73742101	10.49322972	10.20670931	10.03447241	9.91707341	9.81636481	9.70497421	9.51377383
	-0.03702175	2.54049629	4.88634865	4.84801663	4.81263461	0.00000000	0.00000000	2.07142371	2.26460933	2.37134380	2.42889911	2.53632276	2.63711420	2.80654384	3.20527083	3.87685929	4.73431254	5.79436420	6.89734491	7.83987684	8.59670907	9.17924413	9.75795044	10.01256821	10.24650333	10.69293093	10.87457297	10.98610738	11.08476447	11.19001628	11.30312103	11.41017762	11.47539467	11.46095553	11.37606293	11.26373238	11.15719387	11.07073365	10.99556286	10.92023840	10.83756088	10.73118184	10.47655607	10.19843892	10.02911272	9.91214268	9.81034863	9.69583901	9.50210119
	0.04738872	3.51296124	4.88799662	4.84924410	4.81365134	0.00000000	0.00000000	2.05692014	2.24908516	2.36192414	2.42203532	2.51919271	2.63217783	2.79035935	3.20153710	3.87476122	4.73536756	5.79604262	6.89607250	7.83643970	8.59173505	9.17615452	9.75397252	10.00995708	10.24349516	10.69047227	10.87298040	10.98511755	11.08418807	11.18968740	11.30285635	11.40958144	11.47404442	11.45862697	11.37306576	11.26039543	11.15368004	11.06716106	10.99176267	10.91601280	10.83240654	10.72418623	10.45900440	10.18781997	10.02092788	9.90397955	9.80060726	9.67981594	9.48496999
	0.07862261	3.46155415	4.88819890	4.84915628	4.81347364	0.00000000	0.00000000	1.76501927	2.23307638	2.34664113	2.41356924	2.50061135	2.62554833	2.77585099	3.20194243	3.88394033	4.75285547	5.81968606	6.91039133	7.85553710	8.60460185	9.18084472	9.75744395	10.01166643	10.24517479	10.69040709	10.87317328	10.98548273	11.08443333	11.18930702	11.30129673	11.40658740	11.46947632	11.45310993	11.36787737	11.25631761	11.15075292	11.06511920	10.98998841	10.91402636	10.82971478	10.71981138	10.44806347	10.18149651	10.01624996	9.89944967	9.79483207	9.66646843	9.47486275
	-0.03110765	5.07963958	4.89018469	4.85042765	4.81438236	0.00000000	0.00000000	1.04502922	2.19575669	2.30609492	2.39461176	2.46801405	2.60952646	2.74193692	3.19794790	3.89440224	4.77722748	5.85350517	6.92918429	7.87689799	8.61662486	9.18511772	9.75921857	10.01186020	10.24400745	10.68684891	10.87081176	10.98385930	11.08300325	11.18753106	11.29847583	11.40215747	11.46251413	11.44388460	11.35798704	11.24694815	11.14237046	11.05758771	10.98272010	10.90613687	10.81982212	10.70520238	10.41582334	10.16312516	10.00278437	9.88588433	9.77790678	9.63413579	9.44611861
	-0.02138044	4.54688670	4.88924843	4.84945741	4.81344693	-0.00066210	0.00000000	0.58683061	2.17372978	2.28524474	2.38505966	2.45461271	2.60181145	2.73133952	3.20138276	3.91298253	4.81527594	5.89880349	6.95216473	7.91017803	8.64048898	9.19346428	9.76576340	10.01572284	10.24811185	10.68808392	10.87184346	10.98488593	11.08375358	11.18742450	11.29677500	11.39857064	11.45704745	11.43767406	11.35264259	11.24318861	11.14011416	11.05640817	10.98197032	10.90522998	10.81825854	10.70183575	10.40772751	10.15889553	10.00001835	9.88320423	9.77404228	9.62271911	9.43887193
	-0.11353468	4.56830606	4.89063553	4.85046488	4.81420378	-0.14233796	0.00000000	0.17576431	2.10972736	2.25600398	2.36795761	2.43832482	2.58495411	2.71257223	3.19630950	3.91505384	4.82726346	5.91713721	6.95963077	7.91631289	8.64071066	9.19244421	9.76199506	10.01298620	10.24247828	10.68111620	10.86785560	10.98209939	11.08099647	11.18383855	11.29164358	11.39180947	11.44901013	11.42942935	11.34544591	11.23744034	11.13564042	11.05293502	10.97881576	10.90177045	10.81346993	10.69383762	10.39073895	10.14857878	9.99186180	9.87458774	9.76241424	9.59640644	9.42092731
	0.93054777	4.35519917	4.88995920	4.84979305	4.81356300	1.41259598	0.00000000	-0.04274683	2.05865413	2.23310807	2.34873811	2.42551198	2.56528631	2.69877366	3.19345903	3.92153347	4.84662797	5.93752455	6.96782202	7.92329207	8.64196089	9.19159948	9.75868762	10.01050117	10.23750228	10.67498979	10.86424965	10.97933178	11.07806507	11.17982167	11.28574912	11.38384813	11.43942082	11.41945063	11.33648439	11.23012719	11.12974163	11.04812223	10.97446579	10.89706695	10.80732255	10.68428733	10.37274297	10.13739814	9.98281839	9.86497539	9.74979985	9.57086769	9.40370332
	2.36866325	4.34926928	4.88935195	4.84914640	4.81292732	3.63956951	0.00000000	0.00000000	2.04052168	2.21098364	2.32574165	2.41259563	2.54058368	2.68520084	3.18899414	3.92461104	4.85817082	5.95063433	6.97205559	7.92313539	8.63714485	9.18835250	9.75286756	10.00653804	10.23059903	10.66735341	10.85979176	10.97584683	11.07450670	11.17520273	11.27923490	11.37525775	11.42924921	11.40891796	11.32689383	11.22204217	11.12290511	11.04226539	10.96906910	10.89121940	10.79975838	10.67282617	10.35212304	10.12429418	9.97185018	9.85317346	9.73442386	9.54196221	9.38407118
	2.12083164	4.34946854	4.88828103	4.84826157	4.81217850	3.64174591	0.00000000	0.00000000	1.85881514	2.20421075	2.32182850	2.41147718	2.53783326	2.68570615	3.19109650	3.93078185	4.87183346	5.96587843	6.97854369	7.93415723	8.64414304	9.19114108	9.75534422	10.00792131	10.23195925	10.66777905	10.86004275	10.97594857	11.07448774	11.17501051	11.27878935	11.37451153	11.42812671	11.40761369	11.32570946	11.22110989	11.12222686	11.04176372	10.96865000	10.89079185	10.79913480	10.67170720	10.35098738	10.12389083	9.97172189	9.85301628	9.73403962	9.54178999	9.38408393
	2.44240499	4.33308531	4.88389917	4.84466541	4.80918540	4.76511701	0.00000000	0.00000000	0.69327399	2.14141992	2.28255612	2.39468213	2.50200676	2.67500241	3.19220195	3.95500833	4.91608657	6.01177929	7.00059112	7.95577223	8.65658758	9.19396083	9.75445708	10.00733333	10.22837632	10.66008242	10.85703502	10.97367570	11.07163485	11.17039474	11.27149833	11.36429929	11.41568241	11.39447686	11.31384909	11.21128947	11.11438485	11.03544099	10.96298667	10.88448160	10.79035718	10.65466325	10.32760752	10.10922133	9.95952555	9.83919734	9.71454835	9.51036574	9.36284749
	2.91688110	4.35626079	4.88221908	4.84335019	4.80814430	4.77577359	0.00000000	0.00000000	0.01389542	2.09342202	2.26260837	2.38570989	2.48425872	2.66883176	3.19035451	3.96075154	4.92633769	6.02385044	7.00573281	7.95640097	8.65504248	9.19224522	9.75105527	10.00542902	10.22459041	10.65475701	10.85534946	10.97282182	11.07068216	11.16844964	11.26760329	11.35833484	11.40855677	11.38740029	11.30796896	11.20691828	11.11121765	11.03290288	10.96047990	10.88133700	10.78582758	10.64463517	10.31508030	10.10058135	9.95187174	9.83031470	9.70202797	9.49148851	9.34980314
	2.19008974	4.78459117	4.87593028	4.83811503	4.80374798	4.77195027	0.00000000	0.00000000	-0.00059170	2.05965717	2.23785053	2.37172203	2.46473042	2.66281367	3.19443521	3.98440382	4.97434179	6.06542430	7.02502044	7.98199393	8.66299988	9.19413081	9.74847275	10.00342609	10.21757325	10.64095226	10.84910073	10.96799386	11.06524533	11.16088944	11.25659641	11.34377137	11.39139870	11.37030698	11.29310666	11.19506941	11.10208995	11.02574552	10.95409715	10.87434580	10.77594012	10.61514502	10.29333277	10.08776820	9.94159564	9.81809499	9.68083752	9.46607411	9.33281394
	2.55997135	4.62712075	4.86916931	4.83231553	4.79875684	4.76751262	0.00203142	0.00000000	0.00000000	1.11029839	2.19163133	2.35435221	2.44487030	2.65437313	3.19449713	4.00750632	4.99779875	6.08208789	7.03816666	7.98490480	8.66294200	9.19178233	9.74182517	10.00043960	10.21055634	10.62428547	10.84526886	10.96580739	11.06212998	11.15510673	11.24785745	11.33244513	11.37819552	11.35651552	11.27988903	11.18367311	11.09263367	11.01819728	10.94759841	10.86699404	10.76513109	10.57625264	10.26869072	10.07087297	9.92643422	9.79913739	9.64061493	9.43196319	9.30889378
	2.23181744	4.27057507	4.86423276	4.82805957	4.79508264	4.76424047	-0.12872084	0.00000000	0.00000000	0.48125388	2.13409229	2.34431075	2.43547108	2.65083294	3.19783220	4.02471101	5.03034696	6.10723013	7.05193090	8.00080318	8.66726178	9.19256625	9.73771829	9.99835616	10.20456614	10.60111769	10.83900762	10.96185535	11.05775079	11.14817755	11.23706236	11.31798107	11.36124753	11.33951324	11.26539674	11.17269600	11.08477258	11.01238777	10.94255126	10.86105710	10.75601928	10.54593865	10.25223433	10.06093055	9.91816476	9.78824969	9.61358200	9.41393103	9.29657714
	2.22432226	3.42156889	4.85759744	4.82193585	4.78952972	4.75909210	2.19902631	0.00000000	0.00000000	-0.00224164	2.06656178	2.33381015	2.42502859	2.64550862	3.20120093	4.05183519	5.04959549	6.12346771	7.06481342	8.00388668	8.66679062	9.19061444	9.72745541	9.99414247	10.19498620	10.56542421	10.82855326	10.95450360	11.04950256	11.13668520	11.22077866	11.29619267	11.33590384	11.31419814	11.24383353	11.15526468	11.07071337	11.00106238	10.93267463	10.85042545	10.74060665	10.50306421	10.22824705	10.04607065	9.90486808	9.77012224	9.57310432	9.38783778	9.27853745
	2.23454856	3.24766029	4.87928493	4.81847912	4.78632556	4.75605824	3.65389860	0.00000000	0.00000000	0.00000000	2.02220468	2.32685779	2.41823699	2.64057302	3.19898212	4.05155692	5.05395695	6.12532824	7.06230022	7.99487697	8.65400861	9.18477735	9.71580680	9.98855060	10.18524160	10.53586306	10.81996152	10.94898628	11.04389632	11.12856228	11.20847506	11.27964590	11.31693582	11.29572000	11.22805777	11.14288314	11.06123752	10.99350406	10.92580612	10.84238280	10.72879443	10.47255916	10.21011181	10.03396112	9.89347734	9.75462708	9.54097506	9.36681467	9.26358075
	2.21853514	3.32249155	4.82625937	4.81126791	4.77939501	4.74927710	4.70707228	0.00000000	0.00000000	0.00000000	1.75673135	2.32461382	2.41573337	2.64326142	3.21308582	4.09583433	5.08839065	6.15287873	7.08718079	8.01985914	8.66877132	9.18974838	9.71598077	9.98866669	10.18197743	10.51735148	10.81181719	10.94280250	11.03715534	11.11924534	11.19484955	11.26137105	11.29512230	11.27345665	11.20805327	11.12629850	11.04762429	10.98168288	10.91431118	10.82899554	10.70986932	10.43503277	10.18921277	10.02048006	9.88054417	9.73671904	9.51173829	9.34903912	9.25184514
	2.23820874	3.55191233	4.84298068	4.80577672	4.77411920	4.74405268	4.71447866	-0.04505178	0.00000000	0.00000000	1.03211037	2.32291759	2.41133486	2.64020157	3.21633223	4.09569260	5.09307196	6.15410242	7.08872466	8.00789160	8.65881713	9.18466717	9.70204055	9.98401629	10.17438716	10.49337925	10.80287755	10.93697566	11.03100314	11.11107294	11.18368806	11.24696102	11.27827469	11.25595484	11.19168511	11.11191930	11.03500873	10.97052460	10.90393243	10.81723680	10.69235050	10.40060650	10.16802291	10.00521536	9.86426460	9.71294432	9.47459858	9.32471766	9.23439013
	2.23790109	3.90690527	4.69984079	4.80208251	4.77054242	4.74048950	4.71075174	2.22174196	0.00000000	0.00000000	0.37892746	2.32368197	2.40593842	2.63277493	3.20569382	4.07981010	5.08212850	6.14055147	7.06323560	7.97653916	8.62516432	9.17031729	9.66143666	9.96976763	10.15668376	10.44820133	10.77989026	10.92224927	11.01882891	11.09709612	11.16530946	11.22348616	11.25188774	11.23026580	11.16931958	11.09354413	11.01963169	10.95668642	10.88935667	10.79848495	10.65987714	10.35755990	10.14218619	9.98640850	9.84317336	9.67085859	9.43487356	9.29831398	9.21518622
	2.24294162	3.50836765	4.18300585	4.79897610	4.76751343	4.73727626	4.70725274	2.32608692	0.00000000	0.00000000	-0.04002388	2.32416597	2.40758833	2.63796268	3.21749742	4.10430998	5.10066249	6.15539921	7.07782002	7.98816012	8.63295766	9.17340851	9.66239980	9.97021072	10.15541380	10.43834373	10.77454973	10.91834475	11.01466168	11.09161561	11.15768156	11.21356926	11.24037269	11.21877417	11.15931339	11.08548461	11.01313699	10.95112717	10.88378324	10.79137499	10.64775532	10.34131483	10.13374552	9.98121909	9.83751972	9.66081996	9.42264545	9.29107508	9.21067979
	2.24745816	3.13604514	4.46254472	4.79300388	4.76121367	4.73071802	4.70023070	3.53198698	0.00000000	0.00000000	0.00000000	2.32697104	2.40909622	2.64227933	3.22786516	4.12808185	5.11880065	6.16983570	7.09039969	7.99743393	8.63673447	9.17461105	9.65471492	9.96778862	10.15155551	10.42236380	10.76281710	10.91026771	11.00714135	11.08325997	11.14742708	11.20102515	11.22610235	11.20437089	11.14625494	11.07420078	11.00294274	10.94122023	10.87322518	10.77771647	10.61156840	10.31605457	10.11894918	9.97025399	9.82442252	9.62825873	9.40194188	9.27764894	9.20112535
	2.25739430	2.41396355	4.53527339	4.78625799	4.75408343	4.72302862	4.69172825	4.73687519	0.00035484	0.00000000	0.00000000	2.33030114	2.41423916	2.65287052	3.25151501	4.16078895	5.14623628	6.19093693	7.11387069	8.01021594	8.64499381	9.17734918	9.64489251	9.96590758	10.14814930	10.40524048	10.74921676	10.90174095	10.99974965	11.07449140	11.13566671	11.18596974	11.20871812	11.18712416	11.13124851	11.06195596	10.99265017	10.93170589	10.86261317	10.76285126	10.57089452	10.28948809	10.10369242	9.95892879	9.81006542	9.59347183	9.37956134	9.26325540	9.19096100
	2.25597657	2.33906038	4.84182677	4.78243274	4.75009184	4.71872699	4.68689858	4.65331492	-0.00635560	0.00000000	0.00000000	2.33222573	2.41326522	2.65095117	3.24151499	4.15189357	5.13726692	6.18040022	7.08922399	7.98210933	8.61484764	9.16506241	9.60409601	9.95352343	10.13466268	10.37283151	10.72544248	10.88768506	10.98888862	11.06337087	11.12245546	11.17007395	11.19138500	11.17044160	11.11659217	11.04921249	10.98093853	10.92009733	10.84955390	10.74443004	10.52187664	10.26003738	10.08464343	9.94302184	9.78895033	9.54703047	9.35041370	9.24275617	9.17503527
	2.26339164	2.23388165	4.81537750	4.77899060	4.74642879	4.71473031	4.68241074	4.64798170	0.81290403	0.00000000	0.00000000	2.33431022	2.41635763	2.65667512	3.25007369	4.16455324	5.14685905	6.18696093	7.09415429	7.98221380	8.61444845	9.16472954	9.59533976	9.95132401	10.13220025	10.36349886	10.71530754	10.88189326	10.98431491	11.05838375	11.11609789	11.16202143	11.18218649	11.16124494	11.10830400	11.04197169	10.97428583	10.91333262	10.84159672	10.73254987	10.49576158	10.24522793	10.07519135	9.93482918	9.77698667	9.52587191	9.33762173	9.23405333	9.16842812
	2.28081249	2.36259138	4.30519351	4.77293957	4.74009160	4.70787625	4.67473205	4.63902744	1.80622065	0.00000000	0.00000000	2.33843436	2.42347064	2.66790182	3.26868560	4.17732878	5.15963289	6.19448408	7.10041437	7.98196008	8.61233905	9.16437228	9.58259841	9.94844588	10.12900968	10.35004538	10.70016681	10.87308245	10.97710785	11.05038667	11.10623303	11.14997516	11.16856191	11.14734727	11.09526511	11.03001118	10.96281059	10.90169337	10.82808273	10.71285720	10.45581417	10.22250367	10.06040029	9.92137474	9.75692974	9.49177960	9.31717160	9.22013020	9.15777112
	2.28550287	2.40130464	4.27696703	4.76844503	4.73750429	4.70512966	4.67167529	4.63544946	2.75768096	0.00000000	0.00150050	2.34015606	2.42240526	2.66519330	3.25667957	4.16593135	5.14871439	6.18406449	7.08448370	7.96404978	8.59966428	9.15934302	9.56625684	9.94365896	10.12503300	10.34003070	10.68867680	10.86673864	10.97261341	11.04607546	11.10132116	11.14406163	11.16190148	11.14038312	11.08828278	11.02300103	10.95538671	10.89369247	10.81856733	10.69921776	10.43132734	10.20778036	10.04981612	9.91090318	9.74111471	9.46872649	9.30273510	9.20967738	9.14923815
	2.28968088	2.65182187	4.25092315	4.76849118	4.73563566	4.70320592	4.66957647	4.63301166	3.53662422	0.00000000	0.00000000	2.34259825	2.42022626	2.66060248	3.24528371	4.14342079	5.13177252	6.16796487	7.06654211	7.93883015	8.58417826	9.15217076	9.54904221	9.93802308	10.12129787	10.33224124	10.67949497	10.86226741	10.96989298	11.04360926	11.09851123	11.14057447	11.15791784	11.13603876	11.08361711	11.01787740	10.94948370	10.88710419	10.81069421	10.68784805	10.41157056	10.19503089	10.03981006	9.90012591	9.72417998	9.44609980	9.28788094	9.19830234	9.13943643
	2.30840426	2.64492586	4.13464067	4.76286118	4.72987047	4.69705474	4.66273134	4.62505728	4.43940126	0.00000000	0.00000000	2.34458958	2.42805522	2.67254468	3.25975857	4.15740133	5.14333588	6.17596741	7.07310911	7.94450688	8.58714316	9.15446752	9.54509802	9.93744967	10.12115428	10.32630500	10.66734735	10.85536220	10.96488611	11.03857791	11.09238990	11.13285793	11.14892133	11.12644518	11.07423931	11.00859280	10.93969234	10.87620424	10.79701081	10.66655353	10.38306747	10.17822209	10.02754028	9.88696719	9.70188969	9.42196238	9.27342511	9.18815500	9.13123555
	2.32501528	2.60411779	4.07766761	4.76093997	4.72433801	4.69108756	4.65604820	4.61725453	4.60013221	0.00000000	0.00030901	2.34593455	2.43787114	2.68872354	3.28278287	4.18240411	5.16423584	6.19247979	7.08855825	7.95900950	8.59453042	9.15821417	9.54493341	9.93729964	10.12132187	10.32183960	10.65617294	10.84900220	10.96007749	11.03375626	11.08686000	11.12612865	11.14117565	11.11838050	11.06641272	11.00103924	10.93184730	10.86740786	10.78559596	10.64502413	10.36083809	10.16487780	10.01769482	9.87586876	9.68054430	9.40373082	9.26235529	9.18016574	9.12459489
	2.34006568	2.30669319	4.20713359	4.76681424	4.71702692	4.68318905	4.64716929	4.60682851	4.59610418	0.00000000	0.00000000	2.34796981	2.45235134	2.71311956	3.31293544	4.20697836	5.18265999	6.20371276	7.09630719	7.95800462	8.59151323	9.15581993	9.53135951	9.92990469	10.11695230	10.30913465	10.62105563	10.83214748	10.94848129	11.02357677	11.07552940	11.11293913	11.12656082	11.10351863	11.05197293	10.98680101	10.91656151	10.84964556	10.76158423	10.58872415	10.32184026	10.14062167	9.99817617	9.85186528	9.62630185	9.37052382	9.24058515	9.16306050	9.10934690
	2.35032412	2.32612529	4.10720918	4.74770962	4.71180560	4.67755110	4.64082181	4.59934860	4.55406405	0.00000000	-0.00010516	2.35036124	2.47129347	2.74541160	3.34309150	4.22791440	5.20085586	6.21396524	7.10442858	7.96034525	8.59128632	9.15580993	9.52329564	9.92537894	10.11440303	10.30037784	10.59111406	10.81800652	10.93799324	11.01416884	11.06573016	11.10218874	11.11486367	11.09150120	11.04005624	10.97451407	10.90266563	10.83352430	10.74007171	10.53844745	10.29344706	10.12315463	9.98403514	9.83383163	9.58411409	9.34802852	9.22617016	9.15192625	9.09955477
	2.36243834	2.32727872	3.53012768	4.73694006	4.70320424	4.66841184	4.63069472	4.58760108	4.53544991	0.00009359	0.00000000	2.35436346	2.49927812	2.78945709	3.38746466	4.25926564	5.22910205	6.22967094	7.12013624	7.96705271	8.59426431	9.15604110	9.51593247	9.91837562	10.11053381	10.29004896	10.55386483	10.79602464	10.92121246	10.99936510	11.05072249	11.08623150	11.09773146	11.07341814	11.02129773	10.95435725	10.87949338	10.80587149	10.70394089	10.47258455	10.25565605	10.09783615	9.96121923	9.80298525	9.52888074	9.31842890	9.20619512	9.13561122	9.08463940
	2.37561541	2.32873680	3.76277279	4.72776321	4.69252946	4.65717406	4.61835405	4.57334522	4.52072854	0.00000000	-0.00104305	2.35835623	2.53384020	2.84078132	3.42745781	4.27724546	5.23690986	6.22975257	7.10439614	7.93809765	8.57080968	9.13856887	9.47828312	9.88753751	10.09021577	10.25809555	10.47593869	10.73672961	10.87764902	10.96238708	11.01540536	11.05073200	11.06133056	11.03626356	10.98260516	10.91185500	10.83017014	10.74608325	10.60718733	10.37031630	10.19217719	10.05109634	9.91477110	9.73675728	9.44172608	9.26758263	9.16844730	9.10223086	9.05252384
	2.38199792	2.32206761	4.49851620	4.72226344	4.68842959	4.65289471	4.61368985	4.56799921	4.54512016	0.00000000	-0.01473736	2.36032352	2.55062157	2.86401263	3.43983751	4.28096316	5.23728217	6.22731220	7.09645482	7.92054101	8.55821470	9.12794188	9.46021038	9.86996504	10.07871937	10.24278174	10.44323353	10.70280468	10.85219253	10.94103701	10.99577009	11.03175717	11.04247256	11.01682236	10.96176074	10.88815521	10.80186053	10.71063742	10.54338866	10.32754536	10.16349172	10.02745059	9.88858402	9.69485288	9.40476983	9.24414307	9.14945171	9.08426544	9.03455199
	2.39026449	2.33743279	4.11207991	4.71540383	4.68159621	4.64583152	4.60609329	4.55943367	4.54959301	0.00000000	-0.01567660	2.36670157	2.57905457	2.90286869	3.47468310	4.31236584	5.26572973	6.24448640	7.11340100	7.93387844	8.56468978	9.13054679	9.45799782	9.86312649	10.07376418	10.23418263	10.42129190	10.67379274	10.82940160	10.92089429	10.97661548	11.01281998	11.02322414	10.99653497	10.93995065	10.86358887	10.77237546	10.67233091	10.48281474	10.29087341	10.13908432	10.00742518	9.86612646	9.65513083	9.37694534	9.22768750	9.13693026	9.07297458	9.02375208
	2.40112682	2.32850953	4.20354132	4.71138467	4.67775403	4.64206043	4.60229963	4.55551360	4.49958022	0.00000000	0.27538315	2.37105351	2.59716790	2.92791787	3.49008494	4.32297154	5.26935001	6.24124734	7.10368625	7.91176875	8.54804232	9.11338250	9.43645586	9.83227796	10.05392012	10.21375096	10.38473520	10.60943247	10.78222489	10.88088834	10.93992002	10.97739050	10.98753792	10.95849282	10.89683843	10.81211536	10.70908868	10.57079071	10.39444568	10.23185436	10.09411796	9.96445310	9.81178591	9.56013175	9.32688884	9.19304108	9.10627626	9.04214402	8.99194492
	2.42005321	2.75539738	4.67459439	4.70383687	4.67045057	4.63481018	4.59494397	4.54785803	4.49704464	0.00000000	0.56551887	2.37709812	2.61657633	2.95542041	3.51075185	4.33731134	5.27570133	6.24191079	7.09652879	7.89151362	8.53230589	9.09330143	9.41244496	9.79401427	10.02803487	10.18893191	10.34644398	10.53697901	10.72350444	10.82910406	10.89134586	10.93018712	10.93950229	10.90617725	10.83585628	10.73766471	10.59700843	10.44061728	10.29973259	10.16291147	10.03623249	9.90470958	9.73312953	9.46109607	9.27106330	9.15155336	9.06790202	9.00306750	8.95206147
	2.43021120	2.31851846	4.72815844	4.69796624	4.66474057	4.62912367	4.58914548	4.54176484	4.48741493	0.00000000	1.26603672	2.38453823	2.63354796	2.98543378	3.54386017	4.37414261	5.30655583	6.25992089	7.11172063	7.90207575	8.53705209	9.09335687	9.40910118	9.78331661	10.01945349	10.17918182	10.33078114	10.50857148	10.69477330	10.80297721	10.86715183	10.90721323	10.91642170	10.88121856	10.80708862	10.70250739	10.54103864	10.39408129	10.26523316	10.13686116	10.01419625	9.88154412	9.69851272	9.43118578	9.25366657	9.13875478	9.05640504	8.99182364	8.94122633
	2.47465580	3.53096096	4.72443638	4.69268623	4.65984140	4.62457289	4.58497221	4.53808043	4.48757764	0.00000000	1.40911626	2.38776458	2.63981737	2.99596015	3.54689350	4.36388215	5.28951270	6.24589366	7.08679067	7.86617231	8.51032491	9.06112275	9.38073730	9.73965723	9.99207818	10.15989299	10.31147500	10.47884557	10.65841182	10.76645106	10.83103351	10.87093299	10.87860534	10.83722646	10.75079743	10.61782782	10.43291625	10.30891193	10.19683870	10.07784557	9.95503264	9.81093509	9.58488594	9.35692850	9.20396422	9.09579954	9.01303549	8.94608804	8.89437615
	2.49239648	3.59090713	4.72018598	4.68857273	4.65576248	4.62045403	4.58073276	4.53361860	4.52081504	0.00000000	1.89916355	2.39439430	2.65099030	3.02303705	3.57190310	4.39445035	5.31289801	6.25792785	7.09578928	7.87155468	8.51296417	9.06093901	9.38099504	9.73624210	9.98961740	10.15878379	10.31018642	10.47574607	10.65194394	10.75776085	10.82097685	10.86005255	10.86682846	10.82348188	10.73356610	10.58701537	10.40494384	10.28607206	10.17762623	10.06078606	9.93782531	9.78974495	9.55452972	9.33934801	9.19185717	9.08534286	9.00269165	8.93568730	8.88457159
	2.50487023	3.56265685	4.71747069	4.68598867	4.65317329	4.61780951	4.57797768	4.53067889	4.53389349	0.00000000	2.16706137	2.39928249	2.65861048	3.04437619	3.59136623	4.42038749	5.33258601	6.26742178	7.10355798	7.87656908	8.51549350	9.06183246	9.38233900	9.73597981	9.98941310	10.15944591	10.31106955	10.47641932	10.65070338	10.75469076	10.81667023	10.85492141	10.86101125	10.81651439	10.72473097	10.56986180	10.39141599	10.27453152	10.16748801	10.05139670	9.92806203	9.77734503	9.53878416	9.33015579	9.18518719	9.07940254	8.99675659	8.92975819	8.87911559
	2.50177913	3.49551848	4.71621992	4.68494138	4.65206159	4.61659564	4.57660926	4.52906831	4.56949291	0.00000000	2.18314775	2.40162232	2.66203041	3.05609581	3.60393310	4.44050944	5.34849059	6.27593354	7.11305560	7.88604400	8.52202621	9.06830705	9.38700674	9.74089042	9.99260093	10.16105950	10.31095711	10.47419743	10.64786288	10.75241296	10.81490181	10.85343619	10.85955328	10.81489003	10.72314528	10.56910529	10.39286220	10.27656958	10.16996299	10.05442958	9.93178176	9.78217421	9.54447547	9.33384304	9.18826262	9.08258052	9.00030742	8.93374738	8.88350805
	2.51730637	3.60827051	4.71491340	4.68340047	4.65054421	4.61507349	4.57506239	4.52747538	4.28988360	0.00000000	2.20278259	2.40507887	2.66715771	3.07022160	3.62031178	4.45791578	5.36194444	6.28076233	7.11582784	7.88487553	8.51949198	9.06428253	9.38388970	9.73624158	9.98968830	10.15976432	10.31077685	10.47483709	10.64745050	10.75029377	10.81164852	10.84936268	10.85488942	10.80895464	10.71521915	10.55406074	10.37956768	10.26444584	10.15886534	10.04365257	9.91998875	9.76672549	9.52669232	9.32247562	9.17943860	9.07427928	8.99170139	8.92477443	8.87455222
	2.54796113	3.78558860	4.71290884	4.68154945	4.64879980	4.61342107	4.57351760	4.52608551	3.88418748	0.00000000	2.24855889	2.40932711	2.67353257	3.08642959	3.63738492	4.47141807	5.37123396	6.28160568	7.11182326	7.87394974	8.50888872	9.05095719	9.37423634	9.72370107	9.98163599	10.15621545	10.31114597	10.47916921	10.65051797	10.74939097	10.80796421	10.84373298	10.84808174	10.80007994	10.70289884	10.52808063	10.35443757	10.24066631	10.13639949	10.02111895	9.89491245	9.73374884	9.48953825	9.29859557	9.16063826	9.05628507	8.97278612	8.90479045	8.85423344
	2.56688396	3.94252254	4.71080718	4.67953089	4.64681009	4.61143100	4.57150621	4.52403297	3.83138406	0.00000000	2.28650959	2.41335962	2.67937666	3.10196207	3.65376570	4.48822855	5.38175042	6.28478007	7.11055569	7.86799358	8.50257746	9.04195543	9.36829045	9.71745075	9.97576186	10.15156861	10.30881081	10.47929653	10.65070086	10.74667274	10.80275722	10.83664891	10.83970941	10.79005826	10.68935171	10.50508357	10.33245525	10.21993012	10.11688502	10.00187537	9.87376248	9.70347556	9.46415946	9.28103070	9.14605750	9.04198386	8.95768698	8.88903898	8.83744564
	2.58874340	4.16041258	4.70795679	4.67676586	4.64405271	4.60863155	4.56861689	4.52099686	3.51506201	0.00000000	2.32143795	2.41901621	2.68753441	3.11997196	3.67836126	4.51062652	5.39832297	6.29036627	7.11122261	7.86280433	8.49615405	9.03216261	9.36177465	9.71081888	9.96901557	10.14569176	10.30524524	10.47803036	10.64942235	10.74230183	10.79550434	10.82728642	10.82873302	10.77700246	10.67168088	10.47668005	10.30565793	10.19491653	10.09342934	9.97890116	9.84856427	9.66708985	9.43460233	9.26034143	9.12874986	9.02497210	8.93974531	8.87039638	8.81752189
	2.60472647	4.25712333	4.70675904	4.67568482	4.64305782	4.60771805	4.56780187	4.52034321	3.46860457	0.00000000	2.32530742	2.42247410	2.69227638	3.12604010	3.68735721	4.51473345	5.40019516	6.28944970	7.10597817	7.85385853	8.48854364	9.02264735	9.35473338	9.70223545	9.96266622	10.14171856	10.30382684	10.47891711	10.65016153	10.74038173	10.79155253	10.82197980	10.82238887	10.76908834	10.66072727	10.45843332	10.28808938	10.17825280	10.07758640	9.96285155	9.83043435	9.64195593	9.41141444	9.24481844	9.11604210	9.01250634	8.92652223	8.85648180	8.80318279
	2.60991851	4.27754160	4.70653106	4.67551587	4.64294192	4.60766211	4.56782584	4.52049557	3.55677587	0.00000000	2.32177662	2.42375219	2.69389568	3.12687027	3.68894590	4.51432584	5.39872990	6.28811482	7.10262213	7.84936848	8.48524666	9.01869470	9.35186209	9.69858011	9.95994171	10.14034716	10.30396364	10.48043576	10.65214377	10.74098868	10.79107595	10.82084791	10.82082246	10.76718271	10.65787610	10.45269996	10.28225935	10.17254968	10.07201247	9.95695846	9.82351650	9.63237991	9.40247976	9.23901732	9.11136518	9.00791899	8.92162759	8.85144835	8.79801021
	2.61320924	4.27655459	4.70607277	4.67508578	4.64252437	4.60725141	4.56741849	4.52010801	3.54141412	0.00000000	2.32200456	2.42535212	2.69633400	3.12955663	3.69396636	4.51876232	5.40193767	6.28897416	7.10170480	7.84716504	8.48329173	9.01543152	9.34964472	9.69516296	9.95651749	10.13762374	10.30236689	10.47942390	10.65154622	10.74014473	10.78900630	10.81801334	10.81749265	10.76385206	10.65127440	10.44564408	10.27567494	10.16633120	10.06593900	9.95068735	9.81616854	9.62103142	9.39556618	9.23414469	9.10727610	9.00386781	8.91728729	8.84718223	8.79297006
	2.62194897	3.65809902	4.70201727	4.67116435	4.63858067	4.60317261	4.56308164	4.51550878	2.35765894	0.00000000	2.32323432	2.43938827	2.71726482	3.15478821	3.74891329	4.56563029	5.44827747	6.30921035	7.12118219	7.85902801	8.48730281	9.01619918	9.34762647	9.68656550	9.95053733	10.12970830	10.28848258	10.45497391	10.61999274	10.71441183	10.76580109	10.79645365	10.79560039	10.73803557	10.61348739	10.41255217	10.25241771	10.14885565	10.05165429	9.93873554	9.80419901	9.60360864	9.38253970	9.22480756	9.09985712	8.99708281	8.91048690	8.83949713	8.78583217
	2.63700336	3.19067693	4.69702793	4.66637239	4.63378924	4.59824239	4.55787034	4.51014569	0.88018326	0.00000000	2.32740733	2.46210612	2.75115418	3.18420357	3.81203036	4.61598171	5.50047284	6.33042077	7.13735568	7.86419038	8.48470138	9.00640883	9.33534305	9.66034880	9.93113309	10.10956778	10.26112675	10.41461324	10.56587918	10.66682507	10.72368776	10.75724178	10.75584995	10.68936531	10.54581360	10.35827036	10.21155900	10.11553205	10.02259527	9.91181062	9.77474466	9.56409357	9.35577243	9.20545605	9.08373536	8.98138543	8.89400466	8.82037864	8.76698536
	2.65068590	3.22465804	4.69420924	4.66370059	4.63115195	4.59556550	4.55508808	4.50744428	0.14865796	0.00000000	2.33180610	2.47858658	2.77608362	3.19903901	3.84269995	4.63738040	5.52387939	6.33836456	7.13878756	7.85794331	8.47598542	8.99097911	9.31970040	9.63246807	9.91001156	10.08925958	10.23682005	10.38295224	10.52271620	10.62675093	10.68849320	10.72423494	10.72236689	10.64751567	10.48943876	10.31493823	10.17686355	10.08549709	9.99537310	9.88529714	9.74476296	9.52492850	9.33031906	9.18686743	9.06780034	8.96537388	8.87683076	8.80031534	8.74663198
	2.65692774	3.23193241	4.69276363	4.66228118	4.62968205	4.59398755	4.55332965	4.50569988	0.10927261	0.00000000	2.33434531	2.48701625	2.78955001	3.20764347	3.85978891	4.65234734	5.54063109	6.34968484	7.15282667	7.86781236	8.48070384	8.99490962	9.32186961	9.63379742	9.91049760	10.08915588	10.23569130	10.38055378	10.51850602	10.62291761	10.68507469	10.72113173	10.71905174	10.64345880	10.48432208	10.31154346	10.17525687	10.08443063	9.99453203	9.88461264	9.74374396	9.52340613	9.32907153	9.18619499	9.06745215	8.96526150	8.87686487	8.80061051	8.74734430
	2.68549486	3.20879124	4.68821997	4.65807729	4.62558317	4.58985220	4.54903782	4.50179481	0.00090003	0.00000000	2.34265463	2.52444357	2.83467412	3.23366449	3.89968303	4.68252199	5.56731942	6.36341404	7.15811011	7.86034923	8.46952182	8.97605120	9.30294542	9.60141445	9.88529001	10.06449953	10.20533761	10.34137977	10.46736097	10.56875877	10.63734192	10.67727653	10.67415986	10.58350935	10.41861254	10.25984101	10.13332510	10.04747893	9.96056204	9.85104021	9.70346637	9.47580991	9.29746732	9.16243371	9.04654069	8.94395183	8.85393105	8.77363891	8.72083332
	2.68622466	3.14498024	4.68788742	4.65764170	4.62512451	4.58934835	4.54846156	4.50122470	0.00032699	0.00000000	2.34366051	2.52957774	2.84099728	3.23634531	3.90494266	4.68747479	5.57267805	6.36727458	7.16256662	7.86324908	8.47087922	8.97700222	9.30323405	9.60053712	9.88462918	10.06384236	10.20440645	10.33977141	10.46486949	10.56639605	10.63615173	10.67649292	10.67353055	10.58174078	10.41622051	10.25869043	10.13295420	10.04742057	9.96065341	9.85123511	9.70412972	9.47528402	9.29737533	9.16261188	9.04689193	8.94442726	8.85451039	8.77460554	8.72144111
	2.71359763	2.80223713	4.68473395	4.65411354	4.62167749	4.58583022	4.54473649	4.49779888	0.00000000	0.00000000	2.35088675	2.55639669	2.87112269	3.26615328	3.94323281	4.71654926	5.59964094	6.38557010	7.17840920	7.86933407	8.47135953	8.97374964	9.29904524	9.59243459	9.87632352	10.05598895	10.19486057	10.32834302	10.44983935	10.54577859	10.61279095	10.65454602	10.64930288	10.55167946	10.39165018	10.23848550	10.11609567	10.03160614	9.94445993	9.83340948	9.67689668	9.45419089	9.28293575	9.15120578	9.03618621	8.93320877	8.84283643	8.76016513	8.71007147
	2.74668148	2.58038273	4.68158409	4.65032647	4.61805667	4.58223375	4.54105719	4.49450312	0.00000000	-0.00279377	2.35856064	2.58355925	2.90207605	3.29818741	3.98293755	4.74522403	5.62515560	6.40052778	7.18729877	7.86801942	8.46630417	8.96476042	9.28988505	9.57838400	9.86423677	10.04416565	10.17993075	10.30939596	10.42485617	10.51297408	10.57596646	10.61840689	10.61001882	10.50760308	10.35398306	10.20749519	10.09000873	10.00763279	9.92077972	9.80831767	9.63912506	9.42307820	9.26075506	9.13313735	9.01907930	8.91518574	8.82253569	8.73667669	8.69049038
	2.76548725	2.64846063	4.69276378	4.64867598	4.61652263	4.58075348	4.53959050	4.49324985	0.00000000	0.00741848	2.36164966	2.59117839	2.91261476	3.31755621	4.00412099	4.75914621	5.63588593	6.40771029	7.19112198	7.86694952	8.46344937	8.96153038	9.28636186	9.57370797	9.86121806	10.04082385	10.17462223	10.30114726	10.41277726	10.49657913	10.55637637	10.59824720	10.58814399	10.48702889	10.33713959	10.19432537	10.07935907	9.99820189	9.91168927	9.79885634	9.62346247	9.41043534	9.25079433	9.12450879	9.01065018	8.90622424	8.81114602	8.72522276	8.68091879
	2.79565825	2.69608122	4.69121412	4.64579646	4.61369720	4.57780144	4.53633763	4.49032761	0.00000000	0.17537954	2.36645484	2.60178674	2.92863403	3.36120247	4.05158760	4.79220745	5.65955244	6.43368552	7.21810809	7.88268045	8.47026287	8.96616666	9.28908936	9.57462655	9.86024573	10.04049663	10.17484300	10.30157712	10.41157935	10.49433247	10.55244614	10.59575971	10.58486208	10.48144224	10.33293021	10.19170173	10.07785373	9.99626941	9.90866048	9.79391209	9.61540125	9.40418579	9.24702424	9.12206971	9.00836095	8.90384502	8.80876407	8.72348614	8.68003880
	2.81047447	2.71579137	4.39396753	4.64366181	4.61175310	4.57592312	4.53445327	4.48877697	0.00000000	0.81404651	2.36968510	2.60852989	2.94125696	3.38623182	4.07722796	4.81751613	5.67023486	6.44312831	7.22015082	7.87500066	8.46182930	8.95082006	9.27568459	9.55480064	9.84078279	10.02344505	10.15886673	10.28513763	10.39234479	10.47071195	10.52398340	10.56333222	10.54951514	10.44749661	10.30249719	10.16481178	10.05300392	9.97165222	9.88306475	9.76460733	9.57211979	9.37336730	9.22532343	9.10426389	8.99101498	8.88495320	8.78592074	8.69792561	8.65945801
	2.82795071	2.73102225	4.17451607	4.64175165	4.60992058	4.57404234	4.53241284	4.48698986	0.00000000	1.02226140	2.37268199	2.61532858	2.95355301	3.41499165	4.10780235	4.84469353	5.68670327	6.46122995	7.23671055	7.88324941	8.46466938	8.95293318	9.27641667	9.55334635	9.83928368	10.02271134	10.15829472	10.28295972	10.38723577	10.46296154	10.51427808	10.55226777	10.53737943	10.43702040	10.29482901	10.16018404	10.05010143	9.96898708	9.88000263	9.76010926	9.56363466	9.36673755	9.22035921	9.10031003	8.98718054	8.88085578	8.77982561	8.69320102	8.65586552
	2.84129037	2.74713648	3.98449197	4.63979768	4.60805173	4.57211026	4.53029401	4.48510588	0.00000000	1.60547323	2.37577401	2.62143734	2.96464550	3.44267709	4.13942467	4.87159794	5.70157283	6.47788193	7.25130303	7.89061589	8.46649296	8.95348894	9.27577369	9.54973736	9.83660494	10.01999776	10.15497345	10.27691174	10.37851837	10.45252952	10.50188000	10.53934992	10.52454614	10.42644190	10.28782520	10.15610673	10.04807987	9.96716271	9.87786540	9.75717818	9.55829917	9.36220708	9.21699191	9.09754565	8.98430347	8.87762429	8.77416201	8.69012016	8.65348122
	2.86477051	2.78212939	3.42694701	4.63578875	4.60439425	4.56852688	4.52658476	4.48202548	0.00000000	2.00216534	2.38055723	2.63072788	2.99152603	3.48148086	4.18131699	4.92437552	5.72390234	6.50228516	7.26479518	7.89095295	8.46267182	8.94704511	9.27155568	9.54421237	9.83183706	10.01542639	10.14958164	10.26731430	10.36524428	10.43626205	10.48153115	10.51697003	10.50118413	10.40474694	10.26974243	10.14108296	10.03522903	9.95400456	9.86341863	9.73923444	9.53085550	9.34183660	9.20090275	9.08320826	8.96935724	8.86069959	8.74979185	8.67119623	8.63819860
	2.87789999	2.80274255	3.02399586	4.63338482	4.60213075	4.56622182	4.52408355	4.47995580	0.00000000	2.00618604	2.38332591	2.63598896	3.01037925	3.50182824	4.20350576	4.96131931	5.74041799	6.52419444	7.28011944	7.89682378	8.46334030	8.94480018	9.26930906	9.53876490	9.82548895	10.01036536	10.14505525	10.26140382	10.35752551	10.42632752	10.46943014	10.50374130	10.48743036	10.39251631	10.26004600	10.13337465	10.02879977	9.94741581	9.85565643	9.72882556	9.51488297	9.33128487	9.19348238	9.07703920	8.96317206	8.85372332	8.74071425	8.66348117	8.63241707
	2.88839814	2.81718130	2.86747575	4.63092730	4.59965580	4.56348325	4.52082881	4.47726739	0.00000000	2.02016595	2.38605598	2.64142871	3.03670926	3.52455672	4.22888793	5.00255278	5.76745586	6.56655377	7.31339624	7.92069819	8.47309924	8.95237233	9.27185440	9.53337815	9.81809127	10.00563197	10.14081783	10.25578584	10.34873168	10.41468812	10.45722346	10.49146178	10.47582721	10.38480316	10.25749376	10.13496931	10.03293097	9.95225168	9.85969171	9.73123612	9.51644230	9.33334320	9.19678176	9.08101727	8.96779655	8.85902771	8.74893278	8.67033139	8.63886070
	2.90632556	2.83901127	2.74691255	4.62731460	4.59622483	4.55989239	4.51678551	4.47400490	0.00000000	2.03702005	2.39009230	2.64942712	3.07478080	3.55727742	4.26304400	5.05382319	5.80122697	6.61505439	7.34654907	7.94017053	8.47835035	8.95315191	9.26929523	9.52277391	9.80618394	9.99627425	10.13128050	10.24348219	10.33250576	10.39530989	10.43680534	10.47088555	10.45595789	10.36936355	10.24805388	10.13036949	10.03128499	9.95112725	9.85710203	9.72555147	9.50889698	9.32830258	9.19388355	9.07894610	8.96574563	8.85657402	8.74580660	8.66933521	8.63844671
	2.92323501	2.85472403	2.76083872	4.62421049	4.59340556	4.55705801	4.51381371	4.47170346	0.00000000	2.04918403	2.39322151	2.65644488	3.10070044	3.58752100	4.28948983	5.08116201	5.82939427	6.64027283	7.36163262	7.94694680	8.47698859	8.94779217	9.26319841	9.51233551	9.79492078	9.98671595	10.12177049	10.23251839	10.31966526	10.38101748	10.42162337	10.45509225	10.43993652	10.35508255	10.23662460	10.12141577	10.02380713	9.94363005	9.84841969	9.71383207	9.49308812	9.31703601	9.18559260	9.07184239	8.95842008	8.84830464	8.73450785	8.66035288	8.63126184
	2.93911621	2.86911572	2.78229639	4.62093998	4.59055897	4.55437733	4.51114968	4.46966654	0.00000000	2.06023318	2.39619871	2.66263806	3.12444612	3.61627992	4.31187867	5.10412542	5.84457654	6.65559974	7.36221930	7.93658699	8.46851293	8.93340700	9.25499637	9.50145594	9.78292812	9.97757723	10.11315195	10.22276998	10.30611372	10.36342441	10.40100252	10.43221698	10.41603703	10.33262436	10.21685474	10.10390376	10.00738749	9.92653099	9.82858792	9.68370174	9.46132359	9.29384719	9.16699262	9.05450634	8.93941745	8.82432676	8.70606180	8.63814642	8.61246945
	2.94884306	2.87779295	2.79832664	4.61861590	4.58829588	4.55192117	4.50847774	4.46755354	0.00000000	2.06991879	2.39848168	2.66877775	3.14009050	3.64491911	4.33659757	5.12616703	5.87702507	6.67785767	7.37798157	7.95396139	8.47365819	8.94122315	9.25914481	9.50583062	9.78978753	9.98215520	10.11524231	10.22257605	10.30476064	10.36252498	10.40182543	10.43477667	10.41943817	10.33679982	10.22248858	10.11116919	10.01605027	9.93592706	9.83895316	9.69546889	9.47625818	9.30109137	9.17184339	9.05879047	8.94396015	8.82954980	8.71336167	8.64487188	8.61790944
	2.99155491	2.90717301	2.83376514	4.61093564	4.58108314	4.54438425	4.50076959	4.46148348	0.00000000	2.11900564	2.40579891	2.69254523	3.18028697	3.74617608	4.42443445	5.18328588	5.96379951	6.73225857	7.41677852	7.98286111	8.47838976	8.93820093	9.25196599	9.48661698	9.76249058	9.96196565	10.09696031	10.20136918	10.27915840	10.33214832	10.36937672	10.40005872	10.38404495	10.30617223	10.19957184	10.09467032	10.00331272	9.92283934	9.82229777	9.66565459	9.44583232	9.28124020	9.15816639	9.04708302	8.93152717	8.81290206	8.69668608	8.63261649	8.60900470
	3.06369254	2.94012627	2.86458663	4.59283134	4.57437172	4.53797051	4.49491706	4.45698112	0.00000000	2.19560850	2.41351069	2.72517745	3.22005423	3.83757066	4.52327435	5.23432614	6.03581902	6.76287315	7.43065870	7.98125129	8.46849677	8.91381386	9.23687455	9.46404586	9.72709617	9.93870006	10.07881518	10.18169684	10.25566161	10.30371892	10.33770162	10.36497903	10.34660937	10.27051340	10.16818997	10.06670166	9.97633889	9.89301460	9.78476465	9.60431252	9.39616025	9.24548011	9.12964325	9.01980828	8.90078737	8.76901538	8.65839995	8.60335021	8.58521462
	3.09384155	2.97037662	2.88761907	4.03402794	4.56916859	4.53278155	4.49018576	4.45325726	0.00000000	2.23371444	2.41990063	2.76499868	3.25669300	3.88602486	4.58589492	5.28084126	6.08434359	6.78950511	7.45025108	7.99740217	8.46904223	8.90894432	9.23044911	9.45177608	9.70833387	9.92402465	10.06528748	10.16652376	10.23821122	10.28499931	10.31821229	10.34412377	10.32498769	10.25097670	10.15232928	10.05411997	9.96532883	9.88155800	9.77001052	9.58267566	9.37767180	9.23181986	9.11900582	9.00967090	8.88941751	8.75530843	8.64519363	8.59392676	8.57789416
	3.14728914	3.02014572	2.91919795	2.91319474	4.56171351	4.52529350	4.48358837	4.44802070	0.00000000	2.25515087	2.43077453	2.83438337	3.33193308	3.95173050	4.64612135	5.36028037	6.13525979	6.82214016	7.47530411	8.01656585	8.47097443	8.90596275	9.22441411	9.43958669	9.69036640	9.90823122	10.05071870	10.15010998	10.22010469	10.26602608	10.29885567	10.32317171	10.30310541	10.23111651	10.13651322	10.04217495	9.95541983	9.87133027	9.75580692	9.56080240	9.36086153	9.21876346	9.10832631	8.99903242	8.87677842	8.73803367	8.63203949	8.58477759	8.57106872
	3.16602688	3.06139319	2.94478837	2.86419166	4.55665712	4.52048974	4.47970987	4.44495494	0.00000000	2.26500195	2.44232203	2.87595958	3.39933899	4.01302506	4.68386501	5.42334966	6.16243131	6.83987893	7.48687759	8.02151315	8.46823971	8.89720059	9.21662630	9.42611359	9.66973857	9.89389477	10.03831445	10.13660799	10.20459371	10.24816760	10.27869379	10.30022773	10.27897620	10.20864811	10.11712499	10.02529015	9.93940445	9.85424342	9.73522325	9.52297589	9.33501956	9.20064226	9.09363422	8.98455643	8.86020973	8.71085260	8.61197842	8.56965397	8.55891009
	3.19227654	3.10026869	2.97421814	2.88594657	4.55027393	4.51430071	4.47473166	4.44097181	0.00000000	2.27472623	2.45871955	2.91910513	3.46336542	4.08435585	4.72886603	5.48765965	6.19285969	6.86011799	7.49987660	8.02699070	8.46544465	8.88283458	9.20620652	9.41128076	9.64559586	9.87094812	10.02020535	10.11826127	10.18470050	10.22642543	10.25510977	10.27403394	10.25169662	10.18275013	10.09365464	10.00354588	9.91737760	9.82941749	9.69425463	9.48683188	9.31039097	9.18181395	9.07706533	8.96694451	8.83679695	8.68358806	8.59273553	8.55476844	8.54680737
	3.23118945	3.14600186	3.02599900	2.91859231	4.54093133	4.50533700	4.46771578	4.43534848	0.00000000	2.28917063	2.48870790	2.97742188	3.53260123	4.17421766	4.79500998	5.56148466	6.22900822	6.88436013	7.51513997	8.03226611	8.45805873	8.85825882	9.18748485	9.38454216	9.60086097	9.83065488	9.98730241	10.08562841	10.15000446	10.18840863	10.21416306	10.22961593	10.20665208	10.14053177	10.05545209	9.96764492	9.88037297	9.78691279	9.62879293	9.42918421	9.27200751	9.15253194	9.05079948	8.93820946	8.79424809	8.64217160	8.56320603	8.53158290	8.52781266
	3.25406633	3.16756225	3.06073781	2.93875529	4.50958967	4.50113831	4.46462555	4.43292112	0.00000000	2.29802800	2.51663487	3.02180014	3.57100707	4.21354675	4.84377985	5.59290734	6.24795870	6.89658870	7.52169798	8.03201980	8.45195312	8.84074658	9.17448907	9.36711284	9.57174789	9.80313603	9.96563459	10.06494540	10.12829099	10.16507410	10.18928688	10.20311983	10.18007274	10.11564264	10.03266598	9.94586517	9.85737624	9.75796704	9.59190985	9.39584560	9.24942573	9.13483392	9.03438700	8.91965885	8.76635037	8.61724376	8.54483673	8.51658423	8.51482541
	3.27854325	3.18829228	3.09180607	2.96076003	4.06127459	4.49653974	4.46129701	4.43031853	0.00000000	2.30711705	2.54970840	3.07304825	3.61946759	4.25045483	4.90643716	5.62231491	6.26750043	6.90902872	7.52851748	8.03063972	8.44611544	8.82131067	9.16177035	9.34972721	9.54212333	9.77395386	9.94332072	10.04387801	10.10638628	10.14177022	10.16463744	10.17720144	10.15423886	10.09165053	10.01087070	9.92502947	9.83508334	9.73085190	9.55017705	9.36595782	9.22906536	9.11885205	9.01936164	8.90227070	8.73770760	8.59541846	8.52880904	8.50369789	8.50386076
	3.31536067	3.21614800	3.12519626	2.99481318	3.07476224	4.48866115	4.45563261	4.42587563	0.00000000	2.31749531	2.59108227	3.13487430	3.71052383	4.30508285	4.99889717	5.66248670	6.29885885	6.93060757	7.54169061	8.03786818	8.44467909	8.80764481	9.15003475	9.33567486	9.52085247	9.74094893	9.91818710	10.02168593	10.08418867	10.11892949	10.14076492	10.15207621	10.12838604	10.06645133	9.98639311	9.89997414	9.80633307	9.68854837	9.50862946	9.33959229	9.20946994	9.10190338	9.00182191	8.88077581	8.70567105	8.57493587	8.51365987	8.49168328	8.49384554
	3.34757014	3.23712249	3.14682317	3.02429846	2.93029023	4.48243315	4.45126264	4.42247642	0.00000000	2.32498379	2.62015884	3.17345371	3.78414135	4.35468826	5.05336960	5.69252579	6.32253701	6.94568801	7.55039972	8.03998871	8.44025016	8.79087527	9.13682394	9.32004144	9.49704153	9.70954989	9.89379168	9.99990027	10.06238944	10.09659030	10.11770201	10.12820429	10.10426557	10.04311050	9.96355289	9.87627750	9.77893301	9.64862470	9.47184418	9.31478394	9.19108144	9.08605562	8.98533639	8.86048091	8.67816387	8.55632208	8.49963471	8.48014137	8.48397147
	3.37309824	3.25298197	3.16264418	3.04757003	2.93196979	4.47851693	4.44866809	4.42052987	0.00000000	2.32928683	2.63794006	3.19679948	3.82661879	4.39364968	5.08340086	5.71104992	6.33590235	6.95176261	7.55076591	8.02983513	8.43111253	8.76801778	9.12002092	9.30206427	9.46869726	9.67394889	9.86445462	9.97488678	10.03810614	10.07192721	10.09242372	10.10241752	10.07848490	10.01787558	9.93824764	9.84921883	9.74462333	9.60547108	9.43174293	9.28679963	9.17065271	9.06867600	8.96748215	8.83710096	8.65083427	8.53676828	8.48474885	8.46769011	8.47314134
	3.39835296	3.26797871	3.17671223	3.07059781	2.94671841	4.47604144	4.44720695	4.41952635	0.00000000	2.33053088	2.64648801	3.20869188	3.84659182	4.41707151	5.09647580	5.71720722	6.33612983	6.94678980	7.54157362	8.00192849	8.41469292	8.72945077	9.09571571	9.27881888	9.43411796	9.62293791	9.82415603	9.94212885	10.00772928	10.04187024	10.06230131	10.07232072	10.04869475	9.98823067	9.90743200	9.81493540	9.69938847	9.54703169	9.38574830	9.25556906	9.14686514	9.04773239	8.94554980	8.80786404	8.61907492	8.51523526	8.46796024	8.45340592	8.46063089
	3.42974565	3.28727845	3.19322845	3.09513203	2.96517953	4.47156565	4.44441958	4.41752493	0.00000000	2.33502808	2.66735945	3.23724674	3.88003679	4.47370141	5.12103446	5.73606157	6.34853059	6.95061209	7.53897414	7.98423991	8.40246806	8.69868058	9.07217513	9.25751225	9.40495679	9.57563364	9.78074195	9.90758140	9.97608769	10.01107614	10.03171014	10.04179488	10.01806242	9.95699443	9.87406652	9.77625664	9.64783184	9.48742526	9.34511711	9.22691672	9.12401724	9.02651154	8.92214072	8.77347667	8.58953388	8.49468876	8.45173567	8.43944839	8.44818813
	3.45940921	3.30742985	3.20915344	3.11492453	2.98398652	4.46517254	4.44032270	4.41451210	0.00000000	2.34216585	2.70028798	3.28274142	3.92299166	4.53663004	5.15149487	5.76230152	6.36750865	6.95910015	7.54044794	7.97174440	8.39313611	8.67617915	9.05019682	9.23822441	9.38030230	9.53704078	9.73772711	9.87347465	9.94486556	9.98089356	10.00183791	10.01201165	9.98778118	9.92553356	9.83967878	9.73606534	9.58588864	9.43780479	9.31039677	9.20126771	9.10254473	9.00540469	8.89792856	8.73243121	8.56282286	8.47596890	8.43665501	8.42642853	8.43643306
	3.49560850	3.33651445	3.22998290	3.13814721	3.01051638	4.45577117	4.43445081	4.41026605	0.00000000	2.35340093	2.76137936	3.36182641	3.98643734	4.59955703	5.19098997	5.79952494	6.39440224	6.97195414	7.54573968	7.96584273	8.38565866	8.65536590	9.02964303	9.21935942	9.35603105	9.50005710	9.69344603	9.83796518	9.91178873	9.94876897	9.96999641	9.98026465	9.95518762	9.89127291	9.80204665	9.68823379	9.52252765	9.38953844	9.27627907	9.17548634	9.08053842	8.98318426	8.87196538	8.68995618	8.53629402	8.45722385	8.42185843	8.41398113	8.42562303
	3.51944145	3.36212263	3.24593314	3.15437685	3.03388232	4.45526031	4.43110606	4.40804568	0.00000000	2.36102341	2.80642603	3.41277422	4.03029569	4.62850612	5.21324832	5.81998375	6.40647529	6.97490033	7.54231596	7.95150866	8.37376090	8.63625593	8.99988337	9.19894984	9.33431203	9.47116675	9.64869250	9.79347494	9.87419333	9.91464442	9.93792616	9.94954195	9.92390250	9.85720366	9.76010278	9.63506676	9.48075627	9.35874935	9.25293574	9.15624857	9.06271692	8.96418721	8.84746787	8.66250374	8.51893322	8.44431038	8.41135176	8.40496026	8.41782254
	3.54064086	3.38881533	3.26169314	3.17044361	3.05884818	4.21712512	4.42883058	4.40671718	0.00000000	2.36547805	2.83067655	3.43565332	4.05933144	4.64377211	5.22615151	5.82821701	6.40456828	6.96627418	7.52751702	7.91358146	8.35139064	8.59917920	8.95512355	9.16851867	9.30081221	9.42364005	9.57971000	9.73178563	9.82248137	9.86782457	9.89397525	9.90761853	9.88153491	9.81105797	9.70421453	9.55912980	9.41709361	9.31176751	9.21759845	9.12769466	9.03668777	8.93713975	8.81403710	8.62313518	8.49408037	8.42584281	8.39608633	8.39161989	8.40613112
	3.56622875	3.42394706	3.28229660	3.18910857	3.08709244	3.83723187	4.42333906	4.40327556	0.00000000	2.38059036	2.89466609	3.49173789	4.12515890	4.67949513	5.26240950	5.86391182	6.42642088	6.97488666	7.53070743	7.90632364	8.34434214	8.58480147	8.93138843	9.15068452	9.28170299	9.39909806	9.54272187	9.68912267	9.78430210	9.83236467	9.86033971	9.87506101	9.84769851	9.77309042	9.65341688	9.50950425	9.38178165	9.28512427	9.19678269	9.10996140	9.01948028	8.91760765	8.78315248	8.59834454	8.47826278	8.41423032	8.38680977	8.38391666	8.39943533
	3.58178451	3.44630095	3.29587141	3.20127435	3.10480797	3.36293990	4.41947985	4.40092457	0.00000000	2.39195523	2.92986071	3.52134107	4.16159762	4.70271481	5.29002343	5.89205544	6.44328996	6.98108804	7.53226584	7.90256721	8.33924209	8.57572159	8.91533362	9.13891500	9.26940014	9.38355086	9.51922856	9.66098066	9.75879034	9.80888221	9.83770030	9.85304725	9.82471446	9.74733552	9.61993940	9.47616888	9.35805083	9.26694326	9.18250436	9.09765831	9.00751450	8.90410542	8.76249233	8.58151725	8.46730598	8.40615180	8.38023967	8.37826856	8.39433735
	3.60471229	3.47433515	3.31770717	3.21740668	3.12440719	3.35383302	4.41729812	4.39997137	0.00000000	2.39794574	2.94768421	3.53718251	4.17702834	4.71474530	5.30041860	5.89254291	6.43257336	6.96568647	7.50634737	7.85841497	8.30302088	8.53579220	8.83865470	9.08914636	9.22737406	9.33496032	9.45133290	9.57260587	9.66527385	9.71985755	9.75576702	9.77668945	9.74533993	9.65535388	9.52684503	9.40177037	9.30126680	9.22125944	9.14415723	9.06230241	8.97153202	8.86166140	8.70501729	8.54505410	8.44241035	8.38661678	8.36353639	8.36335007	8.38080709
	3.63841892	3.51035979	3.35102150	3.23962502	3.14866778	3.59787756	4.41471912	4.39886051	0.00000000	2.40305506	2.96498353	3.55350591	4.19260929	4.72457023	5.30240745	5.87764283	6.40755192	6.93987832	7.46712350	7.79476485	8.24936639	8.48016654	8.73149694	9.01532347	9.16809251	9.26906307	9.36296012	9.45573400	9.53753049	9.59396170	9.63593348	9.66250720	9.62833105	9.52782216	9.40863169	9.31090005	9.23034304	9.16288061	9.09367193	9.01451934	8.92182860	8.79748972	8.63139850	8.49992768	8.41123302	8.36202969	8.34258728	8.34487165	8.36446855
	3.67800600	3.54914149	3.39607320	3.26693061	3.17525305	3.55448073	4.40887444	4.39576356	0.00000000	2.41592891	3.00040118	3.58121314	4.21421255	4.74105979	5.31258375	5.87150029	6.38928313	6.91802300	7.42822113	7.74342435	8.19209275	8.43050998	8.63407708	8.93099577	9.10744809	9.20849804	9.29016064	9.36086775	9.42068511	9.46558444	9.50320476	9.53222547	9.49619441	9.40716221	9.31586648	9.23848950	9.17138881	9.11202790	9.04712739	8.96792475	8.87097006	8.72308733	8.57067617	8.46161867	8.38423335	8.34084051	8.32487141	8.32972605	8.35166500
	3.69927646	3.56866338	3.42244886	3.28238600	3.18921462	3.13855524	4.40453868	4.39348188	0.00000000	2.43000752	3.03168385	3.60553094	4.23077684	4.75621042	5.32775135	5.87930792	6.38799885	6.91111690	7.40878893	7.72595020	8.15923891	8.40927656	8.60189626	8.87858584	9.07514855	9.18099051	9.26137254	9.32677308	9.37940138	9.41777564	9.44938935	9.47495010	9.44154975	9.36317330	9.28085021	9.20979606	9.14668459	9.08940007	9.02514623	8.94471152	8.84433555	8.68516081	8.54669645	8.44550101	8.37251680	8.33159205	8.31716377	8.32315793	8.34600344
	3.73344367	3.59269698	3.45398135	3.30322356	3.20595590	3.11121608	4.40109109	4.39207255	0.00000000	2.43663313	3.04884447	3.61815019	4.23752870	4.76084433	5.32611855	5.86728660	6.37060129	6.88941225	7.35633466	7.69084283	8.08601774	8.36773039	8.54838133	8.78898242	9.00724716	9.12834474	9.21009093	9.27028474	9.31531649	9.34712105	9.37329312	9.39503583	9.36701385	9.30025593	9.22882764	9.16555571	9.10714777	9.05225029	8.98812809	8.90527086	8.79108679	8.63428093	8.51435084	8.42367200	8.35654926	8.31890599	8.30646121	8.31388659	8.33806731
	3.79189103	3.62550871	3.49390864	3.33448908	3.22913070	3.13855782	4.39456427	4.38950628	0.00000000	2.45877867	3.07309943	3.64424997	4.25002022	4.77186211	5.32907946	5.85451434	6.34909148	6.86150884	7.28891229	7.64536459	7.98917893	8.31174324	8.48155488	8.67814336	8.91089819	9.05526114	9.14279472	9.19863994	9.23590336	9.26103836	9.28184346	9.30012796	9.27768114	9.22390545	9.16439727	9.10966814	9.05602440	9.00310945	8.93820261	8.84758339	8.71624336	8.57382327	8.47538893	8.39751773	8.33775365	8.30420732	8.29430383	8.30360602	8.32962610
	3.85508636	3.66184421	3.52956960	3.37357283	3.25351094	3.16275101	4.38910782	4.38749933	0.00000000	2.44819870	3.06415624	3.63165473	4.24085686	4.75482268	5.29465231	5.80930394	6.30530781	6.80866527	7.17552064	7.57823107	7.85569151	8.21742613	8.39672167	8.54659295	8.74595509	8.92690450	9.04005061	9.10186632	9.13813470	9.16190182	9.18204224	9.20082373	9.18384183	9.13977100	9.08844469	9.03938993	8.98851668	8.93595936	8.86842114	8.75742407	8.62753597	8.51719081	8.43784886	8.37220290	8.31993938	8.29056694	8.28327474	8.29463218	8.32283662
	3.89146749	3.68459619	3.55025188	3.39822331	3.26847476	3.17668639	4.38369322	4.38507633	0.00000000	2.45476656	3.07211827	3.63883260	4.24315997	4.75387327	5.28710728	5.79607866	6.29062890	6.78881644	7.13114542	7.55175468	7.80486492	8.17604062	8.36223720	8.49672476	8.67459362	8.86677632	8.99305097	9.05863224	9.09508764	9.11866363	9.13862327	9.15758070	9.14271063	9.10236271	9.05402272	9.00704012	8.95708235	8.90454001	8.83448172	8.71554608	8.59228899	8.49470075	8.42319147	8.36269849	8.31381278	8.28642947	8.28046521	8.29298418	8.32246747
	3.93680577	3.71105790	3.57254152	3.42466342	3.28440637	3.19124798	4.38363255	4.38070689	0.00000000	2.48381611	3.10082873	3.66967215	4.25680148	4.76657002	5.29689523	5.79845800	6.28746546	6.78049761	7.11094807	7.53958005	7.78264826	8.15668708	8.34831856	8.47653070	8.63828709	8.83284993	8.97017516	9.03774696	9.07354922	9.09641531	9.11547490	9.13385804	9.11958782	9.08115614	9.03425440	8.98816829	8.93862347	8.88605885	8.81278012	8.68952715	8.57397921	8.48389198	8.41702893	8.35975657	8.31314281	8.28735077	8.28267919	8.29662315	8.32791773
	3.97640715	3.74752326	3.59831683	3.46074566	3.30784517	3.21048019	4.01452500	4.37629377	0.00000000	2.50573191	3.11561127	3.68966808	4.26476061	4.77361912	5.29900268	5.79194134	6.27362384	6.75160680	7.07386971	7.49863489	7.73653070	8.07685982	8.29935547	8.42701279	8.57048786	8.74171264	8.89004634	8.97382081	9.01680723	9.04261843	9.06383857	9.08435737	9.07198807	9.03529447	8.98958476	8.94426976	8.89355616	8.83715474	8.75344574	8.64008766	8.54117449	8.46114199	8.40114146	8.34890717	8.30552434	8.28170557	8.27819888	8.29309611	8.32534082
	4.03790026	3.82175509	3.63738581	3.50217469	3.34222272	3.23468886	3.32722249	4.36909063	0.00000000	2.51543288	3.13099416	3.69958628	4.26777754	4.77119483	5.28725574	5.77303795	6.25002590	6.70707084	7.02303452	7.44170411	7.67861957	7.97336228	8.23051119	8.36145382	8.48249365	8.62014928	8.77102085	8.87254271	8.92465920	8.95894925	8.98713304	9.01261614	9.00368151	8.96952979	8.92514239	8.87800622	8.82646304	8.76266624	8.67844175	8.58641831	8.50694247	8.43964004	8.38827938	8.34224299	8.30316334	8.28206593	8.28050007	8.29728441	8.33188926
	4.06193362	3.85811146	3.65893092	3.52442260	3.36551607	3.24962304	3.25103326	4.36481446	0.00000000	2.51544846	3.12846774	3.69551203	4.26280785	4.76267169	5.27242117	5.75417379	6.22640414	6.65830833	6.98301226	7.38217233	7.63077227	7.89143960	8.16145384	8.30569757	8.41981280	8.53879014	8.67564466	8.77643990	8.83778805	8.88415654	8.92355903	8.95511986	8.94959118	8.91708683	8.87205683	8.81952917	8.76522519	8.70425629	8.62912304	8.55213793	8.48395788	8.42457341	8.37857451	8.33632868	8.29984932	8.28028739	8.27972405	8.29735310	8.33309528
	4.08226841	3.88648436	3.67863648	3.54344629	3.38772983	3.26330995	3.17349449	4.36044737	0.00000000	2.51625706	3.12664901	3.69279307	4.25893450	4.75606185	5.26063742	5.73830886	6.20428529	6.61251786	6.94758517	7.32220213	7.58491212	7.82063368	8.08941223	8.24935544	8.36480331	8.47297010	8.59410872	8.68983206	8.75572560	8.80968118	8.85721891	8.89493974	8.89310527	8.86206476	8.81682128	8.76284250	8.70898005	8.65366347	8.58944987	8.52413437	8.46445921	8.41129395	8.36949556	8.33030268	8.29592224	8.27761777	8.27786753	8.29613208	8.33272345
	4.10154089	3.92821755	3.72185834	3.57533170	3.43048653	3.28880412	3.19508360	4.35194122	0.00083791	2.50520870	3.11747345	3.67710617	4.24763276	4.73886226	5.23463349	5.70700292	6.16186083	6.52673156	6.88475785	7.20358058	7.49973163	7.70292678	7.93779658	8.13797861	8.26385726	8.36159692	8.45575845	8.53431079	8.59648849	8.65112254	8.70361528	8.75642459	8.76351322	8.73384488	8.69157385	8.64871017	8.60624245	8.56863625	8.52640250	8.47834042	8.43160902	8.38826329	8.35279945	8.31842314	8.28739029	8.27110442	8.27254089	8.29165529	8.32928234
	4.12429218	3.96859393	3.77400499	3.60893031	3.47075614	3.31787301	3.21683823	4.34369492	0.00000000	2.49503726	3.11730908	3.66513322	4.23912728	4.72585826	5.21559085	5.68349079	6.12752208	6.46996501	6.84121451	7.12874253	7.43589608	7.63049881	7.83779184	8.03973877	8.18424558	8.28126240	8.36348718	8.43032098	8.48453189	8.53246405	8.58257188	8.63868110	8.65122942	8.62780123	8.59464543	8.56711009	8.53779219	8.51399518	8.48600778	8.45033345	8.41349359	8.37719060	8.34591292	8.31482263	8.28643845	8.27187014	8.27451411	8.29480389	8.33414648
	4.14022057	4.01485953	3.82098376	3.63943536	3.50209843	3.34360931	3.23524204	4.33919336	0.00000000	2.51303633	3.12640822	3.67643698	4.24160475	4.72575464	5.21051015	5.67241911	6.10581120	6.43277813	6.80881955	7.07347194	7.38487604	7.58217820	7.76623916	7.96338890	8.12811552	8.22909830	8.30837905	8.36751195	8.41333749	8.45440836	8.49780499	8.55260661	8.56852833	8.55070093	8.52703895	8.51195751	8.49386967	8.47959886	8.45977156	8.43162415	8.40086705	8.36878769	8.33987599	8.31086209	8.28437670	8.27126301	8.27506595	8.29662580	8.33786557
	4.15114209	4.04372043	3.85195102	3.66054624	3.52192557	3.36353212	3.24830500	4.17683527	0.00000000	2.51977628	3.12978679	3.68102609	4.24084101	4.72377772	5.20462022	5.66092722	6.08277616	6.40506806	6.77919928	7.03374957	7.33511220	7.54259859	7.71492368	7.89756755	8.07177431	8.18432596	8.26422489	8.32062417	8.36147820	8.39917717	8.43742233	8.48704273	8.50491472	8.49469049	8.48053807	8.47336570	8.46316596	8.45514552	8.44105055	8.41830143	8.39178672	8.36251657	8.33524640	8.30778355	8.28270410	8.27064641	8.27523244	8.29764519	8.34019230
	4.16548461	4.07618611	3.89497806	3.69862364	3.55441285	3.40248185	3.27137216	3.47168581	0.00000000	2.51388041	3.13196683	3.67605286	4.23706400	4.71618338	5.19092043	5.63921565	6.04196829	6.35856418	6.72612803	6.97103758	7.24798965	7.47540652	7.63692873	7.80041586	7.96967184	8.10414288	8.19060065	8.24610213	8.28285223	8.31638140	8.35011711	8.39679361	8.41901791	8.41868762	8.41729699	8.42137671	8.42194587	8.42302036	8.41755678	8.40271321	8.38208255	8.35642351	8.33096219	8.30516716	8.28173110	8.27089884	8.27656659	8.30025661	8.34494285
	4.17964549	4.09998251	3.93436717	3.74403156	3.58873660	3.44514517	3.29985188	3.18492909	0.00109944	2.51056826	3.13070594	3.67273881	4.23021790	4.70563956	5.17318572	5.61001605	5.98488107	6.30946436	6.65268683	6.90455655	7.14827059	7.39270086	7.55714831	7.69771241	7.85109012	7.98422247	8.09830928	8.16180324	8.19835231	8.23036304	8.26277602	8.31012699	8.33792244	8.34743520	8.35824658	8.37373549	8.38461060	8.39490368	8.39819931	8.39081761	8.37518885	8.35218504	8.32784157	8.30321369	8.28128828	8.27177417	8.27879356	8.30423925	8.35184050
	4.17921706	4.09836484	3.93990203	3.77460024	3.61059663	3.47605438	3.32404221	3.22136749	-0.00110098	2.47325436	3.11338189	3.64181080	4.20915831	4.68237499	5.14524314	5.57074733	5.92280245	6.25522044	6.57065015	6.83153298	7.04675119	7.28684266	7.46760286	7.59435900	7.72674569	7.84956534	7.97093380	8.04295983	8.08666246	8.12716904	8.16820593	8.22045504	8.25649003	8.27668164	8.29979989	8.32728470	8.34893536	8.36865892	8.38033204	8.37938629	8.36782222	8.34681073	8.32303938	8.29913855	8.27823513	8.26946751	8.27706039	8.30319645	8.35202118
