	-2786.95712403	-2786.87549582	-2786.76118770	-2786.62354559	-2786.47946692	-2786.34894382	-2786.24375986	-2786.16217772	-2786.09653471	-2786.04021564	-2785.99046043	2.46143030	2.51786468	2.57341583	2.62925509	2.69113298	2.76987342	2.86713125	2.97726231	3.08922113	3.19303040	3.27097530	3.31463855	3.33187660	3.33430518	3.32968329	3.32105173	3.30912498	3.29249795	3.26955304	3.23911793	3.20181047	3.15903887	3.11143196	3.06042637	3.00648619	2.95016664	2.89372967	2.83760178	2.78184721	2.72681146	-2785.71324690	-2785.74818245	-2785.78208654	-2785.81587057	-2785.84800209	-2785.87866284	-2785.90738599	-2785.93397192
	1.40439618	1.50732104	1.66075745	1.85478747	2.06677046	2.26557935	2.43065623	2.56121238	2.66718845	2.75725279	2.83550762	2.90600578	2.97356538	3.04277960	3.11532099	3.19835800	3.30685608	3.44505697	3.60169250	3.76165613	3.90925152	4.02017042	4.08191029	4.10661944	4.11051285	4.10386211	4.09123131	4.07366940	4.04940229	4.01628824	3.97300391	3.92028557	3.86024939	3.79249753	3.71990320	3.64356930	3.56573858	3.48611291	3.41651013	3.34221996	3.27678743	3.21434172	3.16291567	3.10779480	3.05481500	3.00366220	2.95405863	2.90654372	2.86298036
	1.34172189	1.44346508	1.59803496	1.79746477	2.02022287	2.23327514	2.41260769	2.55518203	2.67006295	2.76596008	2.84750280	2.91984560	2.98909083	3.06045280	3.13561685	3.22176568	3.33562160	3.48219692	3.64929903	3.82063382	3.97959768	4.10008301	4.16914354	4.19990604	4.20901353	4.20657772	4.19705658	4.18152940	4.15856374	4.12608277	4.08292169	4.02975848	3.96907319	3.90200354	3.83092602	3.75633927	3.67933571	3.60515232	3.53981136	3.47707584	3.42008932	3.36839272	3.32566410	3.28013250	3.23235335	3.18484468	3.14004312	3.09680611	3.05674997
	1.29349551	1.39547161	1.55192887	1.75638227	1.98776230	2.21146832	2.40131932	2.55284596	2.67441270	2.77432178	2.85756922	2.93040257	2.99982455	3.07166172	3.14755666	3.23531966	3.35317305	3.50590129	3.68005059	3.85846327	4.02366734	4.14780904	4.21852587	4.25049119	4.26085067	4.25949067	4.25074940	4.23562708	4.21273757	4.17996512	4.13616875	4.08205483	4.02017980	3.95219988	3.88001821	3.80466383	3.72684829	3.65194167	3.58716492	3.52785291	3.47366845	3.42532000	3.38509701	3.34282740	3.29575891	3.24856106	3.20348492	3.16069742	3.12071247
	1.16344494	1.26547318	1.42505479	1.63921742	1.88901581	2.13703213	2.35138626	2.52375290	2.66098221	2.77075214	2.85872524	2.93339355	3.00377223	3.07686778	3.15419406	3.24462731	3.36938522	3.53328966	3.72050590	3.91200304	4.08896873	4.22007783	4.29349261	4.32705068	4.33888463	4.33874805	4.33092380	4.31628258	4.29345495	4.26024958	4.21540524	4.15962324	4.09553537	4.02540576	3.95071501	3.87304924	3.79267180	3.71653203	3.65145839	3.59427122	3.54396939	3.50010822	3.46329633	3.42284248	3.37602207	3.32792154	3.28090923	3.23602683	3.19433256
	1.14168649	1.24245377	1.40114736	1.61712362	1.87341103	2.13198185	2.35789668	2.54029649	2.68474704	2.79822115	2.88689075	2.96068751	3.02978544	3.10167835	3.17798031	3.26876690	3.39680660	3.56599535	3.75890476	3.95557567	4.13659498	4.26884495	4.34220337	4.37672618	4.39025383	4.39204377	4.38603214	4.37288115	4.35125075	4.31900038	4.27497841	4.22007779	4.15697667	4.08813307	4.01492154	3.93892513	3.86007953	3.78854955	3.72860234	3.67684326	3.63303346	3.59715178	3.56790326	3.53209774	3.48893547	3.44237961	3.39869183	3.35625383	3.31649938
	1.29157698	1.38288022	1.52882034	1.73057193	1.97464973	2.22581152	2.44890207	2.63051958	2.77418493	2.88542092	2.97027217	3.03924264	3.10301087	3.16916648	3.23928511	3.32347811	3.44462023	3.60627207	3.79109679	3.97940867	4.15287543	4.27851759	4.34671362	4.37784989	4.38938523	4.39011047	4.38378545	4.37096614	4.35043189	4.32005286	4.27877625	4.22706661	4.16728130	4.10195966	4.03247376	3.95990991	3.88483408	3.81742309	3.76079530	3.71157382	3.67018267	3.63705086	3.60960707	3.57597377	3.53533936	3.49055562	3.44841820	3.40644351	3.36784604
	1.41207036	1.49987040	1.64045197	1.83734025	2.07923285	2.33173033	2.55871354	2.74475266	2.89090731	3.00116573	3.08262829	3.14769803	3.20749608	3.26992470	3.33623650	3.41955275	3.54351030	3.70847071	3.89501337	4.08267852	4.25280471	4.37146178	4.43299976	4.46018113	4.46995175	4.47034058	4.46430049	4.45202925	4.43224552	4.40289017	4.36301286	4.31346258	4.25657714	4.19457074	4.12870438	4.06049984	3.99217967	3.93125712	3.88299356	3.84265587	3.80964647	3.78644541	3.76839065	3.74025415	3.70417413	3.66470467	3.62534294	3.58639625	3.55213875
	1.46466474	1.54823813	1.68336939	1.87523345	2.11486405	2.36953362	2.60226972	2.79468059	2.94496641	3.05601422	3.13580248	3.19818789	3.25489173	3.31443808	3.37832672	3.46098945	3.58618031	3.75299681	3.94082192	4.12841440	4.29680429	4.41171237	4.46930276	4.49331404	4.50088455	4.50004548	4.49331340	4.48083508	4.46116600	4.43227461	4.39313589	4.34481785	4.28893740	4.22885470	4.16590830	4.10096757	4.03576361	3.97860727	3.93276483	3.89660372	3.86716949	3.84779938	3.83141386	3.80957260	3.77588178	3.73677118	3.69853297	3.66207788	3.62932093
	1.62428792	1.69907598	1.82192587	1.99917205	2.22488836	2.47075710	2.70077726	2.89286169	3.04129148	3.14791659	3.22187650	3.27815168	3.32855511	3.38191038	3.44022570	3.51818106	3.63872275	3.79963911	3.98005048	4.15916286	4.31771163	4.42376671	4.47529835	4.49550030	4.50109186	4.49945967	4.49273400	4.48100498	4.46258594	4.43561211	4.39903564	4.35377205	4.30167917	4.24558577	4.18892019	4.12964813	4.07037832	4.01830828	3.97695658	3.94374216	3.92130839	3.90390000	3.89171736	3.87227568	3.84342379	3.80789765	3.77343840	3.73943550	3.71069015
	1.74930973	1.82167325	1.94109202	2.11398037	2.33481002	2.57710772	2.80534298	2.99541049	3.13952338	3.24008426	3.30794836	3.35884867	3.40419010	3.45334839	3.50928837	3.58745393	3.70931939	3.86997211	4.04809626	4.22279416	4.37392415	4.47228832	4.51872948	4.53654556	4.54157109	4.54006555	4.53390088	4.52302605	4.50550681	4.47938800	4.44351278	4.40027705	4.35091944	4.29805568	4.24474423	4.19012490	4.13515098	4.08653747	4.05015071	4.02072159	4.00155296	3.98879633	3.98240935	3.96589270	3.94195312	3.91068023	3.87883607	3.84890743	3.82190772
	1.77626148	1.84789348	1.96642921	2.13847530	2.35912322	2.60316061	2.83476844	3.02765485	3.17235821	3.27156946	3.33731718	3.38598820	3.42898896	3.47621558	3.53124253	3.61010006	3.73359746	3.89546660	4.07407097	4.24813388	4.39703091	4.49260790	4.53687596	4.55357634	4.55816948	4.55645843	4.55011873	4.53940544	4.52212055	4.49617581	4.46093971	4.41810444	4.36988510	4.31875620	4.26678408	4.21374185	4.15982990	4.11276268	4.07770466	4.05060051	4.03290701	4.02180833	4.01721209	4.00169284	3.97990612	3.95082179	3.92016394	3.89175970	3.86637466
	1.76309543	1.83777566	1.96115050	2.13942197	2.36709106	2.61924012	2.85896526	3.05763400	3.20446474	3.30353577	3.36863388	3.41684094	3.45937398	3.50682096	3.56422138	3.64909802	3.78120211	3.95179858	4.13802066	4.31762046	4.46806455	4.56208912	4.60410830	4.61940552	4.62315935	4.62082604	4.61380380	4.60257146	4.58460166	4.55771490	4.52147142	4.47793989	4.42937437	4.37861663	4.32685362	4.27294393	4.21941792	4.17292478	4.13912252	4.11347261	4.09836053	4.08964483	4.08590015	4.07388869	4.05324514	4.02468609	3.99470496	3.96733516	3.94320349
	1.74720500	1.82320608	1.94891282	2.13009395	2.36142931	2.61892523	2.86482994	3.06819257	3.21677396	3.31549615	3.37957309	3.42671162	3.46815176	3.51506161	3.57345370	3.66151939	3.79819481	3.97357490	4.16402099	4.34655624	4.49754087	4.59055347	4.63106067	4.64556705	4.64878501	4.64602289	4.63890810	4.62747116	4.60909601	4.58195350	4.54530724	4.50160721	4.45365595	4.40356841	4.35199186	4.29791591	4.24510337	4.19921201	4.16627997	4.14226093	4.12960510	4.12166870	4.11964989	4.11133989	4.09009087	4.06325744	4.03437768	4.00747412	3.98416369
	1.74500986	1.82378474	1.95376162	2.13971975	2.37589116	2.63973899	2.89269759	3.10078022	3.25012459	3.34754005	3.41017339	3.45619867	3.49657236	3.54338846	3.60398072	3.69770849	3.84194994	4.02420911	4.22023932	4.40648454	4.55724792	4.64766101	4.68572846	4.69861726	4.70051670	4.69683730	4.68943246	4.67744289	4.65842193	4.63071923	4.59327789	4.54954469	4.50182454	4.45246413	4.40082754	4.34750124	4.29530478	4.25029518	4.21910997	4.19761819	4.18662271	4.18162319	4.18155534	4.17883636	4.15664430	4.13106737	4.10340271	4.07736424	4.05444640
	1.76518391	1.84598204	1.97893811	2.16771770	2.40604880	2.67351974	2.93158802	3.14300769	3.29187063	3.38712693	3.44787290	3.49249176	3.53150403	3.57785675	3.64013567	3.73853894	3.88864954	4.07566967	4.27532633	4.46320083	4.61198004	4.69844270	4.73374089	4.74459643	4.74481568	4.73988913	4.73176128	4.71908285	4.69962398	4.67144772	4.63353432	4.58998271	4.54278150	4.49419756	4.44346429	4.39138998	4.34001988	4.29684433	4.26715810	4.24794845	4.23806581	4.23528293	4.23686703	4.23900910	4.21653923	4.19172729	4.16521768	4.14054699	4.11841146
	1.75647655	1.84139015	1.98041192	2.17601169	2.42110305	2.69618666	2.96206896	3.17854826	3.32806376	3.42242404	3.48271622	3.52748646	3.56669169	3.61416347	3.68000667	3.78570701	3.94465646	4.13979682	4.34716278	4.54000478	4.68978907	4.77359078	4.80614030	4.81480954	4.81340429	4.80706458	4.79775266	4.78393848	4.76351666	4.73407050	4.69443067	4.64979367	4.60209703	4.55262957	4.50189450	4.44991793	4.39800094	4.35563957	4.32671580	4.30922445	4.30001583	4.29896079	4.30210796	4.30835784	4.28504732	4.26088814	4.23496255	4.21087589	4.18902115
	1.74569737	1.83295173	1.97580904	2.17527537	2.42485062	2.70727495	2.98306272	3.20697920	3.35810938	3.45118205	3.50992186	3.55338712	3.59119992	3.63833329	3.70628953	3.81723973	3.98241322	4.18415348	4.39774798	4.59403908	4.74354307	4.82429242	4.85382754	4.86009306	4.85697347	4.84901863	4.83845158	4.82366047	4.80234878	4.77185396	4.73121976	4.68614171	4.63895717	4.59033065	4.54012694	4.48815130	4.43715925	4.39630390	4.36825168	4.35140764	4.34444484	4.34420077	4.34762998	4.35687508	4.33575181	4.31286116	4.28818919	4.26509325	4.24405794
	1.72826307	1.81912701	1.96786080	2.17376047	2.43060998	2.72212066	3.00830476	3.23909728	3.39094384	3.48224657	3.53927922	3.58154442	3.61822740	3.66572008	3.73691913	3.85428096	4.02789752	4.23816621	4.45977684	4.66061335	4.81032156	4.88810627	4.91456396	4.91849585	4.91338280	4.90367123	4.89175853	4.87582412	4.85329251	4.82121574	4.77929883	4.73317028	4.68615203	4.63754298	4.58766227	4.53508388	4.48423168	4.44382437	4.41677373	4.40087971	4.39406395	4.39580040	4.40025867	4.41010224	4.39274011	4.37096406	4.34742375	4.32523627	4.30495663
	1.70527333	1.79938510	1.95337104	2.16485141	2.42838938	2.72891884	3.02622412	3.26463212	3.41749228	3.50681381	3.56169574	3.60232928	3.63744744	3.68488483	3.75888183	3.88202489	4.06412695	4.28253720	4.51091227	4.71597242	4.86564248	4.94077408	4.96441548	4.96612018	4.95917533	4.94794482	4.93490453	4.91809258	4.89456778	4.86134443	4.81848868	4.77149825	4.72414769	4.67589256	4.62583087	4.57347138	4.52252699	4.48230838	4.45572343	4.44116095	4.43496125	4.43728964	4.44396770	4.45490847	4.44009390	4.41948402	4.39711684	4.37590615	4.35633540
	1.68276088	1.78199936	1.94368863	2.16335775	2.43650229	2.74813573	3.05679386	3.30145914	3.45405966	3.54096953	3.59400204	3.63365432	3.66802186	3.71677918	3.79569573	3.92765849	4.12161404	4.35034404	4.58754912	4.79840642	4.94801383	5.02048724	5.04106352	5.04050638	5.03165117	5.01900108	5.00469265	4.98660597	4.96153859	4.92643511	4.88139161	4.83248553	4.78463532	4.73494824	4.68400896	4.63146769	4.57888442	4.53868056	4.51285179	4.49762650	4.49403785	4.49638353	4.50458461	4.51610375	4.50448628	4.48494056	4.46349635	4.44279508	4.42351253
	1.70766266	1.81004539	1.97606864	2.19944859	2.47671399	2.79461023	3.11106019	3.35972176	3.50990129	3.59233332	3.64166918	3.67887894	3.71117785	3.76014436	3.84217036	3.98223036	4.18470057	4.41961527	4.66131400	4.87441244	5.02053833	5.08767358	5.10488351	5.10176269	5.09071298	5.07673452	5.06153739	5.04243787	5.01634332	4.98009519	4.93379183	4.88454450	4.83601398	4.78637835	4.73545740	4.68206300	4.63057875	4.59010492	4.56503227	4.55011706	4.54629392	4.54979237	4.55908335	4.56752609	4.56235860	4.54405908	4.52352632	4.50388519	4.48530239
	1.74640209	1.85195824	2.02193140	2.24832245	2.52893344	2.85257268	3.17565602	3.42802644	3.57532538	3.65300525	3.69846768	3.73329363	3.76361299	3.81299188	3.89836704	4.04749659	4.25800145	4.49847921	4.74405092	4.95861973	5.10051540	5.16172558	5.17521813	5.16929134	5.15579363	5.14064567	5.12448932	5.10429234	5.07713646	5.03971583	4.99209099	4.94268345	4.89320571	4.84412092	4.79202188	4.73888648	4.68727148	4.64689616	4.62073808	4.60685489	4.60275884	4.60691224	4.61694697	4.61910636	4.62281988	4.60541100	4.58572172	4.56704698	4.54922359
	1.77041221	1.87763220	2.04916688	2.27608099	2.55786071	2.88549399	3.21394112	3.47027044	3.61601375	3.69023332	3.73194333	3.76409698	3.79203431	3.84046232	3.92801830	4.08274030	4.29645553	4.53943174	4.78712834	5.00140583	5.13927587	5.19646960	5.20759574	5.20020607	5.18559825	5.16935815	5.15258099	5.13232528	5.10517471	5.06753209	5.01976687	4.97065525	4.92245302	4.87364082	4.82230561	4.76999730	4.71770712	4.67903149	4.65291402	4.63941114	4.63685578	4.64213604	4.65327807	4.65699008	4.66140773	4.64514843	4.62704638	4.60952066	4.59267168
	1.74038258	1.85361623	2.03313169	2.26895546	2.56192450	2.90288560	3.24597700	3.51027592	3.65674492	3.72845012	3.76785380	3.79918703	3.82624898	3.87609750	3.97154587	4.13821120	4.36342386	4.61743935	4.87536533	5.09618975	5.23301356	5.28677923	5.29519084	5.28616565	5.26977540	5.25199311	5.23349288	5.21174937	5.18313576	5.14316978	5.09310127	5.04180691	4.99221576	4.94149834	4.88916451	4.83373642	4.78085189	4.74022962	4.71435514	4.70077453	4.69846743	4.70475085	4.71711138	4.72087212	4.72703156	4.71152943	4.69405413	4.67679822	4.66005326
	1.75996088	1.87636484	2.05965396	2.29852512	2.59606007	2.94404623	3.29868934	3.57034281	3.71697600	3.78369030	3.81833223	3.84688595	3.87157216	3.92161981	4.02393393	4.19863175	4.43130787	4.69137697	4.95599000	5.17851268	5.31004421	5.35856084	5.36343066	5.35247241	5.33472844	5.31573555	5.29628551	5.27318695	5.24303697	5.20221270	5.15078024	5.09883880	5.04883375	4.99824574	4.94438186	4.88923856	4.83568653	4.79499151	4.76861235	4.75681185	4.75543844	4.76286651	4.77615860	4.78079979	4.78815391	4.77412358	4.75806008	4.74188586	4.72606497
	1.81406782	1.93178098	2.11589211	2.35398925	2.65107485	3.00155253	3.36014170	3.63348230	3.77817484	3.84061388	3.87139760	3.89582363	3.91845395	3.96880069	4.07651921	4.25601421	4.49359846	4.75527845	5.02099849	5.24080228	5.36491943	5.40812029	5.41001428	5.39758438	5.37872879	5.35846827	5.33822018	5.31486940	5.28444613	5.24342113	5.19154769	5.13973456	5.08851057	5.03855783	4.98459239	4.92835748	4.87458956	4.83554199	4.80919677	4.79776521	4.79705995	4.80490638	4.81820684	4.82314826	4.83097396	4.81826537	4.80345700	4.78836839	4.77352182
	1.85544588	1.97514381	2.16081655	2.39940737	2.69614999	3.05115337	3.41281042	3.68928133	3.83363984	3.89363359	3.92163548	3.94306058	3.96408195	4.01652374	4.12980833	4.31472730	4.55648432	4.82261324	5.09010961	5.30874000	5.42746071	5.46603890	5.46656418	5.45236238	5.43142111	5.40991034	5.38965482	5.36522796	5.33356624	5.29185376	5.23978127	5.18652104	5.13542906	5.08501853	5.02874049	4.97212942	4.91985552	4.87803814	4.85287127	4.84140265	4.84093689	4.84861679	4.86167861	4.86660608	4.87457342	4.86265359	4.84864770	4.83428560	4.82003009
	1.91795900	2.03752808	2.22170985	2.45729937	2.74984666	3.10302707	3.46322214	3.73977546	3.88306180	3.94084831	3.96560973	3.98387957	4.00233573	4.05529333	4.17159354	4.35926191	4.60125553	4.86611073	5.13233324	5.34536792	5.45629804	5.49007521	5.49015211	5.47500609	5.45247359	5.42944018	5.40918396	5.38512187	5.35327632	5.31173930	5.25960136	5.20717771	5.15734651	5.10635497	5.05067485	4.99658468	4.94471282	4.90288518	4.87893440	4.86825603	4.86861827	4.87649336	4.88976671	4.89504720	4.90358478	4.89295519	4.88036690	4.86736756	4.85430867
	1.97425963	2.09357890	2.27652454	2.51013294	2.80120419	3.15246688	3.51277595	3.78858605	3.93195839	3.98909473	4.01163115	4.02882722	4.04499651	4.09904241	4.21936620	4.41214382	4.65748352	4.92284858	5.18811592	5.39570462	5.49701044	5.52570568	5.52405801	5.50806624	5.48440402	5.45992999	5.43668838	5.41164184	5.38037183	5.33865971	5.28647647	5.23392633	5.18389057	5.13234771	5.07928233	5.02318194	4.97047549	4.93084913	4.90718057	4.89674798	4.89709111	4.90486739	4.91782467	4.92297623	4.93156272	4.92214197	4.91098195	4.89927845	4.88736060
	1.99165393	2.11099825	2.29356414	2.52646547	2.81823414	3.17043152	3.53440743	3.81562096	3.96251867	4.02022324	4.04256956	4.05896117	4.07433704	4.12997899	4.25437882	4.45330318	4.70262701	4.97219344	5.24003153	5.44464774	5.54090541	5.56747364	5.56306956	5.54555650	5.52008727	5.49473169	5.47008389	5.44431323	5.41059775	5.36720011	5.31614610	5.26123335	5.21173975	5.16220353	5.10713289	5.05045321	4.99791702	4.95842651	4.93468273	4.92391288	4.92409712	4.93175228	4.94431508	4.94922826	4.95756393	4.94911502	4.93891453	4.92806488	4.91686105
	1.97255451	2.09291291	2.27680742	2.51176642	2.80721100	3.16295658	3.53359891	3.82175703	3.97471193	4.03548377	4.05940853	4.07598216	4.09149262	4.14924697	4.27807365	4.48311269	4.73887012	5.01404409	5.28550700	5.49048630	5.58599379	5.61161604	5.60562052	5.58657092	5.55898982	5.53265739	5.50693597	5.47992636	5.44530524	5.40051323	5.34739670	5.29226289	5.24216589	5.19113943	5.13485702	5.07726707	5.02387394	4.98371153	4.95926729	4.94793678	4.94768883	4.95502753	4.96720600	4.97195539	4.97798893	4.97218947	4.96243741	4.95199569	4.94119684
	1.93559549	2.05614995	2.24060665	2.47748163	2.77552319	3.13540357	3.51386522	3.81142539	3.97391179	4.04130489	4.06934903	4.08676142	4.10304490	4.16338720	4.29780019	4.51044888	4.77332838	5.05441919	5.32942893	5.53422753	5.62882429	5.65384334	5.64666091	5.62595633	5.59667300	5.56761906	5.54089106	5.51278078	5.47664374	5.43100382	5.37609537	5.32075344	5.26948606	5.21672768	5.15946111	5.10039134	5.04613739	5.00524592	4.98017489	4.96828186	4.96766255	4.97472315	4.98650388	4.99112204	4.99478196	4.99210748	4.98316287	4.97337699	4.96315928
	1.92124893	2.04409871	2.23172000	2.47282097	2.77641186	3.14154468	3.52365596	3.82435107	3.98859568	4.05826837	4.08823633	4.10743640	4.12523641	4.18776690	4.32708677	4.54631731	4.81367529	5.10174273	5.38019442	5.58664846	5.68097481	5.70504597	5.69688990	5.67501887	5.64485824	5.61416015	5.58609501	5.55724631	5.51977585	5.47268421	5.41614253	5.35846172	5.30564309	5.25059608	5.19101776	5.12995354	5.07362566	5.03093246	5.00418162	4.99066443	4.98856093	4.99427423	5.00483184	5.00839617	5.00835238	5.00802528	4.99901237	4.98894665	4.97830338
	1.89866211	2.02211891	2.21075250	2.45378483	2.75982090	3.12781529	3.51440773	3.81952237	3.98823215	4.06118509	4.09335250	4.11318117	4.13180816	4.19600357	4.33874424	4.56231464	4.83430727	5.12545562	5.40638503	5.61338983	5.70726700	5.73112711	5.72240146	5.69975109	5.66896924	5.63661870	5.60825473	5.57836457	5.54032067	5.49286842	5.43495711	5.37710548	5.32298592	5.26657153	5.20637071	5.14413284	5.08698564	5.04364503	5.01630906	5.00229484	4.99972246	5.00508462	5.01525912	5.01858664	5.01723391	5.01840679	5.00970062	4.99986412	4.98938818
	1.84722018	1.96920033	2.15638038	2.39902791	2.70365218	3.07364620	3.46343842	3.77706496	3.95573665	4.03805816	4.07697549	4.10037589	4.12155591	4.18742288	4.33436619	4.56387849	4.84040857	5.13357700	5.41547565	5.62155307	5.71486686	5.73927110	5.73125871	5.70894805	5.67704599	5.64296426	5.61315211	5.58299733	5.54494878	5.49791510	5.43902262	5.38042993	5.32550187	5.26888042	5.20733825	5.14470165	5.08600178	5.04195645	5.01426926	4.99986657	4.99697630	5.00211912	5.01233632	5.01556377	5.01289794	5.01571822	5.00779488	4.99872998	4.98860597
	1.81552835	1.93793032	2.12611974	2.37090739	2.67839002	3.05086257	3.44449950	3.76237682	3.94682396	4.03447293	4.07769318	4.10365356	4.12704620	4.19494768	4.34696299	4.58250053	4.86343261	5.15989162	5.44506527	5.65102184	5.74361942	5.76874360	5.76002134	5.73656186	5.70309150	5.66834353	5.63704544	5.60537690	5.56730984	5.51947144	5.45875534	5.39951058	5.34292016	5.28425542	5.22159594	5.15791526	5.09772581	5.05232516	5.02344460	5.00795643	5.00407038	5.00829193	5.01775036	5.02042094	5.01717306	5.02065278	5.01285746	5.00420189	4.99419193
	1.79464397	1.91796798	2.10769794	2.35516278	2.66584210	3.04160005	3.43874402	3.75993871	3.94840007	4.04012859	4.08737271	4.11603935	4.14139729	4.21167028	4.36856023	4.60937558	4.89552021	5.19620976	5.48382250	5.69086807	5.78315862	5.80760155	5.79903806	5.77408674	5.73980976	5.70383810	5.67100226	5.63797078	5.59841305	5.55036113	5.48835297	5.42769548	5.36932551	5.30826626	5.24404998	5.17898955	5.11724546	5.07017449	5.03985193	5.02290333	5.01763565	5.02053006	5.02875324	5.03054023	5.02660000	5.03039516	5.02251973	5.01403252	5.00398278
	1.79623982	1.91780624	2.10494851	2.34996831	2.65799501	3.03105961	3.42495876	3.74883790	3.94233930	4.03961360	4.09160555	4.12387864	4.15164936	4.22372801	4.38306653	4.62624611	4.91259719	5.21214445	5.49959956	5.70408448	5.79545917	5.82004375	5.81029298	5.78332670	5.74895024	5.71257130	5.67866739	5.64466573	5.60518805	5.55616060	5.49412700	5.43285443	5.37501159	5.31310930	5.24817237	5.18178762	5.11984689	5.07178138	5.04038043	5.02227273	5.01571356	5.01715612	5.02379997	5.02467903	5.02028364	5.02457258	5.01631451	5.00839955	4.99760763
	1.79960855	1.91978153	2.10487124	2.34788913	2.65365316	3.02497087	3.41617969	3.74183960	3.93964312	4.04188056	4.09890481	4.13440792	4.16446156	4.23830814	4.40003777	4.64573272	4.93305758	5.23172252	5.51775192	5.72109419	5.81088962	5.83542154	5.82579224	5.79757759	5.76252337	5.72569532	5.69140559	5.65611716	5.61623613	5.56721484	5.50462624	5.44300774	5.38507064	5.32252087	5.25614658	5.18868911	5.12614822	5.07728280	5.04433952	5.02502567	5.01718180	5.01710549	5.02214432	5.02195439	5.01695546	5.01963010	5.01283038	5.00524075	4.99260844
	1.76541452	1.88285819	2.06411012	2.30376070	2.60587444	2.97280812	3.36280282	3.69280075	3.89836462	4.00836393	4.07153996	4.11205278	4.14534813	4.22189140	4.38604587	4.63407188	4.92163364	5.21901971	5.50416289	5.70609686	5.79537692	5.81996803	5.80915186	5.77998257	5.74445207	5.70758819	5.67267777	5.63790928	5.59717616	5.54725272	5.48441423	5.42258388	5.36462962	5.30295497	5.23685739	5.16945159	5.10715047	5.05741987	5.02411749	5.00396532	4.99578788	4.99517004	4.99958217	4.99916728	4.99422022	4.99732500	4.99050854	4.98247474	4.96938728
	1.76352486	1.88103998	2.06242060	2.30298240	2.60621890	2.97347278	3.36326482	3.69400382	3.90225465	4.01636187	4.08361600	4.12801861	4.16405939	4.24385548	4.41333364	4.66584860	4.95603227	5.25480038	5.54004254	5.74098043	5.82966042	5.85286175	5.84075819	5.81119160	5.77453255	5.73710646	5.70173112	5.66588172	5.62357651	5.57210812	5.50821552	5.44504640	5.38539554	5.32254531	5.25398998	5.18537730	5.12171717	5.07028767	5.03494863	5.01276685	5.00281444	5.00043558	5.00299469	5.00126155	4.99549222	4.99542291	4.99100847	4.98281009	4.96810494
	1.74523528	1.86425827	2.04799540	2.29212057	2.59960380	2.97071231	3.36392833	3.69705695	3.90782662	4.02551787	4.09652757	4.14439068	4.18292272	4.26641960	4.44233644	4.70071884	4.99636979	5.29930092	5.58717980	5.78993123	5.87863743	5.89995533	5.88758498	5.85800608	5.82003719	5.78153206	5.74545881	5.70829709	5.66427531	5.61183642	5.54606096	5.48114954	5.41929496	5.35398139	5.28255856	5.21237590	5.14676317	5.09306258	5.05575608	5.03140357	5.01962402	5.01570725	5.01672794	5.01384731	5.00731505	5.00425449	5.00163940	4.99277420	4.97842126
	1.70426554	1.82300504	2.00662581	2.25163912	2.56024914	2.93176650	3.32751528	3.66463392	3.88008965	4.00245219	4.07697321	4.12809057	4.16928680	4.25543464	4.43483280	4.69697709	4.99457806	5.29925628	5.58896922	5.79225679	5.88112845	5.90238300	5.88874745	5.85888121	5.82057533	5.78183293	5.74541409	5.70825952	5.66401590	5.61014575	5.54361026	5.47784244	5.41524798	5.34918879	5.27777196	5.20695978	5.14085873	5.08613782	5.04838147	5.02330726	5.01081117	5.00655443	5.00733985	5.00433361	4.99783443	4.99389096	4.99159028	4.98251648	4.96920306
	1.68545440	1.80495048	1.98991930	2.23727505	2.54870167	2.92250794	3.32025093	3.65949597	3.87764620	4.00317948	4.08098713	4.13500473	4.17890719	4.26803182	4.45213681	4.71859648	5.01912991	5.32608519	5.61732201	5.82161144	5.91034281	5.92998563	5.91572900	5.88527586	5.84649652	5.80709782	5.77025180	5.73244769	5.68709619	5.63215568	5.56455145	5.49737318	5.43322408	5.36554029	5.29264063	5.22033264	5.15276908	5.09716396	5.05737410	5.03100799	5.01670987	5.01100756	5.01048273	5.00646054	4.99917959	4.99292937	4.99233287	4.98279171	4.96954828
	1.63154927	1.75139198	1.93751975	2.18822133	2.50371118	2.88164182	3.28219407	3.62873919	3.85560277	3.98998915	4.07703556	4.13788995	4.18799176	4.28415026	4.47804472	4.75298497	5.05983958	5.37004612	5.66334993	5.86879177	5.95758439	5.97582566	5.96136398	5.93059200	5.88989500	5.84928667	5.81177898	5.77202658	5.72507580	5.66905569	5.59879370	5.52869088	5.46193497	5.39121724	5.31630377	5.24122104	5.17026218	5.11241423	5.06982577	5.04030963	5.02266531	5.01418255	5.01103281	5.00507628	4.99631462	4.98914418	4.98732384	4.97813743	4.96526914
	1.62239392	1.74368280	1.93198261	2.18580364	2.50492636	2.88571797	3.28922235	3.63720267	3.86622968	4.00322825	4.09294305	4.15697345	4.21048764	4.31006150	4.50955260	4.78974434	5.09954836	5.41242960	5.70805720	5.91444813	6.00247931	6.02023497	6.00408309	5.97229467	5.93212044	5.89082975	5.85248062	5.81183102	5.76350448	5.70565991	5.63476071	5.56275252	5.49384725	5.42082560	5.34378270	5.26627038	5.19324479	5.13407023	5.08932050	5.05782847	5.03802015	5.02737787	5.02228303	5.01473224	5.00495463	4.99714083	4.99434402	4.98504850	4.97219101
	1.61401658	1.73361938	1.91968235	2.17132947	2.48833279	2.86516189	3.26699472	3.61555260	3.84909607	3.99249110	4.08835273	4.15863271	4.21758709	4.32164687	4.52575113	4.80768940	5.11835882	5.42970785	5.72253044	5.92761642	6.01428168	6.03221498	6.01713796	5.98450468	5.94428170	5.90253973	5.86398812	5.82217888	5.77406502	5.71546879	5.64401244	5.57112913	5.50093584	5.42640003	5.34783731	5.26949947	5.19599567	5.13574425	5.08881131	5.05560979	5.03384026	5.02064167	5.01343190	5.00365960	4.99320975	4.98513609	4.98120266	4.97236480	4.95970643
	1.62141702	1.73878999	1.92192016	2.17064889	2.48406787	2.85561305	3.25270747	3.59921884	3.83460710	3.98230943	4.08292452	4.15876840	4.22187410	4.32943572	4.53641473	4.81861821	5.12700949	5.43515742	5.72436714	5.92682809	6.01153954	6.02922344	6.01427668	5.98183232	5.94188217	5.90024886	5.86158104	5.81958774	5.77146245	5.71260850	5.64115434	5.56804572	5.49714852	5.42168279	5.34208008	5.26351055	5.18993076	5.12927061	5.08118999	5.04635167	5.02290129	5.00799300	4.99840595	4.98706358	4.97608806	4.96776735	4.96281196	4.95479559	4.94226496
	1.62507627	1.73965567	1.91914694	2.16412733	2.47320681	2.83866046	3.22959814	3.57362377	3.81115910	3.96352080	4.06963095	4.15148797	4.21870250	4.32997187	4.53943813	4.82117056	5.12669090	5.43043917	5.71552459	5.91480285	5.99751862	6.01494433	5.99998173	5.96862248	5.92867423	5.88743224	5.84871634	5.80682089	5.75884605	5.70022465	5.62865501	5.55561331	5.48430481	5.40818220	5.32774184	5.24930539	5.17550219	5.11504934	5.06660969	5.02986648	5.00515142	4.98886195	4.97656449	4.96383169	4.95251062	4.94406506	4.93825246	4.93127730	4.91889212
	1.62590569	1.74103816	1.92132175	2.16734039	2.47739230	2.84399120	3.23539504	3.57984408	3.81761702	3.97033760	4.07692911	4.15934727	4.22705387	4.33911620	4.54989888	4.83281160	5.13894225	5.44356951	5.72956201	5.92921209	6.01204415	6.02901484	6.01364307	5.98267829	5.94274233	5.90120220	5.86227857	5.82010187	5.77163806	5.71300537	5.64114621	5.56767833	5.49583392	5.41909101	5.33798857	5.25883457	5.18441032	5.12332929	5.07450935	5.03719425	5.01207106	4.99529578	4.98247316	4.96931801	4.95773751	4.94913425	4.94276412	4.93609405	4.92359947
	1.63829505	1.75143187	1.92925250	2.17276762	2.47979240	2.84101997	3.22584462	3.56705289	3.80685549	3.96503910	4.07851962	4.16766140	4.24145848	4.35991104	4.57582173	4.85944779	5.16304667	5.46364849	5.74655780	5.94247090	6.02311455	6.03886205	6.02282674	5.99244261	5.95365336	5.91236392	5.87295915	5.83027682	5.78091863	5.72201300	5.65028534	5.57598960	5.50257253	5.42375843	5.34057264	5.25956373	5.18346443	5.12068279	5.07127860	5.03173103	5.00419083	4.98448340	4.96840266	4.95308610	4.94003670	4.93026120	4.92281694	4.91689285	4.90430641
	1.63934213	1.75078825	1.92654191	2.16758361	2.47235675	2.82919376	3.21022864	3.54934983	3.79027743	3.95152137	4.06887483	4.16151701	4.23885991	4.36023871	4.57789438	4.86076844	5.16239771	5.45938862	5.74002326	5.93295568	6.01241968	6.02757913	6.01253499	5.98197891	5.94393112	5.90284713	5.86350411	5.82060929	5.77150955	5.71232518	5.64110899	5.56671983	5.49290566	5.41343437	5.32967536	5.24817720	5.17164761	5.10849133	5.05873744	5.01951109	4.99110155	4.97026043	4.95352613	4.93678481	4.92313315	4.91256825	4.90580537	4.89940853	4.88685256
	1.66747890	1.77683853	1.94956599	2.18689683	2.48693745	2.83626251	3.20996179	3.54447117	3.78701522	3.95382607	4.07817461	4.17829237	4.26249417	4.38827437	4.60972019	4.89243035	5.18989155	5.48351477	5.76034136	5.94989752	6.02709274	6.04277681	6.02693502	5.99857585	5.96160965	5.92110257	5.88141136	5.83896491	5.78850068	5.73044849	5.65889836	5.58411312	5.50926768	5.42777908	5.34224361	5.25918702	5.18114996	5.11650219	5.06529884	5.02490027	4.99457125	4.97171147	4.95307536	4.93301642	4.91855444	4.90558529	4.89697507	4.89106732	4.87863140
	1.67911813	1.78503927	1.95349217	2.18569296	2.48026064	2.82001552	3.18412965	3.51310005	3.75670185	3.92896210	4.06028834	4.16796790	4.25949991	4.39067843	4.61445159	4.89388502	5.18576017	5.47270542	5.74288406	5.92681850	6.00151163	6.01680268	6.00292610	5.97446143	5.93954620	5.90000121	5.86071133	5.81825840	5.76855445	5.71004146	5.64007904	5.56563120	5.49045558	5.40765673	5.32118071	5.23736714	5.15883594	5.09328036	5.04110547	5.00018628	4.96818081	4.94332508	4.92292524	4.90253248	4.88722538	4.87266510	4.86378647	4.85607001	4.84379332
	1.68807333	1.79294304	1.95987692	2.19004884	2.48248937	2.81860607	3.17883410	3.50612975	3.75173130	3.92871159	4.06564195	4.17927109	4.27640305	4.41239538	4.63931877	4.91906955	5.20892721	5.49424030	5.76249687	5.94439618	6.01855035	6.03382794	6.01999433	5.99192597	5.95835825	5.91914710	5.87984037	5.83707167	5.78655830	5.72805174	5.65868824	5.58388264	5.50768226	5.42315512	5.33506880	5.24960593	5.16979320	5.10261861	5.04901185	5.00639187	4.97253773	4.94562100	4.92313163	4.90189768	4.88541422	4.87071482	4.86121700	4.84984973	4.83886916
	1.69670135	1.79932469	1.96288087	2.18906608	2.47693847	2.80678984	3.15982207	3.48393181	3.73245046	3.91628827	4.06141559	4.18362095	4.28862893	4.43183819	4.66216963	4.94061108	5.22824002	5.50941066	5.77399820	5.95284625	6.02616134	6.04171384	6.02906928	6.00125444	5.96985754	5.93193743	5.89306721	5.85004966	5.80030739	5.74051041	5.67223011	5.59755906	5.52001702	5.43362798	5.34370726	5.25627299	5.17490405	5.10602522	5.05081156	5.00622679	4.97014278	4.94066958	4.91555265	4.89270842	4.87485428	4.86061690	4.85026139	4.83547919	4.82479751
	1.69868685	1.79876487	1.95860169	2.18045958	2.46366724	2.78758771	3.13441598	3.45530270	3.70584637	3.89426687	4.04477224	4.17274099	4.28307682	4.43011692	4.66100120	4.93680584	5.22092224	5.49747201	5.75807788	5.93367759	6.00590591	6.02233651	6.01028341	5.98479335	5.95385112	5.91708791	5.87862033	5.83618703	5.78670834	5.72850605	5.66030070	5.58631751	5.50871690	5.42193489	5.33165647	5.24369312	5.16200864	5.09285756	5.03726597	4.99202698	4.95512206	4.92444439	4.89810937	4.87450724	4.85607568	4.84268620	4.83188751	4.81566705	4.80414961
	1.68498026	1.78504322	1.94527956	2.16837070	2.45255685	2.77584184	3.12058459	3.44241361	3.69711220	3.89181258	4.04973824	4.18516173	4.30280670	4.45720545	4.69320967	4.97107928	5.25647780	5.53268322	5.79320780	5.96876051	6.04110799	6.05842113	6.04682969	6.02114003	5.99184523	5.95612395	5.91790055	5.87479990	5.82484952	5.76502868	5.69718580	5.62205194	5.54241690	5.45298489	5.36010865	5.26940607	5.18521590	5.11375042	5.05581667	5.00818053	4.96892319	4.93558792	4.90659096	4.88106648	4.86150301	4.84759360	4.83583677	4.81985500	4.80634554
	1.65718130	1.75507204	1.91254045	2.13300389	2.41415517	2.73445040	3.07376022	3.39467599	3.65333604	3.85457916	4.01994316	4.16318329	4.28763075	4.44819257	4.68692524	4.96353670	5.24666149	5.51971891	5.77705767	5.94993060	6.02185304	6.04018131	6.02907948	6.00593019	5.97662192	5.94263084	5.90499610	5.86207797	5.81202089	5.75318926	5.68471234	5.60969979	5.53048648	5.44012493	5.34641007	5.25443520	5.16937711	5.09685535	5.03785505	4.98909014	4.94862042	4.91394896	4.88352822	4.85708495	4.83691982	4.82289882	4.81055979	4.79452429	4.78028548
	1.65350377	1.74747339	1.89875448	2.11204410	2.38599981	2.69964356	3.03027098	3.34649185	3.60678182	3.81317475	3.98470895	4.13452187	4.26590527	4.43042640	4.66786378	4.94104660	5.21915180	5.48794603	5.74023853	5.90904093	5.98005045	5.99939869	5.99003335	5.96804989	5.94181908	5.90859112	5.87213690	5.82981595	5.78083267	5.72314675	5.65681111	5.58343673	5.50414975	5.41474951	5.32155282	5.23002447	5.14516124	5.07311807	5.01446059	4.96591591	4.92553820	4.89071359	4.85999327	4.83320893	4.81290654	4.79878039	4.78621370	4.77025049	4.75509899
	1.66291169	1.75674501	1.90769986	2.12051376	2.39360038	2.70564500	3.03469343	3.34979037	3.61129876	3.82056628	3.99561157	4.14909579	4.28357671	4.45204717	4.69183068	4.96513523	5.24347507	5.51074287	5.76292818	5.93222709	6.00351533	6.02324693	6.01419716	5.99287097	5.96615022	5.93439501	5.89845292	5.85607078	5.80673589	5.74886635	5.68141876	5.60874013	5.52818515	5.43749860	5.34296987	5.25012710	5.16398566	5.09068098	5.03076626	4.98101047	4.93939735	4.90332248	4.87130526	4.84333729	4.82236817	4.80780038	4.79470409	4.77832897	4.76269983
	1.66409595	1.75668612	1.90602231	2.11741187	2.38859086	2.69809016	3.02368666	3.33616346	3.59926220	3.81242455	3.99227691	4.15096434	4.29044093	4.46338590	4.70464384	4.97661002	5.25306721	5.51712743	5.76727209	5.93496487	6.00593675	6.02571641	6.01787556	5.99734103	5.97148850	5.94173931	5.90664743	5.86480694	5.81588560	5.75812078	5.69066184	5.61905434	5.53791424	5.44657268	5.35098939	5.25751550	5.17036090	5.09601948	5.03489142	4.98394857	4.94109006	4.90352984	4.87002306	4.84095151	4.81934153	4.80424153	4.79055662	4.77373069	4.75737756
	1.65204456	1.74451952	1.89367350	2.10498745	2.37603688	2.68488607	3.00936228	3.32161628	3.58882344	3.80878696	3.99619674	4.16237534	4.30984584	4.48974086	4.73490988	5.00814955	5.28499438	5.54802640	5.79817604	5.96580374	6.03780272	6.05831011	6.05145386	6.03214784	6.00698259	5.97826254	5.94462637	5.90316501	5.85415721	5.79614267	5.72777209	5.65578082	5.57264017	5.47985410	5.38183758	5.28625995	5.19652616	5.11982063	5.05634614	5.00301512	4.95778751	4.91770194	4.88166083	4.85057693	4.82759246	4.81157269	4.79685859	4.77912484	4.76167951
	1.63964560	1.72872091	1.87244050	2.07668413	2.34134330	2.64518569	2.96304087	3.27276847	3.54319117	3.76947254	3.96398752	4.13776102	4.29255637	4.47629740	4.72063014	4.99004214	5.26266477	5.52167525	5.76704929	5.93125448	6.00294598	6.02468216	6.01970401	6.00260332	5.98072762	5.95360312	5.92078811	5.88037398	5.83288625	5.77613218	5.70994128	5.63922877	5.55686998	5.46417998	5.36658979	5.27143635	5.18146517	5.10474069	5.04104092	4.98731691	4.94161281	4.90092969	4.86428808	4.83242728	4.80877597	4.79226439	4.77686052	4.75856780	4.74017945
	1.65019186	1.73811944	1.87985950	2.08143329	2.34328672	2.64396310	2.95855794	3.26611919	3.53735374	3.76638161	3.96454092	4.14198584	4.30073085	4.48732262	4.73165906	4.99911337	5.26976526	5.52636166	5.76944304	5.93237032	6.00428175	6.02660551	6.02266596	6.00651197	5.98575026	5.95990414	5.92802243	5.88830227	5.84140778	5.78500882	5.71942435	5.64900790	5.56650191	5.47355680	5.37567709	5.28015820	5.18952262	5.11220489	5.04775784	4.99317295	4.94655293	4.90495381	4.86736251	4.83465132	4.81038968	4.79345976	4.77755484	4.75872201	4.73996624
	1.66050543	1.74633532	1.88466241	2.08200362	2.33941319	2.63535248	2.94471428	3.24901193	3.52181373	3.75588142	3.96003000	4.14375587	4.30918910	4.50043814	4.74425597	5.00900510	5.27645829	5.52904345	5.76819078	5.92924658	6.00131384	6.02431111	6.02224774	6.00824153	5.98880431	5.96449438	5.93503366	5.89678551	5.85088476	5.79551971	5.73060183	5.66013043	5.57817432	5.48504793	5.38665225	5.29064594	5.19908300	5.12096339	5.05535947	4.99941646	4.95128096	4.90823888	4.86921613	4.83528866	4.81011331	4.79249056	4.77579992	4.75617141	4.73658505
	1.65625856	1.73956768	1.87391942	2.06662972	2.31987064	2.61201911	2.91722449	3.21865636	3.49210851	3.72874359	3.93626629	4.12377370	4.29240005	4.48564940	4.72803518	4.98970861	5.25387746	5.50389472	5.73955356	5.89860750	5.97028769	5.99366506	5.99304938	5.98044425	5.96182546	5.93934376	5.91085405	5.87366012	5.82856241	5.77422602	5.71021794	5.64112283	5.56043351	5.46764090	5.36995603	5.27456681	5.18342357	5.10570565	5.04036938	4.98443257	4.93628782	4.89326085	4.85428322	4.82037488	4.79514685	4.77747444	4.76069881	4.74102586	4.72112494
	1.64551380	1.72615106	1.85619253	2.04407940	2.29278479	2.58093024	2.88244715	3.18044472	3.45392520	3.69209717	3.90195004	4.09200721	4.26342906	4.45755961	4.69731921	4.95543848	5.21531702	5.46241954	5.69403828	5.85002164	5.92085915	5.94466626	5.94514252	5.93400830	5.91698350	5.89550283	5.86793884	5.83182795	5.78791209	5.73463352	5.67243807	5.60448893	5.52491083	5.43353357	5.33707675	5.24282940	5.15277367	5.07596762	5.01144507	4.95604591	4.90831563	4.86577230	4.82730852	4.79380902	4.76880785	4.75128625	4.73458627	4.71504589	4.69509164
	1.64304509	1.72208438	1.84962655	2.03506664	2.28115866	2.56628387	2.86515738	3.16111236	3.43676338	3.67905289	3.89421502	4.08990704	4.26668049	4.46525280	4.70551586	4.96176800	5.21963152	5.46397296	5.69350970	5.84821275	5.91937915	5.94448668	5.94642909	5.93703708	5.92065239	5.90150465	5.87534215	5.84053975	5.79740116	5.74496563	5.68269622	5.61591975	5.53603394	5.44439237	5.34733095	5.25261025	5.16170668	5.08405928	5.01847953	4.96180877	4.91277619	4.86892549	4.82923310	4.79459706	4.76878965	4.75070787	4.73333902	4.71305705	4.69243925
	1.64226292	1.72051663	1.84694453	2.03151302	2.27621783	2.55954802	2.85680407	3.15200056	3.42940103	3.67547801	3.89513754	4.09566364	4.27762567	4.48008067	4.72090677	4.97585712	5.23230814	5.47482139	5.70249275	5.85650443	5.92795241	5.95395049	5.95709746	5.94897089	5.93412535	5.91606135	5.89125236	5.85752720	5.81555473	5.76389188	5.70227769	5.63543034	5.55476531	5.46282902	5.36488543	5.26946217	5.17751218	5.09887644	5.03203929	4.97390881	4.92348897	4.87798498	4.83683690	4.80086879	4.77408342	4.75521918	4.73704754	4.71591914	4.69457107
	1.64316082	1.71890234	1.84121276	2.02109272	2.26093695	2.53919419	2.83150778	3.12371052	3.40183272	3.65298796	3.87862148	4.08605930	4.27581161	4.48322853	4.72283178	4.97378015	5.22561761	5.46396604	5.68693035	5.83890140	5.91104610	5.93926626	5.94465002	5.93865364	5.92764256	5.91117202	5.88874353	5.85714018	5.81716570	5.76726435	5.70731400	5.64140900	5.56012822	5.46918635	5.37113186	5.27549591	5.18327530	5.10407888	5.03642892	4.97710146	4.92529437	4.87852536	4.83601745	4.79871501	4.77078100	4.75077769	4.73154500	4.70935618	4.68682766
	1.64745951	1.72171745	1.84157490	2.01878841	2.25582824	2.53071737	2.81980933	3.11007637	3.38913366	3.64439264	3.87486255	4.08756915	4.28384960	4.49505898	4.73443907	4.98346167	5.23272345	5.46880294	5.68948065	5.84012663	5.91368348	5.94352358	5.95053308	5.94672607	5.93754843	5.92220036	5.90115304	5.87241650	5.83397103	5.78540502	5.72613786	5.66035159	5.57891674	5.48683805	5.38913467	5.29339662	5.20046437	5.12053278	5.05204041	4.99163335	4.93876194	4.89081085	4.84713615	4.80873371	4.77985548	4.75891888	4.73879190	4.71563074	4.69207098
	1.67836883	1.74997493	1.86565371	2.03827487	2.27028935	2.53861708	2.82062107	3.10565764	3.38233739	3.63889322	3.87290061	4.08984664	4.29181370	4.50512168	4.74142120	4.98488758	5.22879298	5.45777963	5.67361909	5.82172793	5.89468794	5.92573449	5.93519064	5.93412428	5.92757567	5.91399581	5.89555299	5.86979100	5.83391791	5.78814530	5.73129415	5.66557653	5.58552996	5.49367760	5.39776997	5.30231040	5.21005823	5.13045372	5.06164375	5.00058927	4.94694278	4.89813704	4.85358764	4.81426650	4.78458157	4.76271022	4.74170388	4.71758832	4.69300191
	1.69928380	1.76583601	1.87256234	2.03340182	2.25463902	2.51275840	2.78501440	3.06306528	3.33849051	3.60001311	3.84188599	4.06781363	4.28078453	4.49865150	4.73044248	4.96564202	5.20116281	5.42156978	5.62881619	5.77245494	5.84537783	5.87853869	5.89230130	5.89562697	5.89371249	5.88488071	5.86995758	5.84945771	5.81877442	5.77690268	5.72584638	5.66288770	5.58430638	5.49485323	5.40026232	5.30813071	5.21620211	5.13819031	5.06961964	5.00783427	4.95310554	4.90316065	4.85735640	4.81653922	4.78497169	4.76100010	4.73810646	4.71214389	4.68544455
	1.69807478	1.76199911	1.86397138	2.01815594	2.23374482	2.48735455	2.75564749	3.03105310	3.30644316	3.57048508	3.81600549	4.04635019	4.26452548	4.48433990	4.71340542	4.94503814	5.17619550	5.39236456	5.59614186	5.73671021	5.80932021	5.84340923	5.85867763	5.86440206	5.86484252	5.85896960	5.84546360	5.82683548	5.80004288	5.76109486	5.71262782	5.65139302	5.57435796	5.48607865	5.39201882	5.30170044	5.21189929	5.13437388	5.06631396	5.00427661	4.94910917	4.89871076	4.85231449	4.81060931	4.77791719	4.75276207	4.72887672	4.70198239	4.67421241
	1.70532140	1.76798506	1.86795212	2.01990544	2.23334102	2.48435843	2.75041923	3.02533827	3.30214047	3.57005746	3.82064245	4.05676392	4.28121583	4.50469829	4.73388659	4.96384548	5.19370923	5.40657768	5.60907034	5.75072361	5.82517287	5.85980127	5.87682298	5.88488760	5.88763043	5.88388610	5.87238262	5.85523402	5.83004311	5.79284486	5.74772569	5.68755455	5.61003101	5.52120938	5.42711569	5.33518860	5.24486098	5.16581034	5.09671147	5.03312477	4.97611850	4.92391890	4.87566149	4.83424169	4.79983865	4.77300699	4.74765369	4.71943471	4.69039228
	1.67629618	1.73597315	1.83066337	1.97468476	2.18092973	2.42742894	2.69029807	2.96358627	3.24182848	3.51414879	3.77135602	4.01495161	4.24733752	4.47562769	4.70364644	4.93011886	5.15558323	5.36552402	5.56313390	5.70407398	5.77934901	5.81617641	5.83551241	5.84719914	5.85264783	5.85147617	5.84348549	5.82919127	5.80607980	5.77320887	5.73102378	5.67424832	5.59937097	5.51256754	5.42034659	5.32871435	5.23912324	5.16081978	5.09228334	5.02865348	4.97086975	4.91773709	4.86848643	4.82487061	4.78855138	4.76095849	4.73395380	4.70438611	4.67423143
	1.65897240	1.71472341	1.80311210	1.93823673	2.13696349	2.37813712	2.63575120	2.90500434	3.18184253	3.45564743	3.71739997	3.96679276	4.20570143	4.43674832	4.66156894	4.88194336	5.09994463	5.30439691	5.49611560	5.63282892	5.70804909	5.74661691	5.76846090	5.78278801	5.79175600	5.79394747	5.78930118	5.77801315	5.75916686	5.73003414	5.69198943	5.63874215	5.56746126	5.48519439	5.39644065	5.30728335	5.21941649	5.14319564	5.07612754	5.01259718	4.95555198	4.90252881	4.85291732	4.80690939	4.76890194	4.74079832	4.71221784	4.68143254	4.65169155
	1.67354815	1.72881639	1.81658436	1.95102174	2.14865079	2.38813469	2.64397822	2.91258037	3.19029905	3.46627321	3.73065048	3.98374821	4.22595141	4.45946107	4.68471677	4.90339732	5.12030043	5.32421271	5.51403626	5.65019767	5.72746338	5.76742647	5.79062607	5.80610953	5.81681250	5.82102200	5.81815398	5.80833536	5.79064937	5.76295279	5.72493305	5.67142562	5.59983931	5.51838984	5.43066039	5.34236199	5.25429832	5.17800273	5.11050739	5.04572800	4.98669878	4.93226504	4.88163153	4.83411515	4.79459203	4.76448932	4.73467740	4.70363661	4.67377060
	1.65041111	1.70118409	1.78169178	1.90476727	2.09173955	2.32512923	2.57569571	2.83986385	3.11525367	3.39123014	3.65852217	3.91471996	4.16152415	4.39584406	4.61705738	4.82845775	5.03785593	5.23694645	5.41931357	5.55093619	5.62786530	5.66941449	5.69446721	5.71213201	5.72585310	5.73437263	5.73483146	5.72852281	5.71441634	5.69145059	5.65799961	5.60797678	5.53884539	5.46127159	5.37836001	5.29624977	5.21183132	5.13865230	5.07408519	5.01076982	4.95311754	4.89915896	4.84923685	4.80168429	4.76112827	4.72841184	4.69823981	4.66649039	4.63684887
	1.65026306	1.70073781	1.78096540	1.90386231	2.09043459	2.32317491	2.57309896	2.83756121	3.11415902	3.39280318	3.66259216	3.92187710	4.17223662	4.40813072	4.63002849	4.84135978	5.05026655	5.24987032	5.43127499	5.56309647	5.64021890	5.68273933	5.70890722	5.72766611	5.74261918	5.75250988	5.75482812	5.74967950	5.73669816	5.71516510	5.68262136	5.63285882	5.56330397	5.48475074	5.40114643	5.32036951	5.23656386	5.16332028	5.09834041	5.03413567	4.97551052	4.92050982	4.86929645	4.82056355	4.77866174	4.74467577	4.71309287	4.68033749	4.65049084
	1.64843870	1.69897776	1.77947267	1.90294975	2.08987930	2.32256205	2.57241720	2.83745725	3.11518778	3.39587717	3.66740511	3.92876805	4.18167829	4.41852406	4.64099356	4.85300444	5.06197227	5.26206855	5.44339169	5.57557431	5.65278469	5.69586560	5.72272994	5.74214570	5.75780955	5.76822616	5.77171223	5.76725391	5.75503173	5.73430467	5.70213463	5.65245437	5.58296714	5.50324954	5.41879670	5.33817009	5.25474481	5.18155041	5.11608979	5.05120869	4.99183566	4.93607690	4.88387224	4.83424434	4.79153307	4.75692366	4.72425204	4.69089766	4.66047493
	1.65637207	1.70753493	1.78907494	1.91437530	2.10310061	2.33646436	2.58661909	2.85213606	3.13052274	3.41182511	3.68380926	3.94539114	4.19867143	4.43601520	4.65874194	4.87212378	5.08217285	5.28285846	5.46401536	5.59773073	5.67511410	5.71825157	5.74514713	5.76458306	5.78027027	5.79068535	5.79346431	5.78894645	5.77658393	5.75571209	5.72335205	5.67340835	5.60324276	5.52262054	5.43766828	5.35578816	5.27133434	5.19833533	5.13227096	5.06681268	5.00699418	4.95064844	4.89789746	4.84783334	4.80487457	4.76995859	4.73705530	4.70337674	4.67290463
	1.64970203	1.70061022	1.78188602	1.90678324	2.09492697	2.32778546	2.57766473	2.84333011	3.12245724	3.40486135	3.67816135	3.94082568	4.19565962	4.43377144	4.65606373	4.86907684	5.07867092	5.27887867	5.45971761	5.59326068	5.67084087	5.71438046	5.74185813	5.76183814	5.77811581	5.78886361	5.79213627	5.78831748	5.77666799	5.75628092	5.72458248	5.67538588	5.60561695	5.52530734	5.44061030	5.35818852	5.27404163	5.20164282	5.13565766	5.07014607	5.01018961	4.95355584	4.90055780	4.84997309	4.80646911	4.77102240	4.73772644	4.70411692	4.67273051
	1.62980676	1.67970969	1.75959879	1.88213787	2.06755487	2.29890160	2.54807775	2.81369723	3.09365839	3.37772749	3.65310310	3.91777748	4.17534272	4.41434740	4.63576564	4.84714894	5.05501633	5.25406064	5.43441517	5.56631212	5.64410825	5.68838201	5.71689755	5.73785066	5.75518912	5.76642262	5.77144775	5.76894364	5.75874439	5.73951003	5.70915030	5.66150718	5.59297099	5.51388644	5.43012416	5.34779679	5.26536713	5.19384114	5.12840914	5.06325061	5.00338263	4.94670646	4.89365343	4.84248374	4.79814329	4.76197861	4.72814978	4.69494318	4.66182740
	1.62046327	1.66962595	1.74853342	1.86959964	2.05339554	2.28355965	2.53172330	2.79675252	3.07674639	3.36116321	3.63740833	3.90291523	4.16175874	4.40089411	4.62083921	4.83102709	5.03710959	5.23502997	5.41354967	5.54507659	5.62275768	5.66733977	5.69649698	5.71806808	5.73611632	5.74795083	5.75339999	5.75192121	5.74280447	5.72449310	5.69541732	5.64895985	5.58134380	5.50347741	5.42094081	5.33907925	5.25756677	5.18721168	5.12225060	5.05759638	4.99804804	4.94153255	4.88860652	4.83744732	4.79276273	4.75626118	4.72243785	4.68910340	4.65513075
	1.61080896	1.65918560	1.73710987	1.85678326	2.03906732	2.26795308	2.51484845	2.77909417	3.05902505	3.34371950	3.62086978	3.88706033	4.14710129	4.38641257	4.60455436	4.81293180	5.01692946	5.21323345	5.38975150	5.52095068	5.59839110	5.64322869	5.67311893	5.69541651	5.71428961	5.72706548	5.73279718	5.73255638	5.72466586	5.70721817	5.67969951	5.63448851	5.56790379	5.49169155	5.41050223	5.32957553	5.24872162	5.17973864	5.11532060	5.05130726	4.99212133	4.93580856	4.88303641	4.83194110	4.78701254	4.75016511	4.71632457	4.68266220	4.64793854
	1.59288240	1.64061725	1.71757031	1.83562970	2.01634995	2.24459596	2.49123573	2.75567979	3.03638417	3.32237478	3.60112141	3.86885442	4.13057613	4.37056159	4.58831164	4.79560294	4.99887320	5.19445607	5.37029279	5.50108503	5.57869053	5.62400437	5.65460213	5.67754675	5.69709136	5.71057216	5.71700658	5.71763969	5.71065603	5.69399709	5.66750926	5.62310677	5.55684263	5.48203826	5.40181547	5.32165193	5.24137001	5.17374490	5.10881652	5.04515038	4.98608781	4.92983624	4.87682450	4.82549132	4.78041043	4.74306382	4.70897271	4.67526848	4.63962205
	1.58398281	1.63148350	1.70804227	1.82540807	2.00550334	2.23361322	2.48033512	2.74507037	3.02634715	3.31317358	3.59280284	3.86150261	4.12408271	4.36454885	4.58245167	4.78949268	4.99271745	5.18825881	5.36397764	5.49471959	5.57250134	5.61806386	5.64898058	5.67219378	5.69200587	5.70577478	5.71256594	5.71352273	5.70687505	5.69057331	5.66443970	5.62022358	5.55390446	5.47968750	5.39984110	5.31991005	5.23978519	5.17283500	5.10740595	5.04380230	4.98469945	4.92839598	4.87515174	4.82365451	4.77848687	4.74080414	4.70655858	4.67290869	4.63679187
	1.58340104	1.63070072	1.70697461	1.82394396	2.00362955	2.23131677	2.47763183	2.74200650	3.02311058	3.30990236	3.58953830	3.85840018	4.12105420	4.36125439	4.57885559	4.78539258	4.98777387	5.18326946	5.35826515	5.48883253	5.56647044	5.61202933	5.64305299	5.66633922	5.68628657	5.70021239	5.70718935	5.70836399	5.70196910	5.68594124	5.66012641	5.61607852	5.55007266	5.47611326	5.39685793	5.31729630	5.23739534	5.17075755	5.10553179	5.04213651	4.98315178	4.92696638	4.87385098	4.82246179	4.77712549	4.73943113	4.70510241	4.67179364	4.63531526
	1.58736025	1.63572229	1.71401206	1.83430005	2.01632555	2.24426288	2.49053185	2.75584636	3.03834570	3.32789999	3.60893513	3.87925791	4.14310934	4.38425031	4.60275797	4.80924766	5.01270183	5.20799150	5.38488688	5.51534147	5.59312417	5.63876733	5.67042785	5.69434173	5.71488028	5.72948013	5.73708057	5.73889377	5.73298052	5.71730078	5.69180457	5.64644724	5.57987128	5.50536383	5.42635694	5.34592484	5.26515222	5.19804869	5.13203049	5.06785213	5.00740968	4.95017515	4.89591730	4.84339479	4.79710411	4.75900508	4.72323433	4.68942502	4.65203771
	1.59040705	1.63961353	1.71964621	1.84273147	2.02645683	2.25395506	2.49942407	2.76501945	3.04841759	3.34075109	3.62311548	3.89482307	4.15965583	4.40088250	4.61964248	4.82495420	5.02884309	5.22382570	5.39983074	5.52987955	5.60724733	5.65334282	5.68548173	5.71051870	5.73171467	5.74739989	5.75601076	5.75890120	5.75391939	5.73906623	5.71444852	5.66860273	5.60198262	5.52711969	5.44872150	5.36821425	5.28855672	5.22075089	5.15429105	5.08984751	5.02854672	4.97071073	4.91569219	4.86209862	4.81490853	4.77612868	4.73970811	4.70496823	4.66633510
	1.58911090	1.63825725	1.71841438	1.84165248	2.02499264	2.25143653	2.49571392	2.76061689	3.04373594	3.33688988	3.61961806	3.89179322	4.15669405	4.39700821	4.61504934	4.81862127	5.02171025	5.21626964	5.38902279	5.51835478	5.59499309	5.64159391	5.67378280	5.69977614	5.72130802	5.73784288	5.74729040	5.75110334	5.74702092	5.73307396	5.70947817	5.66437648	5.59842586	5.52382353	5.44624423	5.36675900	5.28966134	5.22148807	5.15534556	5.09145063	5.03052287	4.97302247	4.91820813	4.86438842	4.81690798	4.77766860	4.74182855	4.70639275	4.66688245
	1.59527653	1.64507688	1.72646022	1.85162978	2.03654152	2.26342331	2.50786403	2.77311986	3.05674161	3.34996042	3.63280477	3.90544051	4.16974822	4.41004863	4.62856072	4.83254582	5.03628577	5.23065696	5.40325643	5.53280086	5.60925423	5.65588634	5.68809516	5.71412217	5.73578920	5.75237707	5.76182989	5.76562482	5.76144360	5.74732492	5.72351386	5.67802893	5.61162462	5.53623953	5.45795390	5.37864130	5.30111294	5.23259749	5.16582374	5.10152472	5.04013851	4.98219088	4.92692540	4.87279668	4.82485621	4.78525747	4.74948242	4.71442666	4.67423145
	1.59994595	1.64990074	1.73202389	1.85769803	2.04177488	2.26678970	2.50923401	2.77337634	3.05675094	3.34995427	3.63269315	3.90563319	4.16962006	4.40963692	4.62644559	4.82894819	5.03165594	5.22497836	5.39236976	5.52033580	5.59585069	5.64260813	5.67555308	5.70247676	5.72539969	5.74306240	5.75368919	5.75872693	5.75573404	5.74280748	5.72030955	5.67556847	5.60994769	5.53579179	5.45819185	5.38001972	5.30518883	5.23665211	5.16995577	5.10618656	5.04504902	4.98733321	4.93207084	4.87776473	4.82948873	4.78906368	4.75379874	4.71719870	4.67600800
	1.60304659	1.65332250	1.73600834	1.86245583	2.04713820	2.27235313	2.51490389	2.77923508	3.06290668	3.35629175	3.63915902	3.91226858	4.17635456	4.41661272	4.63369364	4.83638981	5.03939112	5.23271584	5.40027018	5.52840960	5.60392769	5.65063097	5.68362708	5.71053085	5.73352675	5.75119892	5.76181478	5.76682112	5.76376053	5.75072729	5.72812649	5.68322718	5.61736078	5.54296633	5.46504256	5.38645572	5.31144840	5.24286986	5.17589644	5.11191980	5.05056562	4.99262331	4.93712656	4.88264006	4.83423458	4.79357635	4.75816945	4.72165170	4.68030229
	1.61584295	1.66682111	1.75120916	1.87966584	2.06536684	2.28986045	2.53119620	2.79502068	3.07872941	3.37197683	3.65426768	3.92676459	4.18980879	4.43013976	4.64494197	4.84833549	5.05068657	5.24399190	5.40805744	5.53531173	5.61026192	5.65666450	5.69047607	5.71746249	5.74155905	5.75958487	5.77064299	5.77611041	5.77340826	5.76071770	5.73852212	5.69368141	5.62782729	5.55360454	5.47602814	5.39755099	5.32344437	5.25430925	5.18667737	5.12249775	5.06082152	5.00257374	4.94663583	4.89172306	4.84297556	4.80194216	4.76705067	4.72913900	4.68727948
	1.62206758	1.67315308	1.75828420	1.88728752	2.07249603	2.29530999	2.53473182	2.79745733	3.08058546	3.37353870	3.65491125	3.92613223	4.18823160	4.42784961	4.63940816	4.84288326	5.04411090	5.23722167	5.39616981	5.52184385	5.59601247	5.64236590	5.67715956	5.70457621	5.72995994	5.74862068	5.76047385	5.76686709	5.76505054	5.75327877	5.73172163	5.68729415	5.62220450	5.54898353	5.47274911	5.39674243	5.32303714	5.25369926	5.18602082	5.12220971	5.06072613	5.00271053	4.94678930	4.89172535	4.84280200	4.80234657	4.76719017	4.72753322	4.68517819
	1.62011918	1.67117096	1.75637773	1.88527131	2.06992322	2.29183533	2.53051360	2.79277775	3.07570937	3.36872754	3.64959089	3.91985973	4.18151079	4.42077975	4.63070746	4.83450112	5.03552522	5.22809515	5.38529195	5.51024171	5.58404850	5.63067807	5.66587665	5.69366194	5.71951991	5.73850023	5.75076659	5.75768595	5.75638371	5.74511984	5.72368913	5.67916976	5.61458949	5.54195522	5.46655150	5.39330111	5.31827189	5.24899832	5.18144423	5.11790561	5.05662550	4.99884093	4.94302398	4.88793686	4.83896508	4.79963116	4.76322709	4.72290036	4.68040649
	1.63295554	1.68565784	1.77367824	1.90624529	2.09369372	2.31627124	2.55537641	2.81827547	3.10290793	3.39658215	3.67754967	3.94839660	4.20821146	4.44984280	4.65905305	4.86501422	5.06628364	5.25792557	5.41598911	5.54133729	5.61490012	5.66164534	5.69703024	5.72483728	5.75099426	5.76994606	5.78220465	5.78901930	5.78739423	5.77566512	5.75435508	5.70878690	5.64325876	5.56962924	5.49313978	5.41813739	5.34328711	5.27286560	5.20389249	5.13937807	5.07712263	5.01831058	4.96142787	4.90550850	4.85584623	4.81568899	4.77963887	4.73849914	4.69563296
	1.62939807	1.68198795	1.76995684	1.90193790	2.08843610	2.30987173	2.54762042	2.80978630	3.09383772	3.38722747	3.66769725	3.93856160	4.19733012	4.43833930	4.64598105	4.85024351	5.04965507	5.24250900	5.39482599	5.51875704	5.59147697	5.63839247	5.67428382	5.70257074	5.72945876	5.74897686	5.76188705	5.76949402	5.76865086	5.75777034	5.73709831	5.69267701	5.62809365	5.55556078	5.48043012	5.40616087	5.33485586	5.26299691	5.19473012	5.13085162	5.06910674	5.01078770	4.95426687	4.89848981	4.84901663	4.80914480	4.77401285	4.73056130	4.68765734
	1.63024781	1.68384414	1.77333936	1.90727297	2.09522353	2.31699564	2.55513438	2.81786047	3.10306861	3.39711149	3.67777794	3.94902804	4.20694364	4.44889330	4.65681286	4.86200329	5.06202621	5.25390969	5.40697007	5.53110886	5.60348174	5.65057184	5.68670886	5.71514809	5.74233631	5.76212699	5.77515160	5.78289211	5.78205943	5.77106496	5.75030363	5.70493422	5.63990325	5.56695194	5.49148733	5.41804227	5.34523928	5.27272543	5.20380355	5.13943912	5.07720150	5.01836747	4.96125796	4.90497659	4.85528551	4.81546685	4.77959045	4.73548960	4.69233235
	1.63809236	1.69291981	1.78435582	1.92067223	2.11023171	2.33223554	2.57063276	2.83375212	3.11993590	3.41455953	3.69555399	3.96669254	4.22464164	4.46732168	4.67558874	4.88152257	5.08134924	5.27360342	5.42635478	5.55072884	5.62360804	5.67076199	5.70726687	5.73567059	5.76333685	5.78225457	5.79536559	5.80308356	5.80211171	5.79086646	5.76966822	5.72448006	5.65890108	5.58537311	5.50929003	5.43478870	5.36164991	5.28872349	5.21910682	5.15417795	5.09138592	5.03190451	4.97411514	4.91727114	4.86720431	4.82729289	4.79062920	4.74608395	4.70263194
	1.64647648	1.70219648	1.79487080	1.93242021	2.12208616	2.34261309	2.57968590	2.84170304	3.12831346	3.42241396	3.70188906	3.97294613	4.23042010	4.47217590	4.67985524	4.88495041	5.08368087	5.27470041	5.42521093	5.54895679	5.62118595	5.66943520	5.70601744	5.73560944	5.76378402	5.78299496	5.79674575	5.80511360	5.80460988	5.79374030	5.77259580	5.72743668	5.66207337	5.58896529	5.51354844	5.44139491	5.36647328	5.29329689	5.22376755	5.15882832	5.09596025	5.03629764	4.97818966	4.92091543	4.87069858	4.83243806	4.79277194	4.74729982	4.70359455
	1.65813713	1.71481703	1.80889263	1.94818835	2.13881930	2.35895965	2.59555051	2.85713269	3.14424893	3.43776052	3.71612926	3.98742744	4.24411848	4.48517111	4.69289529	4.89795932	5.09623561	5.28658204	5.43618620	5.55970736	5.63098152	5.67961160	5.71575759	5.74597979	5.77398891	5.79384623	5.80768785	5.81615120	5.81557961	5.80459035	5.78320234	5.73768293	5.67205590	5.59873553	5.52324983	5.45097374	5.37618689	5.30224615	5.23244570	5.16726221	5.10410616	5.04408804	4.98559202	4.92800424	4.87763674	4.84002229	4.79952399	4.75333809	4.70955364
	1.67761905	1.73681490	1.83463600	1.97930200	2.17396400	2.39571751	2.63397258	2.89705261	3.18569334	3.47934796	3.75779198	4.02910926	4.28552085	4.52698135	4.73668762	4.94394662	5.14380860	5.33195821	5.48489682	5.60940591	5.67986541	5.72741201	5.76318047	5.79283259	5.82055147	5.84084868	5.85403471	5.86174789	5.86012501	5.84791088	5.82536534	5.77817042	5.71077503	5.63560000	5.55823432	5.48306633	5.40844996	5.33256603	5.26119306	5.19469960	5.13027312	5.06885382	5.00903570	4.95062715	4.90021976	4.86085134	4.82178841	4.77495136	4.73101157
	1.69809005	1.75996758	1.86177594	2.01194415	2.21025515	2.43306344	2.67260109	2.93706816	3.22739733	3.52127261	3.79935436	4.07119391	4.32767032	4.56997803	4.78057066	4.98985837	5.19135185	5.37680205	5.53218326	5.65734006	5.72704454	5.77371144	5.80942529	5.83875744	5.86672731	5.88740160	5.90015504	5.90741861	5.90495444	5.89169304	5.86813691	5.81943397	5.75041381	5.67359052	5.59471859	5.52004452	5.44193340	5.36460593	5.29186510	5.22414025	5.15846428	5.09561666	5.03440624	4.97502184	4.92398096	4.88470341	4.84473387	4.79735923	4.75309792
	1.70679123	1.77021283	1.87434578	2.02732984	2.22699168	2.45008400	2.68999841	2.95555172	3.24694260	3.54099850	3.81894146	4.08977881	4.34801389	4.59000832	4.80062655	5.01075429	5.21482879	5.39656602	5.55200172	5.67725952	5.74659568	5.79296199	5.82882492	5.85820686	5.88654309	5.90729319	5.91996435	5.92724579	5.92454655	5.91092288	5.88710150	5.83770391	5.76801334	5.69061340	5.61131480	5.53733190	5.45774813	5.37945385	5.30627201	5.23803324	5.17177318	5.10820500	5.04626683	4.98632967	4.93465325	4.89677504	4.85498593	4.80704063	4.76252618
	1.70655397	1.77000903	1.87400213	2.02668446	2.22533659	2.44653970	2.68485114	2.94880423	3.23954876	3.53240619	3.80867758	4.07842895	4.33685678	4.57867238	4.78676583	4.99536701	5.19867901	5.37821415	5.53118108	5.65511169	5.72363087	5.77062216	5.80711855	5.83735881	5.86665563	5.88814657	5.90135415	5.90944076	5.90726612	5.89410608	5.87081526	5.82131505	5.75248446	5.67620766	5.59860493	5.52748366	5.44543859	5.36811771	5.29598513	5.22837112	5.16266383	5.09956469	5.03802488	4.97815218	4.92689793	4.88938875	4.84513729	4.79753869	4.75285624
	1.71534889	1.78102108	1.88844805	2.04510897	2.24610631	2.46913368	2.70892064	2.97579396	3.26873669	3.56228164	3.83871512	4.10763206	4.36804770	4.60924223	4.81953091	5.03040538	5.23665712	5.41387244	5.56928492	5.69461049	5.76330473	5.81011310	5.84625522	5.87619695	5.90527149	5.92625848	5.93894188	5.94643552	5.94343246	5.92925584	5.90473607	5.85375611	5.78331298	5.70537242	5.62613997	5.55295685	5.47137020	5.39164839	5.31824272	5.24948198	5.18263322	5.11827032	5.05549849	4.99478593	4.94337872	4.90558492	4.86071484	4.81262742	4.76765055
	1.72431467	1.79460806	1.90888440	2.07395146	2.28010276	2.50542979	2.74775074	3.01935579	3.31495037	3.60862967	3.88713214	4.15230232	4.41542647	4.65533622	4.86870476	5.08345546	5.29681025	5.46464314	5.62239292	5.74885074	5.81755825	5.86411983	5.90027203	5.93006543	5.95884801	5.97878786	5.99024676	5.99691726	5.99252704	5.97665934	5.95077245	5.89676780	5.82401293	5.74412010	5.66325410	5.58517059	5.50436970	5.42255110	5.34766420	5.27724280	5.20861497	5.14215247	5.07739701	5.01544859	4.96393158	4.92727624	4.87889585	4.83070742	4.78522081
	1.74059520	1.81314606	1.93058679	2.09846895	2.30416502	2.52747119	2.76785235	3.04059261	3.33458500	3.62424164	3.90235672	4.16297164	4.42471380	4.66327249	4.87399848	5.08901741	5.30177822	5.46309698	5.61942877	5.74383267	5.81229153	5.86035789	5.89730197	5.92781216	5.95690046	5.97652281	5.98712091	5.99400128	5.98896301	5.97202338	5.94579577	5.88990900	5.81740060	5.73835299	5.66156867	5.58259679	5.49859012	5.41722716	5.34313551	5.27281553	5.20405798	5.13725812	5.07215906	5.01004822	4.96131119	4.92318598	4.87120044	4.82357432	4.77793051
	1.73817677	1.81421240	1.93678542	2.11024742	2.31822340	2.54331185	2.78565675	3.06186943	3.35786681	3.64697733	3.92753207	4.18692797	4.44872945	4.68849349	4.90039636	5.12084278	5.33119222	5.49149432	5.64850662	5.77339067	5.84396981	5.89314655	5.92986877	5.96056889	5.98903896	6.00614065	6.01529841	6.02177108	6.01554001	5.99681780	5.96924280	5.91157856	5.83766938	5.75761868	5.68432315	5.60727554	5.51414525	5.43175048	5.35691350	5.28556353	5.21562560	5.14749956	5.08111563	5.01829993	4.97136354	4.93085189	4.87774070	4.83017994	4.78425625
	1.75764933	1.83853679	1.96773347	2.14790414	2.35666967	2.58224922	2.82724712	3.10455407	3.40225913	3.68789170	3.96858931	4.22487366	4.48631413	4.72304729	4.93742383	5.16536128	5.36843604	5.52624309	5.68442631	5.81218946	5.88270293	5.93234631	5.96784758	5.99735367	6.02402653	6.04134163	6.04610932	6.04909619	6.04054670	6.02132133	5.99183291	5.93289502	5.85706248	5.77572945	5.71033289	5.62427584	5.52865819	5.44553590	5.37008456	5.29778760	5.22671350	5.15720911	5.08943715	5.02599186	4.98000469	4.93728068	4.88461931	4.83750403	4.79162486
	1.75405424	1.83845821	1.97174335	2.15554408	2.36419580	2.58995786	2.83762977	3.11609807	3.41475433	3.69820286	3.97793997	4.23328911	4.49542197	4.73079999	4.94919961	5.17611430	5.37787767	5.53376439	5.69521384	5.82140686	5.89038200	5.93869339	5.97339336	6.00500346	6.03258647	6.05325206	6.05303301	6.05481686	6.04471102	6.02424039	5.99367087	5.93373012	5.85696454	5.77495692	5.71479175	5.61903894	5.52624189	5.44352339	5.36794034	5.29520011	5.22357542	5.15335515	5.08479243	5.02067490	4.97543504	4.92975779	4.87851822	4.83150430	4.78554882
	1.75456421	1.84293912	1.98087700	2.16723111	2.37608536	2.60184594	2.85169909	3.13030857	3.42826274	3.70969443	3.98514346	4.23962956	4.49935268	4.73481007	4.95738823	5.17971428	5.37973566	5.53816920	5.69972925	5.82006840	5.89039861	5.93509385	5.96922859	6.00096668	6.03091598	6.05174637	6.05671522	6.05577745	6.04074770	6.01867312	5.98642230	5.92452688	5.84684353	5.76575376	5.69491345	5.60662569	5.51489378	5.43281831	5.35733878	5.28437898	5.21248217	5.14185019	5.07282360	5.00893059	4.96301094	4.91755631	4.86641652	4.81972422	4.77402711
	1.74707696	1.84066235	1.98407073	2.17330445	2.38158538	2.60683211	2.85897994	3.13766750	3.43245446	3.70860220	3.98156694	4.23158903	4.48830097	4.72199838	4.95101158	5.16446712	5.36107368	5.52207078	5.67779859	5.79981396	5.86319715	5.90585325	5.93932760	5.97079868	6.00056243	6.02175755	6.03315813	6.03272369	6.01302221	5.98816295	5.95371019	5.88927584	5.81099851	5.73457737	5.66000539	5.57016709	5.47998713	5.39948708	5.32477861	5.25224124	5.18061744	5.10994032	5.04073890	4.97716303	4.93458251	4.88534663	4.83533388	4.78925611	4.74413602
	1.73624671	1.83283902	1.97862597	2.16863240	2.37644917	2.60197162	2.85498856	3.13384910	3.42610346	3.70077260	3.97080296	4.21967107	4.47631958	4.70858599	4.93843054	5.14811120	5.34317884	5.50732085	5.65997798	5.77892772	5.83977647	5.88228988	5.91569714	5.94725152	5.97709560	5.99866376	6.01122388	6.01318807	5.99390506	5.96572486	5.92980861	5.86465471	5.78645225	5.70986004	5.63429104	5.54487730	5.45637418	5.37705556	5.30295761	5.23073396	5.15934649	5.08877058	5.01959891	4.95853800	4.91507512	4.86344880	4.81414093	4.76823659	4.72334439
	1.74890110	1.84834107	1.99585017	2.18544354	2.39180443	2.61633724	2.86954465	3.14695071	3.43565399	3.70679434	3.97183274	4.21885227	4.47333645	4.70209338	4.93171151	5.13867702	5.33154241	5.49920375	5.64631964	5.76240604	5.82215616	5.86267580	5.89573269	5.92688428	5.95651530	5.97795672	5.99008180	5.99359711	5.97889719	5.94740729	5.90780456	5.84189664	5.76404238	5.68877957	5.60937885	5.52207835	5.43534920	5.35728331	5.28401427	5.21232419	5.14133231	5.07098465	5.00186819	4.93970239	4.89704779	4.84542236	4.79681810	4.75123130	4.70667757
	1.73384558	1.83936316	1.99222316	2.18417848	2.39159525	2.61914245	2.87622988	3.15475616	3.44196227	3.71199923	3.97271277	4.21966538	4.47343496	4.70027911	4.92964680	5.13639769	5.32866750	5.49212965	5.63861864	5.75538495	5.81395289	5.85371572	5.88633730	5.91706691	5.94658433	5.96654195	5.97805636	5.98078827	5.96871142	5.93752746	5.89568161	5.82584836	5.74740431	5.67470054	5.58752936	5.50216320	5.41586631	5.33808335	5.26477174	5.19255298	5.12105497	5.05006198	4.98002971	4.92020048	4.87415082	4.82206064	4.77383559	4.72832581	4.68390230
	1.73276945	1.84237393	1.99796304	2.19080090	2.39824019	2.62703548	2.88545966	3.16422296	3.44886713	3.71574426	3.97376325	4.21947223	4.47095179	4.69560315	4.92373122	5.12984227	5.32059209	5.48473693	5.62648357	5.74097721	5.79903350	5.83842024	5.87058811	5.90092350	5.93074292	5.94954343	5.96200652	5.96385363	5.95039698	5.91727120	5.87508913	5.80571282	5.72737492	5.65419847	5.56629423	5.48064117	5.39560977	5.31856630	5.24562509	5.17351771	5.10217969	5.03108731	4.96068769	4.90439729	4.85483339	4.80252796	4.75479265	4.70954609	4.66545444
	1.72755728	1.83945023	1.99598023	2.18842699	2.39514783	2.62382738	2.88240420	3.16059072	3.44298198	3.70745167	3.96352664	4.20830466	4.45824014	4.68188952	4.90782683	5.11312740	5.30221929	5.46766459	5.60848313	5.71744805	5.77470344	5.81401331	5.84617606	5.87642196	5.90659720	5.92632960	5.93859479	5.94019189	5.92599062	5.89426530	5.84989302	5.78093717	5.70368914	5.63350708	5.54398007	5.45652965	5.37326079	5.29724851	5.22498205	5.15335147	5.08249210	5.01168424	4.94138828	4.88727100	4.83587084	4.78315438	4.73578237	4.69073782	4.64688768
	1.72177438	1.83363113	1.98873465	2.17864927	2.38314958	2.60898013	2.86520053	3.14122190	3.42070205	3.68236114	3.93696783	4.18002243	4.42991009	4.65046011	4.87345495	5.07643884	5.26294398	5.43127140	5.56955063	5.67158508	5.72801682	5.76771145	5.79994162	5.83029011	5.86143971	5.88123213	5.89519179	5.89726536	5.88312334	5.85487389	5.80868776	5.73941737	5.66430984	5.60224949	5.50546607	5.42018878	5.33902766	5.26481981	5.19401459	5.12361564	5.05393268	4.98415705	4.91475378	4.86233061	4.80874474	4.75704400	4.71005954	4.66528155	4.62170193
	1.70116771	1.81568590	1.97194493	2.16096824	2.36532993	2.59110919	2.84778878	3.12368366	3.40248429	3.66218407	3.91572681	4.15856096	4.40830206	4.62748113	4.84834811	5.05040765	5.23546789	5.40845993	5.54337326	5.63771749	5.69467573	5.73463467	5.76715901	5.79762128	5.82939187	5.84919043	5.86310607	5.86549177	5.85045766	5.82478640	5.77639307	5.70848827	5.63695231	5.57254853	5.47517614	5.39080965	5.31106323	5.23798636	5.16803075	5.09819105	5.02888906	4.95939161	4.89027937	4.84182763	4.78306951	4.73178847	4.68492899	4.64016917	4.59665368
	1.69011911	1.80795135	1.96584897	2.15340218	2.35717874	2.58372714	2.84095147	3.11613189	3.39238022	3.64885407	3.90010580	4.14214033	4.39163383	4.60814481	4.82602689	5.02660354	5.20948323	5.38154119	5.51916607	5.60136159	5.66090814	5.70097411	5.73370464	5.76433936	5.79635695	5.81604831	5.83004680	5.83233999	5.81576602	5.78893358	5.74456009	5.67576827	5.60697732	5.52936056	5.44221427	5.35884066	5.28061955	5.20872359	5.13980892	5.07064109	5.00176603	4.93265410	4.86399213	4.81633572	4.75619127	4.70542878	4.65894840	4.61446821	4.57127718
	1.68112905	1.80362570	1.96371362	2.15046850	2.35399973	2.58202957	2.84046097	3.11539033	3.38865315	3.64075959	3.88958886	4.13071467	4.37845097	4.59425572	4.80941779	5.00873471	5.18964090	5.36031076	5.49762293	5.57183891	5.63148572	5.67221944	5.70485000	5.73589040	5.76764425	5.78686906	5.80116991	5.80259673	5.78309540	5.75431910	5.70900323	5.64551865	5.58582554	5.49518575	5.41145907	5.32850076	5.25174347	5.18084995	5.11242229	5.04366320	4.97484616	4.90582742	4.83764544	4.78671105	4.72855512	4.67821267	4.63200409	4.58772901	4.54477112
	1.68032180	1.80484646	1.96527165	2.15047428	2.35297486	2.58105788	2.83884759	3.11245448	3.38343248	3.63345925	3.87998816	4.11926016	4.36344442	4.58206597	4.79361520	4.99172338	5.17080489	5.33918317	5.47729913	5.55441264	5.60529983	5.64537368	5.67871264	5.71032047	5.74226198	5.76125076	5.77562288	5.77657762	5.75611102	5.72407270	5.68100281	5.62345757	5.55877217	5.46843106	5.38521704	5.30477181	5.22926643	5.15924793	5.09151028	5.02331949	4.95478536	4.88614891	4.82092866	4.76623284	4.70887494	4.65889947	4.61296762	4.56892647	4.52619724
	1.67702257	1.80098910	1.95892667	2.14046066	2.34009005	2.56542017	2.81968897	3.09027165	3.35771212	3.60520261	3.84987973	4.08687377	4.32773726	4.54662682	4.75278527	4.94773515	5.12363802	5.29089178	5.43072064	5.50764378	5.54943560	5.58671285	5.62078220	5.65441258	5.68796642	5.70815296	5.72142067	5.72255353	5.70315030	5.67020929	5.63049206	5.57752576	5.50617476	5.42174798	5.33993850	5.26129643	5.18805070	5.11993255	5.05384695	4.98710421	4.91989607	4.85268653	4.79139117	4.73223564	4.67716217	4.62795011	4.58261184	4.53910616	4.49687741
	1.68736752	1.81403822	1.97273635	2.15350998	2.35324751	2.57971645	2.83502175	3.10374726	3.36771926	3.61181989	3.85319481	4.08694939	4.32485432	4.54327408	4.74778369	4.94167675	5.11652602	5.27887542	5.42015839	5.49819571	5.53585333	5.56903841	5.60081553	5.63927021	5.67131455	5.69147598	5.70392544	5.70407853	5.68376568	5.64985031	5.61246300	5.55646270	5.48071025	5.39751371	5.31841267	5.24162379	5.16987434	5.10246571	5.03670036	4.97015619	4.90286547	4.83590878	4.77556758	4.71436316	4.65986667	4.61096143	4.56582896	4.52248886	4.48038545
	1.69287755	1.82122966	1.98006866	2.16043369	2.36024018	2.58713454	2.84239518	3.10988851	3.37149555	3.61370839	3.85291347	4.08556760	4.32164204	4.53880951	4.74039618	4.93357306	5.10778774	5.26869963	5.41115129	5.48929434	5.52319160	5.55327617	5.58484213	5.62342784	5.65338070	5.67484093	5.68738958	5.68693195	5.66557308	5.63445353	5.59640000	5.53984173	5.46269213	5.38014937	5.30160712	5.22558710	5.15471206	5.08790426	5.02244245	4.95607015	4.88882367	4.82172723	4.76454730	4.70005103	4.64589236	4.59722488	4.55223986	4.50902333	4.46700977
	1.67403631	1.80086850	1.95609245	2.13249436	2.32925096	2.55251004	2.80411563	3.06783512	3.32523310	3.56506150	3.80237278	4.03199670	4.26670219	4.48427279	4.67741874	4.86724051	5.03830942	5.19655956	5.33784020	5.41938608	5.45700366	5.48375356	5.51449706	5.54435323	5.57376199	5.59539792	5.61095078	5.61041978	5.59067684	5.56737957	5.53266494	5.47353134	5.39330448	5.31370148	5.23777096	5.16443075	5.09590037	5.03128170	4.96786266	4.90333535	4.83805302	4.77451081	4.71666041	4.65258584	4.59952185	4.55190835	4.50779681	4.46541493	4.42412663
	1.65192721	1.77596613	1.92552237	2.09617225	2.28799603	2.50543697	2.75088511	3.00833142	3.26038531	3.49683290	3.73129833	3.95670099	4.18963688	4.40722922	4.59105800	4.77455739	4.94057519	5.09322058	5.23125038	5.31768434	5.36018453	5.38458270	5.41351278	5.43737669	5.46748445	5.48764718	5.50447454	5.50448927	5.48822335	5.47197770	5.44101785	5.37433300	5.29517843	5.21948503	5.14723065	5.07759912	5.01368988	4.95270029	4.89210372	4.83039589	4.76807820	4.70938542	4.64774228	4.58745550	4.53595451	4.48981250	4.44693921	4.40573885	4.36546600
	1.66140444	1.78294542	1.92674906	2.09183346	2.27831202	2.48939154	2.72733141	2.97668586	3.22049384	3.45171133	3.68027660	3.90116658	4.12828525	4.34470429	4.51923403	4.69465660	4.85637363	5.00332684	5.13679721	5.22170894	5.26954510	5.30096939	5.32290367	5.34565128	5.37574897	5.39097381	5.40742543	5.40743559	5.39685659	5.38088744	5.34412744	5.27718283	5.20392583	5.13148818	5.06256707	4.99681316	4.93657365	4.87875670	4.82066437	4.76202437	4.70369576	4.64722574	4.58410330	4.52649384	4.47659479	4.43191540	4.39025459	4.35017879	4.31081764
	1.67409643	1.79512915	1.93642609	2.09901418	2.28318605	2.49167870	2.72548496	2.97104521	3.20982937	3.43699501	3.66068130	3.87993368	4.10170101	4.31580998	4.48914302	4.65814734	4.81793973	4.96183190	5.09280804	5.17592973	5.22292124	5.25614072	5.27795959	5.30878547	5.33700568	5.34823173	5.36456373	5.36385028	5.35702661	5.33365781	5.29420862	5.23025341	5.15911890	5.08796717	5.02053071	4.95595806	4.89740965	4.84110134	4.78406115	4.72715650	4.67249069	4.61348275	4.55134663	4.49486858	4.44586155	4.40197534	4.36097616	4.32148550	4.28261700
	1.67598958	1.79539130	1.93212797	2.09015318	2.26978085	2.47318484	2.70034061	2.93985658	3.17350388	3.39605120	3.61333303	3.83190417	4.04723745	4.25785256	4.43211665	4.58922625	4.74568159	4.88553065	5.01344337	5.09456606	5.14094009	5.17421751	5.20076758	5.23466018	5.25891185	5.27148329	5.28784743	5.28690109	5.28373638	5.25606093	5.21537882	5.15353784	5.08328551	5.01409137	4.94919335	4.88875589	4.83295194	4.77941778	4.72403724	4.67170922	4.61852601	4.55854103	4.49847181	4.44375740	4.39629474	4.35373219	4.31388138	4.27545308	4.23750568
	1.68578839	1.80339087	1.93516322	2.08791308	2.26228246	2.45993822	2.67985611	2.91197889	3.13867138	3.35545904	3.56674838	3.78311866	3.99283470	4.19876125	4.37358778	4.52281845	4.67096730	4.80675632	4.93094857	5.01006439	5.05567890	5.09011189	5.12036967	5.15513793	5.17897819	5.19808809	5.21512952	5.21270709	5.20269620	5.17138198	5.13001714	5.07302913	5.00412766	4.93779840	4.87473619	4.81843075	4.76554003	4.71614528	4.66196846	4.61502768	4.56040654	4.50047830	4.44270243	4.38972221	4.34384411	4.30258893	4.26381726	4.22634177	4.18922949
	1.68795358	1.80404680	1.92801055	2.07076983	2.23505387	2.42251792	2.62937423	2.85097855	3.06702712	3.27404240	3.47718430	3.68646167	3.88764415	4.08566191	4.25806796	4.40170059	4.53282804	4.66047346	4.77937746	4.85509729	4.89931369	4.93375824	4.96435496	4.99834197	5.03004678	5.05112972	5.06710662	5.06568540	5.05213622	5.02495702	4.98378267	4.92849298	4.86570360	4.80377537	4.74467561	4.69419768	4.64933911	4.60416708	4.55364366	4.50784324	4.45315942	4.39936719	4.34558278	4.29600870	4.25317146	4.21448461	4.17802728	4.14275032	4.10796191
	1.68414956	1.80064368	1.92205956	2.06137008	2.22199591	2.40607289	2.60802381	2.82516831	3.03709144	3.24069663	3.44051812	3.64776450	3.84562749	4.04108890	4.21442793	4.35460588	4.48133578	4.60459132	4.72144998	4.79597436	4.83952510	4.87427084	4.90531678	4.93941717	4.97291786	4.99471172	5.00975433	5.00834916	4.99429501	4.96845050	4.92735638	4.87194762	4.81097217	4.75045602	4.69399037	4.64640363	4.60480751	4.56119742	4.51141462	4.46417660	4.41104070	4.35879190	4.30617506	4.25784633	4.21610793	4.17831085	4.14263247	4.10801886	4.07437617
	1.68098093	1.79866224	1.91920749	2.05812636	2.21790225	2.40094743	2.60103546	2.81533473	3.02471079	3.22658542	3.42420361	3.63110553	3.82808178	4.02237596	4.19840333	4.33646808	4.46036862	4.58134590	4.69757360	4.77197764	4.81545150	4.85074057	4.88237504	4.91713224	4.95138533	4.97368689	4.98732125	4.98429178	4.96944736	4.94355363	4.90250235	4.84438622	4.78357458	4.72356713	4.66954429	4.62267740	4.58180172	4.54123663	4.48978019	4.44108635	4.38889906	4.33689146	4.28478382	4.23672674	4.19524802	4.15763766	4.12200333	4.08753228	4.05424410
	1.63356867	1.75385703	1.87488818	2.01139645	2.16963834	2.34985961	2.54754103	2.75800569	2.96357549	3.16238530	3.35778510	3.56065351	3.75663620	3.94701040	4.12212898	4.26176483	4.37779039	4.49455502	4.60781234	4.68122352	4.72384177	4.76037843	4.79265304	4.82829832	4.86328236	4.88496567	4.89869340	4.89568925	4.88062209	4.85416857	4.81589790	4.75523874	4.69565444	4.64022273	4.58819907	4.54693100	4.50356107	4.46777267	4.41579527	4.36804419	4.31690713	4.26587171	4.21425525	4.16722713	4.12706819	4.09039347	4.05567795	4.02231969	3.99237182
	1.64092191	1.76192702	1.87879578	2.01003597	2.16350486	2.33692422	2.52612483	2.72813452	2.92587059	3.11745381	3.30820299	3.50377252	3.69639416	3.88181606	4.05188875	4.19223050	4.29903510	4.40988178	4.51306363	4.58656026	4.62708304	4.66492506	4.69787911	4.73390097	4.76994947	4.79407379	4.80844908	4.80693007	4.79160909	4.76407562	4.72534090	4.66438237	4.60846396	4.55814445	4.50838863	4.47220377	4.42960863	4.39034931	4.34405369	4.29778733	4.24859696	4.19873313	4.15023048	4.10563702	4.06720803	4.03212754	3.99848072	3.96714202	3.94132579
	1.61657752	1.73853639	1.85479974	1.98330398	2.13416794	2.30405518	2.48929149	2.68643103	2.88029453	3.06870758	3.25711879	3.44839231	3.64059003	3.82140101	3.98869232	4.12775696	4.23604329	4.34339603	4.43749205	4.50859122	4.54824231	4.58788725	4.62098131	4.65719619	4.69395395	4.71934133	4.73414225	4.73299827	4.71792003	4.69000462	4.65130526	4.59230055	4.53875797	4.49429336	4.44566677	4.41005161	4.36925774	4.32975335	4.28530826	4.24010055	4.19217646	4.14293025	4.09601134	4.05279748	4.01569817	3.98186647	3.94983351	3.92035887	3.89433593
	1.58691701	1.70902893	1.82540633	1.95218859	2.10119946	2.26840626	2.45072289	2.64384234	2.83480906	3.02125731	3.20777258	3.39635932	3.58794742	3.76529322	3.93006019	4.06705823	4.17760785	4.28175411	4.37089067	4.44037145	4.47802326	4.51810087	4.55113288	4.58788828	4.62506066	4.65064710	4.66580937	4.66497408	4.64997855	4.62187187	4.58247009	4.52760984	4.47572639	4.43399816	4.38649079	4.35058285	4.31154389	4.27268670	4.22919019	4.18485287	4.13780302	4.08934613	4.04370039	4.00171962	3.96618750	3.93316528	3.90249812	3.87400273	3.84723918
	1.52072457	1.64278468	1.75933691	1.88219846	2.02728524	2.18951383	2.36645695	2.55278237	2.73877474	2.92255520	3.10448875	3.29086133	3.48032888	3.65260151	3.81032829	3.94237869	4.05452145	4.15414432	4.24350774	4.30889994	4.33993959	4.37614969	4.40951154	4.44800734	4.48509445	4.51044565	4.52673427	4.52688225	4.51245559	4.48569673	4.44531743	4.40097113	4.35437888	4.31134524	4.26817692	4.23171896	4.19674160	4.15999445	4.11650693	4.07403780	4.02887549	3.98232490	3.93921181	3.89970409	3.86766346	3.83775633	3.80902659	3.78066588	3.75294175
	1.47029925	1.59417341	1.71078969	1.83040086	1.97260521	2.13155857	2.30533195	2.48721562	2.67127494	2.85413434	3.03433406	3.22102094	3.41057705	3.58260648	3.73854749	3.86704528	3.97831511	4.07914240	4.16885136	4.23159873	4.26459656	4.30165306	4.33362007	4.37156428	4.40902226	4.43118095	4.44836751	4.44878082	4.43487972	4.40893158	4.37290129	4.33030731	4.28697371	4.24339296	4.20363615	4.16770337	4.13448746	4.09858283	4.05494443	4.01326098	3.96715856	3.92236748	3.88155087	3.84410849	3.81064529	3.78404143	3.75525635	3.72763428	3.69988467
	1.40302304	1.52773482	1.64574413	1.76581730	1.90870765	2.06761284	2.24167290	2.42336419	2.60922609	2.79253702	2.97356136	3.16310902	3.35343003	3.52759548	3.68367882	3.81136705	3.92233387	4.02377799	4.11553128	4.17831696	4.21565629	4.25234740	4.28092979	4.31777703	4.35816762	4.38120320	4.39847370	4.39852579	4.38395401	4.35617182	4.32480613	4.28185955	4.23546425	4.19064282	4.15246683	4.11714245	4.08454067	4.04888932	4.00535841	3.96353224	3.91618149	3.87182120	3.83286521	3.79635321	3.76400723	3.73630184	3.70746565	3.67939735	3.65177175
	1.35717516	1.48009349	1.59899250	1.71899455	1.86080348	2.01860271	2.19156550	2.37175765	2.55749101	2.73988738	2.92056941	3.10973565	3.29879815	3.47400354	3.62816266	3.75420013	3.86439764	3.96394873	4.05672082	4.12002500	4.15965533	4.19670478	4.22371200	4.26002277	4.30100399	4.32528441	4.34207828	4.34238336	4.32880987	4.30182729	4.27236273	4.22909210	4.17858689	4.13442154	4.09704136	4.06273572	4.03064786	3.99483476	3.95319213	3.91154014	3.86432903	3.82167256	3.78493699	3.74941936	3.71724130	3.68828247	3.66018415	3.63209253	3.60482666
	1.29102457	1.41198151	1.53095898	1.64941059	1.78849271	1.94464322	2.11537362	2.29343757	2.47856003	2.65841792	2.83801179	3.02499030	3.21332049	3.39003992	3.54134669	3.66642492	3.77308281	3.86911943	3.96205785	4.02652044	4.06606538	4.10240262	4.13458081	4.17284359	4.21054277	4.23927278	4.25708434	4.25647550	4.24174408	4.21859574	4.18722073	4.14282762	4.09302630	4.05005927	4.01454822	3.98219231	3.95112576	3.91503229	3.87424689	3.83271894	3.78850334	3.75012629	3.71429068	3.67932419	3.64734096	3.61849769	3.59102973	3.56451291	3.53787811
	1.23813379	1.35526796	1.47207815	1.58917166	1.72493881	1.87849677	2.04584754	2.22062847	2.40298033	2.57884299	2.75485255	2.93843400	3.12701605	3.29966824	3.44920154	3.56889902	3.67134012	3.76259556	3.85308732	3.91591991	3.95631736	3.99418450	4.03199580	4.07077731	4.10650779	4.13828705	4.15668369	4.15554452	4.13879677	4.11917708	4.08566009	4.04105415	3.99400360	3.95374211	3.92058319	3.89089051	3.86157475	3.82568924	3.78711251	3.75278375	3.71080158	3.66981674	3.63509662	3.60046167	3.56971940	3.54239200	3.51608717	3.49126881	3.46652819
	1.19176176	1.30200231	1.41463816	1.52862411	1.65714657	1.80442338	1.96473123	2.13438001	2.30798747	2.47844435	2.64751825	2.82413229	3.00583353	3.17235732	3.31606183	3.42939258	3.52606210	3.61375071	3.70055058	3.76161146	3.80066099	3.83815815	3.87588591	3.91353184	3.95166756	3.98432013	4.00388352	4.00443440	3.98992385	3.97047790	3.94087535	3.90010837	3.85906867	3.82350787	3.79416771	3.76770862	3.74141964	3.70906309	3.67516443	3.64381593	3.60463459	3.56450577	3.53089891	3.49840682	3.47037184	3.44566668	3.42170359	3.40020889	3.37844795
