	0.51605168	0.48927009	0.47413002	0.46528766	0.47890496	0.51896585	0.56965710	0.64717178	0.76254637	0.89172172	1.02911571	1.19644474	1.37690438	1.53342223	1.66595756	1.79845357	1.92660517	2.06820310	2.21930665	2.29594389	2.31888586	2.31658256	2.30017058	2.27616450	2.25205954	2.23199698	2.20744274	2.18732679	2.16809250	2.15292641	2.13861422	2.15731792	2.20712007	2.26679792	2.33070783	2.39198766	2.46206350	2.50090691	2.51503048	2.52680224	2.53334073	2.53821623	2.54122354	2.50177164	2.43375655	2.35069143	2.26908367	2.18931222	2.10544844
	0.59592522	0.56607394	0.54973798	0.53454039	0.54008944	0.57602013	0.63232555	0.73385865	0.89311481	1.08652081	1.29643806	1.51341121	1.75818496	1.99904604	2.21372142	2.43966554	2.63689187	2.85786033	3.08747339	3.17813899	3.19966697	3.19178676	3.16490922	3.12885069	3.09420099	3.05976862	3.02852477	3.00018372	2.97733138	2.95915914	2.94278623	2.97737101	3.05820437	3.15220379	3.24696306	3.33558786	3.43061960	3.47107315	3.48712002	3.49169540	3.48839894	3.48429107	3.47804252	3.41401008	3.31500767	3.20136887	3.08203481	2.96180332	2.83197259
	0.69990112	0.66514400	0.63557710	0.61284277	0.61123511	0.63687559	0.68168671	0.77279868	0.92236736	1.10699791	1.30978009	1.52221791	1.74877228	1.98569390	2.19317675	2.40696596	2.60776380	2.81348057	3.03677817	3.13558820	3.15362683	3.14597738	3.11859183	3.08129881	3.04546778	3.00912514	2.98191603	2.95282986	2.93242831	2.91615361	2.90428761	2.94052083	3.02248914	3.11625531	3.21143355	3.30128406	3.39538831	3.43242721	3.44330674	3.44249244	3.43621517	3.42968479	3.42049298	3.35623802	3.26055386	3.14920656	3.02984146	2.90872105	2.78068020
	0.72343918	0.68744923	0.65510499	0.63106034	0.62930307	0.65332591	0.69506228	0.78304586	0.92883163	1.10848275	1.30646315	1.51322250	1.73195946	1.96262824	2.16571875	2.36766800	2.57594330	2.77045328	2.98289423	3.08224025	3.10049497	3.09300748	3.06619094	3.02616311	2.98651742	2.94987419	2.92404525	2.89540528	2.88170172	2.86619613	2.85563231	2.89267126	2.97297049	3.06662099	3.15814356	3.25296081	3.34682738	3.38072247	3.39068590	3.38574980	3.37622026	3.36760540	3.35454080	3.29018826	3.19948110	3.08641893	2.96613174	2.84781824	2.72180639
	0.73166570	0.69489083	0.66456045	0.64354344	0.64436884	0.66812917	0.70668709	0.78987707	0.92767604	1.09712923	1.28640664	1.48153625	1.68408490	1.90451105	2.10569310	2.28703402	2.49050965	2.68880768	2.86475904	2.95896273	2.97878475	2.96734424	2.93789233	2.89622164	2.85456077	2.81762046	2.79077068	2.76832230	2.75587045	2.74713226	2.73938526	2.78178958	2.86588514	2.95419772	3.04139901	3.13674701	3.23347374	3.27070046	3.27599190	3.26451702	3.24259990	3.23736119	3.21645209	3.14652207	3.05169217	2.94090553	2.82320726	2.71202662	2.59733564
	0.77357127	0.73716311	0.70469204	0.68433267	0.68546804	0.70638313	0.73992834	0.81782087	0.94888499	1.11141327	1.29608779	1.48440990	1.67495185	1.88483582	2.08206081	2.26096378	2.45084390	2.65057423	2.81834596	2.90119808	2.92064789	2.90635170	2.87476355	2.83289413	2.79152315	2.75694696	2.73850188	2.71457896	2.69951638	2.69590003	2.69473870	2.74147029	2.82990819	2.91015383	3.00341679	3.10143958	3.20098728	3.24381640	3.22907175	3.21482701	3.19979187	3.19208609	3.15514501	3.08165160	2.98412358	2.87118033	2.75743883	2.65123480	2.53905981
	0.74932252	0.71561232	0.68487031	0.66606827	0.66844217	0.68923361	0.72188822	0.79724308	0.92229050	1.07970210	1.25294153	1.43476345	1.61665839	1.80434946	2.00111396	2.17915110	2.34622878	2.53724702	2.71280088	2.78153694	2.79604226	2.78246388	2.75058935	2.70488047	2.66944726	2.63041292	2.60891448	2.58609546	2.57151937	2.56373095	2.55797813	2.61002359	2.69822185	2.78147087	2.87310833	2.96772380	3.07184602	3.11002437	3.09701936	3.08274678	3.06251686	3.04143704	3.00636032	2.93762853	2.83789609	2.72781574	2.62282398	2.52565279	2.41203457
	0.80872267	0.77638695	0.74390562	0.72637573	0.72847189	0.74487363	0.77134283	0.83939708	0.95430216	1.10402037	1.26323670	1.43399883	1.60518953	1.77035252	1.94547022	2.11979361	2.28695925	2.44620907	2.61783554	2.69907288	2.72241505	2.69583263	2.66562828	2.61627836	2.56971704	2.53708217	2.51693623	2.50226781	2.49286891	2.50360880	2.50066537	2.55278540	2.63441385	2.72517022	2.81063418	2.89544612	2.99809025	3.01820779	3.01150848	2.98525754	2.94112492	2.91564780	2.89362863	2.82648900	2.73416569	2.62237373	2.52549144	2.42624197	2.32404641
	0.82901507	0.79497630	0.76302245	0.74556726	0.74573743	0.75888573	0.78200855	0.84483182	0.95183784	1.09378814	1.24507430	1.40454645	1.56470539	1.71951487	1.87631113	2.04139554	2.21521355	2.35790202	2.51475842	2.59197963	2.61126122	2.58069494	2.55297712	2.51095440	2.46142577	2.43170206	2.41419959	2.40438860	2.39771276	2.41867881	2.41715435	2.47015790	2.54396460	2.63878900	2.71797917	2.79864774	2.89117049	2.91259654	2.89768147	2.86465141	2.82494496	2.80762216	2.77526008	2.70701360	2.61545484	2.51589709	2.41420077	2.32037634	2.22349805
	0.83853543	0.80375637	0.77261576	0.75452269	0.75258636	0.76278767	0.78270219	0.83973958	0.93883654	1.06940089	1.21032695	1.35686079	1.50633338	1.64960032	1.78763749	1.93699539	2.08965232	2.24475168	2.39148927	2.45596011	2.45861737	2.43607610	2.40447618	2.36884684	2.33005986	2.30433903	2.29028275	2.28540767	2.27952046	2.29377295	2.29813885	2.34953613	2.42753494	2.51074827	2.59420482	2.66438409	2.75317170	2.77656778	2.76639405	2.72284977	2.68071022	2.66145272	2.62123521	2.55711201	2.46830214	2.36856224	2.28182968	2.19164094	2.09814076
	0.86706579	0.83540737	0.80672824	0.79003227	0.78777903	0.79537994	0.81180275	0.86440430	0.96062158	1.08114288	1.21268928	1.35126305	1.49294336	1.62853036	1.75898676	1.89799713	2.04355701	2.19093113	2.33860543	2.39891633	2.40090974	2.37549960	2.34579664	2.30804610	2.27317789	2.25035336	2.23282558	2.23575105	2.23995071	2.25254793	2.26113599	2.31282264	2.39667610	2.47009415	2.53807416	2.62019314	2.70697144	2.73779081	2.71171746	2.68539563	2.63093523	2.59448206	2.55591127	2.48966064	2.40244444	2.31011613	2.22420642	2.13141685	2.03851376
	0.87601908	0.84610066	0.81765099	0.80025888	0.79696610	0.80297081	0.81742151	0.86723158	0.95927593	1.07560306	1.20148636	1.33456785	1.47098837	1.60131478	1.72524693	1.85593006	1.99506041	2.13779552	2.28436804	2.34237021	2.34935980	2.32380685	2.29400270	2.25081551	2.21500389	2.20558190	2.18074019	2.19297920	2.19198407	2.20352472	2.21428213	2.27059664	2.35259921	2.42621520	2.49242373	2.57385468	2.65285300	2.67576924	2.64789962	2.61983333	2.57037000	2.52817911	2.49345199	2.42619076	2.33703561	2.25227052	2.16682756	2.07582227	1.98834521
	0.90201176	0.87652807	0.85119065	0.83631411	0.83351647	0.83819551	0.85094983	0.89931829	0.99096159	1.10239295	1.22582286	1.35681606	1.49070253	1.61939273	1.74106755	1.87204113	2.00718526	2.14852711	2.29862986	2.35017116	2.35432458	2.33034303	2.29772632	2.26233354	2.22200921	2.21013794	2.19519370	2.20413266	2.21400711	2.23033027	2.24509666	2.30344778	2.38006477	2.45150673	2.51702812	2.59650289	2.68322247	2.68857480	2.66711035	2.62901681	2.58717398	2.54614168	2.50860366	2.43673458	2.34434402	2.25978668	2.17620640	2.08329380	1.99251286
	0.91432892	0.89184749	0.86851573	0.85487641	0.85177256	0.85542166	0.86716140	0.91550857	1.00477800	1.11253758	1.23376482	1.36353104	1.49480388	1.61935313	1.73906991	1.86636692	1.99976693	2.13756336	2.28598547	2.33762467	2.33681365	2.31415989	2.28171702	2.24825041	2.20914773	2.19245595	2.18226449	2.19505058	2.20957615	2.22495999	2.24276832	2.30049321	2.37907571	2.45044736	2.51371008	2.59619408	2.67601726	2.68136336	2.65971687	2.61865289	2.57466112	2.53058391	2.49342688	2.41987905	2.32825379	2.24746320	2.16024483	2.07620090	1.98030663
	0.93698290	0.91962851	0.90061098	0.88978250	0.88643655	0.88876021	0.89941825	0.94674864	1.03445650	1.14034814	1.26051424	1.38761086	1.51582296	1.64081256	1.75725129	1.87972709	2.01295795	2.14843274	2.30435505	2.35206372	2.35282345	2.32986078	2.29676958	2.25452836	2.22586654	2.20049964	2.19586037	2.22085387	2.23162598	2.25083130	2.27146548	2.32902322	2.41103088	2.47617202	2.53961425	2.62219721	2.70885407	2.71388803	2.68666772	2.63795374	2.58948007	2.54221107	2.49869148	2.42349801	2.33917410	2.25765144	2.16866154	2.08067150	1.98812384
	0.95611466	0.94346264	0.92791661	0.91863766	0.91427606	0.91514333	0.92454948	0.97031744	1.05613602	1.16013387	1.27853492	1.40076420	1.52819881	1.65015223	1.76473568	1.87924179	2.01382259	2.14873576	2.30126853	2.35914361	2.35215117	2.33178191	2.30571852	2.24752185	2.21653923	2.19778906	2.19726156	2.22519815	2.23729069	2.26605478	2.28496486	2.34166183	2.42256997	2.48661083	2.55415513	2.64108378	2.72430510	2.73039023	2.69434435	2.64403478	2.58605015	2.53783918	2.48997814	2.41213411	2.33863651	2.25363578	2.16823370	2.06851446	1.98240338
	0.98011548	0.97301486	0.96213430	0.95489512	0.94957397	0.94979637	0.95836236	1.00346515	1.08873073	1.19421716	1.31105476	1.43339744	1.55967722	1.68000271	1.79865641	1.91332264	2.04733032	2.18546161	2.33241871	2.39565504	2.38012535	2.35926136	2.33549034	2.27665919	2.23982697	2.22814554	2.23484906	2.25844289	2.27875605	2.31627082	2.33319716	2.39191865	2.47832737	2.53754266	2.61173424	2.70458968	2.77984080	2.79049302	2.74393894	2.69848485	2.62811149	2.57265664	2.52332416	2.44433927	2.37347114	2.27570988	2.19703984	2.09766935	2.00899542
	0.99456759	0.99156903	0.98309778	0.97542822	0.96787846	0.96699556	0.97427371	1.01898475	1.09926795	1.20270309	1.31654542	1.43341328	1.55760669	1.67361031	1.78504870	1.90075060	2.02592682	2.16057832	2.31260954	2.37518512	2.34442682	2.32029490	2.30261261	2.25190026	2.20809991	2.19867804	2.21125012	2.23739309	2.27548659	2.29959451	2.32568088	2.38835327	2.47205136	2.52608204	2.60259894	2.69968886	2.76820064	2.77286322	2.72544074	2.66815832	2.60097790	2.53943785	2.49148439	2.41604515	2.33890062	2.24488883	2.17249844	2.06734313	1.97872299
	1.01161550	1.01339290	1.00756176	0.99892212	0.99000004	0.98789725	0.99398823	1.03868033	1.11528592	1.21671305	1.32766612	1.44300074	1.56206878	1.67610298	1.78456704	1.89650520	2.01766539	2.14775450	2.30306793	2.35706708	2.33473921	2.30327757	2.27597100	2.23739520	2.19691741	2.18664775	2.20264151	2.23262604	2.27721458	2.30318024	2.34614928	2.41273618	2.47600567	2.54556991	2.60454703	2.70110763	2.77491368	2.77441715	2.72522183	2.66786567	2.59132837	2.53042699	2.47640453	2.41447087	2.32622056	2.23016465	2.14941337	2.05450672	1.96658936
	1.02370375	1.02902736	1.02376368	1.01403498	1.00421506	1.00099873	1.00521927	1.04869027	1.12293487	1.22009058	1.32780370	1.44026000	1.55533195	1.66541605	1.77132341	1.87468216	1.99125604	2.11946189	2.26790391	2.31548617	2.30140677	2.26774143	2.23210966	2.19748473	2.16241463	2.15460843	2.17806937	2.20997314	2.24894616	2.29645258	2.34365273	2.41533061	2.46657183	2.54437040	2.59112066	2.67805420	2.75152230	2.75435667	2.70648861	2.64713005	2.55981635	2.50719250	2.44756841	2.39356014	2.29595735	2.19702291	2.10853577	2.02239201	1.93711692
	1.04979459	1.06141475	1.05838810	1.04999919	1.04024635	1.03677063	1.03977807	1.08193877	1.15690061	1.25210083	1.35975643	1.46971558	1.58361514	1.69242968	1.79711373	1.90153591	2.01783825	2.15218602	2.29333274	2.34774905	2.33737094	2.30630370	2.26854072	2.23098795	2.19509067	2.19105942	2.22568171	2.25999117	2.30480398	2.35451671	2.39698507	2.47070434	2.52783080	2.60322574	2.66330065	2.72954706	2.79487605	2.79924914	2.75900056	2.69379536	2.61105566	2.55706520	2.48892550	2.41736055	2.31812061	2.22535806	2.13553265	2.04859493	1.96132083
	1.07398618	1.09007828	1.08894060	1.07879140	1.06952555	1.06566284	1.06744658	1.10773291	1.18215815	1.27745200	1.38209603	1.49005413	1.60471457	1.70906650	1.81172429	1.91355242	2.03061493	2.16139914	2.30036724	2.35487473	2.34855025	2.32244804	2.28661418	2.25054676	2.21592551	2.21505155	2.24936304	2.29221414	2.33923828	2.39260882	2.43516925	2.50929935	2.57347741	2.63061675	2.69573009	2.75966914	2.82449792	2.82275331	2.78080490	2.72004026	2.64613695	2.57821968	2.51125310	2.42430703	2.33345833	2.24023772	2.14474009	2.05744499	1.97093976
	1.10037861	1.12066460	1.12101811	1.11071452	1.10305749	1.09918753	1.09953597	1.13778210	1.21255478	1.30806331	1.41009221	1.51746979	1.63115223	1.73292370	1.83479726	1.93588495	2.05210417	2.18470698	2.31862372	2.37113185	2.36864638	2.34339257	2.31140165	2.28026227	2.24600470	2.24612318	2.28186324	2.32963373	2.38199025	2.44528044	2.48848735	2.55714111	2.62341369	2.67873659	2.73880136	2.80146321	2.85974548	2.85995090	2.81456705	2.74854317	2.68332896	2.61148242	2.54558793	2.45886767	2.35819981	2.26193841	2.16737328	2.07748149	1.99089912
	1.11333163	1.13308731	1.13364386	1.12383850	1.11716582	1.11206260	1.11020050	1.14469343	1.21710334	1.31129575	1.41091717	1.51509108	1.62380710	1.72364235	1.82008345	1.91802267	2.02633820	2.14980665	2.27913216	2.32815881	2.32568936	2.30053853	2.26889536	2.23783940	2.20309274	2.20524627	2.24650657	2.29888416	2.35498125	2.41640298	2.47314993	2.54344048	2.59885975	2.66454459	2.72711330	2.78236467	2.82959645	2.82608356	2.77801073	2.70791662	2.65532250	2.58242078	2.50362994	2.42873006	2.32560570	2.21999296	2.13043877	2.04116807	1.95855112
	1.14100555	1.16449229	1.16887662	1.16088420	1.15428287	1.14637486	1.14386057	1.17537423	1.24654525	1.34079266	1.43828256	1.54219379	1.64933989	1.74727754	1.84445909	1.93938023	2.04240984	2.16897548	2.29666457	2.34277200	2.34193678	2.31767776	2.28658327	2.25759362	2.22589965	2.23228851	2.27579674	2.33327580	2.39723133	2.45884830	2.51794893	2.58770956	2.65069051	2.71741634	2.76690176	2.81809841	2.87428641	2.86244787	2.81163001	2.73701972	2.67712720	2.61461016	2.53046986	2.44669708	2.34545004	2.24563842	2.14690267	2.05853269	1.97420597
	1.16060186	1.19183277	1.19851705	1.19004839	1.18111405	1.16986182	1.16598568	1.19433398	1.26182528	1.35428978	1.44841778	1.55060822	1.65546936	1.74864879	1.84662383	1.93559980	2.02850061	2.14525074	2.26762952	2.31844919	2.31633372	2.28983230	2.26091494	2.22968599	2.20139436	2.20985280	2.25764158	2.32687209	2.39515668	2.46011293	2.52104703	2.58563408	2.65201060	2.71466815	2.76056250	2.81477359	2.87836930	2.86380628	2.80938142	2.73202393	2.65449811	2.58681966	2.50044091	2.41595574	2.31799793	2.21712365	2.12396539	2.03818583	1.95527461
	1.18182317	1.21678353	1.22507626	1.21484746	1.20503454	1.19385459	1.18775892	1.21424112	1.28014313	1.36979155	1.46320843	1.56201852	1.66416989	1.75800636	1.84996548	1.93625381	2.02785130	2.13346750	2.25143882	2.30966048	2.30795993	2.27991521	2.25436912	2.22180149	2.19458728	2.20597626	2.25613491	2.33746899	2.40110377	2.47045067	2.53872917	2.59737662	2.66159757	2.72171614	2.77679564	2.82450057	2.88712017	2.87479030	2.81672459	2.73433136	2.65726875	2.57385935	2.49095759	2.40588420	2.30410907	2.20498738	2.11633515	2.02954314	1.94804149
	1.20912577	1.24551402	1.25391052	1.24297526	1.23164897	1.21915794	1.21289251	1.23740691	1.30168014	1.39001934	1.48129883	1.57769670	1.67748400	1.76996737	1.85925452	1.94383717	2.03087662	2.13050885	2.25469396	2.30868020	2.30917944	2.28149525	2.25891590	2.23159664	2.20020604	2.21475493	2.27421918	2.35431449	2.41842802	2.49267438	2.56300069	2.62209105	2.69474975	2.74770892	2.79857135	2.84853724	2.90621697	2.89219218	2.83062301	2.75132565	2.66849616	2.58386309	2.49140788	2.40447022	2.30489150	2.20834630	2.11340885	2.03091964	1.95009444
	1.22871220	1.26510530	1.27187362	1.25945311	1.24658899	1.23209410	1.22370620	1.24582952	1.30668548	1.39183740	1.47872475	1.57448992	1.66875083	1.75877750	1.84434476	1.92634119	2.01102368	2.09489855	2.20275702	2.25916304	2.25988347	2.23491295	2.21674173	2.18590758	2.15642391	2.16942639	2.23826058	2.31799786	2.38227425	2.46699789	2.54122941	2.59739326	2.66384244	2.71511407	2.76497116	2.82910706	2.88175555	2.86522646	2.80038553	2.71514007	2.61797116	2.52953008	2.44201302	2.35474249	2.25438148	2.16218996	2.06826791	1.99653372	1.92159786
	1.24861255	1.28455854	1.29006242	1.27730586	1.26567128	1.24991803	1.23850124	1.25902112	1.31781254	1.39910927	1.48307597	1.57681319	1.66772227	1.75339250	1.83727506	1.91814157	1.99875603	2.08452787	2.17454786	2.22882580	2.23278973	2.21185601	2.19487933	2.16387340	2.14131475	2.15823196	2.22376964	2.30537241	2.36959252	2.46052623	2.53716538	2.59959717	2.65637033	2.70172317	2.75141000	2.81806962	2.87190179	2.85330321	2.78600785	2.69218308	2.59691989	2.51065657	2.41835795	2.32282763	2.22557396	2.14267330	2.05490257	1.97861608	1.90443669
	1.26166422	1.29641396	1.30084435	1.28857078	1.27612114	1.25795366	1.24608745	1.26543443	1.32145258	1.40127656	1.48307853	1.57424221	1.66469562	1.74785776	1.82802366	1.90692017	1.98709585	2.06390558	2.14893666	2.19663645	2.20293641	2.18331827	2.16423165	2.13986892	2.12070669	2.14139574	2.19956229	2.28657961	2.35320157	2.44475357	2.52878842	2.58925625	2.64190923	2.69098933	2.74067611	2.79459522	2.85648822	2.83631890	2.76716859	2.66962245	2.57659306	2.48757000	2.39447857	2.29075209	2.19722973	2.11125545	2.03324196	1.95932862	1.88853708
	1.26670171	1.30155019	1.30540956	1.29226688	1.28052041	1.26167818	1.24831131	1.26640352	1.31977975	1.39750323	1.47855332	1.56820693	1.65694767	1.73924388	1.81607832	1.89466934	1.97390359	2.04929846	2.12532510	2.17122379	2.17595711	2.15714310	2.13809750	2.11786024	2.10033749	2.12093575	2.17476989	2.26575285	2.34318438	2.42772120	2.51049874	2.57243763	2.62439623	2.67278237	2.72404129	2.77536623	2.84142788	2.82006753	2.75111542	2.64485619	2.55344246	2.46366477	2.36604751	2.26746907	2.17396641	2.08577458	2.01179329	1.94247949	1.87291557
	1.26588207	1.29977128	1.30317590	1.28972554	1.27628334	1.25650255	1.23905957	1.25315683	1.30332666	1.37608473	1.45698176	1.54078925	1.62802324	1.70974124	1.78008010	1.85507612	1.93190211	2.00755958	2.08044766	2.11551139	2.11535966	2.10211254	2.08579471	2.07202488	2.05704617	2.07736862	2.12486405	2.20224140	2.28317000	2.35750055	2.43785575	2.51271776	2.56577395	2.61328068	2.66154987	2.70809745	2.77136324	2.74882827	2.67838806	2.57300500	2.48590720	2.39390204	2.28354202	2.19772697	2.11126288	2.03265981	1.96417127	1.89602732	1.82786348
	1.27433941	1.31041810	1.31403065	1.30135136	1.28777794	1.27088095	1.25287890	1.26769849	1.31703718	1.38885641	1.46891737	1.55398550	1.63968991	1.72200565	1.79282785	1.86999209	1.94838420	2.02420904	2.09650303	2.13793039	2.14064989	2.12510665	2.10869233	2.09414544	2.07982559	2.10068018	2.14952325	2.23397424	2.32867515	2.39783579	2.48042398	2.54736368	2.60168856	2.64832117	2.69588230	2.74080357	2.80397261	2.78246903	2.71300252	2.60753011	2.51908894	2.43140208	2.31870103	2.23253838	2.13884223	2.05549897	1.98605977	1.91799539	1.84890328
	1.27494319	1.31061164	1.31442434	1.30234734	1.28764217	1.27055042	1.25082129	1.26333303	1.31172366	1.38111911	1.46109902	1.54299216	1.62851667	1.70916680	1.77863393	1.85433718	1.93128645	2.00805431	2.08198729	2.12133992	2.12199262	2.11114734	2.09587393	2.08333293	2.06889865	2.08970883	2.13873519	2.21262194	2.30480841	2.37101188	2.45282272	2.52647051	2.58200092	2.62726581	2.67546881	2.72050827	2.77619971	2.75381955	2.68356490	2.58702378	2.49438278	2.40395641	2.28770081	2.20563226	2.11672511	2.04155729	1.96951132	1.90170677	1.83249292
	1.26653486	1.29874804	1.30203057	1.28862888	1.26918227	1.24969973	1.22849508	1.23616782	1.27870684	1.34331394	1.42109450	1.49698784	1.57907399	1.65896730	1.72479103	1.79556596	1.86580943	1.94089893	2.01473427	2.04702678	2.04688775	2.03718319	2.02535238	2.01227534	1.99929164	2.02029507	2.06890823	2.12916507	2.20581102	2.26299516	2.33812503	2.41572801	2.46906574	2.52145601	2.57168654	2.61853518	2.66828183	2.64561469	2.57348617	2.47899471	2.37847159	2.29071406	2.18224163	2.10833690	2.03138742	1.96575228	1.89750366	1.83043783	1.76354438
	1.26938647	1.30096007	1.30470362	1.29220252	1.27217353	1.25230784	1.23143757	1.23611660	1.27627217	1.33758891	1.41424491	1.48757434	1.56693664	1.64662661	1.71532937	1.78197592	1.85052639	1.92314526	2.00076039	2.03527082	2.03570840	2.02604610	2.01597036	2.00410015	1.98961683	2.01127845	2.06513509	2.12209146	2.18247755	2.24535023	2.31287553	2.38737789	2.45199924	2.50197163	2.55783984	2.60358700	2.65271952	2.62889603	2.55707283	2.46332234	2.35465558	2.25895158	2.16187298	2.08913746	2.02093487	1.95197588	1.88201147	1.81461643	1.74876312
	1.27393791	1.30643719	1.31019179	1.29724339	1.27675662	1.25748629	1.23686478	1.24086783	1.27908064	1.33802976	1.41381915	1.48539872	1.56333695	1.64302463	1.71235425	1.77620746	1.84594781	1.91811963	1.99647259	2.02783010	2.02938958	2.02040039	2.01165680	2.00082347	1.98909150	2.01140724	2.06263660	2.11523755	2.17277233	2.24610421	2.31037692	2.39256099	2.46118685	2.50661755	2.55757843	2.60058512	2.64860802	2.62626195	2.55419727	2.46412391	2.35517196	2.24865729	2.15632719	2.08176546	2.01492346	1.94906519	1.87940918	1.81137679	1.74605911
	1.27171308	1.30278916	1.30618206	1.29283028	1.27164583	1.25226856	1.23039934	1.23265230	1.26541382	1.32244058	1.39533997	1.46591022	1.53967867	1.61762013	1.68860441	1.75103495	1.81994197	1.88854163	1.96537285	1.99697547	1.99914846	1.99033747	1.98099696	1.97079586	1.95957746	1.98239736	2.03346456	2.08621331	2.14928977	2.22001173	2.27859778	2.34759111	2.41068444	2.45339693	2.50730266	2.55390264	2.60524773	2.58366587	2.50728328	2.40912068	2.30753873	2.20682171	2.12588318	2.05161050	1.98318415	1.91755655	1.85125281	1.78452510	1.72076538
	1.27023426	1.30055624	1.30347922	1.28987367	1.26820959	1.24680414	1.22442718	1.22630993	1.25548825	1.30894427	1.38069693	1.45000971	1.52070723	1.59861777	1.66809732	1.73070181	1.79688677	1.86413826	1.93987850	1.97319547	1.97632413	1.96865349	1.95749309	1.94745286	1.93715498	1.95986551	2.01044279	2.06426008	2.12691972	2.18136013	2.23722927	2.31664130	2.37670953	2.42022603	2.47450734	2.52389558	2.57422170	2.55123386	2.47556318	2.37304348	2.26791713	2.16631345	2.09076978	2.02575018	1.95884904	1.89292547	1.82715975	1.76032375	1.70005204
	1.26224602	1.28957508	1.29098016	1.27731380	1.25446557	1.23034871	1.20771722	1.20667469	1.23017249	1.28036230	1.34677897	1.41505788	1.48276853	1.55496932	1.62306162	1.68678768	1.75066281	1.81608188	1.88565397	1.91778676	1.92122754	1.91406465	1.90313419	1.89281773	1.88306258	1.90583873	1.95492593	2.00928974	2.07167280	2.12375241	2.18084626	2.24893534	2.28976104	2.32674882	2.37687494	2.43673687	2.48520107	2.46257616	2.38844830	2.27963068	2.18936780	2.10622820	2.03243849	1.96655081	1.90072212	1.83700818	1.77608927	1.71072825	1.65144977
	1.26970636	1.29741453	1.29861795	1.28667555	1.26465520	1.24019647	1.21902523	1.21755459	1.23892666	1.28749885	1.35119773	1.41818665	1.48502341	1.55630848	1.62396269	1.68944068	1.75467182	1.82022839	1.89007975	1.92234153	1.92655902	1.92067912	1.91134690	1.90294686	1.89460475	1.91822420	1.96677549	2.02133078	2.08360900	2.13920253	2.20380111	2.26962210	2.31151791	2.34565669	2.39205538	2.45605752	2.50163992	2.47986932	2.40659175	2.29524290	2.20599286	2.12187083	2.04291107	1.97539758	1.90907417	1.84689111	1.78383984	1.71810929	1.65803158
	1.27968392	1.30813242	1.31020279	1.29904028	1.27853629	1.25461590	1.23444408	1.23393065	1.25496502	1.30233457	1.36478994	1.42978021	1.49654384	1.56873465	1.63761000	1.70313657	1.77026438	1.83727781	1.90940376	1.94362279	1.94848299	1.94343453	1.93588920	1.92978380	1.92278833	1.94656544	1.99557562	2.04821742	2.10622384	2.16821797	2.23654388	2.30402719	2.35978513	2.39724327	2.43807240	2.49678374	2.54099937	2.51864430	2.44684936	2.34141829	2.24100843	2.14850477	2.06384528	2.00039156	1.93537677	1.87238555	1.80654159	1.74133982	1.67926914
	1.27858838	1.30504479	1.30707207	1.29524537	1.27521427	1.25092790	1.23041818	1.22804700	1.24652717	1.29225074	1.35094024	1.41479018	1.47946860	1.54947297	1.61819352	1.68332429	1.75001383	1.81785602	1.88610481	1.92008193	1.92493497	1.92013943	1.91345400	1.90817298	1.90156289	1.92477317	1.97335693	2.02633557	2.08593632	2.15365295	2.21850296	2.26877278	2.32548733	2.36360384	2.40211754	2.45267906	2.50004069	2.48142517	2.40276248	2.30727395	2.21053334	2.12617218	2.04338097	1.97671548	1.91135719	1.84920829	1.78484354	1.72438051	1.65976525
	1.28372504	1.30970185	1.31206770	1.29975852	1.28041793	1.25659825	1.23632162	1.23390525	1.25132032	1.29574508	1.35177460	1.41514865	1.47826027	1.54779461	1.61565213	1.68131373	1.74856823	1.81744428	1.88497620	1.91966558	1.92466290	1.92074497	1.91540557	1.91139713	1.90544712	1.92812816	1.97602924	2.02985682	2.09113229	2.16222517	2.22748408	2.27642418	2.33500269	2.37449656	2.41101214	2.44971289	2.49980231	2.48370988	2.40081236	2.31535085	2.21861882	2.13110687	2.04750466	1.97813307	1.91313749	1.85073737	1.78631021	1.72675284	1.66144848
	1.28894677	1.31292015	1.31535348	1.30287492	1.28295122	1.25844878	1.23621032	1.23453425	1.24934344	1.28905013	1.34208458	1.40281698	1.46154407	1.52929517	1.59620556	1.66178602	1.72666840	1.79159154	1.86054997	1.89634769	1.90318437	1.90066589	1.89740815	1.89286737	1.88785945	1.91195018	1.96027514	2.01588431	2.06879637	2.12531945	2.19421500	2.24635000	2.31459604	2.35271619	2.39101452	2.43682171	2.48272339	2.46293169	2.38495926	2.28812948	2.18367965	2.09091932	2.01900373	1.95543717	1.89084811	1.82772683	1.76445863	1.70276076	1.64238376
	1.29735495	1.32175320	1.32492835	1.31313442	1.29367604	1.26914483	1.24857330	1.24673008	1.26117432	1.29989463	1.35188933	1.41157204	1.47061263	1.53729572	1.60448944	1.67169907	1.73661726	1.80185741	1.87205399	1.90797953	1.91506005	1.91322810	1.91140175	1.90820797	1.90413852	1.92947710	1.97711764	2.03222434	2.08756019	2.15669950	2.23297436	2.28431086	2.34046673	2.37820564	2.41675709	2.46127163	2.50777806	2.48619810	2.40823496	2.31195411	2.21325429	2.12027239	2.03764580	1.96918780	1.90397315	1.84286675	1.78036248	1.71572222	1.65373862
	1.30052354	1.32319291	1.32563895	1.31345923	1.29334697	1.26935115	1.24563319	1.24248791	1.25593633	1.28994943	1.33889024	1.39527538	1.45304505	1.51773538	1.58452007	1.64906250	1.71324417	1.77865675	1.84722389	1.88036779	1.89003456	1.88890654	1.88651095	1.88381396	1.88058459	1.90619565	1.95510810	2.01041474	2.06767001	2.13821934	2.20270247	2.24657523	2.30740831	2.35516335	2.39081034	2.42606364	2.46841635	2.44732191	2.36859907	2.28694976	2.17285386	2.09106228	2.01251029	1.94382897	1.87758958	1.81679364	1.75800607	1.69456087	1.63046981
	1.30327375	1.32427640	1.32577471	1.31327218	1.29262108	1.26855493	1.24302901	1.23886806	1.25051586	1.27952118	1.32616269	1.37985564	1.43592425	1.49933437	1.56445253	1.62782672	1.69185223	1.75673007	1.82350078	1.85679147	1.86681122	1.86698419	1.86513693	1.86293829	1.86050018	1.88676576	1.93509093	1.99126042	2.04905924	2.11549624	2.18035917	2.22164546	2.27700278	2.32407789	2.35924448	2.39715058	2.43587274	2.41343100	2.33938421	2.25612858	2.14491217	2.06355817	1.98835327	1.92048333	1.85566850	1.79534893	1.73729461	1.67542181	1.61132360
	1.30454321	1.32366895	1.32337958	1.31019378	1.28864846	1.26420362	1.23647890	1.23131513	1.24024834	1.26336682	1.30739138	1.35761559	1.41132319	1.47307813	1.53541952	1.59729638	1.66198945	1.72612106	1.79124293	1.82399077	1.83349481	1.83528285	1.83444741	1.83260109	1.83093328	1.85728571	1.90375483	1.96147587	2.01755574	2.07500421	2.14787149	2.18890130	2.23078417	2.27172174	2.30649272	2.35184130	2.38780146	2.36417053	2.29236908	2.20504262	2.11015123	2.02245784	1.95045270	1.88533283	1.82324909	1.76419436	1.70612039	1.64632464	1.58363883
	1.30642966	1.32604303	1.32600750	1.31318240	1.29198898	1.26749488	1.24018896	1.23548437	1.24417769	1.26744354	1.31095880	1.36174142	1.41500166	1.47689281	1.53969325	1.60236782	1.66702658	1.73168726	1.79611117	1.82892929	1.83951543	1.84144959	1.84084686	1.83918174	1.83770818	1.86388867	1.91056750	1.96900946	2.02536588	2.08386823	2.15616635	2.19705707	2.23833416	2.28056167	2.31832316	2.36407619	2.40168841	2.37790917	2.30412773	2.21313283	2.11791669	2.03079685	1.95763295	1.89186050	1.82980226	1.77002035	1.71173617	1.65211797	1.59000945
	1.31193691	1.33069366	1.33053106	1.31777282	1.29719175	1.27182122	1.24389816	1.23837094	1.24422620	1.26360566	1.30060063	1.34909328	1.39844666	1.45949805	1.52148726	1.58458969	1.64781963	1.71320526	1.77545252	1.80870550	1.82205165	1.82531433	1.82635452	1.82598530	1.82603574	1.85210154	1.89812135	1.95710070	2.01298621	2.07412195	2.14700269	2.18746111	2.21895523	2.25847560	2.30156083	2.34424064	2.38323590	2.36078866	2.28340402	2.18907073	2.10197164	2.01750950	1.93959613	1.87311430	1.81305896	1.75365207	1.69500197	1.63580047	1.57609239
	1.31278006	1.33014180	1.33020610	1.31669260	1.29656780	1.27009361	1.24109874	1.23445771	1.23924948	1.25647629	1.28920448	1.33553338	1.38352138	1.44291413	1.50412374	1.56652316	1.62846657	1.69325432	1.75498950	1.78956382	1.80351453	1.80678438	1.80770336	1.80778882	1.80858595	1.83628868	1.88097733	1.93833938	1.99299588	2.05509682	2.12896697	2.16941345	2.19986461	2.23749218	2.27610829	2.30992865	2.34659351	2.32674977	2.25235783	2.16624196	2.07939937	1.99614333	1.91779331	1.85190966	1.79372640	1.73564585	1.67670290	1.61623293	1.55678303
	1.31838319	1.33530209	1.33499087	1.32198514	1.30186437	1.27604170	1.24766010	1.23948514	1.24254249	1.25759371	1.28580302	1.32894876	1.37649172	1.43345063	1.49489186	1.55651171	1.62005244	1.68116805	1.74431692	1.77777426	1.79159331	1.79580362	1.79893519	1.80085597	1.80286182	1.82936387	1.87741721	1.93511439	1.99452912	2.05438789	2.11584678	2.15479159	2.20003203	2.23262239	2.27047658	2.31089526	2.35155419	2.32948120	2.24976220	2.15861856	2.05988260	1.98575584	1.91130852	1.84395320	1.78302541	1.72754679	1.67071154	1.61116495	1.55019316
	1.31927740	1.33364474	1.33291962	1.31913597	1.29790795	1.27221516	1.24333601	1.22970401	1.23191471	1.24353456	1.26687852	1.30389750	1.34699132	1.40290279	1.46107977	1.52160295	1.58174042	1.64179385	1.70594508	1.73591626	1.75078540	1.75768266	1.76196451	1.76547079	1.76876553	1.79619536	1.84317050	1.89913702	1.95672950	2.01393192	2.07992650	2.11998985	2.15156411	2.18549799	2.22050504	2.26119371	2.29381280	2.26920271	2.19573607	2.10430453	2.02108771	1.93864252	1.86692532	1.80450905	1.74364593	1.68810652	1.63164502	1.57462278	1.51363235
	1.32240765	1.33606289	1.33548015	1.32192985	1.30086872	1.27568204	1.24695182	1.23136174	1.23278585	1.24269856	1.26345962	1.29730737	1.33892561	1.39389268	1.45062678	1.51121582	1.56998372	1.62937048	1.69350479	1.72345912	1.73782768	1.74622476	1.75157294	1.75601566	1.76023365	1.78776830	1.83449275	1.89044765	1.94824772	2.00875543	2.06808716	2.10541881	2.13405005	2.17032827	2.21543206	2.25347180	2.28016120	2.25285078	2.18322307	2.08688972	2.00469723	1.92834439	1.85565249	1.79260271	1.73263645	1.67631754	1.62152673	1.56484632	1.50429776
	1.32733510	1.33975086	1.33864963	1.32569524	1.30478736	1.27911115	1.25065837	1.23251968	1.23230241	1.23980121	1.25714315	1.28595262	1.32376652	1.37657040	1.43265870	1.49287570	1.54870488	1.60766625	1.66601346	1.69928447	1.71410254	1.72319070	1.73033097	1.73599844	1.74154773	1.76989605	1.81560011	1.87123825	1.93060538	1.99228829	2.04982410	2.08716780	2.11139967	2.14686600	2.20120118	2.23258451	2.26008348	2.22750324	2.16099337	2.06241457	1.98131286	1.90666987	1.83387504	1.76683513	1.70890842	1.65357709	1.59970250	1.54412872	1.48554224
	1.32668880	1.33766068	1.33547573	1.32269896	1.30130270	1.27488530	1.24535438	1.22411683	1.22294534	1.22841492	1.24301799	1.26719323	1.30124544	1.35194950	1.40665926	1.46475867	1.51866355	1.57515331	1.62931200	1.66522533	1.67794349	1.68739990	1.69512382	1.70147190	1.70939751	1.73878044	1.78339735	1.83707496	1.89588526	1.95642789	2.01301189	2.04794726	2.07122226	2.10166151	2.15175604	2.17946345	2.20527666	2.17308653	2.11115160	2.01995134	1.94246746	1.86888729	1.79747974	1.72993961	1.67214078	1.61767880	1.56463916	1.50897566	1.45375870
	1.33271514	1.34297997	1.34041065	1.32825736	1.30722944	1.28146586	1.25118665	1.22950016	1.22590400	1.23031314	1.24264560	1.26355827	1.29485450	1.34269484	1.39790975	1.45507853	1.50821214	1.56271024	1.61557141	1.64948491	1.66342317	1.67410498	1.68287443	1.69036679	1.69856868	1.72851412	1.77367272	1.82801436	1.88673724	1.94711503	2.00508260	2.03996842	2.06837860	2.09863644	2.13437645	2.15786470	2.18575817	2.15727928	2.09392051	2.01179523	1.93237356	1.85749818	1.78528484	1.71845933	1.66050330	1.60603760	1.55283920	1.49753145	1.44287315
	1.33145793	1.34021824	1.33621022	1.32343508	1.30277749	1.27646803	1.24523800	1.22145642	1.21306817	1.21657724	1.22569100	1.24252517	1.26803905	1.31243125	1.36617423	1.42033640	1.47249662	1.52143382	1.57300722	1.60307144	1.61778283	1.62946794	1.63820546	1.64654605	1.65515352	1.68454873	1.73143676	1.78686267	1.84548969	1.90239424	1.96033548	1.99591601	2.02616411	2.05476961	2.07561157	2.09373099	2.12487316	2.09932947	2.03707466	1.96627822	1.88613280	1.81129879	1.73863199	1.67324012	1.61472286	1.56221891	1.51128252	1.45701974	1.40258840
	1.32654559	1.33400948	1.32795373	1.31359402	1.29204802	1.26472663	1.23246893	1.20631706	1.19320146	1.19541956	1.20195289	1.21516038	1.23607089	1.27701466	1.32786123	1.37861844	1.42780036	1.47642864	1.52418057	1.55339459	1.56880707	1.58023355	1.58864884	1.59747811	1.60570339	1.63571618	1.68017864	1.73518958	1.79279672	1.84956469	1.90524358	1.93913042	1.96331218	1.98619431	2.00604414	2.02462307	2.05082973	2.02870449	1.97026498	1.90319371	1.82868417	1.75582548	1.68364314	1.61965911	1.56353175	1.51262492	1.46093852	1.40890865	1.35642414
	1.33113209	1.33900674	1.33352736	1.32002697	1.29914902	1.27242809	1.24153438	1.21607368	1.20182106	1.20423388	1.21030194	1.22297609	1.24335398	1.28410011	1.33558711	1.38680592	1.43647982	1.48555355	1.53387489	1.56431160	1.58084444	1.59308308	1.60161847	1.61110674	1.62010476	1.65045555	1.69536909	1.75001879	1.80763649	1.86485903	1.92140788	1.95577380	1.97888141	2.00596351	2.02834789	2.04757535	2.07221417	2.04998604	1.98987496	1.91991962	1.84388640	1.77046382	1.69792561	1.63312438	1.57793257	1.52703622	1.47405238	1.42180981	1.36915336
	1.33128625	1.33829683	1.33173434	1.31768649	1.29659865	1.26962253	1.23951371	1.21221017	1.19630154	1.19674619	1.20164106	1.21240964	1.22947360	1.26795331	1.31659723	1.36623193	1.41495550	1.46258515	1.51321454	1.53984759	1.55644031	1.56951881	1.57858926	1.58851161	1.59893988	1.62982570	1.67593037	1.72985321	1.78335775	1.84048588	1.89646966	1.93227623	1.95369374	1.97670963	1.99738119	2.01638470	2.03929188	2.01659620	1.95828097	1.89232680	1.81782579	1.74416159	1.67323719	1.60832170	1.55392335	1.50335692	1.45159000	1.40237864	1.34991603
	1.33506839	1.34168946	1.33455336	1.32068643	1.29997268	1.27370849	1.24453192	1.21713347	1.19926858	1.19721068	1.20141812	1.21022418	1.22470246	1.26072226	1.30757110	1.35491132	1.40360610	1.45061904	1.50225826	1.52814770	1.54404677	1.55709267	1.56858510	1.57935231	1.58988229	1.62253667	1.66962016	1.72292197	1.77422829	1.83197778	1.88791685	1.92989244	1.95148723	1.96975657	1.98851045	2.00570830	2.02721576	2.00408506	1.94655855	1.88264720	1.80656906	1.73300650	1.66230353	1.59844161	1.54403126	1.49211409	1.44254988	1.39411615	1.34153627
	1.32837682	1.33384202	1.32439047	1.30850277	1.28644544	1.25950056	1.22847351	1.19904196	1.17755224	1.17057032	1.17453987	1.18049449	1.19095404	1.22157961	1.26462058	1.30742007	1.35222044	1.39588779	1.44320118	1.46974254	1.48534097	1.49906878	1.51068764	1.52170497	1.53165082	1.56374936	1.60840863	1.65938649	1.71036754	1.76597314	1.82252486	1.85490101	1.87442479	1.89137359	1.90814325	1.92507137	1.94395679	1.92202311	1.86962795	1.80683533	1.73461084	1.66391799	1.59550488	1.53415440	1.48280854	1.43216351	1.38354826	1.33527533	1.28490675
	1.32977318	1.33530196	1.32577933	1.30980201	1.28801004	1.26134697	1.23091631	1.20127797	1.17886768	1.16951061	1.17376583	1.17864155	1.18805851	1.21612067	1.25871823	1.30002843	1.34484623	1.38755421	1.43258578	1.46005331	1.47681130	1.49092739	1.50294196	1.51446083	1.52503870	1.55695549	1.60103420	1.65131917	1.70371367	1.75867076	1.81539746	1.84738919	1.86735439	1.88371051	1.89882612	1.91505108	1.93318058	1.91164416	1.86008956	1.79651254	1.72379983	1.65384001	1.58547441	1.52481715	1.47399240	1.42388940	1.37569394	1.32725049	1.27771559
	1.33056536	1.33586830	1.32598676	1.30978076	1.28820959	1.26198902	1.23174549	1.20154331	1.17767150	1.16479797	1.16802444	1.17105002	1.17805960	1.20214422	1.24280645	1.28285371	1.32477179	1.36638235	1.40875754	1.43612502	1.45448262	1.46935829	1.48210063	1.49445627	1.50595608	1.53758474	1.58077336	1.62883017	1.68360778	1.73844309	1.79451910	1.82823249	1.84816226	1.86287715	1.87671065	1.89143540	1.90659430	1.88562654	1.83636386	1.77050217	1.69768068	1.62845612	1.56028580	1.49990104	1.45092264	1.40185328	1.35326517	1.30531723	1.25567252
	1.32697307	1.33175495	1.32095932	1.30369911	1.28149933	1.25500933	1.22443445	1.19318327	1.16698073	1.15197019	1.15323505	1.15463131	1.15968627	1.17995533	1.21764442	1.25686954	1.29632927	1.33589948	1.37572965	1.40193100	1.42078010	1.43541482	1.44802735	1.46031090	1.47194247	1.50353975	1.54641040	1.59355849	1.64838183	1.70252306	1.75671838	1.79063867	1.81003303	1.82398647	1.83706910	1.85002659	1.86352656	1.84306043	1.79457353	1.73012222	1.65665314	1.58938909	1.52183815	1.46237417	1.41477720	1.36679002	1.31885651	1.27213215	1.22247956
	1.32133294	1.32560653	1.31387540	1.29538267	1.27232431	1.24522542	1.21433959	1.18199264	1.15349710	1.13611865	1.13465260	1.13492991	1.13812734	1.15543811	1.18947518	1.22687437	1.26396360	1.30173371	1.34031586	1.36444349	1.38234007	1.39625587	1.40869136	1.42079711	1.43231966	1.46357663	1.50675912	1.55344168	1.60686801	1.66037246	1.71334242	1.74602205	1.76468235	1.77831463	1.79157720	1.80378751	1.81625275	1.79633136	1.74811396	1.68454958	1.61204508	1.54552359	1.47868151	1.42063720	1.37315975	1.32622618	1.27957403	1.23436444	1.18553925
	1.32015612	1.32435662	1.31244016	1.29343955	1.27017107	1.24305675	1.21291014	1.18025289	1.14941258	1.12946793	1.12405811	1.12429026	1.12553655	1.14087067	1.16986296	1.20655854	1.24383168	1.28032954	1.31927112	1.34144332	1.35794651	1.37086804	1.38295416	1.39493456	1.40714410	1.43812488	1.48179493	1.53062120	1.58226305	1.63490857	1.68802069	1.72037089	1.73761882	1.75167683	1.76408256	1.77526040	1.78525747	1.76707057	1.71966283	1.65698436	1.58538492	1.51738396	1.45126525	1.39487538	1.34599676	1.29972345	1.25405402	1.21097883	1.16327075
	1.31961386	1.32386941	1.31202084	1.29295694	1.26974190	1.24238205	1.21295926	1.18038532	1.14884997	1.12632738	1.11665228	1.11798441	1.11776832	1.13160273	1.15857543	1.19271698	1.22992512	1.26540627	1.30404741	1.32577173	1.34021718	1.35285077	1.36493878	1.37690731	1.38955491	1.42066760	1.46509351	1.51440089	1.56464218	1.61739626	1.67135070	1.70385523	1.72014593	1.73342464	1.74441009	1.75533499	1.76492782	1.74843147	1.70098392	1.63880649	1.56823790	1.49807478	1.43154676	1.37665798	1.32680826	1.28113943	1.23672061	1.19411236	1.14776601
	1.31614602	1.32006999	1.30804854	1.28840839	1.26494955	1.23722027	1.20695292	1.17435460	1.14212869	1.11723555	1.10139171	1.10128566	1.09896349	1.10987387	1.13343347	1.16296734	1.19812587	1.23056548	1.26804852	1.28910084	1.30137037	1.31377181	1.32551864	1.33762218	1.35007916	1.38066368	1.42416602	1.47357289	1.52345073	1.57630321	1.62953556	1.65939260	1.67569086	1.68724704	1.69836178	1.70817917	1.72016926	1.70283688	1.65625083	1.59617906	1.52701161	1.45578899	1.38747437	1.33372896	1.28513604	1.24060945	1.19824026	1.15549679	1.11051130
	1.31671838	1.32038484	1.30853666	1.28909176	1.26594567	1.23851607	1.20837804	1.17582539	1.14376839	1.11717229	1.09841370	1.09668562	1.09323775	1.10287556	1.12491183	1.15204830	1.18563736	1.21839096	1.25590745	1.27662989	1.28744583	1.29989189	1.31160959	1.32402160	1.33671736	1.36674374	1.40967331	1.45983381	1.51117465	1.56354546	1.61667351	1.64554994	1.66013543	1.67025935	1.68172353	1.69300666	1.70512854	1.68612713	1.63986903	1.58081224	1.51325928	1.44190890	1.37214902	1.31764961	1.27051669	1.22690320	1.18510755	1.14280152	1.09867250
	1.31801359	1.32156459	1.30995219	1.29082978	1.26807416	1.24105631	1.21164995	1.17897666	1.14706336	1.11868827	1.09780463	1.09210378	1.08831198	1.09676681	1.11757788	1.14459681	1.17581966	1.20883378	1.24568545	1.26601701	1.27745142	1.28966813	1.30229860	1.31496722	1.32674904	1.35673750	1.39905932	1.44975160	1.49996927	1.55160385	1.60446034	1.63451046	1.64801766	1.65703074	1.66832344	1.67962900	1.69046795	1.66999292	1.62579777	1.56661402	1.50058486	1.42937618	1.36047041	1.30453661	1.25840148	1.21598796	1.17441152	1.13248419	1.09055698
	1.31282136	1.31641972	1.30488972	1.28484970	1.26125293	1.23359160	1.20337861	1.16803192	1.13372363	1.10282465	1.07780136	1.06091413	1.05625278	1.06078144	1.07770209	1.10095440	1.12592092	1.15506645	1.18751774	1.20363888	1.21452009	1.22550204	1.23890389	1.25022861	1.26281735	1.29212749	1.33405682	1.38257110	1.43046571	1.48142712	1.52936209	1.56091383	1.57475334	1.58468721	1.59407237	1.60476037	1.61451285	1.60033991	1.55767572	1.49632150	1.43069247	1.36011392	1.29030729	1.23265739	1.18826423	1.14738960	1.10883690	1.07028534	1.03211027
	1.30784848	1.31160919	1.30012546	1.27935740	1.25506835	1.22670966	1.19504005	1.15903990	1.12245928	1.09005134	1.06299202	1.04178363	1.03361231	1.03534938	1.04951826	1.07025928	1.09217423	1.11549474	1.14401232	1.15791838	1.16812443	1.17882203	1.19164637	1.20212229	1.21524491	1.24339398	1.28462566	1.33174447	1.38058932	1.43046288	1.47677356	1.50823342	1.52381723	1.53304217	1.54257179	1.55291926	1.56310192	1.55100077	1.50935338	1.44900796	1.38232572	1.31088619	1.24029236	1.18224848	1.13708126	1.09867468	1.06057660	1.02471140	0.98827592
	1.31001563	1.31458171	1.30416342	1.28437494	1.26076799	1.23321598	1.20330827	1.16754811	1.13022969	1.09681974	1.06853524	1.04549399	1.03426820	1.03545743	1.04949102	1.07038012	1.09265257	1.11445089	1.14287536	1.15731353	1.16728231	1.17768854	1.18986439	1.20160280	1.21481623	1.24389123	1.28489752	1.33209475	1.38135950	1.43110022	1.48062506	1.51075127	1.52662433	1.53535830	1.54308921	1.55284617	1.56301575	1.55142491	1.51168831	1.45291279	1.38439648	1.30962072	1.23628499	1.18015395	1.13447403	1.09712370	1.06104046	1.02639655	0.99059378
	1.30381729	1.30972597	1.30050521	1.28093741	1.25705738	1.22964604	1.19962916	1.16240034	1.12293964	1.08647572	1.05519230	1.03045559	1.01311176	1.01121321	1.02242330	1.04135937	1.06059597	1.08213284	1.10638620	1.11796867	1.12586900	1.13508080	1.14627207	1.15886679	1.17161667	1.20020628	1.23968709	1.28422095	1.33229533	1.38150453	1.43298767	1.46440771	1.47928394	1.48804649	1.49641773	1.50554795	1.51472798	1.50390659	1.46539882	1.40806983	1.33889914	1.26435629	1.19089836	1.13054073	1.08869930	1.05304000	1.01916411	0.98663954	0.95474690
	1.29529293	1.30228966	1.29426176	1.27494840	1.25052782	1.22308615	1.19295008	1.15447181	1.11234739	1.07285985	1.03905907	1.01082969	0.98822003	0.98252515	0.99051053	1.00587483	1.02386198	1.04362742	1.06515570	1.07472579	1.07828028	1.08520828	1.09415580	1.10777985	1.12033519	1.14762060	1.18613493	1.22904460	1.27548286	1.32465639	1.37546395	1.40597029	1.42147437	1.43090893	1.43897386	1.44707753	1.45538380	1.44549949	1.40958576	1.35370587	1.28456605	1.21097722	1.13761099	1.07621700	1.03412045	1.00172650	0.97033163	0.94112890	0.91207226
	1.29759499	1.30546178	1.29882117	1.28086630	1.25774595	1.23155596	1.20294924	1.16525710	1.12297658	1.08290984	1.04841779	1.01926517	0.99551355	0.98987577	0.99873580	1.01548875	1.03543422	1.05649625	1.08028667	1.09052888	1.09383781	1.09998378	1.11006855	1.12308576	1.13531762	1.16227295	1.20013588	1.24401952	1.29096852	1.34101499	1.39355561	1.42396886	1.43973434	1.44921236	1.45693372	1.46322173	1.47178316	1.46098745	1.42676076	1.36960285	1.30045525	1.22685843	1.15303385	1.09124622	1.04802120	1.01647385	0.98729343	0.95853540	0.92976945
	1.28760810	1.29663821	1.29113473	1.27342834	1.24979803	1.22326724	1.19355716	1.15449318	1.10976290	1.06626325	1.02762933	0.99389459	0.96533429	0.95477652	0.95931108	0.97270329	0.99048461	1.00929413	1.02990524	1.03733656	1.03550360	1.03812178	1.04683764	1.05852481	1.06990562	1.09489024	1.13239155	1.17548257	1.22276385	1.27250714	1.32469437	1.35699388	1.37328327	1.38210596	1.38888748	1.39406776	1.40111975	1.39083536	1.35755247	1.30240205	1.23525854	1.16240076	1.08900093	1.02764934	0.98216042	0.95154714	0.92672134	0.90198711	0.87713914
	1.28915878	1.29901227	1.29484129	1.27863345	1.25636874	1.23123067	1.20320698	1.16526688	1.12086908	1.07725713	1.03818678	1.00385566	0.97457163	0.96434601	0.97005408	0.98524650	1.00516636	1.02603857	1.04925518	1.05935334	1.05777870	1.06085700	1.06921882	1.08024342	1.09148457	1.11609182	1.15454113	1.19741048	1.24413591	1.29324992	1.34499531	1.37782350	1.39444741	1.40312034	1.40958463	1.41512895	1.42167502	1.41219232	1.37828537	1.32380096	1.25650746	1.18326214	1.10935524	1.04781946	1.00268818	0.97286460	0.94940144	0.92505406	0.90010399
	1.29044163	1.30083612	1.29757949	1.28247863	1.26127789	1.23721242	1.21061352	1.17363735	1.12964735	1.08618230	1.04703861	1.01252849	0.98301009	0.97329255	0.98009872	0.99682498	1.01845017	1.04088413	1.06665907	1.07858031	1.07772740	1.08138383	1.08972521	1.10040421	1.11142761	1.13610990	1.17512521	1.21792544	1.26418918	1.31261033	1.36379086	1.39684935	1.41357370	1.42214933	1.42841232	1.43439969	1.44063382	1.43163709	1.39742168	1.34342092	1.27598129	1.20239770	1.12805233	1.06635078	1.02171781	0.99256805	0.96983081	0.94554656	0.92056580
	1.29294482	1.30323790	1.30009424	1.28532759	1.26470366	1.24108047	1.21552161	1.17907450	1.13541397	1.09227518	1.05346432	1.01925610	0.99013886	0.98107620	0.98886914	1.00667505	1.02928189	1.05251749	1.08022283	1.09274614	1.09245018	1.09626742	1.10459384	1.11540780	1.12657608	1.15145621	1.19087616	1.23407067	1.28141939	1.32998940	1.37995487	1.41405997	1.43091054	1.43951143	1.44577773	1.45176043	1.45796713	1.44888923	1.41451615	1.36015196	1.29230139	1.21831045	1.14359916	1.08165529	1.03693422	1.00808482	0.98548639	0.96118343	0.93551051
	1.29263849	1.30327082	1.30064723	1.28647440	1.26639427	1.24338545	1.21855498	1.18266702	1.13902749	1.09567358	1.05645948	1.02174935	0.99214889	0.98285165	0.99099440	1.00946567	1.03287698	1.05696457	1.08597769	1.09886049	1.09902920	1.10261929	1.11090070	1.12195122	1.13292910	1.15817392	1.19717991	1.24068658	1.28759623	1.33606628	1.38602964	1.41975533	1.43653766	1.44497596	1.45100795	1.45679399	1.46277659	1.45369125	1.42002227	1.36589416	1.29810811	1.22398925	1.14904306	1.08704384	1.04231269	1.01398658	0.99213355	0.96812668	0.94316879
	1.28981483	1.30122226	1.29951621	1.28619552	1.26664831	1.24432789	1.22003620	1.18468845	1.14084023	1.09686027	1.05667451	1.02082274	0.99002673	0.97979435	0.98775138	1.00656338	1.03063516	1.05556937	1.08541522	1.09852624	1.09909993	1.10237566	1.11058829	1.12175362	1.13216721	1.15788731	1.19590108	1.23961693	1.28457528	1.33245847	1.38336131	1.41555694	1.43211986	1.44024944	1.44586044	1.45134232	1.45695177	1.44798124	1.41580438	1.36247512	1.29520297	1.22124787	1.14621179	1.08434029	1.03989161	1.01212975	0.99154835	0.96806430	0.94488298
	1.28905277	1.30082904	1.29965394	1.28690883	1.26784928	1.24610562	1.22247309	1.18740138	1.14332766	1.09881354	1.05787200	1.02117202	0.98950294	0.97855892	0.98672951	1.00609778	1.03073257	1.05631572	1.08713901	1.10019374	1.10088417	1.10365937	1.11153864	1.12287076	1.13308794	1.15889528	1.19667500	1.24057339	1.28556434	1.33339708	1.38346962	1.41615268	1.43265575	1.44055918	1.44589959	1.45115834	1.45651502	1.44756550	1.41598393	1.36300025	1.29586704	1.22185109	1.14656710	1.08475456	1.04025130	1.01301611	0.99344642	0.97048808	0.94798748
	1.28901455	1.30115515	1.30059304	1.28856429	1.27014913	1.24924764	1.22631944	1.19172227	1.14742427	1.10228923	1.06046178	1.02277192	0.99011130	0.97843810	0.98703630	1.00715792	1.03251912	1.05903573	1.09076707	1.10409025	1.10501150	1.10680111	1.11429958	1.12624649	1.13656741	1.16243403	1.20010847	1.24412751	1.28971758	1.33790751	1.38723768	1.42045180	1.43689929	1.44454960	1.44959262	1.45460836	1.45967914	1.45070311	1.41942573	1.36665357	1.29947162	1.22518520	1.14944159	1.08760779	1.04259637	1.01610572	0.99749432	0.97522877	0.95357020
	1.28720417	1.29979811	1.29973132	1.28806185	1.26984063	1.24906160	1.22628321	1.19180719	1.14718661	1.10146679	1.05885987	1.02031138	0.98672884	0.97416046	0.98237275	1.00235136	1.02752355	1.05397913	1.08541663	1.09823910	1.09890276	1.10014700	1.10745111	1.11971186	1.13005852	1.15600444	1.19353936	1.23745730	1.28310530	1.33065478	1.38027409	1.41360551	1.43003487	1.43747680	1.44229563	1.44712377	1.45200722	1.44303848	1.41209472	1.35957797	1.29250529	1.21816560	1.14218919	1.08043682	1.03543349	1.00919788	0.99129046	0.96954977	0.94862835
	1.28612926	1.29894793	1.29908675	1.28751864	1.26931323	1.24847392	1.22571270	1.19121902	1.14643576	1.10046660	1.05754310	1.01864860	0.98469011	0.97171341	0.97960950	0.99940521	1.02434439	1.05057288	1.08182941	1.09418859	1.09464308	1.09575223	1.10297509	1.11527723	1.12559539	1.15156284	1.18905972	1.23290995	1.27862611	1.32568474	1.37543665	1.40893738	1.42538923	1.43274109	1.43747194	1.44222713	1.44704560	1.43808163	1.40726022	1.35484850	1.28783565	1.21350220	1.13746526	1.07574932	1.03086767	1.00471990	0.98706527	0.96551833	0.94488854
	1.28572819	1.29866064	1.29893024	1.28748370	1.26938221	1.24869200	1.22621118	1.19160651	1.14675444	1.10065139	1.05755371	1.01844405	0.98431285	0.97113800	0.97896762	0.99888009	1.02388483	1.05020810	1.08196930	1.09399377	1.09462157	1.09540468	1.10255376	1.11478245	1.12506553	1.15101812	1.18848606	1.23235167	1.27817512	1.32519241	1.37426323	1.40831150	1.42476929	1.43204627	1.43670002	1.44139683	1.44615637	1.43719571	1.40645658	1.35412641	1.28714177	1.21280603	1.13674919	1.07506393	1.03022446	1.00431883	0.98680898	0.96541907	0.94530158
	1.29050963	1.30430975	1.30612061	1.29662451	1.28055951	1.26193791	1.24206923	1.20943018	1.16560082	1.12017919	1.07751046	1.03868550	1.00491445	0.99369216	1.00391850	1.02654287	1.05433232	1.08375274	1.11965338	1.13486754	1.13778198	1.13891677	1.14627352	1.15906728	1.17080637	1.19779858	1.23742253	1.28176199	1.32872637	1.37620586	1.42527872	1.45863360	1.47524428	1.48238122	1.48680070	1.49128938	1.49583983	1.48652302	1.45519733	1.40188280	1.33373162	1.25811718	1.18063320	1.11831296	1.07339379	1.04877525	1.03079750	1.01043589	0.99125685
	1.29565916	1.31034212	1.31377680	1.30637571	1.29264806	1.27644781	1.25970154	1.22905740	1.18620800	1.14130316	1.09873947	1.05981368	1.02593282	1.01624720	1.02882520	1.05449810	1.08531981	1.11834090	1.15840149	1.17744042	1.18219354	1.18384212	1.19099970	1.20459907	1.21798859	1.24644987	1.28802288	1.33315819	1.38105543	1.42907700	1.47845101	1.51145713	1.52825553	1.53512865	1.53917365	1.54333294	1.54757580	1.53784257	1.50591142	1.45155812	1.38201759	1.30488114	1.22512470	1.16270012	1.11768360	1.09437729	1.07625533	1.05734646	1.03936780
	1.29746914	1.31252955	1.31665691	1.31015776	1.29753727	1.28256510	1.26743863	1.23747176	1.19485087	1.14987855	1.10695030	1.06748799	1.03297397	1.02334146	1.03660908	1.06364973	1.09576810	1.13052715	1.17208270	1.19303563	1.19785914	1.19985864	1.20640077	1.22052443	1.23459079	1.26391155	1.30600097	1.35176192	1.39989073	1.44810901	1.49771042	1.53098979	1.54786552	1.55448567	1.55822586	1.56212360	1.56615162	1.55621288	1.52411804	1.46942105	1.39922382	1.32136156	1.23999437	1.17808385	1.13308299	1.11031010	1.09257516	1.07464876	1.05742381
	1.29979764	1.31496461	1.31941358	1.31344006	1.30144666	1.28720615	1.27310332	1.24358050	1.20123817	1.15649920	1.11369475	1.07438304	1.03956523	1.03075941	1.04485793	1.07277693	1.10606885	1.14187702	1.18431386	1.20731552	1.21237650	1.21469985	1.22078872	1.23501807	1.24882521	1.27850352	1.32145232	1.36822155	1.41727307	1.46584837	1.51577936	1.54848995	1.56539267	1.57198571	1.57564019	1.57947171	1.58338780	1.57329419	1.54096902	1.48594827	1.41534442	1.33706695	1.25514163	1.19297443	1.14845667	1.12511276	1.10771962	1.08982464	1.07255274
	1.30294828	1.31902725	1.32499128	1.32104596	1.31133451	1.29955770	1.28821952	1.26047520	1.21893453	1.17419750	1.13049063	1.09036664	1.05416380	1.04521047	1.06173530	1.09198674	1.12824981	1.16677635	1.21264659	1.23837029	1.24437562	1.24809853	1.25479042	1.26850618	1.28330317	1.31432097	1.35788753	1.40722579	1.45700673	1.50707739	1.55823905	1.58905963	1.60589288	1.61209192	1.61516253	1.61840259	1.62106671	1.61035744	1.57757644	1.52233853	1.45108794	1.37185476	1.28692725	1.22576410	1.18162943	1.15805791	1.14242537	1.12598998	1.10903557
	1.30395008	1.32005739	1.32614895	1.32242304	1.31299289	1.30152041	1.29053538	1.26305664	1.22170341	1.17710300	1.13338621	1.09337685	1.05711375	1.04835191	1.06548632	1.09609674	1.13277873	1.17168521	1.21808736	1.24431172	1.25060502	1.25448929	1.26135496	1.27482820	1.28969382	1.32089582	1.36457807	1.41438079	1.46431189	1.51476522	1.56602429	1.59662243	1.61350153	1.61972502	1.62271378	1.62597324	1.62835352	1.61770035	1.58484847	1.52950564	1.45813504	1.37874686	1.29330455	1.23230659	1.18815031	1.16435490	1.14896780	1.13265789	1.11565757
	1.30839553	1.32542318	1.33308997	1.33150028	1.32443751	1.31515609	1.30694351	1.28125207	1.24108826	1.19685942	1.15285211	1.11238115	1.07587398	1.06786973	1.08690825	1.11972186	1.15980619	1.20136992	1.25165932	1.27993867	1.28841119	1.29354722	1.30197101	1.31606023	1.33200875	1.36431273	1.40919301	1.46097483	1.51208511	1.56318789	1.61656701	1.64435004	1.66106345	1.66698285	1.67008262	1.67243356	1.67466394	1.66230421	1.62820462	1.57234054	1.50025535	1.41980071	1.33343829	1.27134702	1.22867677	1.20417887	1.18924803	1.17345143	1.15660296
	1.31143680	1.32958108	1.33899428	1.33966423	1.33503062	1.32807133	1.32275735	1.29872163	1.25961193	1.21548519	1.17095451	1.12940053	1.09233851	1.08477434	1.10508536	1.13957707	1.18311876	1.22698541	1.28088047	1.31120206	1.32084357	1.32733292	1.33737283	1.35253962	1.36984002	1.40320005	1.44913772	1.50247871	1.55528253	1.60647181	1.66195638	1.68708995	1.70343016	1.70887443	1.71201201	1.71334518	1.71546226	1.70144614	1.66616097	1.60982930	1.53710787	1.45545094	1.36869344	1.30509316	1.26420905	1.23925545	1.22498654	1.20988855	1.19329053
	1.31253245	1.33122306	1.34144671	1.34314095	1.33961325	1.33375458	1.32954749	1.30613087	1.26748429	1.22327659	1.17850799	1.13625764	1.09895133	1.09175959	1.11200410	1.14704056	1.19195440	1.23682064	1.29201717	1.32328272	1.33284373	1.34011708	1.35032152	1.36644670	1.38451935	1.41848647	1.46484919	1.51843886	1.57276335	1.62378309	1.68019343	1.70498309	1.72104861	1.72624600	1.72925379	1.73010249	1.73231512	1.71730286	1.68161329	1.62448800	1.55143985	1.46929175	1.38305099	1.31811021	1.27814001	1.25321036	1.23892510	1.22390983	1.20747331
	1.31890876	1.33829444	1.34980351	1.35334142	1.35203989	1.34820041	1.34538356	1.32367478	1.28629029	1.24250163	1.19799587	1.15606279	1.11902015	1.11322140	1.13474138	1.17329491	1.22021533	1.26909650	1.32752663	1.36113981	1.37331667	1.38193649	1.39139247	1.40807722	1.42708999	1.46259850	1.51010706	1.56487773	1.62085999	1.67389990	1.73246875	1.75751542	1.77329622	1.77886036	1.78147011	1.78128548	1.78421139	1.76595880	1.72943525	1.66961755	1.59550195	1.51311377	1.42625618	1.35995178	1.32038064	1.29525263	1.27985676	1.26442977	1.24834559
	1.31906862	1.33900412	1.35123248	1.35574301	1.35558861	1.35292625	1.35148085	1.33051402	1.29240065	1.24852034	1.20289929	1.16041757	1.12199793	1.11518479	1.13615319	1.17595651	1.22318380	1.27297360	1.33203114	1.36651186	1.37817908	1.38628733	1.39768220	1.41487262	1.43468297	1.47112118	1.51934434	1.57349949	1.63040413	1.68371703	1.74349092	1.76990362	1.78233815	1.78913315	1.79058683	1.78933781	1.79256607	1.77372151	1.73629752	1.67647796	1.60183641	1.51880744	1.43138156	1.36478149	1.32564492	1.30063887	1.28549476	1.27080590	1.25554502
	1.32205631	1.34248413	1.35552309	1.36118468	1.36241573	1.36113522	1.36079300	1.34088352	1.30280951	1.25918384	1.21328889	1.17068900	1.13168218	1.12524249	1.14705434	1.18840786	1.23648722	1.28810390	1.34911873	1.38435495	1.39692939	1.40567107	1.41765796	1.43453776	1.45514554	1.49296270	1.54211978	1.59653617	1.65513389	1.70957056	1.77046961	1.79815653	1.80931161	1.81614582	1.81695221	1.81550534	1.81809502	1.79818162	1.76049883	1.69929877	1.62359484	1.54017797	1.45237625	1.38514015	1.34598703	1.32119089	1.30582789	1.29090796	1.27605715
	1.32594154	1.34686872	1.36083023	1.36789939	1.37088988	1.37135709	1.37219667	1.35362427	1.31638293	1.27308679	1.22752923	1.18509706	1.14583322	1.14014134	1.16372770	1.20682179	1.25637530	1.31143411	1.37400967	1.41221874	1.42451883	1.43424059	1.44722687	1.46458440	1.48553510	1.52376263	1.57351983	1.62983253	1.68987061	1.74660347	1.80786323	1.83904379	1.84864930	1.85543834	1.85473350	1.85230192	1.85525525	1.83420940	1.79522440	1.73245171	1.65477639	1.57167976	1.48331674	1.41526768	1.37585243	1.35035959	1.33547787	1.32090374	1.30584993
	1.32905967	1.35105566	1.36667093	1.37621009	1.38222842	1.38599816	1.38936676	1.37330422	1.33670581	1.29298295	1.24668504	1.20349442	1.16215038	1.15646521	1.18291471	1.22714797	1.27897247	1.33847386	1.40415257	1.44491826	1.45864666	1.46890714	1.48318050	1.50154233	1.52347177	1.56373267	1.61395533	1.67286087	1.73516462	1.79541211	1.85757329	1.89297621	1.89958859	1.90501771	1.90239604	1.89964446	1.90078418	1.87952571	1.83865589	1.77282865	1.69308117	1.60840700	1.51976570	1.45205148	1.41121208	1.38744564	1.37334847	1.35934042	1.34463632
	1.33230078	1.35477127	1.37127875	1.38221916	1.38999569	1.39570090	1.40042970	1.38571125	1.34982286	1.30603242	1.25956240	1.21597848	1.17383384	1.16849551	1.19701253	1.24229572	1.29575723	1.35776960	1.42608571	1.46798820	1.48342032	1.49383270	1.50884050	1.52792758	1.55064639	1.59233746	1.64285509	1.70310303	1.76655347	1.82870397	1.89247539	1.92947806	1.93447146	1.93900067	1.93632324	1.93372645	1.93356355	1.91245140	1.87036168	1.80202619	1.72148924	1.63441944	1.54591641	1.47878561	1.43685210	1.41389636	1.39963973	1.38564992	1.37088084
	1.33966780	1.36221447	1.37935823	1.39157524	1.40111350	1.40868107	1.41438485	1.40121434	1.36696133	1.32388405	1.27824774	1.23467014	1.19253271	1.18956264	1.22051618	1.26827712	1.32447545	1.38913236	1.46269615	1.50524500	1.52285423	1.53456909	1.55013193	1.56984214	1.59337907	1.63574342	1.68751273	1.74877276	1.81260874	1.87735611	1.94570223	1.98305517	1.98688521	1.99117079	1.98874824	1.98664372	1.98575591	1.96476452	1.92111037	1.85063300	1.76863732	1.67806817	1.58894997	1.52201955	1.47973396	1.45501002	1.43988887	1.42523446	1.41007518
	1.34753689	1.37060371	1.38900415	1.40334168	1.41563328	1.42607115	1.43371750	1.42316243	1.39068991	1.34836163	1.30330879	1.25913745	1.21622072	1.21557501	1.24955345	1.30028534	1.36013028	1.42870411	1.50921304	1.55252242	1.57265459	1.58632440	1.60296516	1.62357221	1.64805655	1.69122731	1.74458303	1.80739445	1.87284022	1.94100159	2.01403405	2.05227831	2.05490792	2.05792000	2.05563070	2.05327678	2.05182066	2.03083289	1.98487412	1.91178883	1.82781056	1.73322085	1.64316213	1.57706798	1.53402649	1.50754627	1.49203344	1.47613109	1.46062645
	1.35238041	1.37617041	1.39580755	1.41202586	1.42658406	1.43882072	1.44876929	1.44047492	1.40899153	1.36672989	1.32135176	1.27670120	1.23291205	1.23284226	1.26824256	1.32112058	1.38316474	1.45531803	1.53886207	1.58406952	1.60512538	1.61980131	1.63691562	1.65833859	1.68360521	1.72751328	1.78219861	1.84694318	1.91653294	1.98805216	2.06373339	2.10135139	2.10339190	2.10581385	2.10201145	2.09796013	2.09593755	2.07439566	2.02725888	1.95335028	1.86871798	1.77260901	1.67952271	1.61147490	1.56936907	1.54239347	1.52626175	1.51020696	1.49492838
	1.35212687	1.37652562	1.39706321	1.41466088	1.43092353	1.44454659	1.45686758	1.45036199	1.41811245	1.37576147	1.32912676	1.28304590	1.23703234	1.23675736	1.27114202	1.32457546	1.38755408	1.46110245	1.54665516	1.59168179	1.61324692	1.62835349	1.64657820	1.66866218	1.69417586	1.73798250	1.79413590	1.85862461	1.92946219	2.00540226	2.08108858	2.11569439	2.11825854	2.11629863	2.11296946	2.10980463	2.10728912	2.08535887	2.03733109	1.96397067	1.87720170	1.78187641	1.68722665	1.61967507	1.57828579	1.55068226	1.53622113	1.52063588	1.50645812
	1.35813339	1.38300214	1.40444713	1.42350878	1.44148175	1.45611798	1.47070903	1.46548990	1.43450786	1.39210396	1.34593968	1.30030966	1.25451091	1.25535768	1.29149489	1.34713452	1.41199295	1.48886851	1.57608666	1.62338461	1.64625951	1.66234026	1.67980618	1.70232013	1.72927572	1.77375988	1.83153133	1.89953849	1.97591723	2.05442318	2.13180814	2.16823132	2.16962931	2.17228354	2.16481630	2.15691482	2.15334434	2.13089015	2.08182814	2.00683722	1.91906424	1.82305786	1.72695865	1.65648288	1.61465223	1.58680514	1.57175711	1.55575812	1.54068683
	1.37023733	1.39645208	1.42057119	1.44388448	1.46656025	1.48539698	1.50586398	1.50420851	1.47410714	1.43231990	1.38570672	1.33960839	1.29274930	1.29444566	1.33456914	1.39481392	1.46457708	1.54854797	1.64081986	1.69255271	1.71688486	1.73373657	1.75518020	1.78113675	1.80832274	1.85384757	1.91576435	1.98914952	2.07460542	2.16030628	2.24498202	2.27796509	2.27933645	2.26988286	2.26489678	2.25788534	2.25762509	2.23209416	2.17902294	2.10187871	2.01110423	1.91173881	1.81017327	1.73340210	1.69285911	1.66235469	1.64567805	1.63149716	1.61605860
	1.37601917	1.40405605	1.43114218	1.45900947	1.48650221	1.51103220	1.53825856	1.54047800	1.50881812	1.46641343	1.41689464	1.36819753	1.31830885	1.31747635	1.36054999	1.42356256	1.49753176	1.58631091	1.68269072	1.73720523	1.76117669	1.78133280	1.80526009	1.83343116	1.86333665	1.91117741	1.98105929	2.05633765	2.14118100	2.23580853	2.32844960	2.36134507	2.35865845	2.34510067	2.34619657	2.33163434	2.32911823	2.30152353	2.24672405	2.16698391	2.07172490	1.97060058	1.86644481	1.78686031	1.74593425	1.71416168	1.69643125	1.68264847	1.66810550
	1.38523318	1.41418110	1.44334200	1.47461374	1.50568029	1.53501902	1.56849215	1.57297466	1.54098578	1.49833512	1.44613726	1.39581939	1.34446255	1.34185739	1.38804253	1.45377854	1.53208999	1.62462991	1.72533969	1.78198560	1.80675521	1.82959570	1.85554607	1.88477058	1.91811458	1.97006102	2.04433197	2.12340067	2.20763625	2.31094837	2.40468950	2.43754486	2.43665092	2.42150656	2.41189388	2.40518129	2.40027477	2.37318099	2.31615535	2.23407176	2.13624735	2.03065757	1.92352681	1.84265497	1.79998285	1.76617078	1.74525131	1.73180707	1.71791398
	1.39871028	1.42923886	1.46182448	1.49804626	1.53350437	1.57044626	1.61303707	1.61966812	1.58858723	1.54563333	1.48940874	1.43725859	1.38446986	1.38200678	1.43075757	1.50074507	1.58667076	1.68383813	1.78949096	1.84950564	1.87962999	1.90216460	1.93409145	1.96578990	2.00278206	2.06050969	2.13491351	2.22240120	2.31812970	2.42045660	2.51348800	2.54768164	2.55553055	2.53665840	2.52630543	2.51588278	2.50912131	2.48028442	2.42231727	2.33750615	2.23510762	2.12491286	2.01249221	1.92988101	1.88385819	1.84587021	1.81963035	1.80801972	1.79319259
	1.40412038	1.43610495	1.47148113	1.51116730	1.55001769	1.59196477	1.64099657	1.64918130	1.61880507	1.57445387	1.51508334	1.46084911	1.40641656	1.40352155	1.45247278	1.52585495	1.61566201	1.71646379	1.82496011	1.89052923	1.92322412	1.94403225	1.97696948	2.01118394	2.05131020	2.11211074	2.19114213	2.28425498	2.37953182	2.48128514	2.57430694	2.61533876	2.62466287	2.60615538	2.59285642	2.57928435	2.57100362	2.54076430	2.48198609	2.39657411	2.29222899	2.17963971	2.06587841	1.98036769	1.93096604	1.89381299	1.86543133	1.85411896	1.83808608
	1.41119615	1.44437036	1.48264056	1.52587317	1.56879059	1.61610619	1.67095163	1.68129177	1.65119763	1.60358997	1.54464023	1.48798185	1.43147566	1.42818607	1.47738294	1.55397607	1.64637239	1.75359409	1.86643176	1.93794103	1.97150854	1.99700090	2.02781516	2.06693451	2.10761006	2.17538178	2.25798149	2.34934156	2.44584847	2.55304708	2.64353059	2.69032296	2.69708545	2.67876048	2.66458315	2.64900679	2.63959242	2.60778592	2.54831909	2.46275361	2.35778636	2.24394261	2.12476713	2.03979347	1.98440733	1.94949963	1.91966588	1.90930442	1.88994309
	1.42164873	1.45654460	1.49888765	1.54688620	1.59485543	1.64891993	1.70911606	1.72380770	1.69381246	1.64361345	1.58554955	1.52382296	1.46496269	1.46044664	1.50740361	1.58707196	1.68144140	1.79313192	1.91031366	1.98332801	2.02614220	2.05860566	2.09114633	2.13390758	2.17355583	2.24649728	2.33600252	2.42588668	2.52840396	2.62547333	2.72956951	2.77908663	2.78448737	2.76473345	2.74752999	2.73418974	2.72750304	2.68951955	2.62871956	2.54165847	2.43797020	2.32093729	2.20109470	2.10927647	2.04573146	2.01373600	1.98204061	1.96420034	1.94591523
	1.42643268	1.46228070	1.50680151	1.55725063	1.60796682	1.66508915	1.72797460	1.74504130	1.71547818	1.66518699	1.60588936	1.54279429	1.48252179	1.47688586	1.52273029	1.60219959	1.69663190	1.81093664	1.92897556	2.00465735	2.05030816	2.08305058	2.11667597	2.16179748	2.20439626	2.27874214	2.37382205	2.45856540	2.55825045	2.66081344	2.77264652	2.81939390	2.82086664	2.80199366	2.78734064	2.77390368	2.77004833	2.72805332	2.66759201	2.57893278	2.47768827	2.35965473	2.23830624	2.14642889	2.07565712	2.04233209	2.01216592	1.98995960	1.97182433
	1.43093517	1.46813601	1.51516661	1.56849917	1.62200524	1.68296305	1.74846336	1.76784857	1.73941387	1.68921357	1.62832710	1.56599886	1.50312460	1.49681368	1.54195121	1.62077082	1.71732566	1.83359050	1.95140164	2.03111601	2.07799967	2.10847764	2.14774095	2.19139472	2.24045046	2.31616841	2.40863951	2.49639396	2.59822710	2.70422471	2.82106981	2.85848902	2.86067822	2.84594557	2.83425632	2.82042342	2.81403914	2.77420265	2.71256314	2.62365580	2.52221623	2.40617615	2.28301791	2.19404794	2.11686427	2.07527273	2.04830216	2.02253328	2.00498121
	1.43873402	1.47740853	1.52740407	1.58422669	1.64119793	1.70678459	1.77541033	1.79814021	1.77230638	1.72263038	1.66069666	1.59866548	1.53349385	1.52642789	1.57111491	1.65013465	1.75081430	1.86683885	1.98793762	2.06560307	2.11570493	2.15158992	2.19761944	2.24177338	2.29527242	2.37035994	2.45528103	2.55744067	2.66489131	2.76855830	2.87599815	2.91760973	2.92906076	2.91843215	2.90688250	2.89441760	2.88249773	2.84444852	2.78116105	2.69241819	2.58775093	2.47502290	2.35149523	2.25294192	2.18098972	2.12960093	2.10255141	2.07549849	2.05172461
	1.44478768	1.48437988	1.53620076	1.59512724	1.65414781	1.72231447	1.79285910	1.81829989	1.79489710	1.74625155	1.68490517	1.62152387	1.55700218	1.54916287	1.59334174	1.67336819	1.77608321	1.89183772	2.01750740	2.09301988	2.14589215	2.18649484	2.23261923	2.28675447	2.33430430	2.40928775	2.49991808	2.59938289	2.71226166	2.81354917	2.91435216	2.96875830	2.98055147	2.97251323	2.95992303	2.94808300	2.93462667	2.89637741	2.83301868	2.74373398	2.63760555	2.52409124	2.40192011	2.30188039	2.22630701	2.17270565	2.14362825	2.11658519	2.09109950
	1.44684179	1.48733477	1.54051762	1.60103494	1.66180922	1.73109352	1.80279746	1.83011815	1.80837485	1.76017190	1.69896469	1.63442089	1.57074131	1.56065962	1.60452199	1.68491406	1.78770871	1.90180287	2.02929676	2.10484742	2.15763026	2.20294023	2.24988319	2.30598782	2.35090292	2.42957303	2.52163726	2.61881016	2.73573258	2.83008684	2.93605816	2.99361537	3.00739703	3.00046509	2.98734797	2.97586191	2.96094479	2.92267367	2.85904399	2.76980351	2.66249590	2.54936363	2.42732656	2.32662051	2.24959875	2.19275432	2.16389627	2.13611223	2.11007811
	1.44414294	1.48544367	1.53954147	1.60120224	1.66298522	1.73242640	1.80462863	1.83345738	1.81286857	1.76446005	1.70267173	1.63715899	1.57413232	1.56180646	1.60311164	1.68132134	1.78313591	1.89474805	2.02096245	2.09613038	2.14790438	2.19514168	2.23971931	2.30159280	2.34306400	2.42475044	2.51617386	2.61264010	2.72833237	2.82331151	2.93021878	2.98822821	3.00375900	2.99729279	2.98511426	2.97312065	2.95794982	2.91949384	2.85602047	2.76689303	2.65941825	2.54624971	2.42457238	2.32368679	2.24632498	2.18890881	2.15819057	2.13123165	2.10588321
	1.44327074	1.48584224	1.54138438	1.60464370	1.66746992	1.73722844	1.81000823	1.84066310	1.82155370	1.77343844	1.71150509	1.64537947	1.58183877	1.56815419	1.60782665	1.68419395	1.78498049	1.89444343	2.01819570	2.09421331	2.14693918	2.19662040	2.24278113	2.29940639	2.34554926	2.42946809	2.52069185	2.61640243	2.72933118	2.82898112	2.93774768	2.99644499	3.01468866	3.00898559	2.99673133	2.98337649	2.96854139	2.93048253	2.86649903	2.77704073	2.67055344	2.55581705	2.43527114	2.33355002	2.25605168	2.19787992	2.16371542	2.13485497	2.11079962
	1.44536577	1.48930288	1.54657206	1.61171942	1.67589911	1.74613513	1.81954540	1.85213965	1.83459149	1.78722945	1.72551745	1.65921301	1.59417193	1.58068141	1.61900731	1.69445462	1.79438796	1.90310143	2.02612026	2.10246580	2.15750810	2.20973630	2.25626386	2.30962317	2.36034114	2.44300252	2.53627595	2.63027260	2.74457981	2.84668833	2.96060879	3.02135776	3.04209574	3.03728589	3.02470592	3.00988877	2.99517516	2.95726953	2.89236064	2.80200389	2.69524622	2.57871569	2.46030669	2.35795131	2.28010326	2.22106198	2.18220639	2.15097911	2.12797601
	1.44790162	1.49372898	1.55345352	1.62145099	1.68766866	1.75869594	1.83390386	1.86918903	1.85358816	1.80733305	1.74595949	1.67961967	1.61340424	1.59969775	1.63623515	1.71146619	1.81039536	1.91869290	2.04053149	2.11983848	2.17719164	2.23198868	2.27775332	2.33046034	2.38599170	2.46773041	2.56116019	2.65566743	2.77031201	2.87739671	3.00010555	3.06425409	3.08604729	3.08140556	3.06864010	3.05318210	3.03713649	2.99904446	2.93239176	2.84139358	2.73209559	2.61341039	2.49540581	2.39484982	2.31687472	2.25842330	2.21101689	2.17655700	2.15566108
	1.44832821	1.49528662	1.55638781	1.62610291	1.69395667	1.76510129	1.84125425	1.87834070	1.86450237	1.81937280	1.75863446	1.69263834	1.62675040	1.61192532	1.64669998	1.72157366	1.82000639	1.92826926	2.04742348	2.13015291	2.18980310	2.24617807	2.29126237	2.34583118	2.40340094	2.48646033	2.57465695	2.67655399	2.78524289	2.90062971	3.02387194	3.09038484	3.11208896	3.10831409	3.09473338	3.07918179	3.06228955	3.02394170	2.95675961	2.86483134	2.75575651	2.63723498	2.51570307	2.41941246	2.34081573	2.27874823	2.23226276	2.19426305	2.17207830
	1.44512816	1.49284109	1.55469069	1.62536229	1.69438656	1.76457631	1.84033860	1.87848860	1.86588218	1.82128509	1.76029942	1.69437662	1.62827616	1.61250086	1.64327987	1.71563517	1.81166319	1.91744445	2.03263990	2.11735585	2.17855062	2.23162187	2.27836943	2.33556568	2.39522313	2.47714580	2.56304623	2.67269912	2.77371272	2.89293881	3.01584917	3.08518692	3.10843586	3.09940285	3.08575790	3.06940903	3.05287680	3.01436275	2.94689256	2.85707361	2.74904343	2.63080637	2.50834955	2.41158544	2.33575026	2.27340938	2.22587286	2.18594059	2.16132554
	1.44987505	1.49938355	1.56347475	1.63684592	1.70780701	1.77944729	1.85613753	1.89649358	1.88594789	1.84352647	1.78404198	1.71926338	1.65270673	1.63835475	1.66376632	1.73595488	1.83219779	1.94103668	2.05472544	2.13969477	2.20458539	2.26580168	2.30767381	2.36970479	2.43253624	2.51336385	2.60033531	2.71281779	2.81763055	2.94142843	3.06601111	3.13869295	3.16319399	3.15035356	3.13389289	3.11737625	3.10042977	3.06000227	2.99251846	2.90560813	2.79850130	2.67776503	2.55170254	2.45411949	2.38115407	2.31805852	2.26817597	2.22652618	2.19759460
	1.45204870	1.50287370	1.56855934	1.64384434	1.71615269	1.78870783	1.86579335	1.90728622	1.89789424	1.85690528	1.79841680	1.73424312	1.66710527	1.65349322	1.67616668	1.74843020	1.84489072	1.95414700	2.06669647	2.15137109	2.21905875	2.27707278	2.32569270	2.38977643	2.45197870	2.53313945	2.62830225	2.74338577	2.84220805	2.96947102	3.09303685	3.16773433	3.19065295	3.17866024	3.15716421	3.14136531	3.12395467	3.08274682	3.01577095	2.93269016	2.82590794	2.70470192	2.57809063	2.47642053	2.40734704	2.34381382	2.29250505	2.25068597	2.21677938
	1.44532929	1.49680004	1.56312267	1.63924103	1.71280860	1.78446024	1.85972023	1.90170810	1.89339384	1.85229446	1.79303530	1.72670100	1.65821762	1.64272547	1.66329891	1.73279183	1.82611766	1.93043697	2.03699785	2.11898221	2.18547882	2.24049596	2.29573121	2.36036957	2.42194194	2.50822107	2.59989894	2.71712261	2.81324212	2.94024535	3.06528120	3.13903917	3.15860794	3.15058311	3.12634482	3.10924512	3.09153625	3.05026904	2.98402793	2.90109415	2.79534730	2.67751892	2.55250776	2.45029779	2.38253688	2.31892106	2.26679704	2.22565177	2.18826662
	1.43452185	1.48634836	1.55291599	1.62950880	1.70426110	1.77390845	1.84604237	1.88822807	1.88086972	1.83884799	1.77761997	1.70829034	1.63741135	1.61768331	1.63624946	1.70165596	1.78952266	1.88714207	1.98669708	2.06388083	2.12524717	2.18010740	2.24009453	2.30435225	2.36936598	2.45698045	2.54432153	2.66122590	2.76065349	2.88314762	3.01371915	3.08561121	3.10392192	3.09304282	3.06829541	3.04903308	3.03002505	2.98906696	2.92343151	2.84029815	2.73533868	2.62078097	2.49879581	2.39949462	2.32744685	2.26713229	2.21527460	2.17512422	2.13481959
	1.42562637	1.47799336	1.54533792	1.62330309	1.69985664	1.76890728	1.83852769	1.88073749	1.87453439	1.83221294	1.76853866	1.69702481	1.62347082	1.59776985	1.62040336	1.67782085	1.76221643	1.85206958	1.95008189	2.02352485	2.07770101	2.13483533	2.19676669	2.26080792	2.32883193	2.41606172	2.50701940	2.61897080	2.72350905	2.84344963	2.97742479	3.04752533	3.06194039	3.04808474	3.02760333	3.00809477	2.98612559	2.94311458	2.87713789	2.79170205	2.69436288	2.58124026	2.45959156	2.36381992	2.28887965	2.22921433	2.17821236	2.13731175	2.09588786
	1.42279337	1.47570196	1.54386405	1.62311110	1.70104125	1.77019887	1.83914605	1.88102343	1.87509133	1.83309319	1.76913677	1.69698125	1.62216158	1.59411703	1.61860272	1.67130861	1.75349093	1.84351946	1.94350263	2.01428475	2.06602486	2.12321018	2.18508887	2.24963018	2.31860299	2.40781459	2.50054507	2.61360973	2.71728019	2.83718140	2.97050166	3.03786242	3.05270443	3.03694635	3.01802043	2.99774179	2.97539749	2.93026623	2.86461919	2.77945479	2.68501213	2.57197656	2.45060069	2.35511241	2.28166502	2.22237478	2.17279887	2.13024731	2.08871575
	1.41678658	1.47011281	1.53876867	1.61888127	1.69773767	1.76598084	1.83264633	1.87241951	1.86527434	1.82233444	1.75749177	1.68413835	1.60779019	1.57622273	1.60041197	1.64749947	1.72692124	1.81627219	1.91266930	1.98043256	2.02957905	2.08481423	2.14528035	2.20950452	2.27715216	2.36978134	2.46722977	2.57457219	2.67954957	2.79644407	2.92711537	2.99094385	3.00249037	2.98838286	2.97156323	2.95035971	2.92852871	2.88216412	2.81752779	2.73449170	2.64339675	2.52941766	2.40953583	2.31536568	2.24588771	2.18703836	2.13658823	2.09612728	2.05657320
	1.40993979	1.46426326	1.53424727	1.61637226	1.69727023	1.76567635	1.82908770	1.86677977	1.85839323	1.81504554	1.74996147	1.67502384	1.59798745	1.56376191	1.58841197	1.62957045	1.70620901	1.79210131	1.88166383	1.94758155	1.99582390	2.05165835	2.10923248	2.17474617	2.24140908	2.33249139	2.43592157	2.53777303	2.64625451	2.76177604	2.88815826	2.94956407	2.95690778	2.95187802	2.93505773	2.91407374	2.89238040	2.84780344	2.78505821	2.70196375	2.60838739	2.50081622	2.38272869	2.29057951	2.22082229	2.16189089	2.11052114	2.07060416	2.03039020
	1.39693010	1.45103532	1.52076481	1.60298940	1.68440615	1.75154148	1.80749836	1.83987954	1.82792050	1.78105167	1.71334147	1.63714237	1.55942081	1.52284814	1.53660487	1.57878085	1.64680432	1.72278101	1.80395583	1.86280410	1.90438211	1.95503862	2.00929584	2.07267231	2.14155804	2.23135675	2.33264389	2.43671180	2.54260923	2.64667131	2.76665039	2.82682671	2.83391935	2.82846665	2.81202183	2.79156176	2.77020170	2.72837274	2.66928223	2.58969383	2.49439350	2.39588877	2.28357672	2.20021307	2.12990467	2.07005536	2.02155998	1.97966710	1.93946998
	1.39170693	1.44596274	1.51598741	1.59885888	1.68112459	1.74823674	1.80093195	1.83126358	1.81865581	1.77080726	1.70188858	1.62656960	1.54883562	1.51141449	1.51997130	1.56221492	1.62642483	1.69985070	1.77654878	1.83277814	1.87309656	1.91993457	1.97332408	2.03578222	2.10550441	2.19577590	2.29740307	2.40271147	2.50684857	2.60857197	2.72750040	2.78778095	2.79382208	2.78834609	2.77164712	2.75130436	2.72991271	2.68911789	2.63140660	2.55451742	2.46083794	2.36451184	2.25415666	2.17104149	2.10084499	2.04102534	1.99310063	1.94913420	1.90852463
	1.38943863	1.44431509	1.51544739	1.60008215	1.68418591	1.75258857	1.80387600	1.83412864	1.82275584	1.77580532	1.70806327	1.63487912	1.55804933	1.52099389	1.52749391	1.56887085	1.63172045	1.70555421	1.78079662	1.83779887	1.87931733	1.92450840	1.97778059	2.04052695	2.11077338	2.20315681	2.30667052	2.41279940	2.51598861	2.62062566	2.74055497	2.80542844	2.81145052	2.80655930	2.78584166	2.76564065	2.74426191	2.70446736	2.64740063	2.57260494	2.48307438	2.38688133	2.27510891	2.18654954	2.11683667	2.05595651	2.00738580	1.96090812	1.91912289
	1.38102951	1.43588515	1.50721029	1.59267926	1.67793796	1.74578019	1.79325465	1.82007791	1.80847976	1.76056179	1.69352952	1.62061421	1.54554652	1.50707197	1.51169014	1.54916694	1.60573862	1.67359651	1.74707047	1.80150322	1.84256981	1.88731829	1.93679762	1.99739572	2.06661500	2.16197547	2.26253103	2.36398871	2.46523191	2.57160350	2.68950333	2.74784329	2.75836214	2.75305287	2.72708697	2.70631790	2.68529333	2.64649176	2.59098075	2.51800111	2.43421249	2.33747031	2.23301194	2.14042603	2.07355157	2.01603326	1.96566337	1.92124402	1.88130577
	1.37222704	1.42746798	1.49965702	1.58713063	1.67554904	1.74536094	1.79126503	1.81679538	1.80665009	1.76158289	1.69431009	1.61847109	1.54617968	1.50683089	1.50773654	1.54399577	1.59499324	1.65961157	1.72994527	1.78248772	1.82466620	1.86749798	1.91715651	1.97915048	2.04885647	2.14637347	2.25446073	2.35737589	2.46036622	2.56315466	2.68178337	2.74659581	2.75812240	2.75285984	2.72435749	2.70224482	2.67857351	2.63654680	2.58194389	2.50892790	2.42503266	2.33423236	2.22532044	2.13054284	2.07102068	2.00741331	1.95243675	1.90730159	1.86591679
	1.36607787	1.42120110	1.49327088	1.58106548	1.67041354	1.74031414	1.78429232	1.80750234	1.79715680	1.75298594	1.68480174	1.60802880	1.53568358	1.49541806	1.49328403	1.52987824	1.57673279	1.63945552	1.70660985	1.75725656	1.79846185	1.83946446	1.88977868	1.95219852	2.01938341	2.11829679	2.22730073	2.33039514	2.43235216	2.53591192	2.65346101	2.71765985	2.72734318	2.71971211	2.69698598	2.67398097	2.64888711	2.60288483	2.54749711	2.47445847	2.39172606	2.30314068	2.19618761	2.10321279	2.04500021	1.98140744	1.92552859	1.88124300	1.84058451
	1.36021208	1.41512651	1.48702124	1.57510132	1.66533256	1.73549987	1.77810409	1.79964789	1.78929790	1.74578277	1.67750434	1.60032405	1.52744104	1.48528618	1.48113356	1.51681005	1.56225917	1.62391570	1.68881834	1.73817528	1.77917812	1.81937994	1.86978265	1.93268346	1.99947103	2.09881795	2.20740778	2.31085832	2.41142453	2.51679123	2.63330634	2.69569411	2.70524732	2.69489541	2.67598917	2.65210373	2.62612719	2.57926721	2.52329626	2.45008758	2.36611710	2.27912870	2.17376787	2.08363578	2.02545288	1.96249843	1.90735798	1.86244070	1.82237777
	1.34848329	1.40256681	1.47346038	1.56108655	1.65193820	1.72155618	1.76107122	1.77818288	1.76674645	1.72244665	1.65412125	1.57455562	1.49859036	1.45131176	1.44381293	1.47349892	1.51891309	1.57673335	1.63636912	1.68297348	1.72121087	1.76004667	1.80669216	1.86880163	1.93624265	2.03404296	2.14037367	2.24359677	2.34106889	2.44414173	2.55677667	2.61474154	2.62625904	2.61115531	2.59284047	2.56920213	2.54468386	2.49990219	2.44355662	2.37153927	2.28566360	2.20205642	2.09899616	2.01669837	1.95836287	1.89961252	1.84792496	1.80024127	1.76129178
	1.34091675	1.39465987	1.46491163	1.55225634	1.64395466	1.71378307	1.75108299	1.76390599	1.75170899	1.70667930	1.63771082	1.55723952	1.48055848	1.42938593	1.41858279	1.43950384	1.48133794	1.53378466	1.59342790	1.63588019	1.67116639	1.70802894	1.75071207	1.80893721	1.87332857	1.96716380	2.07240184	2.17362614	2.27079120	2.36794267	2.47380720	2.53419150	2.54608631	2.53166655	2.51549651	2.49361525	2.47188507	2.42604053	2.36949839	2.30004599	2.21768667	2.13631769	2.03544392	1.95498918	1.89870224	1.84169517	1.78894654	1.74433394	1.70732046
	1.33637665	1.39000713	1.46027633	1.54845260	1.64217493	1.71406708	1.75217046	1.76387406	1.75259762	1.70951882	1.64371216	1.56712777	1.49181986	1.44222896	1.43096804	1.44914149	1.48893465	1.54131585	1.60152419	1.64404957	1.67859019	1.71564654	1.75756905	1.81203185	1.87804458	1.97077233	2.07355009	2.17493413	2.27265963	2.37645189	2.48109419	2.54218750	2.55692576	2.54478712	2.53070997	2.51031380	2.48999764	2.44933095	2.39619043	2.32863836	2.24491384	2.15729732	2.05717168	1.97678915	1.91209757	1.85438793	1.80045629	1.75320544	1.71405027
	1.33114624	1.38458278	1.45467122	1.54315731	1.63797156	1.71094657	1.74915179	1.75942194	1.74767742	1.70557509	1.64190196	1.56894821	1.49612311	1.44609852	1.43094227	1.44558492	1.48715665	1.53838833	1.59615539	1.63822513	1.67213719	1.70809187	1.74953915	1.80213355	1.86794928	1.95886370	2.05874421	2.15856074	2.25894445	2.36440367	2.46787019	2.52819076	2.54458311	2.53828643	2.52495767	2.50536274	2.48516515	2.44659472	2.39480903	2.32974567	2.24666443	2.15414975	2.05548968	1.97646551	1.90628273	1.84743822	1.79304146	1.74385015	1.70414156
	1.32251645	1.37558788	1.44508757	1.53330660	1.62909295	1.70322045	1.74155458	1.75040643	1.73848531	1.69871095	1.63780172	1.56821736	1.49620871	1.44785216	1.43025758	1.44331441	1.48233573	1.52996020	1.58378109	1.62399384	1.65664600	1.69125519	1.73200910	1.78284769	1.84865843	1.93606927	2.03459010	2.13565045	2.23409533	2.33686170	2.44366612	2.50395013	2.52196173	2.51614487	2.50098968	2.48178782	2.46090706	2.42243255	2.37306338	2.31077988	2.23029659	2.14177364	2.04417350	1.95943441	1.88878962	1.82732799	1.77081869	1.72163365	1.68254244
	1.31488453	1.36759288	1.43649776	1.52465713	1.62195455	1.69843271	1.73834498	1.74805802	1.73744989	1.70063853	1.64309037	1.57637950	1.50439814	1.45842933	1.43890171	1.45169483	1.48489329	1.52864293	1.57980807	1.61911783	1.65323861	1.68759631	1.72759330	1.77881726	1.84592313	1.93014744	2.02852670	2.12973149	2.23027675	2.32965709	2.43679704	2.50088373	2.51969405	2.51587272	2.49938273	2.47799539	2.45520218	2.41667267	2.36812742	2.30729196	2.22842376	2.14252949	2.04548131	1.95691391	1.88503077	1.81890088	1.76187171	1.71352369	1.67535982
	1.30315455	1.35504222	1.42236366	1.50843518	1.60457478	1.68006383	1.71824126	1.72562310	1.71388291	1.67500477	1.61728505	1.54840792	1.47505103	1.42421641	1.40007869	1.40748850	1.43862604	1.47409071	1.51847744	1.55383596	1.58128825	1.61170516	1.64836037	1.69621303	1.75906174	1.84078901	1.93622270	2.03505130	2.13253022	2.22470661	2.32877909	2.38995391	2.40825001	2.40296720	2.38448959	2.36212297	2.33924561	2.30045173	2.25348288	2.19528811	2.11947232	2.03691138	1.94333053	1.85838070	1.78880058	1.72593056	1.66802310	1.62301127	1.58753294
