	-2786.22449572	-2786.22155387	-2786.21604660	-2786.20884403	-2786.20166464	-2786.19656217	-2786.19371547	-2786.19182260	-2786.18701395	-2786.17754895	-2786.16936367	-2786.16737692	-2786.17178206	-2786.18138426	-2786.19480205	-2786.20949814	-2786.22330619	-2786.23343213	-2786.23439591	-2786.21915868	-2786.18659858	-2786.15120663	-2786.12242945	-2786.10015468	-2786.08237725	-2786.06132128	-2786.02001469	-2785.96131143	-2785.88555709	-2785.71585881	-2785.52162846	-2785.38923314	-2785.33783864	-2785.33849104	-2785.37298441	-2785.42483948	-2785.48444128	-2785.54921714	-2785.61275037	-2785.67455507	-2785.73438569	-2785.79258245	-2785.84943251	-2785.89536355	-2785.92599613	-2785.94359986	-2785.95244782	-2785.95567490	-2785.95635844
	2.00995034	2.00847881	2.00854062	2.01039455	2.01331256	2.01583212	2.01713981	2.01857216	2.02632533	2.04189704	2.05649480	2.06380506	2.06331090	2.05588368	2.04231950	2.02459237	2.00580080	1.98957289	1.98052322	1.98750091	2.01533994	2.04809973	2.07372652	2.09399422	2.11131827	2.13410500	2.17774083	2.30346768	2.46283439	2.85007819	3.26683361	3.54385260	3.67005109	3.68493533	3.63648925	3.55408609	3.45771933	3.35194779	3.24708515	3.14296024	3.04093195	2.94065093	2.84090625	2.76151589	2.71144520	2.68517843	2.67540018	2.67517765	2.67985455
	1.93922768	1.93642645	1.93663034	1.93967231	1.94415473	1.94824905	1.95061769	1.95333308	1.96335550	1.97868848	1.99000076	1.99326932	1.98944256	1.97983406	1.96446507	1.94448679	1.92309284	1.90441331	1.89397861	1.90171740	1.93252000	1.97112576	2.00427214	2.03144110	2.05470274	2.08081280	2.12875888	2.27116825	2.46045421	2.85886290	3.27014459	3.53860377	3.65882113	3.66893091	3.61093364	3.51900372	3.41245807	3.30161883	3.18759272	3.07543866	2.96470154	2.85547634	2.74686351	2.66155223	2.60882096	2.58124918	2.57061885	2.56966672	2.57364204
	1.80806513	1.80293779	1.80037297	1.80083276	1.80303165	1.80569856	1.80772094	1.81265298	1.82731488	1.84338249	1.85264571	1.85416686	1.84992120	1.84132145	1.82758588	1.80873296	1.78766042	1.76851670	1.75705504	1.76337663	1.79081973	1.82361263	1.85225106	1.87652779	1.89769840	1.92091156	1.95934544	2.12590014	2.36289612	2.78805979	3.21492973	3.48405458	3.60233757	3.60908531	3.54600001	3.44995201	3.33455761	3.22007550	3.10257749	2.98593809	2.87076842	2.75704987	2.64384344	2.55582506	2.50269905	2.47568175	2.46574363	2.46535851	2.46971089
	1.43260122	1.42388360	1.41737127	1.41420927	1.41406972	1.41568501	1.41823014	1.43126926	1.45569648	1.47139869	1.47607837	1.47291483	1.46524026	1.45570822	1.44284177	1.42486636	1.40382011	1.38370474	1.37063976	1.37530640	1.39813328	1.42532012	1.45149306	1.47482842	1.49494864	1.51510267	1.54591318	1.73278137	2.08759597	2.54915804	3.00585574	3.28924255	3.40597494	3.40245564	3.32863700	3.22116153	3.09093122	2.96380569	2.83504815	2.70613806	2.57958839	2.45442382	2.32966767	2.23403705	2.17778924	2.14997887	2.14039359	2.14080694	2.14596132
	1.43174647	1.42171188	1.41512656	1.41268195	1.41410174	1.41743282	1.42217141	1.44279669	1.46809643	1.47798314	1.47763652	1.47032303	1.45921378	1.44788676	1.43438522	1.41607232	1.39456621	1.37384356	1.36029964	1.36477685	1.38656457	1.41670575	1.44934968	1.47892725	1.50373117	1.52669689	1.55988488	1.73758364	2.15406835	2.59468401	3.03707128	3.31964673	3.41815625	3.40295544	3.32131446	3.20577840	3.07613744	2.94444508	2.81018837	2.67795902	2.54777851	2.41876007	2.29009766	2.19287101	2.13678174	2.10927675	2.09977081	2.10000968	2.10478364
	1.89123818	1.88128169	1.87330577	1.86812444	1.86647385	1.86750883	1.87216463	1.89864718	1.92154976	1.92712726	1.92421922	1.91600667	1.90570995	1.89663723	1.88740547	1.87488389	1.85938212	1.84381777	1.83221994	1.83132501	1.84292485	1.86082767	1.88123744	1.89966793	1.91471079	1.92861665	1.95315202	2.12900098	2.52795993	2.89341192	3.25047910	3.48826302	3.55989198	3.54991243	3.48147803	3.38305914	3.27824315	3.16995173	3.05562488	2.94414853	2.83563222	2.72799607	2.62072342	2.53996866	2.49347555	2.47124463	2.46441316	2.46576260	2.47079711
	2.28432022	2.27365488	2.26567537	2.26119604	2.26039885	2.26280119	2.27675449	2.31338697	2.32153344	2.31851115	2.31106056	2.30008017	2.28836381	2.27897618	2.27098003	2.26092685	2.24800902	2.23476483	2.22386292	2.21864959	2.22475110	2.24140830	2.26223867	2.28162359	2.29771863	2.31383897	2.35479690	2.56180316	2.89053125	3.20848248	3.54146471	3.74745994	3.78852379	3.75936035	3.69027759	3.60136197	3.50605840	3.40312051	3.29922485	3.19877785	3.10097297	3.00394317	2.90702649	2.83507175	2.79502248	2.77666261	2.77130758	2.77249242	2.77657389
	2.44321145	2.43229950	2.42420269	2.41964350	2.41816930	2.42109826	2.44443819	2.48129837	2.48214157	2.47551579	2.46569671	2.45340267	2.44121553	2.43175099	2.42461028	2.41648514	2.40578200	2.39426101	2.38435224	2.37687456	2.37811062	2.39102315	2.40930135	2.42721197	2.44256324	2.46016232	2.53442094	2.73959768	3.02698149	3.32057237	3.63367595	3.81615546	3.84801432	3.81215840	3.74348154	3.65741649	3.56472198	3.46752463	3.37114169	3.27809153	3.18803698	3.09869304	3.00917488	2.94311481	2.90681820	2.89068019	2.88630464	2.88760994	2.89145407
	2.84351076	2.83404229	2.82718209	2.82269658	2.82087458	2.82404190	2.85387521	2.88370066	2.87780593	2.86894051	2.85824037	2.84650168	2.83575083	2.82779430	2.82253765	2.81729787	2.81007253	2.80156306	2.79383067	2.78652476	2.78378079	2.78987693	2.80261177	2.81636767	2.82844590	2.84682759	2.96201930	3.11598272	3.33899031	3.57911224	3.83425104	3.97779690	3.99561424	3.96198721	3.90153856	3.82695752	3.74825807	3.66736983	3.58865343	3.51354049	3.44069914	3.36837723	3.29613624	3.24310932	3.21487686	3.20311281	3.20043692	3.20191857	3.20536328
	3.14164737	3.13310423	3.12707787	3.12299829	3.12188896	3.12758703	3.16622163	3.18106922	3.17336862	3.16365149	3.15242917	3.14109510	3.13115577	3.12383393	3.11917278	3.11498718	3.10922185	3.10202686	3.09522209	3.08849555	3.08478461	3.08872231	3.10027179	3.11392092	3.12639981	3.15467964	3.28307686	3.41711052	3.60782913	3.81482744	4.03394097	4.15114569	4.16117291	4.12325474	4.06361265	3.99503088	3.92321288	3.85125987	3.78209681	3.71662131	3.65343683	3.59029928	3.52716770	3.48162826	3.45829006	3.44883852	3.44664578	3.44766671	3.45029934
	3.21006562	3.20199360	3.19618610	3.19212204	3.19115784	3.19806103	3.23907999	3.24960939	3.24077829	3.23026946	3.21845990	3.20706007	3.19738445	3.19042296	3.18622858	3.18276074	3.17785113	3.17131258	3.16489132	3.15853563	3.15452678	3.15702022	3.16737123	3.18042466	3.19290326	3.23818263	3.35572306	3.48621355	3.66729368	3.86368211	4.07189064	4.17864339	4.18528178	4.14620725	4.08565566	4.01838151	3.94888195	3.87973148	3.81359067	3.75139700	3.69153276	3.63148416	3.57148457	3.52852011	3.50696992	3.49846919	3.49659492	3.49762767	3.50019226
	3.19505817	3.18652567	3.18034456	3.17646368	3.17672170	3.18943460	3.23348911	3.23762889	3.22861515	3.21703695	3.20407937	3.19180938	3.18135670	3.17363428	3.16880445	3.16490482	3.15962662	3.15261828	3.14558169	3.13937954	3.13660185	3.13993525	3.15196228	3.16783274	3.18529232	3.26603810	3.36875889	3.51724112	3.70411586	3.90452480	4.11448468	4.22117502	4.22409343	4.18034866	4.11289994	4.04045341	3.96550422	3.89207591	3.82268101	3.75801933	3.69532220	3.63252358	3.56989757	3.52518889	3.50322618	3.49454175	3.49225778	3.49277978	3.49477779
	3.16848398	3.15961881	3.15318773	3.14937909	3.15048987	3.16799574	3.21109589	3.21318456	3.20365646	3.19108428	3.17720200	3.16418127	3.15319559	3.14505383	3.13996271	3.13603196	3.13081596	3.12374976	3.11637297	3.11035193	3.10887386	3.11254970	3.12456845	3.14206484	3.16875171	3.26437144	3.36341069	3.52057118	3.70939395	3.91051329	4.12081086	4.22671589	4.22568128	4.17930181	4.11014407	4.03365866	3.95396210	3.87935786	3.80821113	3.74260711	3.67864763	3.61469544	3.55081870	3.50553495	3.48371999	3.47511526	3.47258998	3.47275621	3.47437304
	3.17327220	3.16358718	3.15682272	3.15345011	3.15662109	3.18351001	3.22011522	3.22082983	3.21094622	3.19717932	3.18238277	3.16845020	3.15668428	3.14781982	3.14213910	3.13786929	3.13245515	3.12509977	3.11712790	3.11118369	3.11200190	3.11841437	3.13217779	3.15729112	3.20348004	3.29268138	3.40211665	3.57020737	3.76034345	3.96061548	4.16996697	4.27285426	4.26733134	4.21642704	4.14410483	4.06422199	3.97983083	3.90102934	3.82885733	3.76195290	3.69641915	3.63100936	3.56594155	3.52001153	3.49814150	3.48936765	3.48635511	3.48595717	3.48690885
	3.22165722	3.21103426	3.20418652	3.20155329	3.20772530	3.24070515	3.26967360	3.27001029	3.25979577	3.24543055	3.23029548	3.21581892	3.20363212	3.19438855	3.18837689	3.18397859	3.17862618	3.17130583	3.16306332	3.15717275	3.16000914	3.17033202	3.18778938	3.22719991	3.28426677	3.35814517	3.47882835	3.64836436	3.83370771	4.02672164	4.22885872	4.32473907	4.31501996	4.26086982	4.18700862	4.10575765	4.02145222	3.94103242	3.87023902	3.80424648	3.73952759	3.67479043	3.61064020	3.56585216	3.54465543	3.53586569	3.53240970	3.53153853	3.53188166
	3.20967139	3.19703223	3.18983081	3.18816055	3.19893985	3.23882682	3.25924294	3.26043159	3.25012353	3.23516179	3.21949789	3.20394895	3.19070863	3.18045106	3.17349254	3.16828920	3.16224788	3.15430459	3.14542281	3.13934343	3.14433213	3.16037121	3.18604240	3.24683817	3.29522563	3.37082923	3.50960187	3.68892708	3.87712023	4.07192622	4.27645464	4.37090801	4.35813386	4.29963800	4.22079891	4.13500273	4.04583762	3.96024276	3.88746923	3.81858581	3.75131767	3.68411554	3.61735932	3.57078381	3.54870975	3.53910625	3.53469128	3.53304818	3.53234932
	3.19168178	3.17621578	3.16842577	3.16787833	3.18544189	3.22325499	3.24019973	3.24177300	3.23044729	3.21464695	3.19846669	3.18185832	3.16775488	3.15700672	3.14979725	3.14462155	3.13880299	3.13103808	3.12205919	3.11576634	3.12212488	3.14411354	3.18189533	3.25335509	3.28933782	3.37590580	3.52206276	3.70208544	3.88833072	4.08026155	4.28184329	4.37175013	4.35543407	4.29185944	4.20969708	4.12158732	4.02984494	3.94355324	3.87062754	3.80175488	3.73436295	3.66696907	3.59998966	3.55363879	3.53192750	3.52227455	3.51796430	3.51548470	3.51416067
	3.16201804	3.14192784	3.13297423	3.13399762	3.15981447	3.19389140	3.20783426	3.20989538	3.19768156	3.18120342	3.16471090	3.14681998	3.13144987	3.11991840	3.11218417	3.10672602	3.10080833	3.09294181	3.08374111	3.07719685	3.08480740	3.11398600	3.16866517	3.23557255	3.27057581	3.36913524	3.52503642	3.70888716	3.89665472	4.09033099	4.29247850	4.38009432	4.35936303	4.29082914	4.20432410	4.11224714	4.01707965	3.92940868	3.85382733	3.78389464	3.71512752	3.64625445	3.57775428	3.53058316	3.50858301	3.49845013	3.49403878	3.49046508	3.48827084
	3.11907622	3.09526539	3.08499169	3.08824407	3.11913909	3.14745511	3.16092051	3.16300809	3.14959551	3.13245115	3.11571322	3.09663640	3.07996254	3.06776141	3.05967244	3.05411271	3.04827057	3.04046872	3.03115887	3.02439602	3.03231232	3.06814463	3.13797590	3.19345401	3.23757545	3.34418310	3.50758930	3.69415726	3.88406669	4.08000059	4.28278457	4.36690233	4.34136031	4.26800699	4.17732501	4.08167363	3.98375193	3.89467029	3.81758820	3.74625375	3.67657594	3.60650171	3.53686167	3.48939549	3.46730178	3.45690555	3.45244984	3.44841844	3.44524953
	3.08695153	3.06056200	3.04898584	3.05627774	3.08897525	3.10726112	3.12150845	3.12520234	3.11127005	3.09335966	3.07634898	3.05651835	3.03775841	3.02370410	3.01406486	3.00728914	3.00052687	2.99200211	2.98208244	2.97503505	2.98399139	3.02798036	3.10913699	3.15868801	3.21784707	3.34005683	3.51597210	3.71213741	3.91079023	4.11374683	4.32103384	4.40549634	4.37427393	4.29404795	4.19653757	4.09449417	3.98920786	3.89581886	3.81561969	3.74019603	3.66858838	3.59496880	3.52223375	3.47320887	3.44944878	3.43787203	3.43389823	3.42844304	3.42346590
	3.15035828	3.12754203	3.11919930	3.12920053	3.15147505	3.16254352	3.17769413	3.18215536	3.16845174	3.15063963	3.13423056	3.11512083	3.09516455	3.07993943	3.06942796	3.06203384	3.05497543	3.04639645	3.03653082	3.02966174	3.03881856	3.08838220	3.17233864	3.22114289	3.29175505	3.41691514	3.59983002	3.79378263	3.98947217	4.18710391	4.38764320	4.46656549	4.43114686	4.34829913	4.24946053	4.14665903	4.04109397	3.94693660	3.86979109	3.79434928	3.72390666	3.65193896	3.58013508	3.53247592	3.50862895	3.49762524	3.49314547	3.48708766	3.48088136
	3.24210552	3.22541563	3.22340400	3.23268905	3.24079969	3.24815109	3.26406772	3.26920865	3.25605387	3.23829530	3.22250962	3.20470485	3.18382619	3.16738610	3.15602080	3.14805744	3.14077807	3.13225795	3.12258464	3.11607310	3.12565236	3.18160551	3.26213966	3.31475450	3.39636085	3.52325568	3.71140249	3.90060840	4.09158986	4.28213983	4.47400728	4.54664036	4.50686774	4.42221686	4.32330511	4.22067567	4.11622913	4.02283265	3.94779710	3.87440903	3.80558231	3.73675455	3.66656132	3.62078947	3.59769312	3.58685980	3.58119605	3.57509327	3.56819170
	3.29944640	3.28575909	3.28550858	3.29157046	3.29617820	3.30377476	3.31970754	3.32392537	3.31043056	3.29279467	3.27774691	3.26093227	3.23982586	3.22307076	3.21175937	3.20403706	3.19715870	3.18913722	3.17991913	3.17397508	3.18399847	3.24850644	3.32127780	3.37940166	3.46621892	3.59401689	3.77438088	3.95558406	4.13866254	4.32049165	4.50024417	4.56371403	4.52007622	4.43520345	4.33794564	4.23675181	4.13543220	4.04553502	3.97342737	3.90482648	3.83796165	3.77248529	3.70559719	3.66195322	3.64049367	3.63025722	3.62400325	3.61778333	3.61090795
	3.25039576	3.23935160	3.24180679	3.24391074	3.24579257	3.25488901	3.27301131	3.27803342	3.26457134	3.24572424	3.22933073	3.21332590	3.19166466	3.17218906	3.15843622	3.14889746	3.14069617	3.13168167	3.12169735	3.11570532	3.12826776	3.20524728	3.27384325	3.34912484	3.45460162	3.59679882	3.78494614	3.97551231	4.16516282	4.35325735	4.53628837	4.60133712	4.54470554	4.45232496	4.34834448	4.24036843	4.13135126	4.03751518	3.96137745	3.89211844	3.82096045	3.75284797	3.68376409	3.63771413	3.61416377	3.60244653	3.59525337	3.58772305	3.57948568
	3.30463320	3.29469785	3.29853280	3.29895991	3.30028248	3.30965798	3.32763926	3.33250822	3.31955896	3.30069113	3.28403783	3.26927877	3.24842924	3.22737002	3.21240492	3.20235602	3.19394183	3.18493444	3.17508395	3.16976512	3.18588878	3.27101699	3.33122269	3.42037972	3.53668709	3.68173118	3.86529704	4.05283731	4.23631595	4.41723170	4.59309197	4.64609020	4.58544953	4.49075063	4.38677839	4.27994556	4.17099034	4.08069893	4.00625722	3.93812169	3.86930948	3.80222857	3.73493684	3.68998246	3.66590942	3.65355383	3.64590628	3.63704248	3.62764541
	3.42932166	3.41840439	3.42164749	3.42230404	3.42497662	3.43478011	3.45207883	3.45718584	3.44545237	3.42733882	3.41071013	3.39676395	3.37804548	3.35711760	3.34110847	3.33038926	3.32167021	3.31268344	3.30309197	3.29839276	3.31804631	3.40288803	3.45886751	3.55692975	3.67467182	3.81858999	3.99071269	4.16851686	4.34087725	4.51348295	4.68317038	4.71920475	4.65933698	4.56420022	4.46269513	4.36010959	4.25626184	4.17013876	4.09988304	4.03592867	3.97022339	3.90705966	3.84320598	3.80076691	3.77704846	3.76425513	3.75561953	3.74571021	3.73526318
	3.52805055	3.51516759	3.51714171	3.51840900	3.52271614	3.53334017	3.55057763	3.55650012	3.54612691	3.52868856	3.51163727	3.49794602	3.48172577	3.46150552	3.44354122	3.43133560	3.42181184	3.41241391	3.40268625	3.39818724	3.42230823	3.50223552	3.56078401	3.66860561	3.78506356	3.92899435	4.09779247	4.26845599	4.43234691	4.60067556	4.76098493	4.79394947	4.72724416	4.62936759	4.53097200	4.43104016	4.33080349	4.24438162	4.17876553	4.11843102	4.05549229	3.99338779	3.93268424	3.89278284	3.86866635	3.85355622	3.84377589	3.83232947	3.82046386
	3.66072404	3.64708487	3.64788757	3.64982765	3.65465131	3.66484031	3.68063695	3.68655114	3.67743249	3.66146872	3.64535207	3.63226519	3.61816190	3.59952437	3.58105227	3.56845213	3.55897905	3.54991274	3.54067826	3.53654071	3.56576506	3.63587850	3.69700989	3.80818945	3.91927245	4.05749819	4.21248688	4.36913203	4.51708404	4.67123687	4.81517495	4.84222607	4.77010063	4.67768938	4.58551354	4.49197534	4.39793577	4.31872154	4.25847135	4.20331911	4.14595151	4.08917272	4.03421599	3.99822566	3.97460285	3.95807353	3.94747605	3.93526975	3.92270559
	3.78336897	3.76851308	3.76740232	3.76963810	3.77513692	3.78556073	3.80073866	3.80726072	3.79958512	3.78525397	3.77028086	3.75768172	3.74510050	3.72822594	3.70917952	3.69516625	3.68483719	3.67538784	3.66612653	3.66186498	3.69413108	3.75553561	3.82106144	3.93375052	4.04204610	4.17221095	4.31750702	4.46295525	4.59960118	4.74061382	4.87827468	4.89618998	4.82465442	4.73418618	4.64510592	4.55641027	4.46769511	4.39449375	4.33873098	4.28558906	4.23318327	4.18151249	4.12918153	4.09501941	4.07188197	4.05454115	4.04217012	4.02904032	4.01561466
	3.83480074	3.81897265	3.81646499	3.81859395	3.82437979	3.83485565	3.84965087	3.85644571	3.84947014	3.83601565	3.82165327	3.80926713	3.79738138	3.78180622	3.76217853	3.74688583	3.73595962	3.72625997	3.71692999	3.71257094	3.74724733	3.80432223	3.87406929	3.98763054	4.09768905	4.22327364	4.36418834	4.50537769	4.63482730	4.77066246	4.90562720	4.91783189	4.84428456	4.75314690	4.66674088	4.57999632	4.49340486	4.42177217	4.36906377	4.31794992	4.26619801	4.21702866	4.16673532	4.13314592	4.10988574	4.09062880	4.07816079	4.06433870	4.05009635
	3.82032911	3.80326181	3.79948957	3.80145861	3.80763168	3.81840449	3.83337073	3.84052236	3.83390110	3.82069816	3.80633353	3.79370276	3.78182895	3.76685234	3.74679693	3.73003805	3.71822688	3.70801701	3.69833670	3.69373140	3.73055238	3.78665384	3.86098506	3.97722850	4.09362937	4.21908133	4.36003927	4.50154854	4.63182376	4.76713295	4.90131567	4.90972723	4.83575165	4.74087442	4.65420074	4.56676057	4.47920623	4.40784588	4.35408563	4.30325652	4.25061533	4.20151714	4.15023547	4.11649268	4.09219797	4.07199015	4.05805181	4.04321829	4.02794840
	3.78349732	3.76493629	3.75953039	3.76105354	3.76736190	3.77799605	3.79292066	3.80033808	3.79424401	3.78169589	3.76785142	3.75531216	3.74342852	3.72876285	3.70848727	3.69027825	3.67733407	3.66646768	3.65633649	3.65139362	3.69082077	3.74558458	3.82573263	3.94559743	4.06659668	4.19264451	4.33118388	4.47040695	4.59784155	4.73170928	4.85963290	4.86129537	4.78798953	4.69339607	4.60535660	4.51735795	4.42926107	4.35948454	4.30461396	4.25357927	4.20119090	4.15266369	4.10076062	4.06596397	4.03924782	4.01866605	4.00301554	3.98766992	3.97151665
	3.77845294	3.75786916	3.75063586	3.75187289	3.75913373	3.77106726	3.78713850	3.79569206	3.79044302	3.77805528	3.76371235	3.75039845	3.73804401	3.72408168	3.70381874	3.68303523	3.66785226	3.65554959	3.64439127	3.63871206	3.67768423	3.73378291	3.81778350	3.94053440	4.06840503	4.19945179	4.34190263	4.48407076	4.61865415	4.75443146	4.89029535	4.89321787	4.81788239	4.71661552	4.62414195	4.53385802	4.44268520	4.36906961	4.31369890	4.26070089	4.20598576	4.15499778	4.10125822	4.06559793	4.03795411	4.01579785	3.99841676	3.98024698	3.96329805
	3.75483063	3.73323192	3.72498001	3.72580513	3.73318936	3.74528274	3.76165726	3.77062492	3.76581469	3.75376388	3.73959732	3.72618614	3.71356132	3.69942271	3.67920885	3.65757163	3.64122878	3.62819986	3.61654252	3.61050168	3.65044128	3.70650037	3.79382125	3.91972791	4.04971332	4.18384556	4.32665585	4.46938744	4.60307282	4.74011059	4.87616542	4.87483431	4.79868117	4.69766439	4.60232269	4.51054702	4.41840016	4.34479702	4.28775320	4.23433238	4.17931407	4.12811735	4.07329159	4.03627176	4.00744923	3.98491007	3.96666753	3.94773077	3.93029496
	3.69438201	3.67170907	3.66222730	3.66261479	3.66974225	3.68136791	3.69741123	3.70629738	3.70206754	3.69089104	3.67759225	3.66485056	3.65267918	3.63883515	3.61822204	3.59536987	3.57830863	3.56473353	3.55260782	3.54617870	3.58699779	3.64295302	3.73370197	3.86157432	3.99222719	4.12442363	4.26370798	4.40152349	4.52835025	4.65988476	4.78497744	4.78311551	4.70493462	4.60570380	4.51270008	4.42159003	4.32865273	4.25782146	4.20170040	4.14790751	4.09248088	4.04243880	3.98925247	3.94985126	3.92182398	3.89818902	3.87956610	3.86012550	3.84130238
	3.66445541	3.64016842	3.62911885	3.62873082	3.63606335	3.64817848	3.66470616	3.67422357	3.67079201	3.66007119	3.64682488	3.63389434	3.62144805	3.60763469	3.58726853	3.56316413	3.54403549	3.52908760	3.51605343	3.50895143	3.54960697	3.60630979	3.70061402	3.83239922	3.96518838	4.10297124	4.24443302	4.38341397	4.51087494	4.64143581	4.76444053	4.76587234	4.68352729	4.58057616	4.48679264	4.39342142	4.29979503	4.22807354	4.16979023	4.11445430	4.05839699	4.00780681	3.95354038	3.91196621	3.88202261	3.85798841	3.83779201	3.81844464	3.79802245
	3.65092505	3.62505716	3.61232793	3.61102283	3.61866755	3.63147142	3.64858170	3.65882480	3.65623353	3.64594799	3.63259441	3.61934337	3.60655243	3.59303498	3.57328414	3.54778530	3.52633460	3.50996591	3.49599820	3.48820974	3.52857033	3.58587907	3.68359505	3.81943238	3.95415064	4.09710707	4.24140552	4.38222749	4.51258015	4.64281080	4.76473803	4.76504604	4.68178121	4.57605240	4.47806819	4.38555459	4.28918420	4.21602245	4.15760844	4.10124881	4.04302050	3.99028370	3.93626925	3.89416874	3.86232638	3.83647055	3.81451139	3.79426008	3.77317677
	3.67380221	3.64752745	3.63387276	3.63179590	3.63907580	3.65150211	3.66812007	3.67837616	3.67648745	3.66701126	3.65433905	3.64154235	3.62899697	3.61578397	3.59700948	3.57201166	3.54968038	3.53271606	3.51852551	3.51049963	3.54939522	3.60523961	3.70263145	3.83719142	3.96933781	4.10946594	4.24897444	4.38619276	4.51058147	4.63272809	4.74678559	4.74564338	4.66509134	4.56279023	4.46664409	4.37628758	4.28435633	4.21243950	4.15482236	4.09960508	4.04413598	3.99141589	3.93836919	3.89631594	3.86517642	3.84017218	3.81855593	3.79752428	3.77611933
	3.69563921	3.66912434	3.65481888	3.65198152	3.65883800	3.67091862	3.68708864	3.69725707	3.69584844	3.68698692	3.67478597	3.66234049	3.65002883	3.63711192	3.61904898	3.59474361	3.57190537	3.55440811	3.54003572	3.53184767	3.56975045	3.62427910	3.72135477	3.85550528	3.98593504	4.12227748	4.25800982	4.39339750	4.51234508	4.62873824	4.73426257	4.73266733	4.65487803	4.55398088	4.46070740	4.37256907	4.28256356	4.21404645	4.15653661	4.10162677	4.04796467	3.99609886	3.94481595	3.90229041	3.87133067	3.84581018	3.82502451	3.80411869	3.78225776
	3.65581920	3.62891381	3.61387636	3.61042357	3.61674940	3.62816106	3.64363312	3.65361131	3.65262578	3.64440632	3.63286290	3.62094139	3.60888649	3.59603953	3.57830226	3.55446610	3.53127050	3.51334094	3.49874720	3.49036956	3.52786950	3.58180023	3.67933897	3.81431419	3.94238107	4.07620775	4.20815192	4.33867544	4.45275120	4.56161051	4.65998431	4.65528038	4.57626786	4.47959966	4.38899814	4.30303720	4.21572761	4.14799925	4.09140027	4.03661306	3.98602992	3.93390580	3.88209337	3.84032454	3.81037052	3.78512804	3.76432638	3.74309980	3.71980481
	3.67883956	3.65052223	3.63418006	3.62960563	3.63571473	3.64769786	3.66380706	3.67462905	3.67458928	3.66698224	3.65555546	3.64337436	3.63089767	3.61759899	3.59999940	3.57642107	3.55172090	3.53179483	3.51602430	3.50688079	3.54303915	3.59671483	3.69595388	3.83391801	3.96394585	4.10132361	4.23469403	4.36673368	4.48235154	4.58931340	4.68307939	4.67742228	4.60106184	4.50251430	4.40950948	4.32263468	4.23542670	4.16631989	4.10953634	4.05437113	4.00345148	3.94972091	3.89743767	3.85510764	3.82431479	3.79746626	3.77546712	3.75278036	3.72859690
	3.67425149	3.64373259	3.62562606	3.61974842	3.62588495	3.63904502	3.65655301	3.66870590	3.66967360	3.66249799	3.65080563	3.63793543	3.62465131	3.61057788	3.59257621	3.56836142	3.54153839	3.51903340	3.50151945	3.49125534	3.52691430	3.58168983	3.68493751	3.82838632	3.96429716	4.11117317	4.25020709	4.38802850	4.50959582	4.61851472	4.71210468	4.70602018	4.63200036	4.52512501	4.42638413	4.33636063	4.24513372	4.17415713	4.11653775	4.05884447	4.00396250	3.94772425	3.89491682	3.85097434	3.81678281	3.78796280	3.76371208	3.73965764	3.71440067
	3.62282355	3.59107979	3.57187235	3.56526393	3.57112600	3.58437817	3.60222155	3.61487149	3.61637423	3.60962111	3.59813333	3.58527564	3.57178957	3.55728391	3.53867090	3.51392866	3.48631857	3.46257416	3.44407399	3.43315520	3.46895793	3.52461878	3.63041342	3.77733515	3.91702035	4.06627728	4.20722292	4.34619018	4.46871122	4.57760533	4.67001042	4.66189855	4.58290316	4.47546624	4.37545887	4.28283888	4.19098132	4.11881396	4.05965444	4.00136415	3.94573219	3.88872958	3.83357950	3.78860078	3.75347127	3.72530859	3.69955796	3.67422262	3.64780221
	3.61071124	3.57755743	3.55713766	3.54962715	3.55524405	3.56896351	3.58752246	3.60099197	3.60323157	3.59694655	3.58553280	3.57240907	3.55848828	3.54337274	3.52426195	3.49910187	3.47046011	3.44505669	3.42528224	3.41352311	3.44887225	3.50506142	3.61321796	3.76349529	3.90828074	4.06088264	4.20456833	4.34705093	4.47224742	4.58199853	4.67474436	4.66411621	4.58143618	4.47460458	4.37108937	4.27525328	4.18172278	4.10817924	4.04766054	3.98872532	3.93106365	3.87332320	3.81663532	3.77047511	3.73405076	3.70468320	3.67717138	3.65083619	3.62327246
	3.55938365	3.52372614	3.50097054	3.49161929	3.49646628	3.51061153	3.53009038	3.54474917	3.54815976	3.54267029	3.53147687	3.51799519	3.50341493	3.48732367	3.46709673	3.44090482	3.41086348	3.38288884	3.36073022	3.34733864	3.38262975	3.43966225	3.55259401	3.71007430	3.86514701	4.01876628	4.16833487	4.31640864	4.44587370	4.55844936	4.64840586	4.63063950	4.54014984	4.43479332	4.32782329	4.22935894	4.13120854	4.05501999	3.99334319	3.93221226	3.87085135	3.81163372	3.75301188	3.70520325	3.66531717	3.63276804	3.60264910	3.57500006	3.54580339
	3.56184859	3.52489567	3.50103643	3.49080562	3.49526426	3.50972953	3.52979964	3.54512244	3.54904432	3.54375067	3.53237824	3.51846375	3.50324897	3.48634110	3.46533372	3.43870916	3.40814075	3.37887830	3.35536366	3.34106442	3.37607684	3.43381692	3.54934880	3.70973724	3.87153570	4.02806800	4.18298649	4.33581299	4.46949818	4.58505636	4.67936054	4.66178290	4.56762302	4.45977573	4.35019546	4.24734939	4.14774494	4.06749439	4.00281914	3.94171764	3.88026336	3.81920480	3.75688430	3.70790007	3.66770396	3.63368685	3.60124423	3.57185367	3.54128112
	3.56920842	3.53195493	3.50737038	3.49617249	3.49966459	3.51344765	3.53299698	3.54819718	3.55255817	3.54793567	3.53715243	3.52354655	3.50845102	3.49154190	3.47049216	3.44410286	3.41390186	3.38432354	3.36005221	3.34512306	3.37943874	3.43585421	3.55073886	3.71052095	3.87300955	4.02641020	4.18103346	4.32950769	4.46123888	4.57344792	4.66502747	4.64503698	4.55338435	4.43994602	4.33396078	4.23288693	4.13394775	4.05610080	3.99037394	3.93012570	3.87027299	3.80957192	3.74742152	3.69806288	3.65760521	3.62340310	3.59173805	3.56078179	3.52922216
	3.59728329	3.56045831	3.53570429	3.52381488	3.52626446	3.53902005	3.55759555	3.57227118	3.57682769	3.57281687	3.56269194	3.54957199	3.53482270	3.51821688	3.49744114	3.47157394	3.44217938	3.41311177	3.38873938	3.37360752	3.40716008	3.46125834	3.57366001	3.73038372	3.89065295	4.04201436	4.19281877	4.33593909	4.46242871	4.56854846	4.65596820	4.63642456	4.54642710	4.43372760	4.32991435	4.23258719	4.13662721	4.06077917	3.99575344	3.93651860	3.87844606	3.81942850	3.75885185	3.70932018	3.66964915	3.63583518	3.60475565	3.57352666	3.54166996
	3.61915604	3.58290690	3.55806421	3.54550450	3.54686020	3.55843906	3.57586468	3.58990034	3.59466469	3.59137714	3.58208733	3.56960366	3.55536254	3.53924465	3.51889910	3.49356535	3.46492717	3.43648539	3.41215617	3.39690580	3.42966197	3.48113200	3.59047687	3.74369022	3.90045807	4.04889336	4.19472863	4.33102624	4.45138269	4.54979994	4.63145402	4.61191916	4.52423447	4.41625896	4.31137757	4.21865229	4.12713572	4.05241987	3.98989125	3.93138789	3.87508227	3.81800919	3.75984750	3.71057851	3.67224511	3.63901929	3.60809071	3.57672711	3.54467479
	3.62347134	3.58697953	3.56194307	3.54919066	3.55040532	3.56196211	3.57942277	3.59350958	3.59829613	3.59497464	3.58559715	3.57299671	3.55858133	3.54229383	3.52178359	3.49636437	3.46766658	3.43911851	3.41460481	3.39926202	3.43233659	3.48371961	3.59363789	3.74749516	3.90580814	4.05579164	4.20270961	4.34070675	4.46207460	4.56143240	4.64339342	4.62430770	4.53642037	4.42864105	4.32212124	4.22864642	4.13608397	4.06127802	3.99835805	3.93981124	3.88181032	3.82487326	3.76625583	3.71688160	3.67822011	3.64445117	3.61319608	3.58144528	3.54936059
	3.66547434	3.62938199	3.60401398	3.59022307	3.58985830	3.59994573	3.61610608	3.62950177	3.63448483	3.63184697	3.62319527	3.61110745	3.59697175	3.58092348	3.56066846	3.53578138	3.50795307	3.48021528	3.45581195	3.44054574	3.47392243	3.52139449	3.62841517	3.77885468	3.93624557	4.08627580	4.22969533	4.36483431	4.48188065	4.57684731	4.65180270	4.63613723	4.55034455	4.44801483	4.33989828	4.24691074	4.15670081	4.08494127	4.02222415	3.96388462	3.90420182	3.84935150	3.79254455	3.74434281	3.70599335	3.67161047	3.63961121	3.60706191	3.57503285
	3.67669951	3.64100879	3.61560461	3.60139317	3.60028189	3.60957451	3.62497514	3.63793564	3.64300276	3.64076558	3.63260823	3.62091707	3.60708760	3.59133003	3.57137124	3.54682481	3.51944965	3.49219895	3.46802240	3.45296082	3.48648368	3.53180564	3.63676159	3.78504500	3.94052452	4.08935633	4.23003725	4.36189357	4.47551158	4.56725890	4.63696771	4.62291303	4.53865845	4.43863697	4.33203924	4.23946617	4.15172598	4.08141009	4.01913669	3.96018515	3.90232852	3.84818343	3.79213826	3.74488270	3.70671272	3.67244599	3.64083712	3.60787503	3.57584317
	3.73910058	3.70439187	3.67916902	3.66441674	3.66206044	3.66999599	3.68407421	3.69626181	3.70137137	3.69963258	3.69215204	3.68114062	3.66785933	3.65255320	3.63315412	3.60936159	3.58297524	3.55672252	3.53323920	3.51879522	3.55209633	3.59391513	3.69496301	3.83915820	3.99145027	4.13855639	4.27538646	4.40376373	4.51268528	4.59999041	4.66550182	4.64718389	4.57017836	4.47375464	4.37490751	4.28060831	4.19434078	4.12483010	4.06684628	4.00978213	3.95025431	3.89500028	3.84163773	3.79683183	3.75904883	3.72491307	3.69263336	3.66063401	3.62896355
	3.77104987	3.73774801	3.71294504	3.69774919	3.69413995	3.70045434	3.71289642	3.72405031	3.72917411	3.72814705	3.72167663	3.71166288	3.69932236	3.68489027	3.66647504	3.64368838	3.61839928	3.59324469	3.57069649	3.55715849	3.58947504	3.62826789	3.72412904	3.86272165	4.00969772	4.15177555	4.28229773	4.40305973	4.50467770	4.58526598	4.64411899	4.62317471	4.55171211	4.46097934	4.36849358	4.27593315	4.19283332	4.12639708	4.06927911	4.01253622	3.95640168	3.90253837	3.85049513	3.80909703	3.77263182	3.73907261	3.70708650	3.67575460	3.64457683
	3.79739766	3.76454220	3.73968195	3.72396987	3.71946724	3.72486803	3.73650653	3.74721985	3.75245462	3.75185344	3.74591814	3.73642855	3.72455717	3.71047582	3.69242389	3.67000021	3.64513911	3.62038500	3.59815047	3.58505076	3.61677208	3.65436318	3.74812248	3.88462511	4.03067323	4.17232596	4.30127830	4.42047982	4.51967489	4.59806419	4.65479017	4.63252275	4.56217854	4.47453973	4.38464215	4.29226951	4.20869121	4.14236748	4.08578894	4.02862204	3.97324003	3.91953467	3.86723677	3.82614529	3.79076037	3.75698590	3.72488218	3.69346532	3.66206558
	3.83014000	3.79807347	3.77320559	3.75672387	3.75084295	3.75473465	3.76505450	3.77504578	3.78043938	3.78058146	3.77565330	3.76714378	3.75618047	3.74286688	3.72552882	3.70375180	3.67957025	3.65546753	3.63373512	3.62128179	3.65150102	3.68778122	3.77824671	3.91077783	4.05580524	4.19499747	4.32220497	4.43832789	4.53395564	4.60912552	4.66250274	4.63948435	4.56831531	4.48435879	4.39776821	4.30856320	4.22443996	4.15672925	4.09946574	4.04388542	3.98987711	3.93644070	3.88461262	3.84252538	3.80793492	3.77535115	3.74295805	3.71120693	3.67917455
	3.84169096	3.81044444	3.78579398	3.76896720	3.76225162	3.76505915	3.77430927	3.78367705	3.78914605	3.78982989	3.78571278	3.77804311	3.76784190	3.75529748	3.73872822	3.71763344	3.69404870	3.67046124	3.64912405	3.63718964	3.66619948	3.70143637	3.78880283	3.91749285	4.05942401	4.19507930	4.31845311	4.42950694	4.52065112	4.59169448	4.64102330	4.61717846	4.54618499	4.46544842	4.38165566	4.29636552	4.21343136	4.14678137	4.08940547	4.03557257	3.98305997	3.93099297	3.88021651	3.83859443	3.80436804	3.77327830	3.74136507	3.70981591	3.67773522
	3.85201672	3.82053019	3.79519036	3.77725267	3.76919084	3.77086965	3.77941560	3.78867849	3.79472648	3.79628474	3.79309909	3.78624921	3.77670925	3.76462470	3.74824500	3.72707301	3.70326064	3.67943560	3.65782584	3.64591953	3.67399730	3.70946714	3.79684052	3.92537941	4.07103723	4.20905742	4.33387217	4.44526260	4.53690706	4.60735173	4.65689940	4.63170967	4.55970973	4.47482575	4.39126411	4.30547308	4.22251204	4.15329095	4.09335161	4.03692045	3.98308684	3.93002276	3.87758271	3.83382060	3.79874279	3.76732764	3.73462595	3.70202285	3.66921623
	3.83014677	3.79879979	3.77306880	3.75432290	3.74511558	3.74559445	3.75318920	3.76220727	3.76875315	3.77116321	3.76900429	3.76314793	3.75441219	3.74305559	3.72720717	3.70628000	3.68246632	3.65856463	3.63682656	3.62507959	3.65230262	3.68781899	3.77418739	3.90111162	4.04699565	4.18421836	4.30495671	4.41351541	4.50191080	4.56914055	4.61732047	4.59165677	4.51897693	4.43322130	4.34985142	4.26372287	4.18360482	4.11399884	4.05329937	3.99576093	3.94198146	3.88810161	3.83661130	3.79254060	3.75709094	3.72442135	3.69147560	3.65846558	3.62524641
	3.82793542	3.79749436	3.77211938	3.75323956	3.74337876	3.74285209	3.74943974	3.75798821	3.76464472	3.76747201	3.76598452	3.76090172	3.75294445	3.74248105	3.72753148	3.70743693	3.68429327	3.66092365	3.63953060	3.62824471	3.65415050	3.68885631	3.77239026	3.89448890	4.03615960	4.16894769	4.28505251	4.38274667	4.46506595	4.52808407	4.57543008	4.54647082	4.47496933	4.39116688	4.30830686	4.22580166	4.15098010	4.08438942	4.02512543	3.96883087	3.91561611	3.86525669	3.81581322	3.77310676	3.73841449	3.70586044	3.67337798	3.64125669	3.60890070
	3.85878726	3.82841827	3.80287649	3.78359194	3.77315935	3.77211370	3.77843534	3.78709843	3.79418021	3.79758183	3.79670279	3.79219257	3.78474521	3.77466938	3.75996490	3.73997354	3.71683723	3.69349422	3.67212784	3.66076948	3.68573533	3.72042926	3.80337778	3.92453271	4.06684062	4.20063683	4.31662089	4.41505714	4.49815180	4.56177086	4.60815013	4.57994162	4.51035443	4.42648355	4.34196854	4.25913862	4.18253720	4.11516651	4.05587477	3.99904776	3.94435132	3.89311814	3.84349236	3.80013026	3.76467959	3.73147021	3.69856220	3.66611569	3.63350321
	3.87657908	3.84655832	3.82090211	3.80110336	3.78981756	3.78786501	3.79357892	3.80228102	3.80983048	3.81394113	3.81388641	3.81020678	3.80357636	3.79422987	3.78012256	3.76053003	3.73760803	3.71437741	3.69304902	3.68174630	3.70552835	3.74010973	3.82185306	3.94075891	4.08209982	4.21458590	4.32785666	4.42455864	4.50457552	4.56572504	4.60544915	4.57696184	4.50730128	4.42734635	4.34354360	4.26139356	4.18294535	4.11632371	4.05645327	4.00182212	3.94742396	3.89598706	3.84673453	3.80370331	3.76795649	3.73426258	3.70126228	3.66871888	3.63643951
	3.88923970	3.85894368	3.83252170	3.81161976	3.79901405	3.79593548	3.80118683	3.81026870	3.81870193	3.82398602	3.82517562	3.82264954	3.81706498	3.80851708	3.79489028	3.77535377	3.75214964	3.72845735	3.70665387	3.69498291	3.71744658	3.75266176	3.83468999	3.95348818	4.09694674	4.23164945	4.34536865	4.44434777	4.52469620	4.58450884	4.62158008	4.58976794	4.51768574	4.43746228	4.35456052	4.27139639	4.19026071	4.11973184	4.05696057	4.00165042	3.94717283	3.89433715	3.84319395	3.79904538	3.76155407	3.72641619	3.69236513	3.65877834	3.62535180
	3.87173928	3.84211809	3.81585466	3.79465224	3.78131326	3.77729412	3.78176402	3.79055215	3.79901375	3.80466748	3.80644580	3.80454872	3.79963512	3.79187941	3.77908356	3.76031309	3.73770655	3.71437124	3.69271417	3.68139955	3.70277799	3.73746897	3.81746869	3.93248136	4.07223038	4.20257596	4.31084831	4.40373673	4.47739925	4.53173885	4.56377277	4.53073054	4.45928434	4.37831363	4.29729921	4.21797544	4.14194147	4.07368783	4.01352572	3.95950768	3.90647261	3.85570629	3.80665623	3.76250881	3.72577208	3.69082890	3.65709942	3.62459770	3.59198820
	3.89746859	3.86824183	3.84202767	3.82057133	3.80673733	3.80216871	3.80631574	3.81504274	3.82368227	3.82978636	3.83214559	3.83084467	3.82653605	3.81933048	3.80704686	3.78869495	3.76639431	3.74325662	3.72173457	3.71045248	3.73068763	3.76507969	3.84379838	3.95646021	4.09453519	4.22356845	4.33079997	4.42248724	4.49495402	4.54742734	4.57743215	4.54521635	4.47450042	4.39202629	4.31104810	4.23312923	4.15996456	4.09203737	4.03220330	3.97773290	3.92496032	3.87413518	3.82492871	3.78038055	3.74368009	3.70906341	3.67537466	3.64333297	3.61090036
	3.92908764	3.90047401	3.87429874	3.85244976	3.83786363	3.83241882	3.83593071	3.84438320	3.85319359	3.85993256	3.86318998	3.86282800	3.85945863	3.85309039	3.84156752	3.82384292	3.80196164	3.77905392	3.75764537	3.74643489	3.76500491	3.79911120	3.87617798	3.98532428	4.11989671	4.24734042	4.35332488	4.44228110	4.51047006	4.55897151	4.58654876	4.55676207	4.48756486	4.40542556	4.32324577	4.24408237	4.17533887	4.10954300	4.05074987	3.99604900	3.94259382	3.89222365	3.84278447	3.79848104	3.76106157	3.72661541	3.69341366	3.66164410	3.62943997
	3.92748288	3.89936178	3.87329555	3.85125508	3.83626308	3.83033654	3.83348681	3.84170951	3.85050899	3.85752337	3.86123636	3.86141037	3.85862229	3.85285554	3.84193266	3.82476122	3.80331410	3.78067792	3.75939858	3.74841648	3.76604015	3.79977698	3.87542330	3.98179056	4.11301650	4.23780491	4.34109918	4.42633759	4.48958499	4.53287400	4.55776239	4.53066159	4.46212986	4.38108859	4.29951513	4.22151086	4.15478709	4.09131853	4.03411582	3.97985282	3.92688503	3.87738650	3.82844132	3.78460783	3.74724889	3.71322866	3.68089521	3.64939237	3.61770290
	3.90859038	3.88099313	3.85512769	3.83304144	3.81780952	3.81154646	3.81436876	3.82225148	3.83088518	3.83797944	3.84193605	3.84246841	3.84010654	3.83480241	3.82439222	3.80778592	3.78683089	3.76453839	3.74344488	3.73282279	3.74971940	3.78305988	3.85730458	3.96092925	4.08874914	4.20996825	4.31030318	4.39070014	4.44978450	4.48886683	4.51014616	4.48418643	4.41748367	4.33795319	4.25817436	4.18321878	4.11719828	4.05561445	3.99991441	3.94678475	3.89525719	3.84679408	3.79784850	3.75482152	3.71811565	3.68472972	3.65342860	3.62225708	3.59104012
	3.91970653	3.89237518	3.86634412	3.84377926	3.82788128	3.82093583	3.82318704	3.83073268	3.83942100	3.84692632	3.85153908	3.85280860	3.85118865	3.84653304	3.83668583	3.82052003	3.79979577	3.77752608	3.75632212	3.74573317	3.76155091	3.79488991	3.86852853	3.97021543	4.09620639	4.21635760	4.31619162	4.39473801	4.44956938	4.48563295	4.50444577	4.47634931	4.41162980	4.33590320	4.25629745	4.18203338	4.11568085	4.05468290	3.99827197	3.94545800	3.89400756	3.84524466	3.79514012	3.75151750	3.71492237	3.68159701	3.65015582	3.61934577	3.58817313
	3.93159954	3.90444237	3.87825873	3.85529853	3.83885744	3.83134954	3.83308102	3.84034494	3.84907926	3.85691620	3.86204813	3.86389401	3.86282200	3.85863163	3.84919269	3.83333912	3.81274890	3.79044571	3.76911306	3.75851909	3.77349574	3.80681973	3.88027854	3.98076669	4.10585438	4.22554992	4.32653206	4.40339909	4.45465048	4.49000181	4.50698804	4.47649549	4.41361267	4.34010780	4.26139847	4.18689495	4.11967818	4.05920607	4.00193768	3.94863613	3.89741878	3.84737660	3.79676493	3.75242912	3.71589649	3.68266288	3.65061062	3.61972701	3.58879707
	3.94356986	3.91702027	3.89092089	3.86766401	3.85064284	3.84243617	3.84340732	3.85026299	3.85897687	3.86719575	3.87301129	3.87571424	3.87548091	3.87207060	3.86342975	3.84830372	3.82821415	3.80615397	3.78485996	3.77442724	3.78813961	3.82093753	3.89327140	3.99085645	4.11311955	4.22973061	4.32909533	4.40278632	4.45100665	4.48341179	4.49733567	4.46658206	4.40357131	4.33100841	4.25565990	4.18224444	4.11541484	4.05517993	3.99868859	3.94495971	3.89369787	3.84289298	3.79277985	3.74878842	3.71243234	3.67936739	3.64721682	3.61686431	3.58700508
	3.96451290	3.93821460	3.91201299	3.88843657	3.87095210	3.86225508	3.86278541	3.86949781	3.87836876	3.88697168	3.89335661	3.89672151	3.89713847	3.89430120	3.88612540	3.87132491	3.85135719	3.82924119	3.80779334	3.79728825	3.81021628	3.84307094	3.91517644	4.01176000	4.13198715	4.24928843	4.34844586	4.42232157	4.46937338	4.50078375	4.51306158	4.48228023	4.41893160	4.34583572	4.27138322	4.19843325	4.13143343	4.06921359	4.01244802	3.95799162	3.90604568	3.85427178	3.80382599	3.75950047	3.72247443	3.68892499	3.65709032	3.62645777	3.59625617
	4.01637680	3.99105031	3.96543036	3.94207185	3.92445754	3.91534081	3.91523210	3.92149211	3.93025116	3.93901602	3.94585411	3.94990340	3.95107782	3.94902725	3.94168445	3.92769813	3.90842351	3.88682126	3.86573721	3.85539848	3.86715008	3.89933889	3.96931968	4.06208651	4.17673946	4.29234541	4.38825599	4.46062377	4.50646092	4.53625475	4.54620966	4.51698079	4.45487950	4.38411690	4.31073569	4.24028654	4.17304137	4.11235204	4.05575510	4.00205857	3.94982019	3.89830840	3.84862357	3.80503612	3.76815959	3.73515979	3.70402102	3.67397338	3.64450936
	4.05118736	4.02714749	4.00217822	3.97893216	3.96091349	3.95098812	3.94984150	3.95532919	3.96380847	3.97268369	3.98002526	3.98491991	3.98703610	3.98604228	3.97988148	3.96713461	3.94892760	3.92806714	3.90743398	3.89755211	3.90815107	3.93973901	4.00719897	4.09411515	4.20147081	4.31239929	4.40157317	4.46948447	4.51218332	4.53648064	4.54206048	4.51266900	4.45485675	4.38584420	4.31432363	4.24566399	4.18103373	4.12129986	4.06646246	4.01407714	3.96221807	3.91187140	3.86357192	3.82158171	3.78586277	3.75400441	3.72403316	3.69508652	3.66703539
	4.05155066	4.02812056	4.00342512	3.98013929	3.96179845	3.95133815	3.94958361	3.95462725	3.96293927	3.97186780	3.97946494	3.98477303	3.98733244	3.98684928	3.98131510	3.96925044	3.95162529	3.93113464	3.91066570	3.90102400	3.91115376	3.94249878	4.00892812	4.09246678	4.19748262	4.30520424	4.39114598	4.45607181	4.49689243	4.51835370	4.52130180	4.49133696	4.43581642	4.36694852	4.29609296	4.22847013	4.16531680	4.10578741	4.05228470	4.00041970	3.94873726	3.89877624	3.85112803	3.80985911	3.77489724	3.74372875	3.71450671	3.68628927	3.65904582
	4.08421515	4.06096024	4.03609361	4.01243602	3.99351454	3.98233950	3.97995072	3.98458676	3.99283998	4.00191130	4.00977960	4.01543719	4.01833446	4.01819900	4.01298010	4.00112010	3.98350445	3.96280905	3.94198721	3.93215743	3.94204345	3.97424976	4.04014091	4.12469927	4.23016279	4.33859309	4.42491261	4.49075948	4.53136142	4.55297465	4.55496819	4.52554143	4.46982579	4.40059159	4.32969396	4.26092950	4.19614606	4.13570493	4.08065052	4.02755406	3.97511503	3.92341870	3.87463950	3.83263550	3.79711452	3.76514167	3.73557001	3.70718791	3.67986106
	4.05724946	4.03413270	4.00892150	3.98459704	3.96479127	3.95266476	3.94944393	3.95347531	3.96154929	3.97079926	3.97908172	3.98525034	3.98857823	3.98891377	3.98422157	3.97277429	3.95530636	3.93444131	3.91321219	3.90339612	3.91335794	3.94685636	4.01236212	4.09793875	4.20144052	4.30870449	4.39519853	4.45929794	4.49892697	4.51925473	4.51912126	4.48956711	4.43314941	4.36401404	4.29243063	4.22219878	4.15731400	4.09596146	4.04024318	3.98654142	3.93251499	3.87986978	3.83015641	3.78777062	3.75216144	3.72007633	3.69046714	3.66218755	3.63502271
	4.03894367	4.01647611	3.99140596	3.96679841	3.94631498	3.93324572	3.92904118	3.93220940	3.93981924	3.94901952	3.95757245	3.96414748	3.96786137	3.96872591	3.96474604	3.95405179	3.93716663	3.91658687	3.89533622	3.88576172	3.89578869	3.93013592	3.99455687	4.07791053	4.17704595	4.28146319	4.36581392	4.42742773	4.46501537	4.48257735	4.48031899	4.45085632	4.39517647	4.32670048	4.25546533	4.18663850	4.12227649	4.06135458	4.00580671	3.95216082	3.89823907	3.84541125	3.79558693	3.75362235	3.71839278	3.68724639	3.65832216	3.63077345	3.60435986
	4.07697491	4.05458656	4.02935272	4.00446971	3.98362453	3.97010704	3.96554575	3.96833700	3.97585475	3.98513072	3.99378612	4.00044198	4.00421625	4.00513856	4.00117455	3.99041356	3.97334198	3.95248656	3.93090971	3.92112144	3.93135995	3.96673835	4.03122662	4.11436051	4.21497585	4.31999931	4.40635024	4.46943619	4.50819678	4.52639829	4.52477809	4.49470668	4.43924772	4.37109028	4.29849715	4.22983217	4.16409150	4.10192184	4.04507410	3.99088538	3.93618994	3.88179215	3.83080849	3.78790779	3.75202263	3.72044246	3.69105902	3.66319697	3.63651936
	4.04673333	4.02508939	4.00012242	3.97507873	3.95370194	3.93943053	3.93407043	3.93599552	3.94306786	3.95227830	3.96117522	3.96815860	3.97226944	3.97364801	3.97034026	3.96029200	3.94380972	3.92328704	3.90177753	3.89228750	3.90287903	3.93871924	4.00202374	4.08268557	4.18149827	4.28212612	4.36439132	4.42362359	4.45931403	4.47526350	4.47157224	4.44117760	4.38691108	4.31993552	4.24878222	4.17993720	4.11566649	4.05444026	3.99810033	3.94345455	3.88869442	3.83485754	3.78467378	3.74268098	3.70780202	3.67727926	3.64908230	3.62224723	3.59653878
	4.06391109	4.04218000	4.01690999	3.99145866	3.96961600	3.95486949	3.94907760	3.95055770	3.95739440	3.96654377	3.97539809	3.98234808	3.98642159	3.98776442	3.98436405	3.97411621	3.95729510	3.93632030	3.91430231	3.90458755	3.91573882	3.95249939	4.01699885	4.09893437	4.19956099	4.30331834	4.38769400	4.44871023	4.48553679	4.50254101	4.49955749	4.46882334	4.41450913	4.34649484	4.27436728	4.20423881	4.13861923	4.07638326	4.01802831	3.96198833	3.90590858	3.85046251	3.79861573	3.75530121	3.71930718	3.68783263	3.65887491	3.63143778	3.60511736
	4.07341126	4.05157801	4.02606946	4.00031048	3.97813403	3.96306899	3.95696806	3.95813142	3.96476168	3.97381575	3.98258615	3.98946607	3.99345971	3.99472675	3.99120620	3.98076112	3.96364319	3.94229666	3.91987366	3.90998965	3.92161308	3.95905914	4.02474638	4.10809079	4.20986269	4.31651560	4.40263432	4.46511449	4.50289540	4.52086008	4.51858850	4.48769139	4.43336403	4.36435240	4.29155395	4.22040153	4.15344847	4.09063463	4.03059928	3.97346955	3.91639962	3.85967686	3.80648046	3.76208027	3.72513953	3.69286365	3.66321080	3.63521032	3.60833808
	4.08965192	4.06775694	4.04218230	4.01637315	3.99418887	3.97909750	3.97303308	3.97418126	3.98077044	3.98975776	3.99842797	4.00519535	4.00906816	4.01020094	4.00650121	3.99584101	3.97850178	3.95695717	3.93437599	3.92439518	3.93616071	3.97383021	4.04012980	4.12425532	4.22704727	4.33514192	4.42241223	4.48601105	4.52451705	4.54264090	4.54095017	4.51069109	4.45580607	4.38654983	4.31386577	4.24208507	4.17421442	4.11128504	4.05055434	3.99331594	3.93584295	3.87863185	3.82488786	3.77994744	3.74249103	3.70980922	3.67979854	3.65145073	3.62422347
	4.08606868	4.06418000	4.03850799	4.01252462	3.99012117	3.97480497	3.96849614	3.96937108	3.97572965	3.98457495	3.99314857	3.99983826	4.00363078	4.00470255	4.00094291	3.99019004	3.97269485	3.95093558	3.92810002	3.91805983	3.93022649	3.96841203	4.03559948	4.12053312	4.22407656	4.33349726	4.42139638	4.48513802	4.52434990	4.54272074	4.54130233	4.51110595	4.45604208	4.38666750	4.31325716	4.24103715	4.17257195	4.10910138	4.04763499	3.98972204	3.93142524	3.87351465	3.81905414	3.77348099	3.73555905	3.70246756	3.67207224	3.64338386	3.61586908
	4.06489370	4.04304728	4.01722143	3.99092577	3.96809220	3.95237118	3.94556105	3.94594767	3.95194431	3.96061740	3.96912971	3.97579967	3.97957148	3.98066736	3.97696752	3.96623769	3.94864584	3.92665359	3.90347264	3.89339493	3.90617010	3.94512785	4.01339243	4.09918750	4.20313604	4.31394907	4.40208031	4.46534719	4.50502601	4.52381456	4.52243836	4.49174064	4.43702621	4.36735455	4.29258764	4.21999570	4.15111158	4.08686284	4.02438997	3.96526513	3.90581540	3.84697693	3.79160308	3.74530791	3.70692331	3.67340293	3.64259221	3.61356717	3.58581574
	4.05659504	4.03482131	4.00891836	3.98243866	3.95935196	3.94336238	3.93627883	3.93633549	3.94208782	3.95063050	3.95907349	3.96569386	3.96941374	3.97047326	3.96674388	3.95595621	3.93824938	3.91607397	3.89265788	3.88256055	3.89583742	3.93543616	4.00429626	4.09100055	4.19560292	4.30691224	4.39553555	4.45853067	4.49816147	4.51706632	4.51571455	4.48537014	4.43020659	4.36037753	4.28522390	4.21254625	4.14303693	4.07842663	4.01524744	3.95564492	3.89536306	3.83596211	3.77998981	3.73316129	3.69442792	3.66062536	3.62955530	3.60030362	3.57236427
	4.04868144	4.02697872	4.00098953	3.97432368	3.95098323	3.93470041	3.92733459	3.92701435	3.93244506	3.94079060	3.94909999	3.95560786	3.95921590	3.96017751	3.95634895	3.94542572	3.92752865	3.90510140	3.88139084	3.87126570	3.88517431	3.92566934	3.99515010	4.08319699	4.18901877	4.30082285	4.39009745	4.45283941	4.49302277	4.51222847	4.51089816	4.48099648	4.42487146	4.35507770	4.27933415	4.20660349	4.13654216	4.07109168	4.00731090	3.94707771	3.88582752	3.82577352	3.76908985	3.72156484	3.68239462	3.64820041	3.61676143	3.58718079	3.55895182
	4.02918913	4.00741394	3.98121550	3.95424288	3.93054873	3.91392301	3.90625704	3.90566226	3.91091011	3.91920386	3.92752972	3.93406036	3.93767306	3.93864747	3.93483238	3.92387267	3.90585035	3.88320151	3.85920257	3.84904581	3.86342437	3.90481124	3.97451526	4.06396520	4.17077092	4.28317322	4.37181974	4.43546958	4.47595014	4.49517930	4.49365416	4.46352813	4.40684297	4.33677075	4.26024317	4.18694846	4.11648075	4.05022521	3.98564157	3.92475205	3.86258643	3.80188276	3.74453309	3.69644269	3.65690070	3.62237671	3.59063210	3.56076641	3.53229186
	4.01968078	3.99784642	3.97152919	3.94439172	3.92051327	3.90370946	3.89591084	3.89521367	3.90040585	3.90870543	3.91706852	3.92363567	3.92727128	3.92827046	3.92447995	3.91351860	3.89544821	3.87270056	3.84856866	3.83839354	3.85295849	3.89475893	3.96444113	4.05462857	4.16186073	4.27456498	4.36275445	4.42712030	4.46749714	4.48671815	4.48507698	4.45483873	4.39792779	4.32757403	4.25072999	4.17713418	4.10639900	4.03986699	3.97483165	3.91366755	3.85109775	3.79007255	3.73241119	3.68406590	3.64434375	3.60967299	3.57779607	3.54780187	3.51921336
	4.01910782	3.99732774	3.97102889	3.94388222	3.91996415	3.90309603	3.89528031	3.89447681	3.89959761	3.90785206	3.91619228	3.92274296	3.92636359	3.92735783	3.92357566	3.91262868	3.89456844	3.87181728	3.84766777	3.83750885	3.85218513	3.89409169	3.96377962	4.05412546	4.16134485	4.27378279	4.36245157	4.42613005	4.46613703	4.48534764	4.48361740	4.45353257	4.39668589	4.32624672	4.24949050	4.17614978	4.10532438	4.03901629	3.97387384	3.91268773	3.85011436	3.78902284	3.73129793	3.68289954	3.64313563	3.60845931	3.57658821	3.54659966	3.51801575
	4.03650071	4.01453274	3.98800317	3.96066086	3.93656218	3.91943328	3.91139316	3.91015046	3.91470685	3.92244952	3.93029849	3.93636743	3.93951169	3.94005432	3.93577338	3.92424887	3.90555017	3.88215721	3.85740455	3.84705533	3.86264636	3.90636431	3.97703516	4.07063909	4.18168962	4.29771941	4.38914848	4.45506789	4.49839457	4.52061557	4.51974806	4.48959663	4.43256338	4.36070996	4.28326196	4.20893347	4.13694354	4.06911773	4.00215729	3.93886210	3.87568506	3.81290571	3.75324176	3.70301803	3.66163087	3.62549008	3.59234127	3.56114468	3.53137137
	4.05132097	4.02923445	4.00249759	3.97497722	3.95072494	3.93335180	3.92505175	3.92329366	3.92715606	3.93423472	3.94145063	3.94688786	3.94940961	3.94937111	3.94446935	3.93225317	3.91280824	3.88868233	3.86325211	3.85274553	3.86950000	3.91541735	3.98753068	4.08398408	4.19988821	4.31944189	4.41488412	4.48122477	4.52880786	4.55373175	4.55340191	4.52265280	4.46515813	4.39333544	4.31476000	4.23905647	4.16647951	4.09684411	4.02826669	3.96268573	3.89885712	3.83447100	3.77274567	3.72060031	3.67749090	3.63979205	3.60531131	3.57286960	3.54188184
	4.05178518	4.02974702	4.00296633	3.97539134	3.95108792	3.93361402	3.92515134	3.92310667	3.92657524	3.93326155	3.94011799	3.94519159	3.94735733	3.94699655	3.94177291	3.92922078	3.90942300	3.88495680	3.85921182	3.84869596	3.86615383	3.91329460	3.98633203	4.08334508	4.20201037	4.32255695	4.42056936	4.48515504	4.53490093	4.56043272	4.55970230	4.52845239	4.47050154	4.40009494	4.32092011	4.24429434	4.17199465	4.10161159	4.03265913	3.96605956	3.90193805	3.83705259	3.77447057	3.72155327	3.67774646	3.63942733	3.60444417	3.57154529	3.54012278
	4.06302181	4.04094181	4.01412488	3.98654962	3.96227596	3.94481428	3.93631283	3.93420862	3.93752086	3.94400678	3.95066202	3.95553069	3.95748836	3.95692689	3.95148586	3.93869677	3.91866290	3.89399210	3.86808584	3.85751734	3.87523891	3.92280801	3.99647566	4.09323646	4.21413537	4.33557631	4.43454282	4.50026520	4.55087960	4.57739701	4.57557813	4.54563030	4.48653108	4.41580886	4.33770410	4.26016857	4.18721870	4.11749501	4.04796363	3.98079623	3.91628628	3.85136795	3.78837539	3.73505741	3.69084495	3.65215909	3.61684782	3.58364234	3.55190968
	4.07350308	4.05163093	4.02490813	3.99737940	3.97311856	3.95554905	3.94668122	3.94412651	3.94665760	3.95230883	3.95819866	3.96236570	3.96363851	3.96248073	3.95649758	3.94319395	3.92265698	3.89750134	3.87115363	3.86060355	3.87950824	3.92834672	4.00381670	4.10078896	4.22632700	4.34960680	4.45158217	4.51711435	4.57029953	4.59856457	4.59777481	4.56858378	4.50786909	4.43607548	4.35817441	4.28118328	4.20767821	4.13799168	4.06728308	3.99919114	3.93335358	3.86823176	3.80414179	3.74966355	3.70450604	3.66491233	3.62880357	3.59485829	3.56242946
	4.07897088	4.05707998	4.03034256	4.00281520	3.97857275	3.96101929	3.95213784	3.94958212	3.95205638	3.95762646	3.96343034	3.96751403	3.96869897	3.96745735	3.96138286	3.94798152	3.92734810	3.90210734	3.87569437	3.86511269	3.88409296	3.93306271	4.00886874	4.10590321	4.23198572	4.35584670	4.45843742	4.52413381	4.57788248	4.60651307	4.60581172	4.57687942	4.51573807	4.44359185	4.36585036	4.28893980	4.21506493	4.14557357	4.07454594	4.00624523	3.94021020	3.87510763	3.81085495	3.75619671	3.71088732	3.67113798	3.63488960	3.60081220	3.56825999
	4.10099187	4.07926973	4.05269863	4.02534653	4.00125620	3.98374026	3.97471441	3.97172870	3.97347740	3.97823589	3.98325665	3.98663905	3.98716939	3.98534740	3.97875604	3.96487488	3.94381828	3.91821059	3.89150445	3.88092823	3.90079158	3.95022933	4.02697027	4.12505137	4.25498957	4.38039185	4.48476075	4.55329679	4.60954207	4.64052862	4.64346632	4.61447397	4.55285176	4.47787645	4.39953798	4.32358990	4.25007913	4.17950770	4.10791097	4.03967234	3.97220205	3.90689375	3.84191877	3.78640668	3.74027484	3.69969549	3.66266739	3.62785313	3.59454519
	4.11299040	4.09152629	4.06515748	4.03796835	4.01396808	3.99640656	3.98714026	3.98360037	3.98452084	3.98839444	3.99257948	3.99522706	3.99507925	3.99267219	3.98559492	3.97128681	3.94985652	3.92391302	3.89691126	3.88641674	3.90736740	3.95753217	4.03488320	4.13422278	4.26821946	4.39449874	4.50014015	4.57134893	4.62950765	4.66251733	4.66990553	4.63999703	4.57807008	4.50079222	4.42173750	4.34696239	4.27386635	4.20165986	4.13002890	4.06203230	3.99297240	3.92747463	3.86171717	3.80535681	3.75841495	3.71703341	3.67925142	3.64372873	3.60969220
	4.11204064	4.09067193	4.06436225	4.03721208	4.01321052	3.99560148	3.98621214	3.98239369	3.98291764	3.98638565	3.99018113	3.99247990	3.99201088	3.98931530	3.98199386	3.96746427	3.94583249	3.91970625	3.89253686	3.88210255	3.90364255	3.95446793	4.03198446	4.13247235	4.26847901	4.39498822	4.50114004	4.57404842	4.63274135	4.66667570	4.67680921	4.64586691	4.58393007	4.50619889	4.42609923	4.35127693	4.27882254	4.20501299	4.13377564	4.06563878	3.99581655	3.92990381	3.86375881	3.80697856	3.75961889	3.71783650	3.67967390	3.64379022	3.60937405
	4.13557354	4.11414793	4.08786170	4.06082049	4.03697656	4.01947946	4.01007025	4.00600284	4.00593858	4.00875172	4.01188984	4.01353421	4.01245022	4.00914163	4.00119187	3.98601652	3.96378726	3.93715297	3.90960417	3.89909605	3.92139633	3.97302010	4.05217218	4.15455753	4.29426818	4.42310956	4.53208737	4.60905908	4.67048444	4.70743660	4.72009851	4.69000169	4.62813078	4.54892376	4.46618865	4.38869963	4.31930286	4.24306157	4.17120704	4.10146107	4.03105870	3.96336486	3.89676415	3.83906555	3.79075915	3.74806928	3.70904886	3.67233893	3.63704278
	4.13136802	4.11019004	4.08405151	4.05706833	4.03317674	4.01549855	4.00579150	4.00131039	4.00075121	4.00307074	4.00580973	4.00710468	4.00570987	4.00214228	3.99399737	3.97868118	3.95632404	3.92955235	3.90184232	3.89146691	3.91458576	3.96684868	4.04650919	4.14972658	4.29115566	4.42014731	4.52923514	4.60705044	4.66892202	4.70634459	4.71982658	4.68942979	4.62797711	4.54892906	4.46621396	4.38779713	4.31923132	4.24273797	4.16982985	4.09988100	4.02939413	3.96103334	3.89407364	3.83594619	3.78724523	3.74421480	3.70485411	3.66786513	3.63229942
	4.13777895	4.11656437	4.09036550	4.06333260	4.03939273	4.02163607	4.01178317	4.00704566	4.00608874	4.00798306	4.01030605	4.01120317	4.00942012	4.00547347	3.99694204	3.98122049	3.95845652	3.93130442	3.90326692	3.89285878	3.91668386	3.96976779	4.05094694	4.15566768	4.29975977	4.43048867	4.54122164	4.62133099	4.68500393	4.72409060	4.73907608	4.70901005	4.64724387	4.56724383	4.48322859	4.40339441	4.33545907	4.25782635	4.18371441	4.11267133	4.04168114	3.97218237	3.90449160	3.84558520	3.79616117	3.75241611	3.71239079	3.67479770	3.63864263
	4.15420873	4.13299300	4.10682316	4.07986762	4.05601847	4.03828234	4.02833076	4.02333276	4.02192130	4.02326790	4.02507906	4.02548226	4.02323058	4.01882745	4.00984536	3.99368517	3.97052182	3.94301822	3.91469568	3.90424312	3.92868807	3.98266046	4.06468100	4.17117295	4.31781197	4.45035587	4.56321385	4.64745256	4.71243900	4.75382121	4.77109503	4.74154651	4.67959992	4.59925197	4.51446146	4.43234776	4.36564152	4.28675440	4.21091890	4.13863719	4.06732009	3.99630462	3.92822696	3.86858066	3.81838851	3.77391826	3.73321533	3.69498179	3.65814152
	4.17246018	4.15163707	4.12578372	4.09911131	4.07543063	4.05765520	4.04737190	4.04169891	4.03934052	4.03964738	4.04049517	4.04004823	4.03701100	4.03193470	4.02237475	4.00575910	3.98225342	3.95447612	3.92593674	3.91571735	3.94157019	3.99730940	4.08076638	4.18942698	4.33975854	4.47289983	4.58740867	4.67714034	4.74248684	4.78664363	4.80625061	4.77844867	4.71678601	4.63669496	4.55176428	4.46938173	4.40226236	4.32175229	4.24392669	4.17043419	4.09889263	4.02591533	3.95695286	3.89644425	3.84540557	3.80002352	3.75846002	3.71945493	3.68187220
	4.19028825	4.16967843	4.14405803	4.11764768	4.09419261	4.07653899	4.06620074	4.06023135	4.05738358	4.05713357	4.05743031	4.05650251	4.05302189	4.04756303	4.03766327	4.02078651	3.99711854	3.96926389	3.94071886	3.93063319	3.95707135	4.01355061	4.09768070	4.20716439	4.35903431	4.49283085	4.60847686	4.70084041	4.76744011	4.81343509	4.83448186	4.80801992	4.74685768	4.66692543	4.58191495	4.50027266	4.43220272	4.35058514	4.27187355	4.19817202	4.12665718	4.05262431	3.98308840	3.92222975	3.87081911	3.82496604	3.78293370	3.74353329	3.70560471
	4.21957594	4.19889585	4.17336237	4.14719797	4.12408638	4.10676691	4.09666240	4.09063449	4.08747156	4.08681416	4.08662931	4.08525859	4.08136073	4.07548264	4.06511785	4.04778660	4.02377918	3.99574406	3.96718694	3.95710793	3.98376846	4.04085108	4.12589990	4.23696570	4.38916848	4.52673386	4.64526438	4.74032943	4.81126615	4.86008512	4.88370964	4.85881909	4.79757479	4.71732549	4.63161351	4.55136325	4.48029138	4.39728097	4.31704020	4.24232495	4.17047730	4.09560332	4.02449934	3.96320906	3.91105599	3.86449497	3.82170427	3.78163497	3.74314866
	4.25432462	4.23370245	4.20833975	4.18247608	4.15972779	4.14270092	4.13272138	4.12639654	4.12260657	4.12124071	4.12029210	4.11823627	4.11370618	4.10724476	4.09628734	4.07841223	4.05400984	4.02575458	3.99716110	3.98722434	4.01462820	4.07298181	4.15955161	4.27283372	4.42617349	4.56829429	4.69036270	4.79060699	4.86537103	4.91797071	4.94487729	4.92221810	4.86082663	4.78030358	4.69411766	4.61605984	4.54074957	4.45570708	4.37330383	4.29665998	4.22407809	4.14811657	4.07457966	4.01249436	3.95926641	3.91166538	3.86775957	3.82668119	3.78734656
	4.27332804	4.25283220	4.22760262	4.20190126	4.17931689	4.16236890	4.15232402	4.14561727	4.14120725	4.13919449	4.13763813	4.13502652	4.13000461	4.12311690	4.11177129	4.09355729	4.06891812	4.04053552	4.01192398	4.00221106	4.03051853	4.09025333	4.17835248	4.29353613	4.44834957	4.59322411	4.71778014	4.82218136	4.89938424	4.95475430	4.98434879	4.96297402	4.90165435	4.82086419	4.73431849	4.65735232	4.57941172	4.49321610	4.40881589	4.33030345	4.25666153	4.18010390	4.10455833	4.04103307	3.98700246	3.93845934	3.89364118	3.85170145	3.81158923
	4.27632210	4.25629961	4.23139624	4.20590694	4.18340190	4.16635191	4.15599953	4.14876602	4.14371291	4.14109984	4.13903459	4.13599170	4.13060728	4.12347683	4.11199590	4.09375424	4.06918401	4.04091397	4.01242057	4.00315555	4.03261773	4.09378582	4.18289152	4.29959560	4.45487157	4.59983157	4.72411426	4.83151500	4.90724085	4.96300443	4.99330266	4.97253487	4.91142804	4.83101456	4.74486463	4.66939426	4.59022562	4.50454005	4.41892260	4.33941084	4.26559378	4.18908117	4.11225925	4.04846131	3.99401936	3.94506213	3.89986305	3.85748443	3.81701442
	4.29453813	4.27435688	4.24937504	4.22392291	4.20154688	4.18465205	4.17439590	4.16700918	4.16160547	4.15857911	4.15612672	4.15268743	4.14692819	4.13942106	4.12754325	4.10888784	4.08397094	4.05547701	4.02688709	4.01768686	4.04765793	4.10989826	4.20044509	4.31910929	4.47659050	4.62407983	4.75144467	4.86271978	4.94137820	5.00067408	5.03372637	5.01362631	4.95285874	4.87185191	4.78487736	4.70882394	4.62829828	4.54062971	4.45349673	4.37225349	4.29713430	4.21970549	4.14130903	4.07553305	4.02041281	3.97053196	3.92438871	3.88120207	3.83998442
	4.32104078	4.30075991	4.27612120	4.25086477	4.22869774	4.21209231	4.20177901	4.19363943	4.18707347	4.18273191	4.17906836	4.17454045	4.16774688	4.15927080	4.14647880	4.12691208	4.10124831	4.07226030	4.04345927	4.03459368	4.06633942	4.13081102	4.22411933	4.34974433	4.51197672	4.66558168	4.79978516	4.91858389	5.00441944	5.07217045	5.11180883	5.09363686	5.03337170	4.95068838	4.86159177	4.78322876	4.70070033	4.60912544	4.51864698	4.43260232	4.35391347	4.27398151	4.19279956	4.12232133	4.06449942	4.01260247	3.96414319	3.91876101	3.87556627
	4.34827887	4.32878914	4.30475735	4.28025843	4.25861772	4.24262988	4.23236774	4.22368209	4.21585543	4.21012838	4.20512512	4.19947391	4.19164300	4.18227393	4.16884078	4.14887029	4.12310483	4.09432103	4.06595606	4.05797151	4.09173058	4.15802470	4.25255295	4.38299821	4.54609215	4.70141847	4.83751469	4.96015080	5.04870520	5.12185914	5.16532439	5.14856158	5.08976565	5.00857222	4.91833209	4.83734612	4.75919998	4.66609214	4.57458102	4.48643275	4.40479489	4.32457794	4.24243123	4.17003289	4.10974180	4.05744130	4.00773511	3.96113697	3.91703605
	4.36263694	4.34314909	4.31895658	4.29451691	4.27300740	4.25687440	4.24646622	4.23793593	4.22910241	4.22227802	4.21616077	4.20949713	4.20068820	4.19032811	4.17593137	4.15503152	4.12850411	4.09924400	4.07070683	4.06316388	4.09881071	4.16835498	4.26555992	4.40230345	4.56930153	4.73067451	4.87254264	4.99908562	5.09656591	5.17584053	5.22352228	5.20692953	5.14831480	5.06614594	4.97368957	4.88442990	4.81037890	4.71475825	4.62037586	4.52896590	4.44296835	4.36041181	4.27546330	4.19990022	4.13567002	4.08102106	4.02968773	3.98090540	3.93491974
	4.39920875	4.37995460	4.35615937	4.33229707	4.31144750	4.29551037	4.28522576	4.27633317	4.26657803	4.25840352	4.25095763	4.24304622	4.23311442	4.22162818	4.20619137	4.18443196	4.15738174	4.12804110	4.09983939	4.09299866	4.13036012	4.20257802	4.30212980	4.44376804	4.61404563	4.77993241	4.92853015	5.05565420	5.16510178	5.25276241	5.30525598	5.29093994	5.23392783	5.15198543	5.06028574	4.96610161	4.89077154	4.79421149	4.69771827	4.60347210	4.51315815	4.42755037	4.34095260	4.26294833	4.19525590	4.13644268	4.08409006	4.03339600	3.98551427
	4.40713058	4.38801553	4.36434160	4.34062824	4.31991030	4.30397328	4.29346928	4.28340793	4.27310961	4.26375336	4.25520890	4.24627364	4.23539152	4.22301712	4.20675506	4.18425444	4.15662827	4.12694589	4.09865972	4.09238909	4.13180529	4.20706958	4.31000018	4.45583620	4.63076640	4.80109028	4.95560971	5.08450701	5.20112191	5.29491414	5.35176803	5.33829452	5.28159652	5.19920182	5.10667699	5.01136298	4.93051015	4.83362251	4.73454212	4.63757101	4.54366625	4.45403363	4.36538537	4.28505628	4.21478702	4.15303219	4.09780081	4.04578326	3.99613189
	4.41810294	4.39917935	4.37576686	4.35241144	4.33207542	4.31639359	4.30586006	4.29464116	4.28386414	4.27332136	4.26356590	4.25352178	4.24161743	4.22827859	4.21111562	4.18783035	4.15966501	4.12978928	4.10164469	4.09595384	4.13708234	4.21543266	4.32154504	4.47089028	4.64953467	4.82552178	4.98384577	5.11643784	5.23914688	5.33859920	5.40122469	5.38952545	5.33238506	5.24974922	5.15674487	5.06051857	4.97408451	4.87813207	4.77640228	4.67679783	4.57943528	4.48669584	4.39540474	4.31259251	4.24028791	4.17543713	4.11741454	4.06394684	4.01263854
	4.41825871	4.39974604	4.37678798	4.35393276	4.33404422	4.31857563	4.30785070	4.29536166	4.28339034	4.27130150	4.25994868	4.24853995	4.23539520	4.22089505	4.20271062	4.17855692	4.14987068	4.11992596	4.09209388	4.08648821	4.12870494	4.20984960	4.31973449	4.47205289	4.65478158	4.83662267	5.00074376	5.13827925	5.26740024	5.37407407	5.44548256	5.43534421	5.37881562	5.29583591	5.20227742	5.10455055	5.00869650	4.91770660	4.81320152	4.71052715	4.60973182	4.51357418	4.41887565	4.33314995	4.25838626	4.18949130	4.12826451	4.07245051	4.01899756
	4.40982445	4.39156306	4.36886152	4.34625865	4.32656563	4.31118332	4.30037144	4.28741340	4.27447931	4.26156260	4.24929841	4.23708051	4.22318261	4.20791950	4.18906077	4.16433301	4.13527863	4.10522379	4.07749968	4.07165011	4.11403709	4.19630208	4.30869889	4.46230381	4.64721002	4.83314109	5.00244334	5.14305209	5.27509844	5.38571833	5.46135143	5.45287570	5.39643603	5.31302535	5.21888087	5.12154313	5.02239464	4.92958557	4.82515785	4.72033327	4.61757260	4.51953889	4.42275824	4.33523483	4.25835444	4.18765928	4.12435881	4.06691327	4.01199522
	4.42061172	4.40295094	4.38097210	4.35903065	4.33988035	4.32484586	4.31413530	4.30110608	4.28718685	4.27364936	4.26073954	4.24793248	4.23356963	4.21781996	4.19864637	4.17383487	4.14495413	4.11532265	4.08817021	4.08199467	4.12344415	4.20462932	4.31921618	4.46944519	4.65289926	4.84090904	5.01238592	5.15437818	5.28805182	5.40142899	5.48008531	5.47373438	5.41904359	5.33691132	5.24370387	5.14742578	5.04894503	4.95212736	4.85207925	4.74654874	4.64346075	4.54516446	4.44792916	4.35992331	4.28221697	4.21100816	4.14623982	4.08798279	4.03232778
	4.40995513	4.39255600	4.37104513	4.34955761	4.33082734	4.31605930	4.30538639	4.29197293	4.27627220	4.26135302	4.24715693	4.23308986	4.21763335	4.20065324	4.18029281	4.15451639	4.12498773	4.09509745	4.06800701	4.06114579	4.10201569	4.18379021	4.30399213	4.45564595	4.64382042	4.84108157	5.01983473	5.17015259	5.31115550	5.43213973	5.51733105	5.51480065	5.46060921	5.37719015	5.28238442	5.18404397	5.08440209	4.98109539	4.87780356	4.77159701	4.66446258	4.56230267	4.46115901	4.36951233	4.28780881	4.21316998	4.14432288	4.08283659	4.02428334
	4.40596485	4.38885882	4.36800213	4.34727994	4.32929103	4.31511523	4.30478521	4.29128371	4.27459052	4.25872348	4.24370089	4.22885428	4.21276938	4.19505386	4.17391263	4.14762633	4.11792054	4.08817970	4.06148912	4.05428937	4.09403178	4.17532997	4.29557850	4.44919487	4.63959150	4.84104424	5.02308894	5.17853468	5.32310966	5.44840355	5.53698031	5.53831020	5.48530317	5.40213623	5.30685202	5.20824886	5.10812665	5.00287871	4.89529622	4.79093644	4.68190020	4.57770356	4.47487093	4.38102471	4.29735581	4.22045104	4.14994489	4.08662809	4.02651624
	4.39844368	4.38162608	4.36120582	4.34104293	4.32354140	4.30970948	4.29951176	4.28588195	4.26838741	4.25178525	4.23615925	4.22079186	4.20429267	4.18610818	4.16447104	4.13789679	4.10811261	4.07847148	4.05202613	4.04455690	4.08347314	4.16455685	4.28485945	4.43936567	4.63104660	4.83503474	5.01941571	5.17792319	5.32439970	5.45211874	5.54268176	5.54612498	5.49391938	5.41144508	5.31603829	5.21709853	5.11706630	5.01058421	4.90148299	4.79630382	4.68697684	4.58169099	4.47775279	4.38248477	4.29746463	4.21897583	4.14744161	4.08284334	4.02159809
	4.38610368	4.36981371	4.34980004	4.33012877	4.31294382	4.29923282	4.28893980	4.27517581	4.25708946	4.24001265	4.22406977	4.20850816	4.19192186	4.17368010	4.15204125	4.12563561	4.09611875	4.06677241	4.04062087	4.03291596	4.07090357	4.15119094	4.27069629	4.42400588	4.61452646	4.81791437	5.00195833	5.16039256	5.30585868	5.43257347	5.52287787	5.52687106	5.47623728	5.39545571	5.30063268	5.20203561	5.10344759	4.99697861	4.88838059	4.78200907	4.67494611	4.57057110	4.46670041	4.37153729	4.28624143	4.20738926	4.13612327	4.07137696	4.00984690
	4.36474180	4.34857073	4.32855468	4.30888156	4.29185723	4.27801550	4.26755978	4.25342382	4.23436233	4.21636621	4.19968050	4.18356923	4.16654794	4.14788836	4.12581781	4.09907134	4.06926274	4.03967397	4.01336718	4.00513686	4.04246314	4.12321932	4.24398267	4.39934177	4.59232961	4.79980011	4.98814432	5.15086228	5.29922977	5.42875635	5.52136013	5.52701862	5.47752579	5.39578339	5.30013555	5.20048913	5.10102419	4.99227113	4.88143016	4.77096650	4.66445825	4.55823194	4.45194764	4.35481839	4.26686702	4.18588021	4.11279931	4.04633029	3.98297305
	4.34894008	4.33286395	4.31336753	4.29400955	4.27707821	4.26330781	4.25287312	4.23851796	4.21873958	4.19996877	4.18264021	4.16608152	4.14872108	4.12975165	4.10736494	4.08041740	4.05049977	4.02089914	3.99468232	3.98598850	4.02214549	4.10262750	4.22358003	4.38046367	4.57456773	4.78534788	4.97751714	5.14446970	5.29558576	5.42856281	5.52350269	5.53142371	5.47958630	5.40102077	5.30549033	5.20518462	5.10530359	4.99510143	4.88218307	4.76992909	4.66277770	4.55449934	4.44655207	4.34735873	4.25735477	4.17409830	4.09980718	4.03127564	3.96626244
	4.33498930	4.31905162	4.30056280	4.28204533	4.26552695	4.25237969	4.24134575	4.22670628	4.20604660	4.18627135	4.16805101	4.15083282	4.13297430	4.11355960	4.09072910	4.06345330	4.03333188	4.00366033	3.97750952	3.96819353	4.00272722	4.08268126	4.20352197	4.36306629	4.55808808	4.77309636	4.97064233	5.14369834	5.29970317	5.43722943	5.53570675	5.54204390	5.49169528	5.41814120	5.32310145	5.22070560	5.12007312	5.00850108	4.89295572	4.77845222	4.66932716	4.55880972	4.44854292	4.34693479	4.25431507	4.16797937	4.09139350	4.02023294	3.95294126
	4.32768442	4.31187756	4.29388992	4.27602142	4.26027243	4.24772178	4.23692390	4.22175692	4.20069187	4.18039147	4.16168201	4.14410146	4.12601338	4.10641595	4.08342757	4.05606946	4.02595929	3.99636360	3.97033994	3.96061465	3.99377486	4.07294146	4.19286950	4.35260245	4.54720331	4.76332807	4.96306426	5.13895207	5.29732457	5.43622800	5.53657906	5.54265751	5.49495926	5.41873317	5.32769876	5.22525884	5.12507052	5.01360753	4.89719987	4.78214601	4.67236343	4.56105596	4.44990522	4.34749341	4.25392399	4.16627156	4.08846736	4.01622128	3.94788650
	4.31345237	4.29805197	4.28067874	4.26341395	4.24829940	4.23609828	4.22565434	4.20982952	4.18854344	4.16803505	4.14920548	4.13159012	4.11358877	4.09412889	4.07132904	4.04423490	4.01443932	3.98514330	3.95938571	3.94932838	3.98100810	4.05882970	4.17648719	4.33488071	4.52769345	4.74237382	4.94144401	5.11708997	5.27504225	5.41148801	5.51069221	5.51667501	5.46996751	5.39171636	5.30543052	5.20414850	5.10544092	4.99504496	4.87935393	4.76576057	4.65652453	4.54617811	4.43538641	4.33327359	4.23983612	4.15243419	4.07471737	4.00237890	3.93390998
	4.31425770	4.29890685	4.28220713	4.26591366	4.25186605	4.24062535	4.23116119	4.21506647	4.19340199	4.17234966	4.15298708	4.13491544	4.11661174	4.09680561	4.07360536	4.04623966	4.01635565	3.98713640	3.96161306	3.95098580	3.98047484	4.05611646	4.17120215	4.32916101	4.52210241	4.73761597	4.94055696	5.12087043	5.28269102	5.42253821	5.52060391	5.53359906	5.48842757	5.41044555	5.32398285	5.22521245	5.12519085	5.01500863	4.89847364	4.78356988	4.67474930	4.56287287	4.45117795	4.34807701	4.25359439	4.16460370	4.08469213	4.01074910	3.94075769
	4.31213213	4.29681501	4.28049643	4.26472957	4.25126155	4.24050677	4.23160049	4.21532956	4.19342081	4.17205902	4.15243562	4.13414737	4.11573164	4.09578665	4.07239997	4.04489938	4.01495371	3.98573961	3.96028977	3.94924285	3.97732396	4.05162013	4.16504423	4.32329710	4.51584542	4.73138666	4.93740704	5.12070580	5.28514231	5.42700202	5.52505402	5.54167924	5.49752587	5.41977404	5.33084349	5.23549313	5.13509701	5.02440994	4.90728561	4.79158809	4.68251547	4.56978885	4.45768772	4.35374937	4.25850183	4.16892469	4.08727637	4.01235097	3.94130946
	4.28183874	4.26683907	4.25090246	4.23537313	4.22200304	4.21125680	4.20235297	4.18581717	4.16366111	4.14215033	4.12254601	4.10437592	4.08620188	4.06651866	4.04338558	4.01611183	3.98631955	3.95715965	3.93169090	3.92017033	3.94694038	4.02003251	4.13173822	4.29062490	4.48224633	4.69665142	4.90360013	5.08704360	5.25091509	5.39082441	5.48697503	5.50268049	5.45876252	5.38116702	5.28927255	5.19763648	5.09965390	4.98907054	4.87159636	4.75693914	4.64759458	4.53514577	4.42322216	4.31916463	4.22381129	4.13407828	4.05229875	3.97686123	3.90552163
	4.24251364	4.22810288	4.21277227	4.19758713	4.18431250	4.17351545	4.16453006	4.14776956	4.12548953	4.10401401	4.08467010	4.06691093	4.04931135	4.03026277	4.00778256	3.98113503	3.95185205	3.92301865	3.89774391	3.88572319	3.91063322	3.98157305	4.09030452	4.24799706	4.43758502	4.64881169	4.85428720	5.03591558	5.19612976	5.32977657	5.42262686	5.43606126	5.39187039	5.31486969	5.22238617	5.13083346	5.04025038	4.93130125	4.81498347	4.70265326	4.59436250	4.48336985	4.37288123	4.26955077	4.17543195	4.08590774	4.00543399	3.93020536	3.85943961
	4.22338352	4.20982839	4.19556807	4.18127810	4.16862685	4.15824091	4.14952323	4.13310572	4.11120346	4.09017793	4.07146976	4.05447606	4.03782797	4.01985337	3.99848495	3.97300891	3.94485099	3.91698527	3.89246745	3.88006633	3.90198227	3.96845557	4.07115530	4.22291891	4.40655911	4.60930630	4.81002295	4.98822206	5.14156519	5.26496625	5.35608865	5.36916620	5.32579830	5.25158605	5.16214512	5.07077906	4.98633707	4.88409750	4.77243031	4.66396775	4.55829039	4.45167295	4.34497670	4.24462965	4.15363902	4.06567928	3.98783715	3.91438284	3.84541371
	4.21627949	4.20310663	4.18945912	4.17578923	4.16367039	4.15371308	4.14531725	4.12927389	4.10771705	4.08697966	4.06861093	4.05199825	4.03581542	4.01837591	3.99754600	3.97264452	3.94507496	3.91776971	3.89369833	3.88109149	3.90121309	3.96495881	4.06406945	4.21201246	4.39200282	4.59052803	4.78764026	4.96433159	5.11469330	5.23412678	5.32417581	5.33834694	5.29691510	5.22471062	5.13735812	5.04668819	4.96080722	4.86542984	4.75606045	4.65002589	4.54610722	4.44181040	4.33740690	4.23920173	4.14967159	4.06291563	3.98591285	3.91340545	3.84534696
	4.19517059	4.18244741	4.16937996	4.15620691	4.14442332	4.13466106	4.12636453	4.11075135	4.08982892	4.06969829	4.05196530	4.03602209	4.02058602	4.00399892	3.98404917	3.96001374	3.93327835	3.90671110	3.88319756	3.87043974	3.88871715	3.94953553	4.04497438	4.18836788	4.36378453	4.55571025	4.74735545	4.91910892	5.06368149	5.17637873	5.26175953	5.27574293	5.23604479	5.16602387	5.08139929	4.99254639	4.90646751	4.81805758	4.71260677	4.61073301	4.51000231	4.40900607	4.30838225	4.21293625	4.12597071	4.04150043	3.96615787	3.89542335	3.82901832
	4.18030645	4.16791806	4.15548762	4.14295393	4.13168662	4.12229290	4.11425734	4.09930284	4.07919699	4.05976849	4.04272309	4.02752593	4.01292752	3.99733073	3.97840444	3.95532596	3.92949897	3.90374160	3.88080118	3.86771211	3.88346294	3.94042102	4.03144979	4.16853082	4.33966860	4.52489034	4.71044793	4.87751486	5.01778417	5.12404652	5.20570491	5.21995795	5.18262974	5.11528474	5.03374107	4.94744342	4.86325692	4.77741268	4.67826124	4.57994262	4.48278367	4.38546194	4.28826055	4.19585850	4.11116252	4.02908311	3.95531226	3.88615974	3.82126773
	4.13840053	4.12687688	4.11526367	4.10330120	4.09230587	4.08294317	4.07479267	4.06088719	4.04267969	4.02518107	4.00988782	3.99629728	3.98332854	3.96958115	3.95270192	3.93176902	3.90805465	3.88419054	3.86273116	3.85000004	3.86340925	3.91537063	3.99954275	4.12547591	4.28487415	4.45465164	4.62200372	4.77153347	4.89446360	4.98696452	5.05568022	5.06649821	5.03218584	4.97018867	4.89521721	4.81627671	4.74015675	4.65975322	4.57324185	4.48422098	4.39640867	4.30880374	4.22071581	4.13676667	4.05833427	3.98441895	3.91635457	3.85266096	3.79286082
	4.12262062	4.11124261	4.09985671	4.08807800	4.07719911	4.06788857	4.05974317	4.04624710	4.02869731	4.01184370	3.99714620	3.98412995	3.97174354	3.95866291	3.94249929	3.92225963	3.89920647	3.87591500	3.85487813	3.84207527	3.85424276	3.90406891	3.98576710	4.10780917	4.26351068	4.42897129	4.59138327	4.73613405	4.85315718	4.94289602	5.00803943	5.01857703	4.98531511	4.92459740	4.85146920	4.77459084	4.70078414	4.62224884	4.53903031	4.45272675	4.36737244	4.28256235	4.19736797	4.11564525	4.03885124	3.96735565	3.90079901	3.83854733	3.78003589
	4.11913285	4.10751965	4.09619278	4.08460716	4.07397945	4.06493373	4.05701391	4.04374615	4.02630715	4.00946749	3.99479386	3.98187589	3.96959105	3.95664177	3.94059048	3.92036467	3.89730597	3.87399607	3.85290971	3.83970975	3.85065106	3.89902833	3.97985707	4.10036326	4.25650864	4.42311803	4.58707419	4.73417924	4.85207467	4.94488762	5.01149240	5.02418193	4.99201953	4.93147434	4.85828141	4.78091444	4.70685632	4.62775841	4.54396260	4.45662176	4.37019284	4.28451667	4.19899406	4.11643877	4.03863934	3.96658187	3.89915816	3.83609999	3.77676881
	4.05892547	4.04703481	4.03565229	4.02408126	4.01347850	4.00445099	3.99649859	3.98326545	3.96585641	3.94902042	3.93435988	3.92151186	3.90932780	3.89651378	3.88056726	3.86032599	3.83717089	3.81367227	3.79233932	3.77856793	3.78835749	3.83573260	3.91657690	4.03566119	4.19323599	4.36082471	4.52569864	4.67261146	4.79072027	4.88228509	4.94720619	4.95925403	4.92623553	4.86460398	4.79053142	4.71301722	4.63831931	4.55940746	4.47623397	4.38957182	4.30283556	4.21683989	4.13100142	4.04845255	3.97120256	3.89888149	3.83102764	3.76764714	3.70787412
	4.05028576	4.03851550	4.02751776	4.01645628	4.00632677	3.99771151	3.99011095	3.97755828	3.96105124	3.94502448	3.93110012	3.91900301	3.90754913	3.89559855	3.88072576	3.86163609	3.83961797	3.81715029	3.79665295	3.78288920	3.79054230	3.83367964	3.90947090	4.02095005	4.17206499	4.33499166	4.49522792	4.63765006	4.75459511	4.84313903	4.90626943	4.92022046	4.88979414	4.83114243	4.76004120	4.68585454	4.61336698	4.53652637	4.45545688	4.37177538	4.28714153	4.20335192	4.12021782	4.04036566	3.96512423	3.89518569	3.82914891	3.76745136	3.70931445
	4.01853782	4.00669864	3.99574448	3.98478098	3.97473857	3.96619550	3.95864795	3.94631185	3.93016860	3.91448599	3.90088777	3.88912595	3.87801101	3.86642359	3.85195572	3.83325071	3.81154162	3.78929812	3.76896248	3.75500685	3.76164618	3.80312307	3.87721780	3.98624290	4.13593634	4.29773669	4.45641586	4.59739885	4.71321507	4.79964500	4.86081049	4.87430627	4.84385421	4.78556486	4.71522447	4.64165628	4.56989130	4.49400389	4.41365361	4.33126262	4.24780686	4.16467820	4.08269009	4.00349663	3.92919920	3.86005773	3.79462854	3.73351308	3.67592867
	3.98012840	3.96814932	3.95720692	3.94633325	3.93638994	3.92793556	3.92044783	3.90818339	3.89212579	3.87647133	3.86289984	3.85120349	3.84016620	3.82866854	3.81431032	3.79568488	3.77399197	3.75170419	3.73130201	3.71701796	3.72282013	3.76319370	3.83647726	3.94445491	4.09449689	4.25689712	4.41613793	4.55780499	4.67380961	4.76006156	4.82037205	4.83371606	4.80312577	4.74457909	4.67438214	4.60054049	4.52874153	4.45258173	4.37235015	4.29007000	4.20665041	4.12351284	4.04147530	3.96200078	3.88783849	3.81855444	3.75304822	3.69174543	3.63408558
	3.89628008	3.88401111	3.87294611	3.86201212	3.85197554	3.84338975	3.83571752	3.82340705	3.80749844	3.79196086	3.77854344	3.76703879	3.75620642	3.74491768	3.73076714	3.71226956	3.69055225	3.66812118	3.64750480	3.63260048	3.63713941	3.67604785	3.74848950	3.85563337	4.00652823	4.16970605	4.32938303	4.47149274	4.58619072	4.67180599	4.72806571	4.73912020	4.70804349	4.64929904	4.57852110	4.50447071	4.43244489	4.35617883	4.27639837	4.19413562	4.11158208	4.02897018	3.94697421	3.86725012	3.79387039	3.72422831	3.65883434	3.59731744	3.53964263
	3.86271866	3.84972131	3.83810298	3.82674129	3.81628182	3.80733943	3.79933951	3.78688521	3.77107727	3.75566524	3.74250766	3.73137510	3.72093451	3.70998702	3.69606548	3.67756182	3.65554043	3.63263947	3.61150251	3.59577163	3.59887204	3.63638045	3.70840542	3.81596094	3.96907676	4.13606446	4.29919044	4.44525031	4.56273233	4.64894318	4.70288339	4.71217818	4.67962652	4.61967755	4.54568476	4.46978108	4.39481474	4.31749604	4.23649225	4.15262714	4.06945264	3.98555864	3.90229148	3.82168780	3.74736700	3.67652361	3.60999824	3.54733075	3.48866421
	3.82493797	3.81059649	3.79805604	3.78606128	3.77515139	3.76593264	3.75770253	3.74463088	3.72786390	3.71139605	3.69732945	3.68553843	3.67456280	3.66298471	3.64819068	3.62848457	3.60488559	3.58029305	3.55757520	3.54036901	3.54224650	3.58004243	3.65485707	3.76771883	3.92991527	4.11045635	4.28750736	4.44803225	4.57887835	4.67403060	4.73334720	4.74574911	4.71197308	4.64874879	4.56986608	4.48778553	4.40644530	4.32244006	4.23386551	4.14274592	4.05237106	3.96149972	3.87122498	3.78511796	3.70471707	3.62852471	3.55657529	3.48893910	3.42558311
	3.78717385	3.77197405	3.75879438	3.74634339	3.73511097	3.72567995	3.71726790	3.70391145	3.68669226	3.66973704	3.65525876	3.64320643	3.63205447	3.62023053	3.60501645	3.58468061	3.56021924	3.53465147	3.51098759	3.49290183	3.49392848	3.53150326	3.60750416	3.72284841	3.88938080	4.07674647	4.26073554	4.42807863	4.56597131	4.66574647	4.72750275	4.74296504	4.70876231	4.64248275	4.56155491	4.47532380	4.39078723	4.30277487	4.21085308	4.11612145	4.02177983	3.92769178	3.83399351	3.74537040	3.66193649	3.58324553	3.50867295	3.43855145	3.37294031
	3.74492398	3.72841863	3.71420074	3.70090906	3.68898063	3.67903600	3.67028574	3.65651148	3.63870851	3.62119891	3.60636170	3.59420771	3.58312489	3.57130761	3.55586239	3.53491899	3.50941040	3.48257461	3.45762389	3.43836291	3.43829720	3.47548252	3.55324895	3.67171359	3.84476802	4.04174714	4.23471917	4.41220901	4.55881439	4.66597230	4.73217813	4.75229063	4.71726950	4.64774253	4.56179239	4.47027561	4.38101917	4.28759302	4.18890607	4.08844901	3.98896776	3.88963449	3.79128159	3.69844753	3.61074883	3.52816960	3.44986271	3.37613346	3.30717145
	3.71927185	3.70150709	3.68646126	3.67269743	3.66054169	3.65055433	3.64195073	3.62806732	3.60965365	3.59140223	3.57600539	3.56361093	3.55255357	3.54071831	3.52502636	3.50353486	3.47713001	3.44917573	3.42309220	3.40276766	3.40153483	3.43737479	3.51553742	3.63609302	3.81268197	4.01711285	4.21921009	4.40749196	4.56327523	4.68030684	4.75420478	4.77754698	4.74163057	4.66887656	4.57837979	4.48177791	4.38809984	4.29011286	4.18533789	4.07973216	3.97575043	3.87122705	3.76835050	3.67091366	3.57933694	3.49315336	3.41130432	3.33411966	3.26197041
	3.67093460	3.65298986	3.63768822	3.62363244	3.61111527	3.60072566	3.59180769	3.57810139	3.56022831	3.54268409	3.52816491	3.51679918	3.50686360	3.49621522	3.48171743	3.46128484	3.43570721	3.40835197	3.38262007	3.36232709	3.36036013	3.39381101	3.46902196	3.58617206	3.75752007	3.95603314	4.15232584	4.33452600	4.48503915	4.59792778	4.66791855	4.68729699	4.64834073	4.57282641	4.48091645	4.38413315	4.29184387	4.19611863	4.09517296	3.99345660	3.89280151	3.79217723	3.69276338	3.59854635	3.51027525	3.42729342	3.34832780	3.27366502	3.20398389
