	12.76908265	12.78201836	12.80232669	12.83098792	12.85446023	12.87918817	12.90133572	12.91818829	12.93329403	12.94627209	12.95590095	12.96254302	12.96580597	12.96756404	12.96874151	12.96866377	12.96743280	12.96682024	12.96603623	12.96618997	12.96787959	12.96732185	12.96245260	12.95080349	12.92662857	12.88742829	12.84982875	12.81226267	12.78625025	12.76424127	12.73723443	12.68046172	12.62123943	12.59029796	12.56925442	12.54792252	12.51698890	12.45884303	12.42602975	12.40776008	12.39524654	12.38491779	12.37503942	12.36473651	12.35346607	12.33755437	12.30926493	12.27453815	12.23944774
	13.69648264	13.73065063	13.78265353	13.85592726	13.91676875	13.95169675	13.97896213	14.00240449	14.02338432	14.04159041	14.05509044	14.06212372	14.06302637	14.06024413	14.05603115	14.05055707	14.04437124	14.03800318	14.03169830	14.02680141	14.02439072	14.01896416	14.00755273	13.98953664	13.96392779	13.92547986	13.85753493	13.78388732	13.73503354	13.69822239	13.65967509	13.59871376	13.49753709	13.44141502	13.40577937	13.37260912	13.32730485	13.24495305	13.19062272	13.15957839	13.13724291	13.11772668	13.09843442	13.07842744	13.05740449	13.02696304	12.97623830	12.92742715	12.88618686
	13.98266833	14.02827750	14.10200462	14.19436644	14.25842413	14.29746042	14.32908246	14.35833353	14.38624120	14.41170868	14.43169869	14.44302640	14.44544830	14.44204168	14.43616651	14.42832273	14.41928170	14.40971694	14.39997895	14.39185976	14.38703694	14.37887906	14.36360789	14.34104081	14.31107516	14.26950311	14.20132725	14.11030221	14.04309343	13.99594186	13.95075781	13.88549037	13.76654416	13.69026838	13.64451503	13.60476587	13.55320406	13.45959585	13.38782017	13.34789445	13.31963098	13.29516731	13.27063310	13.24477918	13.21725633	13.17740686	13.12039661	13.06427964	13.01464021
	14.03632043	14.08513246	14.16642884	14.26738563	14.32207129	14.35883121	14.38982187	14.41968008	14.44937174	14.47741968	14.50017508	14.51373563	14.51718059	14.51381468	14.50736680	14.49854175	14.48828695	14.47738539	14.46631401	14.45688262	14.45106527	14.44204377	14.42578082	14.40246684	14.37275512	14.33374113	14.27551669	14.18267064	14.10857233	14.05860939	14.01352418	13.95247072	13.83707605	13.75321616	13.70471746	13.66445837	13.61419774	13.52469804	13.44746882	13.40520808	13.37567676	13.35016198	13.32434103	13.29658888	13.26659434	13.22330553	13.16854464	13.11398653	13.06416471
	14.11105231	14.16529194	14.25829012	14.36945007	14.42497029	14.46327019	14.49623640	14.52918630	14.56328626	14.59701006	14.62574892	14.64407345	14.65003626	14.64697799	14.63938527	14.62853654	14.61583586	14.60248105	14.58915090	14.57770861	14.57074550	14.56047838	14.54217362	14.51636439	14.48444224	14.44480682	14.38986712	14.29982704	14.20892445	14.15039225	14.10154936	14.04155876	13.93027720	13.82515598	13.76815428	13.72421953	13.67325988	13.58745554	13.49336147	13.44329237	13.40952954	13.38081260	13.35160748	13.31920304	13.28288446	13.23177470	13.17532331	13.11913016	13.06545469
	14.09211728	14.14975673	14.25107942	14.36276704	14.41861791	14.45757759	14.49187630	14.52712888	14.56469074	14.60298287	14.63670885	14.65904210	14.66743757	14.66489980	14.65659499	14.64418617	14.62955769	14.61415043	14.59870326	14.58527899	14.57704474	14.56542325	14.54522340	14.51738368	14.48403138	14.44428390	14.39180456	14.31057810	14.20888586	14.14426931	14.09331555	14.03501333	13.93227489	13.81286587	13.75019161	13.70434021	13.65392771	13.57252389	13.46963828	13.41477643	13.37867628	13.34839460	13.31756014	13.28274036	13.24261972	13.18804741	13.13121092	13.07483585	13.01963076
	14.23060910	14.29277061	14.40170139	14.52752072	14.58963470	14.63249230	14.67011370	14.70887363	14.75064686	14.79390249	14.83287696	14.85945360	14.87047497	14.86859786	14.85962538	14.84576935	14.82932144	14.81203710	14.79472158	14.77952860	14.77030991	14.75758033	14.73531791	14.70454416	14.66788147	14.62495130	14.56966280	14.48625110	14.37288736	14.29858026	14.24195957	14.18020384	14.07686862	13.93932345	13.86681445	13.81568816	13.76197738	13.67849251	13.56178114	13.49801424	13.45694289	13.42298929	13.38849174	13.34900339	13.30257418	13.24101491	13.17993447	13.11932909	13.05857404
	14.31938123	14.38916412	14.51418293	14.65026947	14.71708646	14.76361488	14.80507861	14.84878290	14.89716692	14.94877243	14.99679448	15.03095338	15.04631352	15.04567399	15.03539117	15.01843510	14.99827935	14.97720714	14.95607561	14.93782921	14.92705854	14.91225559	14.88617708	14.85030262	14.80857518	14.76174141	14.70437045	14.62229742	14.49818187	14.40922963	14.34482432	14.27965846	14.17830586	14.02206099	13.93584139	13.87792841	13.82073171	13.73601624	13.60600966	13.53078501	13.48363124	13.44526810	13.40614089	13.36041176	13.30489265	13.23382744	13.16813758	13.10321096	13.03637008
	14.45289878	14.53416554	14.67922083	14.84447024	14.92496683	14.98019683	15.02896668	15.08024265	15.13720830	15.19855430	15.25641939	15.29854903	15.31831839	15.31879233	15.30720141	15.28713150	15.26308832	15.23797659	15.21291774	15.19139153	15.17897197	15.16192978	15.13122551	15.08840670	15.03880748	14.98374406	14.91772317	14.82519506	14.68052773	14.57060548	14.49298399	14.41774182	14.30653494	14.12149576	14.01332957	13.94322581	13.87711541	13.78362799	13.63040124	13.53508281	13.47683576	13.43038211	13.38346586	13.32830438	13.26037316	13.17478979	13.09718783	13.02097316	12.94136438
	14.53465292	14.61801630	14.76447323	14.94900606	15.03765379	15.09705600	15.14843589	15.20183366	15.26101089	15.32498768	15.38597747	15.43137237	15.45383053	15.45570769	15.44461619	15.42409381	15.39896881	15.37268083	15.34653144	15.32437923	15.31224910	15.29533637	15.26373681	15.21873752	15.16639606	15.10860656	15.04050973	14.94669917	14.79664315	14.67447439	14.59031169	14.51213930	14.40299947	14.21090316	14.08735343	14.01037469	13.94170508	13.85026195	13.69303970	13.58175298	13.51628035	13.46557023	13.41545102	13.35676812	13.28381533	13.19193778	13.10870587	13.02806561	12.94323326
	14.74115195	14.83476115	15.00010040	15.20857595	15.30844005	15.37515892	15.43280948	15.49278347	15.55924060	15.63145608	15.70054884	15.75192091	15.77733611	15.77942596	15.76657962	15.74276447	15.71398979	15.68413718	15.65477170	15.63087329	15.61875227	15.60069468	15.56552548	15.51462366	15.45537431	15.39067882	15.31554823	15.21375952	15.04868342	14.90584594	14.80967436	14.72282871	14.60563453	14.39447585	14.24951232	14.16129737	14.08480845	13.98602740	13.81452934	13.68361832	13.60788215	13.55012469	13.49323174	13.42659290	13.34324520	13.23877337	13.14512082	13.05455855	12.95854537
	14.87964726	14.97854787	15.15252944	15.37845783	15.48619488	15.55775810	15.61925871	15.68308393	15.75363697	15.83034266	15.90393029	15.95875300	15.98584735	15.98832736	15.97458740	15.94891515	15.91796970	15.88615823	15.85511138	15.83053451	15.81869688	15.80050445	15.76364932	15.70950880	15.64620729	15.57723825	15.49761709	15.39060422	15.21632232	15.06113837	14.95770262	14.86550508	14.74331628	14.52184704	14.36323684	14.26800075	14.18680094	14.08389839	13.90521904	13.76089169	13.67838534	13.61622510	13.55530283	13.48396809	13.39447600	13.28210801	13.18174258	13.08532508	12.98275252
	14.95588683	15.06120799	15.24819343	15.48420708	15.59681970	15.67202125	15.73689491	15.80436150	15.87898557	15.96024698	16.03811998	16.09588658	16.12404726	16.12606598	16.11080931	16.08268641	16.04928038	16.01533823	15.98268191	15.95779880	15.94644262	15.92802216	15.88925442	15.83182950	15.76456315	15.69175664	15.60832541	15.49699558	15.31562656	15.14895678	15.03902935	14.94225516	14.81570143	14.58555961	14.41499019	14.31365472	14.22812612	14.12101776	13.93565904	13.78063091	13.69253643	13.62663325	13.56208779	13.48629034	13.39085696	13.27134506	13.16518847	13.06332213	12.95447331
	15.03289678	15.14086244	15.33257484	15.57540608	15.69122041	15.76856343	15.83521599	15.90438214	15.98072539	16.06390923	16.14354532	16.20254382	16.23100621	16.23262476	16.21650564	16.18707285	16.15245275	16.11771181	16.08465180	16.06001972	16.04929150	16.03103016	15.99154805	15.93261786	15.86347404	15.78886239	15.70360620	15.59012712	15.40495784	15.23273188	15.11971347	15.02089395	14.89289190	14.66009016	14.48241090	14.37773240	14.29027023	14.18188564	13.99520864	13.83283569	13.74127007	13.67333386	13.60700656	13.52919872	13.43097600	13.30782675	13.19854775	13.09407098	12.98212005
	15.16527737	15.27842249	15.47995277	15.73288097	15.85352770	15.93435639	16.00406378	16.07622471	16.15565041	16.24217295	16.32488152	16.38570637	16.41461292	16.41563536	16.39800432	16.36637587	16.32963916	16.29322573	16.25908473	16.23488120	16.22525915	16.20698115	16.16618536	16.10456986	16.03210480	15.95401744	15.86497115	15.74691737	15.55454681	15.37384862	15.25584857	15.15339001	15.02140978	14.78165482	14.59395010	14.48411991	14.39312453	14.28119216	14.08888811	13.91696195	13.82046394	13.74935761	13.68009106	13.59878549	13.49588629	13.36658522	13.25172484	13.14237642	13.02491781
	15.23739965	15.35283094	15.55839521	15.81718391	15.94085539	16.02383200	16.09528689	16.16900466	16.24982662	16.33778712	16.42188094	16.48341293	16.51217325	16.51287822	16.49435463	16.46136131	16.42321601	16.38576087	16.35101679	16.32765116	16.31925943	16.30142910	16.26024440	16.19725695	16.12293712	16.04284486	15.95156066	15.83083826	15.63466149	15.45053901	15.33051533	15.22643287	15.09264054	14.85033320	14.65772540	14.54543778	14.45278611	14.33949592	14.14575056	13.96827239	13.86914891	13.79647955	13.72609650	13.64352760	13.53911298	13.40721367	13.28866107	13.17664197	13.05648493
	15.21006493	15.32090725	15.51933616	15.76406372	15.88146486	15.96070105	16.02908732	16.09949541	16.17648064	16.26005829	16.33981409	16.39763311	16.42367924	16.42370209	16.40536032	16.37300059	16.33586195	16.29968673	16.26646279	16.24538982	16.23868569	16.22249171	16.18347410	16.12334980	16.05218705	15.97535021	15.88768942	15.77183164	15.58382068	15.40987383	15.29631101	15.19734071	15.06961016	14.83890345	14.65627086	14.54953937	14.46125112	14.35298522	14.16839159	13.99969102	13.90549787	13.83632071	13.76959680	13.69125857	13.59248770	13.46742144	13.35304912	13.24540017	13.13030471
	15.11785135	15.22098086	15.40456751	15.63655235	15.74810162	15.82329563	15.88795569	15.95415571	16.02617062	16.10431610	16.17880168	16.23295344	16.25664253	16.25652356	16.23905023	16.20801928	16.17251687	16.13824330	16.10719596	16.08829507	16.08344215	16.06935815	16.03332057	15.97708520	15.91014347	15.83771973	15.75513572	15.64636345	15.47020208	15.30765287	15.20164559	15.10927552	14.99075447	14.77714579	14.60440348	14.50396662	14.42149568	14.32127013	14.15224501	13.99069420	13.90137792	13.83634226	13.77439921	13.70204307	13.61118470	13.49508570	13.38594585	13.28448175	13.17675922
	14.95204702	15.04277034	15.20415417	15.40871811	15.50727777	15.57392224	15.63116755	15.68956231	15.75277758	15.82124509	15.88617698	15.93311893	15.95291343	15.95226246	15.93622142	15.90817023	15.87634134	15.84596043	15.81902356	15.80341398	15.80066739	15.78940769	15.75833729	15.70922423	15.65029699	15.58630543	15.51327722	15.41730098	15.26194007	15.11938845	15.02644683	14.94548792	14.84178327	14.65506112	14.50246875	14.41404579	14.34154948	14.25374558	14.10669282	13.96322527	13.88418473	13.82677391	13.77235627	13.70902169	13.62961631	13.52774074	13.43071853	13.34095738	13.24594578
	14.79240568	14.87275780	15.01529444	15.19820719	15.28658482	15.34643210	15.39776215	15.44993444	15.50613740	15.56689391	15.62439117	15.66559691	15.68257945	15.68166082	15.66686729	15.64127761	15.61237317	15.58509438	15.56130448	15.54823556	15.54692020	15.53792371	15.51104572	15.46771188	15.41529358	15.35817792	15.29298884	15.20749589	15.06932392	14.94270355	14.86026749	14.78859907	14.69711970	14.53264322	14.39606599	14.31736735	14.25300286	14.17554301	14.04679329	13.91777435	13.84695085	13.79574763	13.74744057	13.69147262	13.62134754	13.53116746	13.44417662	13.36416215	13.27970518
	14.53687176	14.60525975	14.72744386	14.87860487	14.95208556	15.00240163	15.04596757	15.09037068	15.13832822	15.19016494	15.23925717	15.27406025	15.28832417	15.28726796	15.27403110	15.25143111	15.22603493	15.20236569	15.18198767	15.17133396	15.17062990	15.16352512	15.14110511	15.10443767	15.06007303	15.01179163	14.95687554	14.88518158	14.77001906	14.66308784	14.59367031	14.53353296	14.45708003	14.31979705	14.20477373	14.13861425	14.08447843	14.01930332	13.91128550	13.80344476	13.74416108	13.70113505	13.66048326	13.61340060	13.55437728	13.47837795	13.40534939	13.33809636	13.26707790
	14.31080550	14.36979470	14.47547666	14.60329814	14.66579863	14.70909133	14.74687643	14.78533114	14.82688812	14.87175240	14.91411391	14.94409572	14.95621300	14.95501799	14.94297005	14.92250691	14.89971504	14.87878352	14.86111267	14.85227293	14.85205281	14.84656236	14.82774886	14.79655236	14.75843474	14.71693080	14.66975727	14.60842373	14.51041640	14.41904817	14.35981092	14.30842790	14.24329052	14.12674475	14.02827023	13.97176563	13.92541888	13.86959508	13.77739859	13.68545777	13.63492500	13.59813157	13.56325014	13.52296236	13.47228285	13.40688684	13.34448120	13.28696235	13.22619732
	14.08716221	14.13766527	14.22858905	14.33465038	14.38694735	14.42370907	14.45611375	14.48906419	14.52467805	14.56311948	14.59912035	14.62468366	14.63462497	14.63319797	14.62211409	14.60357723	14.58311351	14.56468414	14.54953203	14.54225606	14.54244607	14.53835435	14.52295448	14.49690829	14.46466869	14.42939584	14.38919468	14.33711713	14.25427032	14.17772251	14.12791972	14.08450426	14.02939938	13.93116696	13.84854596	13.80104316	13.76176879	13.71418029	13.63557840	13.55893715	13.51665182	13.48560488	13.45598320	13.42169348	13.37842245	13.32231611	13.26981316	13.22115429	13.16977008
	14.05272737	14.10200084	14.19040402	14.29416979	14.34552053	14.38174255	14.41378988	14.44628943	14.48129934	14.51900526	14.55415076	14.57910262	14.58831696	14.58650272	14.57504409	14.55611381	14.53534616	14.51693955	14.50218080	14.49535722	14.49599982	14.49248318	14.47809828	14.45302993	14.42162553	14.38700053	14.34749417	14.29633911	14.21494961	14.14096604	14.09262504	14.05032591	13.99665353	13.90135937	13.82086965	13.77454025	13.73617230	13.68969752	13.61321234	13.53834029	13.49705852	13.46671346	13.43770491	13.40408678	13.36155814	13.30614395	13.25503354	13.20757062	13.15744976
	13.93517419	13.98306929	14.06970141	14.16597932	14.21417628	14.24871589	14.27963522	14.31123219	14.34527349	14.38193110	14.41605775	14.44018693	14.44872463	14.44656488	14.43464294	14.41523552	14.39429161	14.37597992	14.36161744	14.35517099	14.35601063	14.35273603	14.33926737	14.31535205	14.28527158	14.25202287	14.21405310	14.16497252	14.08706390	14.01719641	13.97135331	13.93095544	13.87945699	13.78851302	13.71279653	13.66886021	13.63210830	13.58716732	13.51300046	13.44325795	13.40446046	13.37561173	13.34772096	13.31514670	13.27376276	13.21990168	13.17185527	13.12670384	13.07870051
	13.85665985	13.90154509	13.98288701	14.07015663	14.11428888	14.14643470	14.17546585	14.20514595	14.23716285	14.27145975	14.30332785	14.32542344	14.33288075	14.33025218	14.31805763	14.29869496	14.27817096	14.26062730	14.24740144	14.24190599	14.24303481	14.24059833	14.22869385	14.20697568	14.17922682	14.14830636	14.11286847	14.06720247	13.99491638	13.93115663	13.88900086	13.85163310	13.80401208	13.72038263	13.65103495	13.61053477	13.57639661	13.53436111	13.46502326	13.40159934	13.36605014	13.33935851	13.31331391	13.28259459	13.24320410	13.19217928	13.14843240	13.10688653	13.06220138
	13.80835768	13.85609242	13.94252990	14.03237970	14.07823719	14.11209946	14.14296865	14.17446251	14.20833887	14.24446176	14.27784688	14.30049141	14.30779103	14.30437134	14.29040276	14.26890506	14.24644618	14.22763830	14.21392515	14.20862515	14.21016825	14.20825473	14.19626116	14.17403147	14.14511240	14.11250310	14.07500206	14.02662523	13.95015312	13.88453751	13.84064677	13.80137731	13.75112504	13.66344055	13.59187414	13.54959509	13.51349939	13.46867310	13.39476343	13.32969437	13.29285261	13.26479118	13.23711922	13.20409295	13.16132565	13.10682858	13.06166242	13.01822459	12.97080011
	13.75074464	13.80241157	13.89639426	13.98943616	14.03748555	14.07344085	14.10656182	14.14049082	14.17671098	14.21534741	14.25066901	14.27418953	14.28129322	14.27679513	14.26078984	14.23695780	14.21233000	14.19200317	14.17767387	14.17237992	14.17445013	14.17274392	14.16041565	14.13722324	14.10662492	14.07189575	14.03178221	13.97996083	13.89819463	13.82929536	13.78282823	13.74103288	13.68745738	13.59438420	13.51893704	13.47404903	13.43535632	13.38703860	13.30730913	13.23934441	13.20043066	13.17049756	13.14059944	13.10456966	13.05741161	12.99874264	12.95138245	12.90515804	12.85384582
	13.73915090	13.79308549	13.89119717	13.98473213	14.03353763	14.07058126	14.10499580	14.14027215	14.17767980	14.21753002	14.25339597	14.27683549	14.28309931	14.27732463	14.25967471	14.23419204	14.20825637	14.18719441	14.17293802	14.16800711	14.17074312	14.16942032	14.15747603	14.13417102	14.10293290	14.06718128	14.02574899	13.97223933	13.88784437	13.81777450	13.77015632	13.72718550	13.67212216	13.57707115	13.50002381	13.45384321	13.41372941	13.36352216	13.28089989	13.21196977	13.17208541	13.14113914	13.10982477	13.07170902	13.02104359	12.96026704	12.91235081	12.86480267	12.81095737
	13.70098623	13.76035003	13.86873789	13.96374058	14.01470024	14.05416309	14.09140170	14.12977898	14.17064134	14.21407469	14.25299068	14.27789766	14.28363820	14.27601415	14.25523342	14.22623102	14.19712527	14.17391884	14.15869311	14.15372955	14.15699044	14.15575598	14.14341977	14.11862275	14.08535505	14.04704614	14.00243909	13.94504654	13.85473729	13.78101135	13.73030637	13.68412725	13.62482195	13.52358845	13.44305947	13.39376893	13.35026903	13.29521787	13.20520428	13.13419336	13.09217755	13.05877389	13.02433678	12.98149733	12.92261860	12.85926005	12.80928840	12.75830878	12.69866587
	13.66842364	13.73197101	13.84850297	13.94315661	13.99525001	14.03619296	14.07539407	14.11596961	14.15949909	14.20573688	14.24712365	14.27311838	14.27823798	14.26899702	14.24567847	14.21392829	14.18233476	14.15751201	14.14150502	14.13644030	14.14000428	14.13898220	14.12633492	14.10055146	14.06604995	14.02598462	13.97939795	13.91967792	13.82552066	13.74912861	13.69627209	13.64797799	13.58612469	13.48141266	13.39810590	13.34658514	13.30074124	13.24246378	13.14773714	13.07504640	13.03138962	12.99619438	12.95931622	12.91273292	12.84670175	12.78281586	12.73161185	12.67805666	12.61355921
	13.64290480	13.70961547	13.83254073	13.92676311	13.97962951	14.02155169	14.06206303	14.10419214	14.14957114	14.19785345	14.24110321	14.26800371	14.27244497	14.26278287	14.23778367	14.20407436	14.17068467	14.14465685	14.12793096	14.12253562	14.12622667	14.12540012	14.11252916	14.08610218	14.05060806	14.00930223	13.96131233	13.89989793	13.80292213	13.72435849	13.66979601	13.61995823	13.55631101	13.44912644	13.36347613	13.31021386	13.26260250	13.20205515	13.10404750	13.02977990	12.98476800	12.94815487	12.90939961	12.85987354	12.78883580	12.72446644	12.67217971	12.61653481	12.54800941
	13.64016210	13.71192485	13.84487577	13.93960288	13.99414436	14.03779866	14.08045995	14.12519588	14.17362661	14.22537935	14.27188293	14.30016690	14.30350152	14.29415275	14.26665360	14.22991330	14.19371567	14.16568826	14.14766229	14.14153406	14.14527202	14.14461906	14.13126864	14.10360531	14.06620722	14.02273436	13.97232771	13.90789536	13.80593907	13.72351926	13.66605185	13.61359423	13.54690428	13.43536441	13.34556250	13.28930905	13.23881470	13.17468506	13.07151999	12.99402174	12.94658884	12.90756558	12.86578464	12.81153566	12.73319865	12.66738172	12.61301393	12.55389930	12.47846500
	13.54624452	13.61752702	13.75062211	13.83825622	13.89062144	13.93285755	13.97431909	14.01788560	14.06520841	14.11578751	14.16107822	14.18762276	14.19070157	14.18249814	14.15514667	14.11895482	14.08331227	14.05590489	14.03818972	14.03207052	14.03548431	14.03460946	14.02143980	13.99437833	13.95785480	13.91545870	13.86614449	13.80282851	13.70276544	13.62324298	13.56748649	13.51620850	13.45066292	13.34124218	13.25490573	13.20027650	13.15067708	13.08709245	12.98546346	12.91168363	12.86594892	12.82781832	12.78653176	12.73249022	12.65512568	12.59227316	12.53947116	12.48123422	12.40549697
	13.53664765	13.61054363	13.74857915	13.83626545	13.88944957	13.93255159	13.97508656	14.01997436	14.06884713	14.12121707	14.16818081	14.19529706	14.19788411	14.19023905	14.16155935	14.12384542	14.08679235	14.05834121	14.03990972	14.03336570	14.03672965	14.03583142	14.02231888	13.99455066	13.95701897	13.91350592	13.86295603	13.79802286	13.69543682	13.61411963	13.55696581	13.50434792	13.43712474	13.32531708	13.23717515	13.18112844	13.13005288	13.06448705	12.96025644	12.88516214	12.83833183	12.79903987	12.75623816	12.69982131	12.61922079	12.55569179	12.50181880	12.44181344	12.36239866
	13.51313927	13.59046806	13.73569717	13.82063760	13.87394797	13.91755564	13.96092112	14.00733946	14.05833472	14.11356937	14.16368860	14.18857403	14.19104056	14.18490998	14.15832984	14.11841455	14.07925355	14.04909622	14.02930394	14.02150785	14.02409917	14.02282558	14.00864439	13.97985363	13.94095350	13.89626771	13.84467047	13.77864676	13.67391631	13.59041194	13.53182696	13.47808470	13.40994943	13.29702852	13.20674894	13.14912160	13.09663700	13.02952731	12.92309773	12.84661664	12.79851036	12.75783702	12.71308398	12.65319328	12.56852602	12.50518003	12.45063937	12.38862385	12.30150414
	13.46649286	13.54542672	13.69132277	13.77356900	13.82584298	13.86897217	13.91222653	13.95884930	14.01040239	14.06655596	14.11777449	14.13986348	14.14232372	14.13646578	14.11307053	14.07223182	14.03231167	14.00154354	13.98118575	13.97275615	13.97474348	13.97310472	13.95855816	13.92944805	13.89037408	13.84562765	13.79411571	13.72828867	13.62373693	13.54050203	13.48210733	13.42847586	13.36052196	13.24833420	13.15886344	13.10130975	13.04866896	12.98104784	12.87474510	12.79958514	12.75175673	12.71091270	12.66542569	12.60388408	12.51872218	12.45694280	12.40286041	12.34026724	12.24881532
	13.40297620	13.48211005	13.62601850	13.70467328	13.75524335	13.79727557	13.83968984	13.88564268	13.93665642	13.99237749	14.04333637	14.06308120	14.06552050	14.05993400	14.03902750	13.99823657	13.95841383	13.92774690	13.90730639	13.89854976	13.90003505	13.89809002	13.88353775	13.85469718	13.81618713	13.77213613	13.72143880	13.65658536	13.55354890	13.47217034	13.41498169	13.36230246	13.29546096	13.18527528	13.09812913	13.04163955	12.98963045	12.92245774	12.81763579	12.74507911	12.69836143	12.65804500	12.61264644	12.55058732	12.46666751	12.40720863	12.35426864	12.29204378	12.19884900
	13.36887876	13.44723982	13.58762656	13.66270516	13.71113844	13.75163204	13.79272031	13.83753272	13.88761682	13.94252047	13.99302004	14.01049192	14.01300638	14.00768508	13.99025054	13.94991182	13.91030096	13.87973334	13.85912913	13.84991445	13.85073456	13.84857050	13.83428944	13.80613767	13.76854551	13.72557939	13.67617669	13.61298993	13.51239871	13.43336994	13.37786319	13.32674004	13.26191724	13.15532479	13.07099283	13.01602047	12.96524557	12.89953670	12.79770256	12.72790966	12.68256238	12.64308632	12.59814531	12.53601895	12.45411815	12.39740867	12.34621254	12.28505944	12.19126821
	13.36441060	13.44349767	13.58312093	13.65661227	13.70411952	13.74401671	13.78470305	13.82928657	13.87941418	13.93451681	13.98486693	14.00132411	14.00398300	13.99878314	13.98323462	13.94324372	13.90319298	13.87219890	13.85110461	13.84130226	13.84153551	13.83915517	13.82480710	13.79679506	13.75934278	13.71653667	13.66733748	13.60435468	13.50394309	13.42570798	13.37070055	13.31999893	13.25572586	13.15022720	13.06682889	13.01220287	12.96151298	12.89584723	12.79475407	12.72611236	12.68114409	12.64165594	12.59624636	12.53266226	12.45159737	12.39616158	12.34544900	12.28397806	12.18866436
	13.40031837	13.48303548	13.62711755	13.70129256	13.74930465	13.78987152	13.83151282	13.87764702	13.93020373	13.98862219	14.03904345	14.05520561	14.05822432	14.05319791	14.03924499	14.00332531	13.96091781	13.92783897	13.90495017	13.89348678	13.89241138	13.88908398	13.87365449	13.84425370	13.80528864	13.76109698	13.71074367	13.64672954	13.54393382	13.46237202	13.40558641	13.35381050	13.28878867	13.18232101	13.09619662	13.03977525	12.98759121	12.92036986	12.81711337	12.74703736	12.70077868	12.65980210	12.61214718	12.54389977	12.46141705	12.40590545	12.35432325	12.29047264	12.18961649
	13.38975368	13.47505300	13.61990261	13.69302155	13.74066458	13.78126946	13.82323431	13.86994402	13.92359378	13.98346510	14.03245899	14.04830047	14.05139283	14.04639149	14.03310206	13.99963651	13.95611140	13.92212836	13.89839619	13.88610857	13.88424041	13.88032565	13.86425785	13.83423705	13.79470688	13.74997671	13.69907590	13.63440871	13.53039685	13.44839741	13.39124970	13.33910191	13.27347721	13.16643245	13.08045101	13.02359784	12.97057929	12.90184996	12.79783056	12.72873315	12.68247450	12.64080972	12.59171470	12.51950511	12.43874332	12.38405416	12.33214101	12.26660898	12.16337553
	13.34467292	13.42948253	13.57019786	13.64028085	13.68626348	13.72569298	13.76664478	13.81236193	13.86505449	13.92396181	13.97018557	13.98542942	13.98844242	13.98357818	13.97057015	13.93997588	13.89718248	13.86379510	13.84033066	13.82791743	13.82560057	13.82131623	13.80521400	13.77562736	13.73689351	13.69317689	13.64337101	13.58005546	13.47814397	13.39851742	13.34290885	13.29201944	13.22779279	13.12321324	13.04004214	12.98461024	12.93250680	12.86450784	12.76287300	12.69671008	12.65186484	12.61093904	12.56215297	12.48885669	12.41253813	12.35999336	12.30918974	12.24408602	12.14288663
	13.32384397	13.40541204	13.53934208	13.60548738	13.64895385	13.68631740	13.72526063	13.76895593	13.81960507	13.87657887	13.91920305	13.93361765	13.93659039	13.93209602	13.91999510	13.89447776	13.85340463	13.82122359	13.79843025	13.78590831	13.78295603	13.77821389	13.76234457	13.73371703	13.69656555	13.65482365	13.60742547	13.54735075	13.45027614	13.37404176	13.32107559	13.27276427	13.21200724	13.11306488	13.03396732	12.98113979	12.93145109	12.86657908	12.77009535	12.70760525	12.66499046	12.62578773	12.57867911	12.50652856	12.43577491	12.38648806	12.33825178	12.27555699	12.17868217
	13.27520503	13.35219089	13.47663026	13.53765879	13.57791162	13.61260319	13.64890066	13.68967605	13.73703710	13.79040941	13.82919011	13.84250679	13.84530166	13.84111753	13.82983336	13.80703333	13.76877336	13.73866606	13.71724135	13.70525817	13.70211333	13.69733555	13.68228674	13.65544558	13.62073972	13.58171987	13.53729972	13.48083995	13.38964139	13.31908503	13.26992773	13.22489041	13.16797044	13.07536923	13.00243256	12.95331087	12.90672752	12.84548066	12.75552252	12.69826708	12.65878361	12.62205105	12.57740969	12.50822293	12.44410986	12.39873231	12.35365034	12.29422738	12.20400600
	13.21401887	13.28535337	13.39677735	13.45056271	13.48627684	13.51727640	13.54992677	13.58686440	13.63011595	13.67908256	13.71169551	13.72347224	13.72603461	13.72233086	13.71232629	13.69490711	13.66061247	13.63315966	13.61339667	13.60177738	13.59800417	13.59288199	13.57875452	13.55413790	13.52263212	13.48725382	13.44706530	13.39583541	13.31280209	13.24935191	13.20526073	13.16485098	13.11378867	13.03068597	12.96542873	12.92108516	12.87873620	12.82268525	12.74194734	12.69149406	12.65606410	12.62243481	12.58059875	12.51493541	12.46030207	12.42041800	12.37958863	12.32377324	12.24306395
	13.17703233	13.24566137	13.35046802	13.40076119	13.43432178	13.46358876	13.49454597	13.52962849	13.57082504	13.61748982	13.64722091	13.65821669	13.66061350	13.65709882	13.64761257	13.63205275	13.59962285	13.57349008	13.55457646	13.54327505	13.53937181	13.53422678	13.52067336	13.49724397	13.46735746	13.43371975	13.39545947	13.34648326	13.26738220	13.20775796	13.16615943	13.12783408	13.07919705	13.00023963	12.93912363	12.89721789	12.85679289	12.80285957	12.72667188	12.67977946	12.64644565	12.61437415	12.57400374	12.51063205	12.46041114	12.42307576	12.38421966	12.33003224	12.25457387
	13.18349189	13.25112235	13.35314843	13.40191457	13.43443077	13.46287654	13.49296342	13.52726529	13.56770908	13.61368299	13.64144764	13.65211597	13.65449764	13.65119625	13.64215632	13.62791044	13.59831299	13.57264115	13.55386295	13.54223401	13.53768611	13.53193326	13.51831641	13.49513849	13.46583115	13.43287921	13.39539720	13.34739684	13.26977960	13.21160824	13.17113902	13.13393246	13.08678150	13.01006978	12.95061236	12.90971512	12.87009798	12.81716282	12.74308154	12.69789357	12.66543736	12.63385438	12.59353314	12.53035765	12.48292736	12.44708729	12.40902718	12.35370952	12.28229138
	13.18953650	13.25664225	13.35645859	13.40410192	13.43590566	13.46374752	13.49329344	13.52712342	13.56715246	13.61271825	13.63859851	13.64894330	13.65127717	13.64809275	13.63938880	13.62595860	13.59907942	13.57382218	13.55521439	13.54333343	13.53819956	13.53184907	13.51797204	13.49482715	13.46583436	13.43330463	13.39631957	13.34892579	13.27224434	13.21521172	13.17559161	13.13917008	13.09298270	13.01780069	12.95964299	12.91947852	12.88042215	12.82796882	12.75553370	12.71173579	12.67992371	12.64862654	12.60804718	12.54510576	12.49989442	12.46516801	12.42757970	12.37024394	12.30305229
	13.19545454	13.26199283	13.35977789	13.40646177	13.43765733	13.46491557	13.49400302	13.52744529	13.56713946	13.61239498	13.63625320	13.64627498	13.64856876	13.64548652	13.63716114	13.62425902	13.60091747	13.57611340	13.55768604	13.54553147	13.53969377	13.53260569	13.51829713	13.49505797	13.46626524	13.43407773	13.39755765	13.35074565	13.27489839	13.21882373	13.18001224	13.14436141	13.09917511	13.02549248	12.96848517	12.92897868	12.89049303	12.83854476	12.76764114	12.72514443	12.69393004	12.66287195	12.62192977	12.55919898	12.51616101	12.48251812	12.44538271	12.38555123	12.32297273
	13.18912279	13.25608463	13.35388593	13.40056938	13.43180142	13.45912648	13.48830543	13.52183749	13.56165678	13.60699954	13.63075661	13.64077775	13.64304851	13.63994525	13.63156461	13.61857251	13.59505230	13.57021329	13.55178025	13.53962411	13.53379077	13.52669159	13.51234799	13.48906741	13.46020701	13.42792747	13.39127831	13.34426041	13.26817274	13.21204804	13.17314772	13.13735846	13.09197908	13.01801190	12.96095559	12.92134420	12.88266513	12.83035862	12.75931949	12.71683639	12.68557341	12.65436876	12.61312249	12.55026004	12.50725953	12.47352908	12.43618311	12.37586230	12.31350794
	13.17776141	13.24534291	13.34176905	13.38798506	13.41898047	13.44618107	13.47531899	13.50892676	13.54904239	13.59413946	13.61604863	13.62577894	13.62794635	13.62488448	13.61672527	13.60409745	13.58395906	13.55945229	13.54115234	13.52873106	13.52212387	13.51418329	13.49910574	13.47537084	13.44625428	13.41383271	13.37706505	13.32987347	13.25365059	13.19788001	13.15927078	13.12370623	13.07864537	13.00510184	12.94870581	12.90926524	12.87041857	12.81749526	12.74737152	12.70590876	12.67496084	12.64339542	12.60074273	12.53783612	12.49677576	12.46369655	12.42606164	12.36255885	12.30455651
	13.18111951	13.24921606	13.34593448	13.39245688	13.42364906	13.45106854	13.48036984	13.51426702	13.55480644	13.59990986	13.62132593	13.63101757	13.63315436	13.63012261	13.62207598	13.60960826	13.59134884	13.56682848	13.54851140	13.53585759	13.52879881	13.52031459	13.50468932	13.48043980	13.45091904	13.41813934	13.38101852	13.33341654	13.25647893	13.20041977	13.16166113	13.12599039	13.08080735	13.00696134	12.95042814	12.91079013	12.87164236	12.81818037	12.74792738	12.70660143	12.67555930	12.64355439	12.59991073	12.53654604	12.49613982	12.46313864	12.42509336	12.35977438	12.30336792
	13.19631130	13.26466454	13.36039657	13.40661709	13.43769402	13.46498081	13.49415782	13.52797737	13.56847251	13.61240920	13.63343145	13.64292379	13.64498307	13.64205660	13.63419862	13.62209219	13.60613717	13.58225722	13.56420702	13.55137445	13.54371963	13.53443002	13.51809754	13.49343382	13.46366613	13.43074580	13.39344355	13.34555620	13.26864089	13.21328679	13.17483649	13.13924866	13.09419605	13.02063926	12.96471108	12.92520649	12.88583107	12.83165370	12.76219468	12.72169412	12.69081528	12.65841908	12.61335745	12.55054216	12.51150970	12.47887430	12.44024421	12.37310939	12.31986961
	13.19544318	13.26095697	13.35197778	13.39640927	13.42629639	13.45264164	13.48073021	13.51353207	13.55272441	13.59345229	13.61301571	13.62176574	13.62360652	13.62079810	13.61345108	13.60221413	13.58889213	13.56805081	13.55107138	13.53874423	13.53088152	13.52112842	13.50451194	13.48007800	13.45091966	13.41888030	13.38266421	13.33632457	13.26241780	13.20962233	13.17288793	13.13878525	13.09561463	13.02512472	12.97225511	12.93459182	12.89661522	12.84385562	12.77818974	12.74035098	12.71093037	12.67942459	12.63418025	12.57527552	12.53936086	12.50854877	12.47090901	12.40513359	12.35721281
	13.19796446	13.26530965	13.35862195	13.40457355	13.43543834	13.46261466	13.49155559	13.52533014	13.56563148	13.60682834	13.62674219	13.63555509	13.63733671	13.63437918	13.62687338	13.61539293	13.60187210	13.58155691	13.56438857	13.55183393	13.54359882	13.53325363	13.51573880	13.49032425	13.46004171	13.42674872	13.38910085	13.34092268	13.26475511	13.21086290	13.17309503	13.13779575	13.09308528	13.02043767	12.96670717	12.92800708	12.88852507	12.83308781	12.76646270	12.72826388	12.69808618	12.66525551	12.61646143	12.55756998	12.52153464	12.48992811	12.45049237	12.38191612	12.33470210
	13.21457992	13.28490601	13.38142779	13.42972482	13.46225198	13.49085778	13.52128247	13.55677563	13.59923630	13.64084720	13.66114925	13.66999882	13.67166914	13.66849781	13.66079346	13.64902450	13.63529182	13.61722117	13.59974410	13.58684413	13.57792004	13.56642131	13.54721183	13.51982273	13.48748209	13.45212022	13.41225738	13.36161061	13.28226725	13.22621292	13.18668570	13.14954836	13.10266570	13.02687714	12.97142234	12.93101378	12.88923555	12.82957496	12.76176702	12.72274135	12.69141423	12.65651095	12.60218394	12.54375103	12.50731116	12.47443946	12.43227782	12.36013377	12.31348418
	13.29949485	13.37723031	13.48461245	13.53898504	13.57560007	13.60764111	13.64169244	13.68136231	13.72884597	13.77439696	13.79674554	13.80649713	13.80824322	13.80467253	13.79616876	13.78325951	13.76822112	13.75010440	13.73102595	13.71685551	13.70675345	13.69352153	13.67147205	13.64036403	13.60377153	13.56390734	13.51911216	13.46244642	13.37409747	13.31174949	13.26764603	13.22613389	13.17382526	13.08945488	13.02814990	12.98316831	12.93642811	12.86890941	12.79455603	12.75155056	12.71676212	12.67752127	12.61515706	12.55178858	12.51187359	12.47541281	12.42787402	12.34732646	12.29682869
	13.33128584	13.41472514	13.52695699	13.58448100	13.62346992	13.65768243	13.69406954	13.73645091	13.78707748	13.83393890	13.85695923	13.86689785	13.86849096	13.86451062	13.85538582	13.84169227	13.82583914	13.80819945	13.78849717	13.77394404	13.76335606	13.74908783	13.72511571	13.69159465	13.65223852	13.60950834	13.56162550	13.50136211	13.40794835	13.34178543	13.29478366	13.25051678	13.19486282	13.10553045	13.04063407	12.99268647	12.94240632	12.86857935	12.79157070	12.74652090	12.70952419	12.66702104	12.59786304	12.53336642	12.49191072	12.45308166	12.40103414	12.31561983	12.26422846
	13.38897819	13.47156907	13.58236595	13.64010369	13.67939720	13.71382221	13.75036140	13.79289514	13.84370864	13.88877465	13.91101984	13.92055172	13.92194258	13.91783994	13.90867144	13.89515443	13.87959140	13.86352948	13.84529258	13.83136626	13.82117409	13.80689984	13.78251796	13.74849582	13.70853028	13.66539459	13.61735110	13.55750401	13.46502506	13.39875836	13.35170324	13.30743921	13.25207323	13.16351246	13.09923718	13.05150926	13.00113884	12.92646605	12.85138947	12.80716163	12.77040762	12.72767490	12.65713611	12.59499265	12.55461838	12.51607568	12.46339043	12.37892934	12.32947277
	13.42737041	13.51094478	13.62494237	13.68563507	13.72697086	13.76296390	13.80102586	13.84528459	13.89827212	13.94336316	13.96581023	13.97535920	13.97665271	13.97231695	13.96286408	13.94908442	13.93336374	13.91814569	13.90085147	13.88711995	13.87699425	13.86227894	13.83648900	13.80037022	13.75817944	13.71289565	13.66305026	13.60175182	13.50726852	13.43847560	13.38960416	13.34377425	13.28698038	13.19648569	13.13040074	13.08115555	13.02917548	12.95214953	12.87533411	12.83009945	12.79244311	12.74845346	12.67540318	12.61196222	12.57070869	12.53118829	12.47663651	12.38986050	12.33975954
	13.43039063	13.51591394	13.63079592	13.69232577	13.73442823	13.77111748	13.80998176	13.85516392	13.90929594	13.95408801	13.97645452	13.98593721	13.98712491	13.98266366	13.97300866	13.95902949	13.94317125	13.92844728	13.91126530	13.89748702	13.88727375	13.87225682	13.84577257	13.80875744	13.76557343	13.71928087	13.66849200	13.60636581	13.51086230	13.44073437	13.39082761	13.34403673	13.28625016	13.19454844	13.12738510	13.07706790	13.02371320	12.94427367	12.86732462	12.82168272	12.78333571	12.73809761	12.66265935	12.59954986	12.55801167	12.51762564	12.46110349	12.37355491	12.32366432
	13.41101225	13.49118696	13.59761227	13.65524021	13.69490326	13.72946282	13.76604191	13.80861279	13.85961157	13.90019452	13.92057894	13.92916703	13.93010632	13.92577535	13.91664473	13.90351235	13.88871154	13.87525604	13.85963643	13.84711936	13.83786301	13.82403308	13.79915857	13.76419901	13.72345962	13.67982138	13.63215466	13.57416346	13.48536547	13.41966104	13.37275306	13.32869115	13.27445841	13.18900031	13.12647038	13.07919411	13.02876400	12.95310406	12.88266244	12.84046847	12.80465315	12.76183616	12.69024887	12.63267244	12.59432372	12.55637701	12.50237089	12.42140433	12.37578477
	13.38765560	13.46180508	13.55835560	13.61142718	13.64822509	13.68030808	13.71423827	13.75383641	13.80124647	13.83692106	13.85499489	13.86252530	13.86317969	13.85898654	13.85050395	13.83834427	13.82474888	13.81265531	13.79891014	13.78771260	13.77952980	13.76702014	13.74411675	13.71160372	13.67374725	13.63318998	13.58918699	13.53601641	13.45500809	13.39440037	13.35088498	13.30991992	13.25975118	13.18151419	13.12436032	13.08053697	13.03329401	12.96191335	12.89922322	12.86107407	12.82811079	12.78793911	12.72092459	12.66991259	12.63525698	12.60001412	12.54763118	12.47579656	12.43512232
	13.38896588	13.45803086	13.55059032	13.60237281	13.63832113	13.66937802	13.70201075	13.74000596	13.78544284	13.81888810	13.83598085	13.84304576	13.84358946	13.83948052	13.83133431	13.81973195	13.80670260	13.79524277	13.78260743	13.77226370	13.76492919	13.75354065	13.73194354	13.70065611	13.66405052	13.62484231	13.58270854	13.53237809	13.45582699	13.39731851	13.35531363	13.31587002	13.26807811	13.19398814	13.13942014	13.09737507	13.05199938	12.98365189	12.92432911	12.88813446	12.85673935	12.81831006	12.75418798	12.70604227	12.67318638	12.63960391	12.58898322	12.52127566	12.48294961
	13.37849195	13.44647853	13.53699113	13.58802748	13.62361561	13.65437270	13.68666667	13.72422859	13.76917801	13.80131373	13.81784398	13.82466036	13.82509179	13.82098055	13.81287532	13.80141736	13.78857759	13.77731033	13.76514651	13.75508753	13.74804855	13.73713382	13.71605697	13.68524152	13.64905962	13.61033942	13.56886987	13.51964404	13.44493859	13.38689816	13.34524419	13.30621458	13.25921476	13.18666287	13.13282486	13.09119178	13.04609596	12.97827571	12.92057399	12.88512738	12.85414239	12.81591853	12.75233138	12.70581906	12.67371410	12.64049998	12.58915623	12.52409466	12.48696312
	13.35440778	13.41873860	13.50338178	13.55164992	13.58551597	13.61490221	13.64568532	13.68150304	13.72429360	13.75345133	13.76866231	13.77487987	13.77513495	13.77114005	13.76337543	13.75251614	13.74039202	13.72978489	13.71893931	13.70958981	13.70317562	13.69325015	13.67355465	13.64436687	13.60991270	13.57311548	13.53397884	13.48802678	13.41854524	13.36280866	13.32291384	13.28578139	13.24148881	13.17356625	13.12238650	13.08260444	13.03942126	12.97470597	12.92102177	12.88777397	12.85836590	12.82162589	12.76108517	12.71829535	12.68828020	12.65663466	12.60590069	12.54692718	12.51258675
	13.35017605	13.41147641	13.49219028	13.53862546	13.57129333	13.59966832	13.62933831	13.66387378	13.70500912	13.73241377	13.74680414	13.75264462	13.75280204	13.74891397	13.74142418	13.73100486	13.71940507	13.70922938	13.69926119	13.69044557	13.68448006	13.67529862	13.65666005	13.62870223	13.59554623	13.56017278	13.52274310	13.47914964	13.41342461	13.35924384	13.32068412	13.28506684	13.24290776	13.17838489	13.12901815	13.09072414	13.04933047	12.98751377	12.93602814	12.90421314	12.87604250	12.84080294	12.78281207	12.74202548	12.71342601	12.68314096	12.63428229	12.57828898	12.54562341
	13.36203604	13.42148443	13.50015995	13.54583333	13.57804181	13.60599946	13.63519105	13.66922348	13.70957460	13.73593086	13.74985259	13.75547638	13.75552768	13.75168366	13.74434094	13.73414527	13.72283859	13.71289698	13.70367293	13.69515259	13.68948647	13.68079380	13.66277702	13.63541852	13.60281610	13.56811030	13.53155171	13.48933255	13.42580724	13.37214925	13.33412632	13.29927036	13.25826570	13.19563071	13.14726990	13.10979996	13.06934787	13.00912553	12.95897131	12.92795967	12.90052319	12.86614794	12.80962748	12.77000884	12.74221000	12.71274870	12.66525460	12.61069866	12.57894268
	13.35492892	13.41402344	13.49088958	13.53584327	13.56781408	13.59559671	13.62465340	13.65853033	13.69825750	13.72368646	13.73716113	13.74250728	13.74239760	13.73849226	13.73116160	13.72104087	13.70984686	13.70000523	13.69110856	13.68282278	13.67738509	13.66912979	13.65164873	13.62474791	13.59254378	13.55820708	13.52222224	13.48112639	13.41956672	13.36553240	13.32745982	13.29283102	13.25253415	13.19135470	13.14306508	13.10558529	13.06514647	13.00529046	12.95616893	12.92560512	12.89833617	12.86378677	12.80769305	12.76939188	12.74209851	12.71268905	12.66412943	12.61211937	12.58126131
	13.34349843	13.40199696	13.47723971	13.52140735	13.55299052	13.58046299	13.60916707	13.64262542	13.68159689	13.70632515	13.71942709	13.72455607	13.72435149	13.72039859	13.71310612	13.70305968	13.69195157	13.68219336	13.67319536	13.66509551	13.65984933	13.65193173	13.63499520	13.60867294	13.57702278	13.54323657	13.50787372	13.46773846	13.40777217	13.35402938	13.31618858	13.28187199	13.24219273	13.18223764	13.13446870	13.09719227	13.05679494	12.99720230	12.94951436	12.91955478	12.89250169	12.85782935	12.80227174	12.76542909	12.73868053	12.70933720	12.65971284	12.61039781	12.58049210
	13.33622687	13.39222100	13.46334969	13.50546579	13.53581539	13.56228231	13.58998432	13.62226498	13.65920436	13.68225390	13.69445238	13.69912803	13.69876799	13.69481763	13.68773283	13.67809277	13.66740708	13.65806040	13.64952903	13.64189869	13.63704199	13.62986752	13.61411172	13.58922060	13.55901545	13.52675506	13.49321087	13.45560436	13.39993037	13.34737933	13.31062395	13.27765299	13.24004523	13.18358043	13.13762041	13.10155419	13.06235371	13.00497741	12.96044152	12.93209007	12.90612231	12.87230524	12.81932417	12.78530738	12.75999560	12.73160656	12.68265215	12.63786476	12.60995553
	13.32717796	13.38274646	13.45189121	13.49311619	13.52302985	13.54926503	13.57678991	13.60890533	13.64501062	13.66714081	13.67885041	13.68328989	13.68277435	13.67877929	13.67173936	13.66227141	13.65175267	13.64262098	13.63465040	13.62724299	13.62253994	13.61566966	13.60035345	13.57589089	13.54606690	13.51428470	13.48147924	13.44504822	13.39175084	13.33888106	13.30218541	13.26958879	13.23289091	13.17814114	13.13237722	13.09643574	13.05739125	13.00072031	12.95739621	12.92961648	12.90389880	12.86999294	12.81800573	12.78529044	12.76050109	12.73217720	12.68301632	12.64056396	12.61350446
	13.31697295	13.37241477	13.43865486	13.47848275	13.50770745	13.53360174	13.56091821	13.59293272	13.62777034	13.64865592	13.65969250	13.66373610	13.66305969	13.65898515	13.65201032	13.64270481	13.63243892	13.62353397	13.61631832	13.60915068	13.60458104	13.59806064	13.58322645	13.55938036	13.53016397	13.49907355	13.46724129	13.43227074	13.38206351	13.32882580	13.29234138	13.26032121	13.22483131	13.17221142	13.12680670	13.09108673	13.05225740	12.99655081	12.95492303	12.92790088	12.90253130	12.86847820	12.81799503	12.78697705	12.76289852	12.73470853	12.68550631	12.64599592	12.62002817
	13.35669758	13.41363350	13.48055050	13.52107725	13.55113733	13.57780989	13.60596680	13.63903047	13.67416530	13.69508249	13.70610187	13.71001234	13.70910411	13.70477705	13.69749424	13.68781745	13.67725160	13.66795231	13.66021217	13.65287425	13.64819086	13.64195579	13.62767273	13.60405964	13.57469314	13.54329481	13.51137273	13.47684495	13.42916233	13.37190287	13.33354980	13.30072794	13.26532266	13.21343057	13.16573203	13.12822473	13.08770179	13.03051321	12.98891924	12.96147136	12.93528966	12.89922951	12.84844362	12.81806023	12.79369520	12.76423056	12.71304479	12.67520893	12.64931928
	13.41542589	13.47571389	13.54716776	13.59038170	13.62247057	13.65095420	13.68099802	13.71621103	13.75348871	13.77572055	13.78742311	13.79157954	13.79052651	13.78587059	13.77807426	13.76772441	13.75637744	13.74632722	13.73770844	13.72980479	13.72468612	13.71817558	13.70352730	13.67893738	13.64810224	13.61494226	13.58132674	13.54517155	13.49655439	13.43388977	13.39249047	13.35758768	13.32033755	13.26608123	13.21457108	13.17415539	13.13068525	13.06969541	13.02589832	12.99677684	12.96876339	12.92976418	12.87624973	12.84460609	12.81877956	12.78710856	12.73247688	12.69335263	12.66614016
	13.42544195	13.48703729	13.55810191	13.60115803	13.63329316	13.66198815	13.69227268	13.72772619	13.76491343	13.78708488	13.79877139	13.80281098	13.80169097	13.79695430	13.78909116	13.77868505	13.76719969	13.75699480	13.74833603	13.74011609	13.73470665	13.72814387	13.71363992	13.68931383	13.65860915	13.62555532	13.59210705	13.55631531	13.50997068	13.44505961	13.40272656	13.36746488	13.33039725	13.27737084	13.22407898	13.18259413	13.13819234	13.07649094	13.03246938	13.00304881	12.97440741	12.93393258	12.88066645	12.84946818	12.82339195	12.79063916	12.73514368	12.69723814	12.67014465
	13.51443372	13.58058933	13.65660210	13.70264682	13.73708757	13.76788796	13.80041268	13.83856079	13.87798523	13.90155036	13.91393080	13.91823698	13.91699455	13.91185295	13.90348148	13.89235874	13.88009424	13.86901014	13.85997137	13.85091468	13.84475535	13.83782094	13.82285776	13.79754690	13.76526388	13.73034644	13.69507375	13.65773800	13.61188913	13.53964803	13.49306179	13.45530817	13.41644288	13.36199319	13.30310884	13.25779349	13.20965968	13.14355023	13.09699901	13.06561382	13.03459750	12.98987879	12.93439420	12.90210871	12.87434556	12.83855544	12.77933240	12.74066428	12.71217384
	13.60975194	13.68100336	13.76165995	13.81053952	13.84717193	13.87997055	13.91467862	13.95539038	13.99682599	14.02165952	14.03465472	14.03913058	14.03773922	14.03214551	14.02321410	14.01134798	13.99825818	13.98624834	13.97610733	13.96641849	13.95950518	13.95209031	13.93671875	13.91057890	13.87697249	13.84040557	13.80346464	13.76458220	13.71749365	13.63968024	13.58893031	13.54875421	13.50816201	13.45237796	13.38759314	13.33832224	13.28638083	13.21564370	13.16649950	13.13309939	13.09952078	13.04935674	12.99285391	12.95950657	12.93001950	12.89084103	12.82809379	12.78886342	12.75900398
	13.57543967	13.64613219	13.72503217	13.77291484	13.80878127	13.84079390	13.87453082	13.91387179	13.95454724	13.97908341	13.99191998	13.99635943	13.99498723	13.98952282	13.98068098	13.96895650	13.95599518	13.94409501	13.93337470	13.92338215	13.91641786	13.90906708	13.89425627	13.86911900	13.83671075	13.80131316	13.76542727	13.72762206	13.68190818	13.60552699	13.55513737	13.51552590	13.47583300	13.42258358	13.35731205	13.30798014	13.25619009	13.18606587	13.13744076	13.10429340	13.07062200	13.01920698	12.96502277	12.93253564	12.90318200	12.86339357	12.80165218	12.76405894	12.73472134
	13.67313776	13.74539989	13.82647546	13.87553766	13.91218821	13.94462695	13.97860403	14.01814856	14.05932090	14.08442819	14.09765841	14.10225140	14.10088312	14.09532385	14.08630650	14.07433827	14.06103194	14.04868173	14.03697543	14.02653920	14.01907164	14.01159303	13.99714548	13.97261754	13.94057690	13.90526784	13.86936363	13.83154764	13.78608091	13.70780883	13.65524773	13.61489179	13.57509066	13.52306448	13.45395232	13.40266550	13.34937668	13.27735974	13.22768888	13.19376960	13.15890434	13.10431475	13.05159667	13.01925940	12.98932730	12.94806233	12.88583720	12.84875870	12.81919306
	13.67113167	13.74830624	13.83316152	13.88472713	13.92325538	13.95733668	13.99292187	14.03425147	14.07739024	14.10385303	14.11781410	14.12265388	14.12121527	14.11533709	14.10583382	14.09324025	14.07919771	14.06611832	14.05337595	14.04227027	14.03425439	14.02630428	14.01117574	13.98560518	13.95219364	13.91530900	13.87777787	13.83823296	13.79075164	13.70840259	13.65224413	13.60953169	13.56769735	13.51456168	13.43975199	13.38474765	13.32785863	13.25119214	13.19854001	13.16243601	13.12497878	13.06573422	13.01146276	12.97761882	12.94571056	12.90105101	12.83575659	12.79741605	12.76622672
	13.66863358	13.74949310	13.83719872	13.89067268	13.93062830	13.96598895	14.00283786	14.04557285	14.09020223	14.11766663	14.13215928	14.13718205	14.13568494	14.12957089	14.11970019	14.10665649	14.09207015	14.07846177	14.06506382	14.05344208	14.04502086	14.03670716	14.02101056	13.99455320	13.96001826	13.92187633	13.88306204	13.84216513	13.79309528	13.70767090	13.64884651	13.60433986	13.56092001	13.50672188	13.42779912	13.37004821	13.31042874	13.23023507	13.17544312	13.13772065	13.09832047	13.03563713	12.98017793	12.94518756	12.91178823	12.86454583	12.79700218	12.75767274	12.72524876
	13.64045534	13.72100727	13.80726128	13.86000118	13.89946541	13.93447204	13.97103210	14.01343433	14.05750875	14.08446935	14.09868556	14.10359776	14.10206409	14.09601708	14.08622706	14.07332493	14.05891463	14.04546374	14.03223554	14.02074110	14.01239696	14.00411955	13.98848685	13.96219328	13.92792635	13.89014071	13.85173316	13.81125795	13.76267093	13.67825319	13.62010004	13.57599375	13.53295828	13.47935141	13.40125143	13.34398690	13.28479282	13.20531415	13.15113657	13.11378018	13.07457761	13.01225637	12.95752251	12.92288770	12.88969828	12.84254090	12.77580632	12.73701177	12.70486480
	13.65618348	13.73867858	13.82672982	13.88060396	13.92089739	13.95657950	13.99374336	14.03672602	14.08164150	14.10925256	14.12380721	14.12886364	14.12730722	14.12114379	14.11115617	14.09799619	14.08327225	14.06950027	14.05568100	14.04388502	14.03528645	14.02679906	14.01091697	13.98424136	13.94946533	13.91105291	13.87200521	13.83081431	13.78138842	13.69510258	13.63546176	13.59035131	13.54645498	13.49211326	13.41166642	13.35279379	13.29191603	13.21032169	13.15509175	13.11684756	13.07639518	13.01189893	12.95692860	12.92175919	12.88767480	12.83875751	12.77111297	12.73193252	12.69909947
	13.70920851	13.79588650	13.88893953	13.94580058	13.98823173	14.02562251	14.06429595	14.10880866	14.15595558	14.18537222	14.20088020	14.20633842	14.20477629	14.19831494	14.18785495	14.17404784	14.15853257	14.14397189	14.12889679	14.11637576	14.10719787	14.09825924	14.08180055	14.05416443	14.01806954	13.97802385	13.93726534	13.89422147	13.84263562	13.75166820	13.68835625	13.64083098	13.59482505	13.53850924	13.45252796	13.38997062	13.32535713	13.23885174	13.18085111	13.14046110	13.09737168	13.02825347	12.97195297	12.93532962	12.89927270	12.84684483	12.77648470	12.73595138	12.70147896
	13.75018810	13.84119839	13.93948490	13.99956727	14.04431151	14.08352346	14.12385029	14.17000197	14.21942510	14.25083957	14.26742858	14.27330505	14.27171294	14.26493696	14.25394922	14.23942631	14.22309903	14.20762440	14.19133555	14.17810833	14.16832841	14.15884079	14.14161955	14.11284670	14.07522828	14.03338843	13.99074114	13.94564755	13.89152391	13.79549515	13.72849704	13.67841816	13.63010912	13.57159390	13.47967939	13.41315320	13.34446990	13.25252620	13.19145135	13.14869503	13.10258336	13.02861607	12.97075048	12.93250165	12.89423014	12.83747099	12.76468528	12.72265581	12.68634908
	13.80124872	13.89772704	14.00237601	14.06641362	14.11402028	14.15549227	14.19789721	14.24611770	14.29833075	14.33215645	14.35005814	14.35641042	14.35476724	14.34758996	14.33594254	14.32051328	14.30317370	14.28655944	14.26873090	14.25464430	14.24412463	14.23393505	14.21571727	14.18550711	14.14597615	14.10191155	14.05691475	14.00925622	13.95192055	13.84957682	13.77813688	13.72492234	13.67373241	13.61228975	13.51317987	13.44175891	13.36797613	13.26927819	13.20445740	13.15877182	13.10883567	13.02884966	12.96909369	12.92883572	12.88775497	12.82536506	12.74982543	12.70595234	12.66733620
	13.84126006	13.94132422	14.05058596	14.11735834	14.16688356	14.20984489	14.25358689	14.30311138	14.35738503	14.39285723	14.41164913	14.41834560	14.41669889	14.40923895	14.39713321	14.38107014	14.36297798	14.34558005	14.32639160	14.31173524	14.30073541	14.29015198	14.27140753	14.24037983	14.19966636	14.15419395	14.10763333	14.05829977	13.99885539	13.89222516	13.81769833	13.76239468	13.70927770	13.64596726	13.54194856	13.46725485	13.39011643	13.28696006	13.21950941	13.17183521	13.11941447	13.03557996	12.97427836	12.93259878	12.88963934	12.82348042	12.74613048	12.70088988	12.66072458
	13.85451554	13.95608886	14.06730070	14.13514472	14.18540755	14.22893814	14.27318493	14.32318893	14.37833969	14.41450269	14.43366990	14.44051867	14.43888080	14.43130083	14.41900263	14.40267261	14.38425399	14.36650510	14.34669253	14.33182193	14.32064343	14.30993085	14.29101673	14.25970415	14.21854320	14.17252909	14.12534137	14.07534336	14.01506214	13.90670033	13.83085816	13.77468780	13.72077835	13.65680984	13.55074609	13.47471158	13.39623094	13.29129745	13.22270677	13.17420071	13.12078863	13.03546103	12.97338402	12.93107837	12.88734212	12.81963336	12.74154286	12.69568741	12.65487829
	13.87022725	13.97556801	14.09109056	14.16143691	14.21352265	14.25857486	14.30427501	14.35584031	14.41297717	14.45068121	14.47067519	14.47782965	14.47614817	14.46829902	14.45554937	14.43860856	14.41950234	14.40093883	14.38028602	14.36487307	14.35325758	14.34212100	14.32254157	14.29016178	14.24760017	14.19998984	14.15114054	14.09934574	14.03684827	13.92428053	13.84558125	13.78731111	13.73141663	13.66512073	13.55489802	13.47585972	13.39421758	13.28517082	13.21406728	13.16364885	13.10793262	13.01917115	12.95516601	12.91133108	12.86576986	12.79473512	12.71447313	12.66708130	12.62468252
	13.89093531	14.00787664	14.13527883	14.21339747	14.27131805	14.32141037	14.37215812	14.42936743	14.49230038	14.53360742	14.55547549	14.56321559	14.56128054	14.55255600	14.53845166	14.51970038	14.49858487	14.47804912	14.45464201	14.43732787	14.42419875	14.41155929	14.38960777	14.35364016	14.30656652	14.25403484	14.20014989	14.14297323	14.07375402	13.94880949	13.86212363	13.79769751	13.73575633	13.66174739	13.53977568	13.45175332	13.36020790	13.23867736	13.16062149	13.10460130	13.04157764	12.94205835	12.87303408	12.82483213	12.77352424	12.69103101	12.60563202	12.55401024	12.50678290
	13.92831677	14.05939572	14.20343657	14.29193638	14.35743027	14.41383769	14.47071075	14.53455701	14.60505581	14.65162782	14.67625309	14.68490554	14.68271734	14.67287605	14.65696554	14.63578064	14.61191235	14.58751036	14.56081420	14.54114712	14.52610469	14.51154528	14.48667970	14.44628689	14.39366676	14.33496880	14.27471101	14.21052455	14.13226399	13.99039889	13.89401409	13.82184546	13.75211339	13.66652169	13.53030580	13.43086428	13.32638514	13.18865074	13.10181029	13.03844534	12.96558534	12.85227534	12.77694057	12.72300910	12.66394274	12.56634289	12.47461250	12.41752798	12.36386040
	13.96235278	14.10114651	14.25639424	14.35155583	14.42172631	14.48183275	14.54211269	14.60945507	14.68459723	14.73489960	14.76149452	14.77084241	14.76856634	14.75806429	14.74102046	14.71829303	14.69263991	14.66492977	14.63641304	14.61538581	14.59919863	14.58348461	14.55697713	14.51408364	14.45833389	14.39604783	14.33203099	14.26355720	14.17955248	14.02671186	13.92487465	13.84817046	13.77375386	13.68005663	13.53572103	13.42945800	13.31703805	13.16933763	13.07725665	13.00934182	12.93021780	12.80859263	12.72959873	12.67214663	12.60815937	12.50116372	12.40584806	12.34546381	12.28776183
	13.95955826	14.09969467	14.25515946	14.35054261	14.42096072	14.48137353	14.54202815	14.60981735	14.68511284	14.73537782	14.76191143	14.77120337	14.76884132	14.75827161	14.74109745	14.71821737	14.69241125	14.66435301	14.63571215	14.61458628	14.59831928	14.58246193	14.55571133	14.51251416	14.45646370	14.39385712	14.32959156	14.26076528	14.17624060	14.02250742	13.92052189	13.84345141	13.76856570	13.67344188	13.52916861	13.42240170	13.30904578	13.16069114	13.06863781	13.00041165	12.92042862	12.79799397	12.71917695	12.66148325	12.59683704	12.48821203	12.39350071	12.33303173	12.27486647
	14.02416787	14.17685139	14.35022830	14.45630807	14.53430452	14.60068985	14.66691467	14.74036309	14.82299239	14.87890234	14.90841434	14.91875065	14.91620071	14.90451454	14.88543446	14.86002646	14.83127492	14.79740292	14.76586219	14.74247745	14.72430586	14.70658562	14.67715569	14.63007299	14.56912456	14.50097008	14.43086579	14.35519750	14.26151784	14.09031137	13.97953139	13.89515869	13.81268389	13.70475066	13.54700537	13.42893452	13.30240570	13.13787486	13.03730309	12.96152769	12.87082126	12.73531594	12.65080087	12.58734271	12.51433586	12.39061547	12.29052380	12.22477563	12.15984881
	14.02450094	14.17887298	14.35366478	14.46052315	14.53912455	14.60606167	14.67286423	14.74695737	14.83031720	14.88660003	14.91630135	14.92667799	14.92407741	14.91227215	14.89299817	14.86734695	14.83832771	14.80399585	14.77219134	14.74861955	14.73030110	14.71241227	14.68268979	14.63516619	14.57367598	14.50493350	14.43422857	14.35789409	14.26335673	14.09055751	13.97890491	13.89378424	13.81052490	13.70126610	13.54248105	13.42338335	13.29560453	13.12974853	13.02846846	12.95203819	12.86042027	12.72362896	12.63845237	12.57441206	12.50061684	12.37544552	12.27472107	12.20842858	12.14284656
	14.05456102	14.21670163	14.39927522	14.51080389	14.59290400	14.66276996	14.73241684	14.80951739	14.89626369	14.95484627	14.98569236	14.99646871	14.99367204	14.98126799	14.96100564	14.93405568	14.90356859	14.86628768	14.83302418	14.80823353	14.78891087	14.77003536	14.73887279	14.68936845	14.62544838	14.55406616	14.48059000	14.40084566	14.30177799	14.12038947	14.00438929	13.91556804	13.82841667	13.71236762	13.54699603	13.42199492	13.28699250	13.11309423	13.00794364	12.92752240	12.82951291	12.68668496	12.59931121	12.53231961	12.45357826	12.32039212	12.21814270	12.14940143	12.08002469
	14.07499953	14.23846626	14.42406065	14.53753995	14.62091168	14.69155868	14.76169717	14.83896952	14.92592998	14.98579647	15.01717087	15.02819530	15.02540008	15.01281893	14.99221851	14.96474399	14.93348564	14.89371760	14.86007907	14.83481926	14.81502170	14.79574941	14.76425177	14.71453458	14.65045785	14.57887473	14.50511045	14.42442689	14.32368310	14.13896247	14.02254878	13.93293729	13.84468206	13.72507593	13.55789409	13.43064420	13.29228625	13.11495781	13.00903357	12.92678847	12.82462501	12.68029915	12.59396150	12.52611519	12.44450225	12.30697391	12.20712844	12.13822081	12.06701229
	14.04480247	14.19881315	14.37522189	14.48334016	14.56260418	14.62955189	14.69580767	14.76852904	14.85012969	14.90756586	14.93750651	14.94808738	14.94550957	14.93360470	14.91407409	14.88791026	14.85788248	14.81904609	14.78722238	14.76321832	14.74434518	14.72601756	14.69625137	14.64939420	14.58906513	14.52161581	14.45207196	14.37560657	14.27976374	14.10415695	13.99452949	13.90980248	13.82615696	13.71155521	13.55313945	13.43211999	13.29999229	13.13102322	13.03085290	12.95232746	12.85359715	12.71720792	12.63663026	12.57229458	12.49379897	12.36217360	12.26959307	12.20464975	12.13654094
	13.99040951	14.13975489	14.30724227	14.40960740	14.48493796	14.54882778	14.61220913	14.68185354	14.75983628	14.81396297	14.84211916	14.85202685	14.84941511	14.83797207	14.81923623	14.79415783	14.76524407	14.72797565	14.69749851	14.67448546	14.65645869	14.63880753	14.61016368	14.56526111	14.50754817	14.44317759	14.37674487	14.30366988	14.21176340	14.04397687	13.93951746	13.85843746	13.77823027	13.66739801	13.51696991	13.40114204	13.27387339	13.11309892	13.01817584	12.94294662	12.84734411	12.71748748	12.64113733	12.57944957	12.50328992	12.37663952	12.28952491	12.22761073	12.16183183
	13.92299630	14.05340850	14.20241846	14.29316195	14.35962191	14.41567918	14.47096625	14.53131117	14.59921536	14.64819704	14.67353145	14.68255778	14.68041329	14.67035211	14.65380594	14.63153641	14.60506839	14.57140793	14.54471039	14.52443517	14.50850490	14.49298441	14.46794923	14.42883064	14.37852038	14.32227543	14.26407707	14.19960208	14.11686972	13.96927293	13.87794970	13.80680927	13.73618072	13.63694504	13.50462480	13.40231118	13.28948962	13.14729087	13.06375781	12.99696109	12.91117214	12.79738647	12.73095209	12.67647872	12.60833509	12.49617882	12.42075891	12.36640897	12.30789090
	13.87086093	13.99038944	14.12647184	14.20929928	14.26995259	14.32113327	14.37156460	14.42643468	14.48799267	14.53296735	14.55608581	14.56431937	14.56236616	14.55318267	14.53804526	14.51757562	14.49293547	14.46158576	14.43721032	14.41865791	14.40407200	14.38981977	14.36691058	14.33126052	14.28546208	14.23428841	14.18128329	14.12231760	14.04590060	13.91115184	13.82820950	13.76327737	13.69859311	13.60662018	13.48613923	13.39232958	13.28825890	13.15817504	13.08226510	13.02075928	12.94064382	12.83738486	12.77754973	12.72761448	12.66412767	12.56085291	12.49350416	12.44404709	12.38985686
	13.77215948	13.87511047	13.99120838	14.06170043	14.11331567	14.15695988	14.19994167	14.24662322	14.29873634	14.33721088	14.35689899	14.36388839	14.36216321	14.35422115	14.34114359	14.32350776	14.30137776	14.27463373	14.25395794	14.23818323	14.22581223	14.21360648	14.19400795	14.16352142	14.12448539	14.08090303	14.03571361	13.98517169	13.91806920	13.80386628	13.73365691	13.67823011	13.62273596	13.54220256	13.44059011	13.36045187	13.27086369	13.16018209	13.09590819	13.04317946	12.97343787	12.88591301	12.83516378	12.79227115	12.73708316	12.64838435	12.59159288	12.54933913	12.50246670
	13.69472556	13.78204245	13.88094782	13.94098817	13.98483100	14.02175666	14.05792079	14.09688211	14.13996931	14.17320721	14.19006823	14.19605882	14.19459475	14.18777290	14.17650527	14.16112390	14.14040160	14.11802596	14.10068277	14.08735565	14.07691365	14.06653582	14.04997929	14.02437676	13.99167384	13.95512901	13.91709581	13.87406378	13.81372669	13.71887778	13.66009845	13.61318285	13.56588518	13.49533648	13.40980138	13.34146551	13.26429966	13.17009249	13.11587325	13.07036035	13.00809428	12.93584733	12.89359986	12.85684100	12.80826793	12.73272986	12.68602762	12.65022716	12.60946088
	13.67358331	13.75831816	13.85371357	13.91154698	13.95380928	13.98936319	14.02415978	14.06155460	14.10288823	14.13500053	14.15123358	14.15696915	14.15552364	14.14888673	14.13795073	14.12289020	14.10224999	14.08067944	14.06399050	14.05112039	14.04103708	14.03099927	14.01497890	13.99034280	13.95890926	13.92379022	13.88720172	13.84562417	13.78563671	13.69525646	13.63886886	13.59362911	13.54786647	13.47867562	13.39662951	13.33053318	13.25546567	13.16474065	13.11269134	13.06840879	13.00686341	12.93817778	12.89777300	12.86208350	12.81425836	12.74132139	12.69697956	12.66244508	12.62255524
	13.66102319	13.74901660	13.84563637	13.90410837	13.94707213	13.98341507	14.01919439	14.05781687	14.10065827	14.13261021	14.14871557	14.15429834	14.15265747	14.14578618	14.13455631	14.11922699	14.09820782	14.07598510	14.05888389	14.04568392	14.03532247	14.02498611	14.00836667	13.98292080	13.95056228	13.91457135	13.87710142	13.83459151	13.77209760	13.68094491	13.62363613	13.57742165	13.53051376	13.45892503	13.37629321	13.30884008	13.23161033	13.14018924	13.08761276	13.04232705	12.97882532	12.90931859	12.86823932	12.83155988	12.78195899	12.70758262	12.66274117	12.62743608	12.58619068
	13.62381399	13.71106228	13.80586054	13.86299270	13.90508702	13.94072286	13.97588251	14.01381136	14.05580578	14.08697093	14.10251178	14.10784209	14.10610795	14.09925803	14.08808961	14.07291694	14.05133928	14.02956230	14.01284137	13.99987588	13.98965763	13.97945143	13.96298483	13.93789816	13.90609449	13.87083582	13.83405846	13.79221086	13.72805806	13.64066136	13.58496062	13.53963565	13.49333077	13.42118417	13.34149652	13.27524333	13.19830720	13.10991319	13.05889737	13.01409835	12.94999464	12.88321866	12.84322607	12.80677458	12.75670798	12.68392649	12.64064875	12.60589324	12.56451664
	13.58945827	13.67343726	13.76531103	13.82044378	13.86098459	13.89521025	13.92884085	13.96493278	14.00471399	14.03536704	14.05039461	14.05557480	14.05389864	14.04725788	14.03639894	14.02159274	13.99946734	13.97871890	13.96271113	13.95023834	13.94040021	13.93051484	13.91466278	13.89063123	13.86021545	13.82648345	13.79119233	13.75075368	13.68651354	13.60394808	13.55081390	13.50723886	13.46249011	13.39154665	13.31547498	13.25147830	13.17612895	13.09187741	13.04297514	12.99930432	12.93554199	12.87285070	12.83468289	12.79917287	12.74955271	12.67988679	12.63894285	12.60539358	12.56467806
	13.59418877	13.67748208	13.76995090	13.82535741	13.86601864	13.90014914	13.93345906	13.96898757	14.00785723	14.03906625	14.05418528	14.05944049	14.05776537	14.05105965	14.04006007	14.02482307	14.00150552	13.98104820	13.96519742	13.95277434	13.94294217	13.93303381	13.91729139	13.89354489	13.86348699	13.83024610	13.79513494	13.75462425	13.68759118	13.60683500	13.55439742	13.51102617	13.46627620	13.39337237	13.31805063	13.25400301	13.17708322	13.09381208	13.04509429	13.00063058	12.93439536	12.87424719	12.83670059	12.80077217	12.74945764	12.68091852	12.64105036	12.60750233	12.56582043
	13.56791645	13.65179912	13.74464077	13.80034148	13.84120426	13.87558457	13.90915062	13.94490544	13.98395144	14.01518962	14.03018450	14.03534266	14.03358125	14.02681299	14.01570837	14.00031327	13.97641846	13.95594320	13.94004542	13.92756160	13.91769466	13.90763406	13.89165479	13.86765732	13.83739199	13.80400249	13.76871004	13.72791524	13.65917454	13.57915998	13.52674540	13.48310924	13.43795031	13.36388845	13.28875054	13.22417369	13.14561487	13.06311923	13.01440104	12.96940199	12.90163758	12.84215972	12.80462317	12.76822679	12.71569611	12.64720697	12.60754863	12.57372379	12.53118716
	13.52925939	13.61559133	13.70866025	13.76444867	13.80553542	13.84028220	13.87431921	13.91073433	13.95042545	13.98133643	13.99593626	14.00079279	13.99878629	13.99178848	13.98042414	13.96490529	13.93985855	13.91907692	13.90289750	13.89010374	13.88000772	13.86955728	13.85305102	13.82851415	13.79792114	13.76429456	13.72866404	13.68718706	13.61443179	13.53615010	13.48403158	13.43998968	13.39410726	13.31697394	13.24280274	13.17724918	13.09513766	13.01529538	12.96672445	12.92013494	12.84912359	12.79204297	12.75471215	12.71697453	12.65992241	12.59402727	12.55530195	12.52081217	12.47576874
	13.50604452	13.59268426	13.68527346	13.74088487	13.78185681	13.81657280	13.85056799	13.88693872	13.92649777	13.95669975	13.97085356	13.97543882	13.97331498	13.96632885	13.95496194	13.93910468	13.91386019	13.89290928	13.87648081	13.86342984	13.85306598	13.84237806	13.82574301	13.80141151	13.77125361	13.73828445	13.70295286	13.66164465	13.58724052	13.51052109	13.45908613	13.41531758	13.36951630	13.29086107	13.21773509	13.15198650	13.06786636	12.99056370	12.94220473	12.89401985	12.82083508	12.76745472	12.73089901	12.69207410	12.63017679	12.56976110	12.53271407	12.49800686	12.45004035
	13.45211822	13.53577805	13.62478933	13.67816879	13.71746435	13.75076507	13.78338185	13.81824026	13.85601611	13.88507591	13.89851005	13.90276505	13.90061510	13.89382524	13.88277126	13.86626720	13.84210847	13.82199036	13.80615806	13.79353074	13.78349971	13.77308237	13.75695930	13.73363488	13.70482849	13.67336518	13.63948242	13.59958707	13.52591722	13.45387222	13.40496950	13.36297962	13.31873337	13.24192225	13.17236195	13.10881734	13.02650457	12.95379774	12.90729238	12.85971141	12.78824767	12.73868007	12.70368127	12.66534507	12.60284658	12.54786860	12.51296777	12.47917204	12.42915037
	13.40167866	13.48282067	13.56866520	13.62015683	13.65804905	13.69013636	13.72154844	13.75503493	13.79109792	13.81921674	13.83195807	13.83591810	13.83376644	13.82711646	13.81637090	13.79892056	13.77569100	13.75629634	13.74100638	13.72872606	13.71894743	13.70869671	13.69295975	13.67045186	13.64284919	13.61272618	13.58008468	13.54129479	13.46758288	13.40009596	13.35353779	13.31305171	13.27005209	13.19439301	13.12798556	13.06609307	12.98491769	12.91658708	12.87148495	12.82368998	12.75370505	12.70787475	12.67413844	12.63555318	12.57231829	12.52275351	12.48978512	12.45644543	12.40220620
	13.37353234	13.45130535	13.53323058	13.58243466	13.61864565	13.64931770	13.67935767	13.71136114	13.74574058	13.77241474	13.78445990	13.78820922	13.78612367	13.77978510	13.76945953	13.75248518	13.73013402	13.71152418	13.69672255	13.68487765	13.67537892	13.66540874	13.65027686	13.62880747	13.60262431	13.57401372	13.54291827	13.50574064	13.43420182	13.37044485	13.32624814	13.28764669	13.24646390	13.17327060	13.11008026	13.05053624	12.97212442	12.90782883	12.86440019	12.81721769	12.75012019	12.70781422	12.67555182	12.63742885	12.57556377	12.53073600	12.49976896	12.46733123	12.41175040
	13.34967711	13.42569566	13.50430187	13.55169149	13.58660989	13.61627990	13.64538616	13.67641653	13.70970538	13.73510135	13.74658645	13.75016665	13.74812240	13.74194919	13.73186013	13.71526638	13.69357085	13.67546292	13.66096932	13.64928831	13.63991698	13.63003243	13.61521252	13.59444005	13.56924973	13.54164415	13.51161897	13.47540648	13.40489784	13.34411541	13.30164730	13.26438077	13.22438333	13.15253514	13.09165193	13.03353122	12.95665743	12.89562208	12.85314311	12.80543612	12.74081139	12.70150821	12.67020458	12.63165320	12.57085081	12.53008857	12.50063357	12.46847783	12.41110283
	13.33599710	13.41153136	13.48855492	13.53513439	13.56943720	13.59865536	13.62735567	13.65798248	13.69066743	13.71548931	13.72668686	13.73007718	13.72801172	13.72185421	13.71178632	13.69474288	13.67325477	13.65530033	13.64079298	13.62904354	13.61954195	13.60948840	13.59464723	13.57418126	13.54963877	13.52252783	13.49289607	13.45669308	13.38488971	13.32666364	13.28546014	13.24877793	13.20917992	13.13683287	13.07726744	13.01947168	12.94270046	12.88358681	12.84079427	12.79078482	12.72813033	12.69102700	12.65972109	12.61919710	12.55905457	12.52180648	12.49316887	12.46019931	12.40008715
	13.31574502	13.38910806	13.46463515	13.51017385	13.54358771	13.57198495	13.59980371	13.62945280	13.66094114	13.68551160	13.69649430	13.69985527	13.69786306	13.69182069	13.68191905	13.66444925	13.64352994	13.62597146	13.61171926	13.60009219	13.59069456	13.58073576	13.56629830	13.54655762	13.52291394	13.49669319	13.46779992	13.43221507	13.36085516	13.30516672	13.26541757	13.22975736	13.19109511	13.11966283	13.06189634	13.00543226	12.93022972	12.87292248	12.83049973	12.77990688	12.71977752	12.68436068	12.65343292	12.61230317	12.55413456	12.51922483	12.49145607	12.45844419	12.39854022
	13.28669084	13.35694408	13.42945866	13.47310792	13.50508006	13.53225705	13.55885247	13.58719181	13.61725952	13.64083954	13.65135057	13.65460821	13.65271585	13.64689789	13.63734411	13.62026193	13.60014083	13.58318901	13.56937076	13.55803902	13.54882014	13.53911293	13.52525142	13.50646703	13.48405557	13.45911830	13.43145578	13.39711806	13.32780579	13.27529552	13.23756194	13.20352946	13.16646575	13.09742584	13.04226429	12.98808249	12.91579407	12.86107584	12.81965129	12.76913938	12.71293768	12.67964715	12.64951393	12.60841993	12.55363376	12.52143611	12.49493434	12.46234277	12.40413450
	13.25268033	13.31876549	13.38561433	13.42598007	13.45562028	13.48084964	13.50565027	13.53211160	13.56024466	13.58185281	13.59157087	13.59455317	13.59276864	13.58731690	13.57836429	13.56243261	13.54351740	13.52749691	13.51437393	13.50356820	13.49470889	13.48545321	13.47239348	13.45490854	13.43413910	13.41103813	13.38524635	13.35283579	13.28728261	13.23938020	13.20463301	13.17298449	13.13826494	13.07307337	13.02198959	12.97118714	12.90350877	12.85303389	12.81352076	12.76317011	12.71380724	12.68357683	12.65481555	12.61397049	12.56508960	12.53659488	12.51189409	12.48014506	12.42554036
	13.26369754	13.32851043	13.39357023	13.43285061	13.46169970	13.48623746	13.51041386	13.53622477	13.56359873	13.58466706	13.59408090	13.59697519	13.59518234	13.58979230	13.58093754	13.56487252	13.54639277	13.53068272	13.51771969	13.50708282	13.49828114	13.48907300	13.47626948	13.45927813	13.43911113	13.41663025	13.39130737	13.35921524	13.29411860	13.24843736	13.21491363	13.18401419	13.14990329	13.08538997	13.03584893	12.98600276	12.91960904	12.87072850	12.83128165	12.77956797	12.73394268	12.70491056	12.67609576	12.63344359	12.58841532	12.56158619	12.53730681	12.50493657	12.45187037
	13.29372681	13.35896579	13.42436504	13.46384525	13.49281992	13.51747028	13.54174124	13.56768879	13.59515696	13.61624324	13.62564394	13.62853383	13.62669270	13.62123765	13.61225487	13.59587994	13.57725528	13.56137759	13.54821787	13.53740006	13.52839104	13.51900971	13.50614809	13.48919802	13.46907821	13.44656066	13.42103324	13.38844493	13.32233016	13.27711195	13.24372847	13.21273045	13.17833009	13.11289833	13.06335196	13.01324838	12.94636180	12.89722866	12.85675551	12.80311272	12.75904384	12.73017563	12.70061903	12.65557420	12.61270258	12.58645556	12.56194226	12.52834172	12.47548391
	13.35528579	13.42297218	13.49123288	13.53240804	13.56256240	13.58819938	13.61340002	13.64035482	13.66888379	13.69067282	13.70041680	13.70338929	13.70144415	13.69572248	13.68633552	13.66917820	13.64976655	13.63315070	13.61935672	13.60793656	13.59841746	13.58857622	13.57528658	13.55785568	13.53712813	13.51382500	13.48724828	13.45304993	13.38388864	13.33747782	13.30309400	13.27096938	13.23511688	13.16672218	13.11557513	13.06388787	12.99432954	12.94286071	12.90004513	12.84330587	12.79855194	12.76870090	12.73752336	12.68931982	12.64652195	12.61972181	12.59422497	12.55859490	12.50423260
	13.43008417	13.50193606	13.57460667	13.61832294	13.65026672	13.67739160	13.70395743	13.73228709	13.76222301	13.78547082	13.79579589	13.79891586	13.79676419	13.79061575	13.78048318	13.76149762	13.74092749	13.72329741	13.70864092	13.69643251	13.68619554	13.67570735	13.66174516	13.64350661	13.62173851	13.59715085	13.56880741	13.53197285	13.45770895	13.40950617	13.37339421	13.33935928	13.30051101	13.22759971	13.17373082	13.11901898	13.04487824	12.99005292	12.94350489	12.88192864	12.83621560	12.80470113	12.77071356	12.71772304	12.67482793	12.64700690	12.61971269	12.57935828	12.52389503
	13.48689529	13.56321242	13.64053496	13.68691049	13.72061086	13.74912947	13.77689598	13.80636541	13.83724903	13.86240033	13.87341369	13.87672020	13.87432833	13.86764290	13.85604065	13.83476428	13.81331306	13.79487197	13.77949745	13.76662123	13.75574324	13.74466020	13.73002621	13.71098129	13.68821044	13.66225850	13.63193398	13.59139525	13.51196871	13.46231252	13.42444749	13.38832874	13.34462422	13.26804420	13.21141664	13.15331394	13.07405299	13.01578108	12.96493903	12.89820057	12.85171206	12.81832762	12.78099486	12.72295962	12.68016960	12.65127248	12.62176445	12.57496794	12.51973932
	13.52255556	13.60312805	13.68453800	13.73318942	13.76833531	13.79793467	13.82664223	13.85686665	13.88826819	13.91526741	13.92691545	13.93034654	13.92771484	13.92042407	13.90650368	13.88352026	13.86143045	13.84233860	13.82638121	13.81294072	13.80153932	13.78991988	13.77472106	13.75500707	13.73145253	13.70426109	13.67200767	13.62560744	13.54355670	13.49301592	13.45367775	13.41550617	13.36548337	13.28686902	13.22785680	13.16649881	13.08221456	13.02073148	12.96517804	12.89377819	12.84718734	12.81196910	12.77079370	12.70817975	12.66627688	12.63654985	12.60465398	12.55028739	12.49719079
	13.54484028	13.62773080	13.71166892	13.76166329	13.79768082	13.82785791	13.85709194	13.88772588	13.91946127	13.94735580	13.95944976	13.96298888	13.96021641	13.95258854	13.93707969	13.91372705	13.89121077	13.87168235	13.85534006	13.84148927	13.82973763	13.81777240	13.80227652	13.78225349	13.75824635	13.73033631	13.69688523	13.64574902	13.56379836	13.51276457	13.47260437	13.43323985	13.37945746	13.29988541	13.23960472	13.17656898	13.08940192	13.02568379	12.96707118	12.89329892	12.84658264	12.81016941	12.76654159	12.70183309	12.66049599	12.63026322	12.59686425	12.53843721	12.48675813
	13.57748748	13.66226173	13.74886371	13.80024217	13.83711754	13.86783634	13.89750526	13.92847250	13.96045798	13.98878845	14.00161125	14.00525475	14.00233854	13.99436459	13.97751955	13.95385082	13.93095819	13.91102934	13.89430507	13.88006087	13.86793844	13.85567087	13.83998900	13.81978848	13.79546199	13.76692873	13.73235082	13.67703233	13.59509915	13.54366747	13.50284359	13.46243740	13.40556558	13.32488157	13.26362817	13.19956497	13.10980605	13.04352423	12.98193583	12.90612399	12.85904311	12.82145890	12.77557198	12.70934422	12.66835559	12.63765182	12.60290611	12.54136152	12.49071866
	13.60826642	13.70038961	13.79450741	13.85006477	13.88970262	13.92255955	13.95404961	13.98667999	14.02011383	14.04999075	14.06523497	14.06923850	14.06596803	14.05649720	14.03631688	14.01134392	13.98713314	13.96599879	13.94816714	13.93292869	13.91991212	13.90673559	13.88992643	13.86832397	13.84215915	13.81116168	13.77307555	13.70763061	13.62267428	13.56837747	13.52444693	13.48042554	13.41519013	13.32952594	13.26348229	13.19387136	13.09551130	13.02286249	12.95363985	12.87161931	12.82181297	12.78039818	12.72821766	12.65694592	12.61450524	12.58136194	12.54241411	12.47299128	12.42151416
	13.61296924	13.70694811	13.80310783	13.85965321	13.89986447	13.93301354	13.96465345	13.99726641	14.03047985	14.06007514	14.07680051	14.08093349	14.07753124	14.06665767	14.04551808	14.02050724	13.99621677	13.97498047	13.95699281	13.94158147	13.92837258	13.91501839	13.89802163	13.87620231	13.84967272	13.81801229	13.77874312	13.70823298	13.62432072	13.56995251	13.52540450	13.48029317	13.41108521	13.32514849	13.25806998	13.18688618	13.08589093	13.01138539	12.93909609	12.85591489	12.80600047	12.76330199	12.70835107	12.63640187	12.59439136	12.56067339	12.52001336	12.44780760	12.39743948
	13.62312239	13.71398108	13.80905215	13.86459297	13.90376788	13.93570040	13.96589153	13.99674168	14.02792097	14.05554609	14.07271091	14.07737959	14.07349786	14.06133587	14.04113907	14.01742862	13.99425117	13.97393839	13.95666529	13.94177645	13.92893990	13.91606033	13.89982716	13.87896487	13.85337188	13.82241782	13.78346598	13.71075050	13.63183060	13.57995366	13.53680776	13.49252133	13.42232812	13.33979348	13.27514515	13.20641979	13.10679562	13.03252050	12.95979273	12.87866515	12.83036465	12.78804240	12.73257097	12.66350448	12.62353530	12.59064976	12.55006977	12.47876622	12.43154531
	13.63647600	13.72357034	13.81754093	13.87202273	13.90999088	13.94051540	13.96900125	13.99774972	14.02650207	14.05174420	14.06844008	14.07372117	14.06914501	14.05642860	14.03753997	14.01539144	13.99359086	13.97434893	13.95795653	13.94370951	13.93133072	13.91900988	13.90366431	13.88388565	13.85937103	13.82916929	13.79041852	13.71548195	13.64234390	13.59335570	13.55180531	13.50844502	13.43730924	13.35868529	13.29704388	13.23154737	13.13341986	13.05898281	12.98569189	12.90658327	12.85982827	12.81785105	12.76142618	12.69611395	12.65828956	12.62629019	12.58580435	12.51587144	12.47209606
	13.61750575	13.70126662	13.79304720	13.84593642	13.88246644	13.91151038	13.93824611	13.96492250	13.99126986	14.01417600	14.02936268	14.03442676	14.02962392	14.01744376	13.99995898	13.97937807	13.95902003	13.94091855	13.92544338	13.91194244	13.90007068	13.88826743	13.87369145	13.85483752	13.83123648	13.80164911	13.76295517	13.68622094	13.61915034	13.57315560	13.53322367	13.49072030	13.41855438	13.34441026	13.28581153	13.22336416	13.12695720	13.05276029	12.97868133	12.90250921	12.85741822	12.81560574	12.75693567	12.69733433	12.66180179	12.63061663	12.58986414	12.52194388	12.48186518
	13.59254095	13.67406120	13.76347481	13.81488609	13.85027035	13.87829061	13.90394398	13.92940008	13.95443432	13.97611680	13.99039301	13.99506381	13.99040193	13.97876162	13.96204293	13.94235144	13.92286088	13.90548109	13.89057294	13.87751622	13.86602299	13.85454574	13.84042675	13.82213540	13.79913694	13.77008776	13.73178520	13.65519342	13.59173998	13.54763306	13.50885973	13.46711499	13.39503904	13.32401830	13.26743110	13.20686314	13.11220156	13.03912937	12.96497793	12.89185922	12.84818717	12.80680753	12.74709845	12.69170732	12.65782735	12.62731752	12.58657417	12.52066828	12.48298910
	13.57090655	13.64821153	13.73408593	13.78335921	13.81704504	13.84352551	13.86761516	13.89132788	13.91451871	13.93454862	13.94766580	13.95191819	13.94756991	13.93678265	13.92124175	13.90287790	13.88468201	13.86837623	13.85431990	13.84195524	13.83103973	13.82011980	13.80674722	13.78938073	13.76744034	13.73942419	13.70206186	13.62736444	13.56858244	13.52715540	13.49024837	13.45006889	13.37984553	13.31293696	13.25955751	13.20242991	13.11143593	13.04013470	12.96702355	12.89759520	12.85577844	12.81554843	12.75652612	12.70565780	12.67378169	12.64443746	12.60460441	12.54210085	12.50726875
	13.53015693	13.60315477	13.68629763	13.73382543	13.76593798	13.79082941	13.81322931	13.83498391	13.85601743	13.87408317	13.88585507	13.88969414	13.88576849	13.87598642	13.86189839	13.84506404	13.82828171	13.81318265	13.80006859	13.78838354	13.77801482	13.76764811	13.75503293	13.73860364	13.71758390	13.69035495	13.65342231	13.58019182	13.52634319	13.48757759	13.45241234	13.41353393	13.34482744	13.28181052	13.23154350	13.17788600	13.09023985	13.01968011	12.94702309	12.88029841	12.83967868	12.79979899	12.74117657	12.69465111	12.66453831	12.63596630	12.59564086	12.53750317	12.50546403
	13.53038274	13.59905417	13.68044576	13.72707940	13.75823057	13.78202568	13.80317047	13.82345614	13.84290310	13.85945992	13.87028854	13.87374070	13.87009511	13.86105491	13.84807916	13.83260784	13.81702230	13.80288261	13.79059194	13.77947366	13.76951369	13.75955599	13.74747276	13.73172885	13.71124885	13.68437933	13.64736347	13.57604432	13.52611467	13.48945437	13.45561421	13.41749387	13.34995699	13.29036821	13.24291585	13.19238782	13.10769380	13.03780752	12.96611790	12.89985715	12.86001068	12.82082693	12.76304602	12.71920002	12.69030460	12.66249221	12.62128830	12.56782025	12.53779989
	13.52714869	13.59469411	13.67623468	13.72296933	13.75395301	13.77746193	13.79818027	13.81793488	13.83675467	13.85270078	13.86309148	13.86637210	13.86282036	13.85410044	13.84154762	13.82658844	13.81142316	13.79759031	13.78553871	13.77456872	13.76467973	13.75475389	13.74275412	13.72707973	13.70654725	13.67941410	13.64170279	13.57036388	13.52197698	13.48592181	13.45225195	13.41391195	13.34588318	13.28742437	13.24072716	13.19093281	13.10659192	13.03622468	12.96395051	12.89717772	12.85710471	12.81754698	12.75931086	12.71630002	12.68759765	12.65967635	12.61698920	12.56562044	12.53629842
	13.50967698	13.57725203	13.65840410	13.70493208	13.73561085	13.75884793	13.77923558	13.79857495	13.81691320	13.83235001	13.84233489	13.84543735	13.84191303	13.83338788	13.82112032	13.80653589	13.79169127	13.77809902	13.76621091	13.75535143	13.74549708	13.73554168	13.72353876	13.70783569	13.68720926	13.65977422	13.62143237	13.55019043	13.50277405	13.46704283	13.43337601	13.39479866	13.32650688	13.26849849	13.22207179	13.17249266	13.08806468	13.01661019	12.94275150	12.87599281	12.83551493	12.79498058	12.73578393	12.69409867	12.66561630	12.63731334	12.59196024	12.54350649	12.51506722
	13.57580794	13.64309156	13.72492442	13.77207328	13.80289861	13.82613154	13.84639188	13.86555405	13.88366226	13.89884297	13.90857928	13.91158340	13.90805436	13.89956641	13.88752973	13.87310760	13.85847540	13.84501089	13.83317628	13.82233208	13.81239518	13.80233811	13.79016943	13.77426611	13.75328229	13.72513378	13.68545045	13.61408936	13.56767674	13.53217678	13.49817327	13.45871145	13.38861640	13.33170554	13.28566305	13.23593496	13.15001123	13.07800211	13.00153535	12.93581361	12.89509515	12.85340851	12.79323128	12.75322997	12.72505136	12.69622648	12.64804042	12.60306367	12.57566751
	13.63590235	13.70358676	13.78870184	13.83790511	13.86964187	13.89319991	13.91351222	13.93258176	13.95040319	13.96524295	13.97475615	13.97757970	13.97401139	13.96564853	13.95383605	13.93967815	13.92517770	13.91179215	13.90000113	13.88908594	13.87892014	13.86859743	13.85604357	13.83954698	13.81754948	13.78768458	13.74446334	13.67222988	13.62624338	13.59032311	13.55521902	13.51384588	13.44094074	13.38360921	13.33696919	13.28640425	13.19795067	13.12235940	13.04216638	12.97253000	12.92935169	12.88484708	12.82213235	12.78205342	12.75303032	12.72257649	12.67066864	12.62774242	12.60057471
	13.66749886	13.73489906	13.82058927	13.87026640	13.90212400	13.92564827	13.94591915	13.96488899	13.98260754	13.99727783	14.00666115	14.00939227	14.00576866	13.99741384	13.98569347	13.97169540	13.95731095	13.94408403	13.93239143	13.92156242	13.91139629	13.90100863	13.88835664	13.87165164	13.84933539	13.81887767	13.77407698	13.70252328	13.65701683	13.62116481	13.58580372	13.54376723	13.46999339	13.41324773	13.36684080	13.31631550	13.22713815	13.15096449	13.06957805	12.99906535	12.95533048	12.91008565	12.84697229	12.80741360	12.77838736	12.74751190	12.69456669	12.65322124	12.62644707
	13.69804366	13.76552322	13.85153338	13.90148894	13.93340489	13.95690732	13.97716646	13.99610190	14.01378342	14.02834367	14.03762560	14.04024665	14.03652292	14.02810160	14.01639739	14.00247181	13.98815140	13.97502313	13.96338101	13.95260640	13.94241142	13.93195020	13.91917149	13.90227052	13.87964751	13.84865250	13.80235853	13.73158650	13.68646273	13.65062097	13.61497442	13.57225036	13.49761976	13.44153229	13.39529835	13.34461859	13.25441825	13.17812429	13.09530664	13.02488433	12.98087944	12.93485829	12.87171531	12.83287218	12.80393787	12.77272417	12.71896621	12.67917456	12.65283720
	13.77098975	13.83851971	13.92565658	13.97652873	14.00873564	14.03232280	14.05263675	14.07160094	14.08923062	14.10369270	14.11280406	14.11518260	14.11122787	14.10261770	14.09085258	14.07694178	14.06270921	14.04968360	14.03807895	14.02735324	14.01706192	14.00641374	13.99332021	13.97596892	13.95256632	13.92028703	13.86981984	13.80152793	13.75715960	13.72122083	13.68478443	13.64036177	13.56370827	13.50912736	13.46314561	13.41183554	13.31898341	13.24315444	13.15755438	13.08755911	13.04311650	12.99558559	12.93259254	12.89479761	12.86589339	12.83409199	12.77946549	12.74188983	12.71618618
	13.78730790	13.85276545	13.94043767	13.99228732	14.02455752	14.04789202	14.06780505	14.08621675	14.10313877	14.11695989	14.12552594	14.12762807	14.12371116	14.11535607	14.10405210	14.09063197	14.07695429	14.06436059	14.05307877	14.04261040	14.03245055	14.02182215	14.00869699	13.99115802	13.96727392	13.93395507	13.87939983	13.81515481	13.77240790	13.73704741	13.70040599	13.65504099	13.57826679	13.52553172	13.48048816	13.42977742	13.33724707	13.26209058	13.17744178	13.10466482	13.05918455	13.01080379	12.94798549	12.91031460	12.88121639	12.84918276	12.79473833	12.75852206	12.73323969
	13.77967650	13.84357716	13.92973189	13.98069763	14.01211101	14.03477148	14.05403944	14.07174962	14.08794517	14.10107060	14.10908255	14.11093462	14.10701806	14.09889598	14.08801482	14.07507494	14.06195261	14.04986597	14.03897782	14.02881691	14.01889395	14.00835031	13.99532883	13.97778865	13.95381245	13.92016601	13.86370641	13.80346201	13.76255456	13.72807236	13.69174463	13.64611685	13.57038017	13.52014733	13.47644532	13.42651129	13.33477532	13.26175120	13.17773424	13.10623909	13.06108339	13.01107473	12.95153193	12.91541021	12.88686323	12.85514239	12.80172441	12.76801896	12.74379153
	13.76665140	13.82714120	13.90968964	13.95879166	13.98879883	14.01035832	14.02862650	14.04533256	14.06054166	14.07274152	14.08012120	14.08168608	14.07784615	14.07008620	14.05982047	14.04760820	14.03527454	14.02392280	14.01363997	14.00401326	13.99453985	13.98438043	13.97180260	13.95474951	13.93137947	13.89835309	13.84235333	13.78703008	13.74884581	13.71606571	13.68103471	13.63646685	13.56409627	13.51731872	13.47599487	13.42816239	13.33989042	13.27087829	13.19032529	13.12137550	13.07778032	13.02792104	12.97284783	12.93877045	12.91144314	12.88047103	12.83024317	12.79934870	12.77662220
	13.78114218	13.84057814	13.92353203	13.97323008	14.00321997	14.02455555	14.04248630	14.05885602	14.07361444	14.08528599	14.09231134	14.09361624	14.08971635	14.08208577	14.07201293	14.06015540	14.04814475	14.03708143	14.02699408	14.01750202	14.00804874	13.99780813	13.98506921	13.96767656	13.94367690	13.90946398	13.85156871	13.79899942	13.76185226	13.72926136	13.69381763	13.64788116	13.57608845	13.53072714	13.48988588	13.44188302	13.35302133	13.28504640	13.20408257	13.13374152	13.08956826	13.03746026	12.98416266	12.95044206	12.92299143	12.89035778	12.84258458	12.81321685	12.79105687
	13.80323794	13.85952375	13.93939400	13.98752819	14.01626915	14.03653535	14.05341882	14.06884303	14.08265146	14.09351072	14.09990867	14.10090996	14.09706795	14.08978593	14.08023643	14.06911980	14.05791149	14.04749879	14.03799697	14.02900383	14.01998142	14.01001842	13.99759168	13.98050513	13.95671865	13.92256148	13.86561056	13.81766131	13.78292523	13.75180170	13.71720872	13.67056291	13.60357048	13.56146152	13.52273025	13.47631850	13.39073643	13.32695278	13.24974761	13.18031700	13.13741229	13.08571085	13.03567110	13.00344293	12.97702054	12.94375952	12.90132706	12.87439959	12.85365072
	13.91612790	13.97218720	14.05410605	14.10441565	14.13401367	14.15466927	14.17176544	14.18728508	14.20116343	14.21205752	14.21850541	14.21950267	14.21552287	14.20812171	14.19844256	14.18724891	14.17598436	14.16550761	14.15592730	14.14688389	14.13773748	14.12756764	14.11482335	14.09710224	14.07231419	14.03649553	13.97807182	13.93072624	13.89587728	13.86421000	13.82846547	13.77823888	13.71231922	13.67049563	13.63149570	13.58402318	13.49703257	13.43393520	13.35722659	13.28338160	13.23948202	13.18661194	13.13509803	13.10182245	13.07493982	13.04092831	13.00008103	12.97318260	12.95239677
