	4.48120122	4.56200744	4.63921902	4.71463921	4.79012672	4.86443083	4.93304117	5.00403096	5.07572336	5.14000091	5.18881243	5.22821412	5.25998796	5.27542255	5.27779049	5.27790328	5.28353836	5.29542995	5.31211243	5.29484810	5.21871366	5.09610417	4.94323502	4.77544475	4.60250812	4.42669274	4.24909533	4.06256530	-2784.52376469	-2784.64545425	-2784.75946066	-2784.86574290	-2784.96368235	-2785.05383067	-2785.13775245	-2785.21632928	-2785.28932994	-2785.35530675	-2785.41395809	-2785.46506412	-2785.51009450	-2785.55005644	-2785.58632593	-2785.62075640	-2785.65462685	-2785.68838908	-2785.72243163	-2785.75611912	-2785.78892614
	5.58343991	5.70862669	5.82787917	5.94260493	6.05491303	6.16445072	6.26680673	6.36644045	6.46732792	6.55788837	6.62907485	6.68576927	6.72952853	6.75010985	6.75145599	6.75002841	6.75552856	6.77060240	6.79252298	6.78611445	6.70228505	6.55020008	6.34650626	6.11375691	5.86723519	5.62003557	5.37996292	5.15342209	4.94280709	4.74610386	4.56151521	4.38906881	4.22946604	4.08224582	3.94523914	3.81678986	3.69737211	3.58912489	3.49336700	3.40967240	3.33640013	3.27146870	3.21306933	3.15739284	3.10241862	3.04757513	2.99244206	2.93744071	2.88336502
	5.86949922	6.01956604	6.16158847	6.29580297	6.42409416	6.54683616	6.66030368	6.76924463	6.87802881	6.97712664	7.05434078	7.11402108	7.16035279	7.18268293	7.18408790	7.18246030	7.18848705	7.20463016	7.22817100	7.22429057	7.14245046	6.98296220	6.76630735	6.51518387	6.24630472	5.97446256	5.70878446	5.45549280	5.21834568	4.99687078	4.78863378	4.59335408	4.41184152	4.24372669	4.08696850	3.93986774	3.80287005	3.67824472	3.56757814	3.47056829	3.38554049	3.31035101	3.24317901	3.17944065	3.11671501	3.05466936	2.99285882	2.93167100	2.87194635
	6.02544001	6.18966213	6.34488599	6.49073889	6.62900407	6.76016214	6.88101333	6.99670308	7.11190443	7.21702751	7.29901084	7.35963358	7.40918714	7.43224269	7.43365812	7.43171390	7.43945733	7.45803911	7.48515691	7.48207147	7.40080548	7.23464392	7.00764069	6.74307589	6.45886078	6.17072253	5.88854684	5.61898142	5.36613303	5.12961749	4.90685256	4.69742868	4.50224170	4.32105035	4.15188267	3.99304374	3.84502376	3.71021081	3.59035702	3.48516856	3.39284529	3.31119481	3.23844867	3.16948332	3.10153580	3.03435679	2.96749338	2.90133095	2.83679203
	6.29338592	6.48589394	6.66803537	6.83784778	6.99728417	7.14656180	7.28397008	7.41523062	7.54643129	7.66641345	7.76025139	7.82815165	7.88340733	7.90868010	7.91002286	7.90813350	7.91997523	7.94490346	7.98022883	7.98418801	7.89843563	7.71692390	7.46486284	7.16827483	6.84782773	6.52148917	6.20037043	5.89233351	5.60247819	5.33090745	5.07475347	4.83310709	4.60700588	4.39661034	4.20005272	4.01551080	3.84345857	3.68658493	3.54705797	3.42462893	3.31716662	3.22224207	3.13799618	3.05800314	2.97874153	2.90009210	2.82162947	2.74379577	2.66773939
	6.44686815	6.65334507	6.84841802	7.02905903	7.19690873	7.35205228	7.49416529	7.62925408	7.76379296	7.88657252	7.98186348	8.05132428	8.10571317	8.13022667	8.13145805	8.13050043	8.14329886	8.17066771	8.20873986	8.21742391	8.12979693	7.94633901	7.68989359	7.38659344	7.05755518	6.72129680	6.38910053	6.06930001	5.76743353	5.48407163	5.21641010	4.96342683	4.72614150	4.50501050	4.29838695	4.10448630	3.92376359	3.75892053	3.61224577	3.48346485	3.37041504	3.27069478	3.18251045	3.09877296	3.01552844	2.93275101	2.85018158	2.76836263	2.68855620
	6.29134260	6.47155348	6.64266422	6.80092195	6.94776484	7.08308682	7.20714043	7.32535621	7.44391862	7.55365476	7.63957998	7.70250173	7.75113437	7.77354940	7.77567948	7.77537843	7.78709410	7.81238363	7.84780909	7.85979771	7.78851736	7.63270286	7.41208508	7.14989645	6.86485178	6.57313503	6.28447608	6.00608689	5.74293758	5.49580841	5.26229543	5.04113476	4.83310553	4.63894193	4.45750730	4.28728383	4.12854133	3.98357963	3.85448092	3.74113197	3.64166336	3.55395147	3.47645573	3.40272084	3.32916322	3.25582098	3.18249126	3.10961591	3.03829467
	6.33928469	6.51115647	6.67347362	6.82244400	6.95895984	7.08271461	7.19495937	7.30233021	7.41063568	7.51008960	7.58747332	7.64354171	7.68748060	7.70516249	7.70661417	7.70758014	7.72067329	7.74695524	7.78319874	7.79395428	7.72926019	7.58689747	7.38528443	7.14487221	6.88276134	6.61450588	6.34877837	6.09164310	5.84765970	5.61793165	5.40048544	5.19436700	4.99995877	4.81826275	4.64856340	4.48958599	4.34149842	4.20654671	4.08653570	3.98120876	3.88900687	3.80811623	3.73708181	3.66935790	3.60113255	3.53257658	3.46369689	3.39514844	3.32809537
	6.32252391	6.48706444	6.64180140	6.78318464	6.91190598	7.02749470	7.13161111	7.23202895	7.33453716	7.42917840	7.50313939	7.55774286	7.59974635	7.61748040	7.61850639	7.62004490	7.63429023	7.66128234	7.69807106	7.70967835	7.65069434	7.51707501	7.32739729	7.10005298	6.85144363	6.59689096	6.34473664	6.10014026	5.86741913	5.64794917	5.43998659	5.24284475	5.05647476	4.88204909	4.71919926	4.56680731	4.42485504	4.29561489	4.18080430	4.08014137	3.99227401	3.91546996	3.84827359	3.78410449	3.71905862	3.65331525	3.58697801	3.52072730	3.45579685
	6.14026703	6.27875795	6.40811819	6.52571955	6.63208271	6.72654563	6.81087959	6.89322373	6.97903368	7.05896675	7.12270409	7.17072504	7.20756617	7.22387568	7.22524706	7.22741555	7.24098917	7.26612111	7.29972019	7.31138650	7.26227014	7.15117049	6.99333559	6.80338250	6.59495557	6.38142057	6.17019121	5.96477681	5.76862296	5.58321842	5.40726779	5.24042812	5.08229999	4.93390023	4.79539083	4.66590687	4.54523870	4.43542062	4.33797072	4.25265217	4.17846258	4.11390703	4.05766700	4.00386479	3.94892707	3.89302473	3.83628590	3.77934512	3.72333762
	6.08279971	6.20749483	6.32258948	6.42676907	6.52034114	6.60233065	6.67472432	6.74615668	6.82147541	6.89093230	6.94638663	6.98991630	7.02161931	7.03495402	7.03598907	7.03938383	7.05275198	7.07716314	7.10919078	7.11882591	7.07167470	6.97288725	6.83285637	6.66414460	6.47844909	6.28805839	6.10003674	5.91728502	5.74217673	5.57626701	5.41866143	5.26929814	5.12776950	4.99487809	4.87098102	4.75539417	4.64775101	4.55000723	4.46351013	4.38798659	4.32263177	4.26613006	4.21715742	4.17019569	4.12186636	4.07233715	4.02185575	3.97108651	3.92114769
	6.07454975	6.19555179	6.30651106	6.40668868	6.49636651	6.57440903	6.64283470	6.71095253	6.78346733	6.85070596	6.90495775	6.94761526	6.97916770	6.99249812	6.99351974	6.99736651	7.01105478	7.03566172	7.06770847	7.07658174	7.03106697	6.93517753	6.80005453	6.63727879	6.45755131	6.27306998	6.09090803	5.91391629	5.74400032	5.58270539	5.42938634	5.28406512	5.14640891	5.01708863	4.89655749	4.78417682	4.67951292	4.58455548	4.50065954	4.42752757	4.36439277	4.30999166	4.26293699	4.21770992	4.17095233	4.12285936	4.07372189	4.02423293	3.97551881
	6.17399332	6.30097884	6.41638574	6.52036854	6.61306240	6.69297710	6.76243546	6.83207291	6.90606326	6.97443935	7.03036118	7.07204428	7.10449349	7.11696312	7.11694240	7.12155912	7.13689119	7.16386230	7.19818066	7.20654396	7.15909898	7.05739797	6.91633745	6.74709168	6.55948900	6.36670981	6.17649357	5.99174177	5.81434939	5.64576979	5.48540970	5.33355072	5.18992662	5.05515908	4.92968860	4.81287536	4.70418832	4.60583082	4.51919221	4.44391087	4.37916956	4.32365895	4.27581566	4.22970180	4.18177627	4.13225636	4.08155470	4.03050004	3.98031122
	6.21845622	6.34839253	6.46575098	6.57117313	6.66486622	6.74514494	6.81452439	6.88465000	6.95952266	7.02848059	7.08640993	7.12860124	7.16166228	7.17423721	7.17340051	7.17833713	7.19457660	7.22291681	7.25870064	7.26876413	7.21924648	7.11401565	6.97078315	6.79834561	6.60680157	6.40977104	6.21539205	6.02657519	5.84520383	5.67270955	5.50845592	5.35296580	5.20598242	5.06812953	4.93984199	4.82046620	4.70940025	4.60900384	4.52074075	4.44421306	4.37858244	4.32250612	4.27431207	4.22776641	4.17921769	4.12891081	4.07729897	4.02529749	3.97416826
	6.28411771	6.41695620	6.53607791	6.64278680	6.73712048	6.81721930	6.88591521	6.95580031	7.03133045	7.10062052	7.15841641	7.20117749	7.23324344	7.24540097	7.24466245	7.25028270	7.26787444	7.29811667	7.33587798	7.34623356	7.29374939	7.18682565	7.04006427	6.86433466	6.66910089	6.46772383	6.26908205	6.07619456	5.89091735	5.71454344	5.54637141	5.38732862	5.23718369	5.09654052	4.96572741	4.84407419	4.73095261	4.62894056	4.53956160	4.46234927	4.39638192	4.34028012	4.29222392	4.24564836	4.19682855	4.14605839	4.09385475	4.04126553	3.98960230
	6.31105194	6.44276336	6.55991687	6.66458658	6.75672285	6.83442236	6.90049275	6.96809252	7.04217496	7.11081426	7.16638469	7.20826686	7.23940604	7.25069066	7.25094377	7.25708353	7.27572175	7.30716279	7.34606782	7.35540344	7.30264498	7.19659125	7.05002097	6.87605832	6.68256601	6.48244684	6.28506157	6.09345682	5.90929721	5.73382780	5.56633251	5.40801570	5.25876230	5.11913106	4.98933498	4.86865437	4.75646714	4.65554378	4.56744607	4.49164128	4.42713470	4.37251465	4.32586543	4.28049010	4.23268593	4.18278796	4.13136130	4.07955430	4.02869073
	6.39980218	6.53594842	6.65597818	6.76305833	6.85708721	6.93612019	7.00277422	7.07101250	7.14620549	7.21689050	7.27174963	7.31282965	7.34409503	7.35374206	7.35367371	7.36131699	7.38187912	7.41586742	7.45754911	7.46585598	7.41180226	7.30059523	7.14800707	6.96827135	6.76810714	6.56061626	6.35597635	6.15742665	5.96648482	5.78450065	5.61069759	5.44652788	5.29203838	5.14772685	5.01373097	4.88917164	4.77345238	4.66963704	4.57938133	4.50202353	4.43645924	4.38115753	4.33404265	4.28805440	4.23939477	4.18844336	4.13585500	4.08293165	4.03106203
	6.44261318	6.58013786	6.70093356	6.80765520	6.90110521	6.97924200	7.04442977	7.11244959	7.18833539	7.25915451	7.31556668	7.35619269	7.38877446	7.39810215	7.39851296	7.40718749	7.42840460	7.46411284	7.50788921	7.51812076	7.46149740	7.34807910	7.19462625	7.01244845	6.80947242	6.59896467	6.39114677	6.18946176	5.99516886	5.80973789	5.63253216	5.46512678	5.30772219	5.16077379	5.02444573	4.89769906	4.77992261	4.67447094	4.58313415	4.50516515	4.43937666	4.38411324	4.33717620	4.29121462	4.24231979	4.19094202	4.13780273	4.08430765	4.03188227
	6.51678706	6.65761290	6.78029868	6.88886413	6.98306893	7.06149420	7.12626180	7.19513763	7.27327458	7.34432398	7.40244070	7.44365247	7.47584104	7.48491749	7.48469293	7.49437189	7.51736949	7.55496908	7.60117397	7.61403070	7.55316690	7.43687749	7.28013262	7.09164883	6.88239556	6.66581085	6.45163859	6.24367276	6.04311053	5.85147317	5.66826264	5.49521736	5.33267975	5.18106240	5.04051420	4.90986270	4.78846564	4.68001643	4.58642810	4.50683923	4.43994385	4.38392779	4.33644234	4.28982068	4.24000026	4.18752963	4.13321470	4.07857329	4.02509972
	6.58047149	6.72485734	6.84825588	6.95802962	7.05304935	7.13218010	7.19634059	7.26577768	7.34643516	7.41912112	7.47817957	7.52136535	7.55313528	7.56197381	7.56189075	7.57250488	7.59777843	7.63768427	7.68578845	7.69909863	7.63641566	7.51767712	7.35544483	7.16126679	6.94647225	6.72401137	6.50373029	6.28952670	6.08268956	5.88476583	5.69539964	5.51659443	5.34878895	5.19237555	5.04745443	4.91278590	4.78765595	4.67611856	4.58019678	4.49893345	4.43089170	4.37408611	4.32601638	4.27870645	4.22792639	4.17434525	4.11883786	4.06303123	4.00848973
	6.67687630	6.82744500	6.95461963	7.06639775	7.16329404	7.24544338	7.31032680	7.38215581	7.46553651	7.54076265	7.59866638	7.64242738	7.67225652	7.68063733	7.68093304	7.69217582	7.71936273	7.76260119	7.81299447	7.82498409	7.76242121	7.63821580	7.46738633	7.26577857	7.04286943	6.81117713	6.58185969	6.35828428	6.14213520	5.93505498	5.73682280	5.54982858	5.37461440	5.21156537	5.06063631	4.92048401	4.79033943	4.67467649	4.57559364	4.49196423	4.42216580	4.36396307	4.31471328	4.26618583	4.21401812	4.15896138	4.10197584	4.04481792	3.98914297
	6.69365490	6.84194492	6.96579552	7.07421985	7.16875635	7.24728716	7.30945247	7.38018553	7.46079419	7.53400898	7.58967731	7.63055352	7.65943607	7.66668375	7.66663904	7.67686855	7.70463019	7.74894523	7.79998503	7.81148724	7.75116782	7.62722415	7.46011713	7.26140360	7.04079984	6.81160397	6.58538129	6.36404111	6.14946005	5.94356509	5.74632319	5.56048123	5.38669873	5.22519758	5.07584980	4.93726798	4.80864028	4.69466514	4.59744409	4.51572707	4.44777751	4.39118059	4.34327133	4.29597855	4.24500947	4.19118658	4.13553588	4.07984018	4.02577313
	6.69857583	6.84148626	6.95950378	7.06398716	7.15570789	7.22916262	7.28698697	7.35625499	7.43353326	7.50163499	7.55528665	7.59144061	7.61998521	7.62349750	7.62271569	7.63305858	7.66143022	7.70630467	7.75689537	7.76950799	7.71071195	7.59033599	7.42979690	7.23545486	7.01953151	6.79609207	6.57563858	6.35935465	6.14892566	5.94665243	5.75270759	5.57029123	5.40014317	5.24222489	5.09635800	4.96110531	4.83566089	4.72485721	4.63078444	4.55206728	4.48685205	4.43259611	4.38660335	4.34107473	4.29190157	4.23994550	4.18630463	4.13275687	4.08097754
	6.67901129	6.81782029	6.92976699	7.02759687	7.11453732	7.18470436	7.23953387	7.30450175	7.38052204	7.44554016	7.49750842	7.53246848	7.56018581	7.56236273	7.56196942	7.57398636	7.60122457	7.64541951	7.69422633	7.70794022	7.64970815	7.53606277	7.37989447	7.19051768	6.98120480	6.76463123	6.55011225	6.33979524	6.13417410	5.93609184	5.74597636	5.56739512	5.40108237	5.24685434	5.10441493	4.97238087	4.84995358	4.74207892	4.65083542	4.57478233	4.51199789	4.45991621	4.41578249	4.37192231	4.32443216	4.27420299	4.22238538	4.17070777	4.12085007
	6.78891051	6.93396962	7.05042594	7.15140285	7.23885339	7.31136181	7.36911722	7.43487813	7.51288647	7.57970639	7.63012284	7.66620746	7.68956925	7.69109337	7.69000887	7.70336268	7.73176629	7.77826344	7.83070916	7.84506478	7.78405823	7.66823232	7.50450342	7.30822318	7.08948145	6.86207095	6.63765794	6.41727580	6.20083853	5.99187692	5.79114588	5.60296532	5.42812690	5.26633437	5.11703796	4.97877501	4.85072734	4.73823588	4.64348644	4.56478587	4.49995570	4.44621803	4.40052581	4.35500546	4.30579216	4.25383887	4.20041070	4.14729492	4.09627300
	6.81677393	6.95738931	7.07008552	7.16838980	7.25179375	7.31959759	7.37419979	7.43926761	7.51327626	7.57913265	7.62604563	7.66203521	7.68184889	7.68217966	7.68264392	7.69549806	7.72425678	7.77061386	7.82189285	7.83556819	7.77872638	7.66533743	7.50570076	7.31476202	7.09826287	6.87328077	6.65216849	6.43369392	6.21879606	6.01054831	5.81027150	5.62292508	5.44930250	5.28886436	5.14093435	5.00398806	4.87723292	4.76624023	4.67322138	4.59626340	4.53307250	4.48080677	4.43628109	4.39170521	4.34344349	4.29258100	4.24041915	4.18870179	4.13920634
	6.78325776	6.91578461	7.01939560	7.11070996	7.18890093	7.25155673	7.29992469	7.36109534	7.43024520	7.49039745	7.53399355	7.56414761	7.58032936	7.58169659	7.58330992	7.59447245	7.62176537	7.66550547	7.71429003	7.72900771	7.67735139	7.56958984	7.42156422	7.24070907	7.03415379	6.82188548	6.61062207	6.40153985	6.19646524	5.99668368	5.80432690	5.62474239	5.45874439	5.30554831	5.16443690	5.03385503	4.91304895	4.80761331	4.71963219	4.64706824	4.58765046	4.53851945	4.49652602	4.45428112	4.40848399	4.36034274	4.31113327	4.26249358	4.21611349
	6.77104168	6.89885068	6.99708375	7.08306766	7.15671650	7.21662156	7.26234132	7.31855497	7.38498664	7.43952399	7.48088843	7.50539276	7.51931868	7.52142562	7.52073216	7.52967605	7.55425786	7.59792340	7.64764974	7.66328702	7.61423383	7.51221490	7.37142979	7.19695350	6.99996942	6.79531429	6.58967983	6.38744631	6.18843058	5.99402870	5.80661903	5.63194770	5.47086973	5.32239841	5.18576783	5.05949273	4.94275460	4.84116644	4.75667762	4.68712284	4.63028397	4.58319168	4.54274953	4.50192694	4.45771887	4.41146030	4.36436660	4.31801360	4.27397942
	6.69315097	6.81128585	6.90090945	6.97849197	7.04460020	7.09797230	7.13964830	7.19052938	7.25156737	7.30054511	7.33743622	7.35820433	7.37300189	7.37322049	7.36858542	7.37457850	7.39757782	7.44179432	7.48846088	7.50344251	7.45781549	7.36659388	7.23698403	7.07581883	6.89470972	6.70402599	6.51198439	6.32308692	6.13649897	5.95398481	5.77769482	5.61369090	5.46280076	5.32386300	5.19610989	5.07818288	4.96919571	4.87463792	4.79631706	4.73199276	4.67954513	4.63603978	4.59854299	4.56050904	4.51931835	4.47640053	4.43289548	4.39026813	4.34991408
	6.62905355	6.73744541	6.82057423	6.89228514	6.95260710	7.00010927	7.03682499	7.08459899	7.13910870	7.18342513	7.21245736	7.22894232	7.24392504	7.23969195	7.23061522	7.23669142	7.26128011	7.30363524	7.34684748	7.36080165	7.32025095	7.23851491	7.11896221	6.97194799	6.80312666	6.62433759	6.44558530	6.26670358	6.09026617	5.91783590	5.75078563	5.59565813	5.45331635	5.32244768	5.20225703	5.09149346	4.98926180	4.90083826	4.82787146	4.76806425	4.71927934	4.67864478	4.64335725	4.60740018	4.56854480	4.52829793	4.48778522	4.44834589	4.41121723
	6.61083738	6.71664904	6.79489345	6.86383180	6.92138889	6.96638821	6.99952321	7.04577326	7.09656063	7.13919075	7.16450215	7.17868034	7.19189543	7.18316007	7.17463489	7.18070030	7.20434351	7.24542753	7.28783594	7.30075621	7.26557177	7.18793866	7.07433167	6.93395503	6.77082872	6.59847155	6.42458819	6.24885035	6.07624682	5.90746324	5.74342194	5.59125262	5.45187260	5.32384300	5.20638912	5.09827265	4.99860445	4.91257630	4.84175277	4.78378804	4.73646855	4.69692784	4.66239130	4.62710941	4.58907574	4.54985922	4.51060420	4.47259121	4.43696479
	6.63198957	6.73945513	6.81765758	6.88612766	6.94373929	6.98842291	7.02092946	7.06686325	7.11708083	7.15889850	7.18300834	7.19590009	7.20764554	7.19665449	7.18834108	7.19392497	7.21730176	7.25824278	7.30112620	7.31509509	7.28177868	7.20533960	7.09287770	6.95311377	6.78942595	6.61674776	6.44100491	6.26259373	6.08753337	5.91600998	5.74913301	5.59438058	5.45277657	5.32278642	5.20362672	5.09403803	4.99308812	4.90602626	4.83443392	4.77586939	4.72799177	4.68783983	4.65259119	4.61655842	4.57782502	4.53802243	4.49833923	4.46005860	4.42430217
	6.63544215	6.74416168	6.82320685	6.89065001	6.94769759	6.99164877	7.02394262	7.06874155	7.11844103	7.15843714	7.18186907	7.19303996	7.20220329	7.19082122	7.18202644	7.18606500	7.20877527	7.24831241	7.29068503	7.30770632	7.27648174	7.20292989	7.09278252	6.95502981	6.79258659	6.61953595	6.44265332	6.26202167	6.08382202	5.90906609	5.73887994	5.58099146	5.43666567	5.30428278	5.18305293	5.07168877	4.96918416	4.88076555	4.80813084	4.74873329	4.70004977	4.65899143	4.62268222	4.58558678	4.54589346	4.50528476	4.46500860	4.42635994	4.39042064
	6.68211210	6.79413299	6.87571553	6.94585084	7.00473512	7.05016981	7.08303345	7.12837134	7.17734942	7.21529013	7.23686781	7.24550307	7.25066080	7.23819276	7.22986773	7.23294601	7.25727592	7.29752452	7.34169616	7.36031217	7.32862386	7.25476243	7.14308595	7.00336574	6.83802733	6.66148751	6.48045830	6.29537208	6.11275895	5.93340799	5.75882604	5.59681609	5.44886180	5.31332295	5.18932568	5.07552886	4.97085837	4.88055270	4.80633664	4.74557724	4.69559204	4.65318303	4.61543456	4.57695541	4.53599964	4.49424800	4.45299339	4.41353471	4.37694623
	6.69550303	6.80857941	6.89177133	6.96230477	7.02150456	7.06714714	7.10040447	7.14555434	7.19436308	7.23122561	7.25231561	7.25948455	7.26313519	7.25103419	7.24183463	7.24426298	7.26858170	7.30866771	7.35298206	7.37335654	7.34224589	7.26916704	7.15754088	7.01777812	6.85171517	6.67354340	6.49059105	6.30319227	6.11753988	5.93526746	5.75780402	5.59307700	5.44271970	5.30505074	5.17916978	5.06371328	4.95756289	4.86596213	4.79071187	4.72909449	4.67831447	4.63509004	4.59646462	4.55712300	4.51536364	4.47289397	4.43103986	4.39111533	4.35417871
	6.66397283	6.77893999	6.86365217	6.93486380	6.99313228	7.03858793	7.07172272	7.11631155	7.16501574	7.19992672	7.22123844	7.22706116	7.22572400	7.21458084	7.20616075	7.20886677	7.23113132	7.26872982	7.31176541	7.33535243	7.30590164	7.23626463	7.12832523	6.99034810	6.82763319	6.64934630	6.46639464	6.27855270	6.09067142	5.90566813	5.72561096	5.55816323	5.40531144	5.26542371	5.13762341	5.02053423	4.91291401	4.81982553	4.74326298	4.68048619	4.62853700	4.58402376	4.54394679	4.50325855	4.46033923	4.41687444	4.37422946	4.33372954	4.29641961
	6.67077004	6.78911651	6.87603948	6.94824396	7.00768525	7.05376996	7.08724759	7.13184161	7.17950612	7.21281086	7.23250574	7.23608574	7.23098469	7.21728948	7.20888162	7.21339050	7.23570853	7.27259991	7.31607159	7.34089290	7.31318136	7.24472477	7.13836054	7.00005032	6.83768899	6.65777939	6.47264010	6.28227137	6.09094866	5.90235120	5.71871618	5.54778909	5.39183214	5.24925071	5.11912013	5.00000752	4.89060675	4.79583949	4.71780883	4.65371541	4.60044255	4.55447652	4.51279278	4.47057593	4.42632484	4.38170799	4.33812713	4.29691277	4.25909234
	6.69231369	6.81337020	6.90242403	6.97642707	7.03682883	7.08367269	7.11745550	7.16221560	7.20895013	7.24038481	7.25791725	7.25947686	7.25102950	7.23505627	7.22578092	7.23137123	7.25448451	7.29225955	7.33594378	7.36169293	7.33495935	7.26747489	7.16195118	7.02306123	6.86046612	6.67872983	6.49130606	6.29820800	6.10351372	5.91151809	5.72442736	5.55016641	5.39122867	5.24608009	5.11373906	4.99270834	4.88163291	4.78530726	4.70589580	4.64056275	4.58603811	4.53869375	4.49548580	4.45180714	4.40628478	4.36055767	4.31606823	4.27414982	4.23581485
	6.64241535	6.76225845	6.84913768	6.92188759	6.98047412	7.02606219	7.05938865	7.10192806	7.14601745	7.17487471	7.18917516	7.18967156	7.17937430	7.16022684	7.14995740	7.15515824	7.18021025	7.21715023	7.25974362	7.28393144	7.26037896	7.19672667	7.09710636	6.96386692	6.80811182	6.63278662	6.45032980	6.26231889	6.07180225	5.88339176	5.69968909	5.52834602	5.37204997	5.22945617	5.09960061	4.98097279	4.87218776	4.77765429	4.69954437	4.63514619	4.58115084	4.53392535	4.49050518	4.44669831	4.40132540	4.35591939	4.31191613	4.27062010	4.23299997
	6.60601467	6.72519387	6.81080635	6.88241841	6.93944642	6.98393431	7.01671230	7.05733328	7.09957045	7.12622542	7.13781286	7.13700246	7.12540642	7.10363386	7.09242357	7.09689162	7.12284976	7.15999059	7.20214802	7.22481240	7.20391643	7.14344945	7.04879194	6.92019260	6.77012201	6.60023453	6.42170108	6.23790156	6.05087715	5.86526649	5.68426438	5.51523475	5.36101714	5.22045585	5.09260114	4.97591515	4.86900391	4.77595498	4.69888621	4.63522409	4.58161530	4.53441009	4.49072001	4.44669454	4.40133383	4.35609791	4.31240664	4.27154529	4.23445043
	6.53868203	6.65737273	6.74291173	6.81359306	6.87014762	6.91389829	6.94650892	6.98579265	7.02581930	7.05209590	7.06178733	7.05901957	7.04720237	7.02529447	7.01138003	7.01414958	7.03872984	7.07640024	7.11920051	7.14025369	7.12284115	7.06593070	6.97558219	6.85167546	6.70640108	6.54225245	6.36603150	6.18545668	6.00046520	5.81611474	5.63613553	5.46771761	5.31387892	5.17373041	5.04640350	4.93033841	4.82407185	4.73134832	4.65424986	4.59036778	4.53630041	4.48832643	4.44359233	4.39857678	4.35248088	4.30670651	4.26267110	4.22166701	4.18460880
	6.53323930	6.65255739	6.73911820	6.81045514	6.86721047	6.91092225	6.94346481	6.98159435	7.01941347	7.04304320	7.04915146	7.04329383	7.02874153	7.00462287	6.98986542	6.99191796	7.01643063	7.05464354	7.09885007	7.11991463	7.10477656	7.04983858	6.96204300	6.84090657	6.69805626	6.53638458	6.36110792	6.18130982	5.99662029	5.81231546	5.63220081	5.46353577	5.30954205	5.16946953	5.04242538	4.92676116	4.82099517	4.72861592	4.65160549	4.58760297	4.53311136	4.48434026	4.43850087	4.39243664	4.34556359	4.29925185	4.25492236	4.21384206	4.17688914
	6.57314211	6.69636417	6.78625616	6.86013313	6.91858887	6.96372907	6.99677768	7.03507374	7.07219234	7.09415712	7.09740066	7.08861183	7.07055791	7.04431428	7.02869890	7.03067456	7.05594789	7.09577435	7.14138303	7.16406276	7.14971739	7.09464720	7.00629520	6.88372528	6.73882765	6.57405919	6.39500751	6.21089444	6.02156443	5.83249953	5.64761403	5.47442951	5.31640289	5.17285627	5.04284051	4.92458950	4.81656819	4.72217816	4.64334738	4.57766690	4.52147197	4.47083367	4.42295895	4.37491137	4.32624640	4.27835568	4.23270692	4.19056881	4.15280122
	6.56523562	6.69063076	6.78282486	6.85808154	6.91764568	6.96400631	6.99726585	7.03578625	7.07258983	7.09410756	7.09704159	7.08656038	7.06620459	7.03961807	7.02357104	7.02490088	7.04959979	7.08963527	7.13556317	7.15949511	7.14668873	7.09214652	7.00378421	6.88119370	6.73508217	6.56931250	6.38802826	6.20113320	6.00865312	5.81611364	5.62765266	5.45094098	5.28961286	5.14312689	5.01054694	4.89004179	4.77999927	4.68372968	4.60315487	4.53587550	4.47813295	4.42587534	4.37628647	4.32655552	4.27632640	4.22702152	4.18014762	4.13698631	4.09839840
	6.57879634	6.70601671	6.80027689	6.87710719	6.93758105	6.98514184	7.01819037	7.05656669	7.09263092	7.11204411	7.11355260	7.10102811	7.07741362	7.04865151	7.03305633	7.03459134	7.05918980	7.09968568	7.14621682	7.17163643	7.15963987	7.10568348	7.01739403	6.89505669	6.74790208	6.58100706	6.39837526	6.20879524	6.01367174	5.81827627	5.62685681	5.44726934	5.28335142	5.13467827	5.00027695	4.87821464	4.76681446	4.66930667	4.58756811	4.51916202	4.46022685	4.40661144	4.35550909	4.30428787	4.25271119	4.20222395	4.15437080	4.11043211	4.07125222
	6.59179139	6.72358529	6.82210299	6.90207916	6.96414738	7.01267955	7.04702562	7.08480184	7.11867202	7.13622167	7.13458268	7.11719993	7.08845811	7.05627606	7.03954774	7.04092157	7.06416929	7.10530546	7.15430303	7.18188832	7.17241670	7.12030547	7.03302528	6.91137032	6.76332137	6.59589790	6.40898963	6.21492359	6.01417901	5.81240327	5.61440265	5.42830841	5.25845367	5.10471870	4.96611403	4.84046587	4.72590751	4.62546323	4.54091586	4.46978390	4.40795808	4.35109872	4.29641498	4.24164864	4.18688838	4.13362146	4.08346994	4.03772510	3.99719051
	6.61981762	6.75434252	6.85507325	6.93691484	7.00023292	7.04950733	7.08460881	7.12195536	7.15442789	7.16975154	7.16591936	7.14570992	7.11373452	7.07919110	7.06246110	7.06391059	7.08762472	7.12958251	7.17954215	7.20841525	7.19964191	7.14802061	7.06059748	6.93851416	6.78963280	6.62045921	6.43179540	6.23493651	6.03125072	5.82639838	5.62523143	5.43612823	5.26364895	5.10776464	4.96741860	4.84030251	4.72447902	4.62291627	4.53733305	4.46515013	4.40213103	4.34386676	4.28759671	4.23126066	4.17510718	4.12064962	4.06954473	4.02307678	3.98201610
	6.57174228	6.70564233	6.80603540	6.88738252	6.95052878	6.99813483	7.03347111	7.06910418	7.09918291	7.11187346	7.10599565	7.08437417	7.04956558	7.01358492	6.99533102	6.99771564	7.02099715	7.06120029	7.11037000	7.14056069	7.13312805	7.08526991	7.00139818	6.88483146	6.74039833	6.57656959	6.39220932	6.19925699	5.99872216	5.79644025	5.59744424	5.41005479	5.23900729	5.08460360	4.94585181	4.82036883	4.70612935	4.60581398	4.52097345	4.44911159	4.38595118	4.32711915	4.26995134	4.21272618	4.15589664	4.10099402	4.04967114	4.00320178	3.96230385
	6.50746974	6.63847251	6.73733162	6.81728910	6.87866022	6.92504315	6.95904697	6.99281453	7.02045449	7.03069373	7.02333842	7.00010688	6.96418749	6.92709203	6.90795721	6.91070134	6.93302808	6.97215000	7.01934296	7.04974227	7.04376529	6.99983705	6.92001132	6.80982633	6.67117309	6.51433913	6.33661519	6.14956503	5.95471702	5.75765685	5.56349707	5.38039475	5.21319247	5.06243495	4.92719290	4.80504318	4.69392097	4.59621755	4.51332829	4.44282489	4.38047531	4.32201249	4.26491502	4.20777713	4.15121660	4.09676257	4.04604856	4.00030965	3.96019694
	6.42829435	6.55565792	6.65272696	6.73115023	6.79045436	6.83579247	6.86768801	6.89955145	6.92499809	6.93311171	6.92393928	6.89942990	6.86309147	6.82513876	6.80478576	6.80720542	6.82934286	6.86705904	6.91169860	6.94256820	6.93764581	6.89779100	6.82250138	6.71930359	6.58708699	6.43801304	6.26787069	6.08733972	5.89890092	5.70773696	5.51905515	5.34080857	5.17793271	5.03123692	4.89987926	4.78140975	4.67371879	4.57888539	4.49814377	4.42914185	4.36771287	4.30970975	4.25277021	4.19580157	4.13958744	4.08566158	4.03563279	3.99070365	3.95144696
	6.44222764	6.57027586	6.66790012	6.74668890	6.80633177	6.85222691	6.88415400	6.91600314	6.94119755	6.94911730	6.93918929	6.91420286	6.87730141	6.83901803	6.81849950	6.82079980	6.84336167	6.88122626	6.92619266	6.95737819	6.95247625	6.91241736	6.83687373	6.73326797	6.60048832	6.45073817	6.27989750	6.09843427	5.90909057	5.71704818	5.52749095	5.34843628	5.18486512	5.03758921	4.90574242	4.78685096	4.67879013	4.58364136	4.50261972	4.43334073	4.37160869	4.31327189	4.25597885	4.19865949	4.14212052	4.08791189	4.03765453	3.99254780	3.95315202
	6.37710469	6.50241809	6.59878245	6.67615052	6.73456861	6.77945557	6.80960785	6.83902706	6.86102515	6.86627015	6.85304325	6.82565868	6.78709143	6.74767756	6.72619992	6.72723683	6.75029231	6.78705926	6.83116090	6.86207666	6.85825443	6.82211102	6.75157573	6.65429727	6.52886096	6.38604639	6.22307318	6.04774909	5.86442117	5.67803173	5.49365927	5.31923541	5.15989275	5.01670439	4.88885534	4.77381656	4.66938287	4.57730197	4.49852542	4.43068412	4.36961754	4.31134555	4.25375298	4.19615591	4.13957310	4.08559829	4.03584844	3.99146970	3.95289664
	6.32397220	6.44737465	6.54254069	6.61867663	6.67686226	6.71995974	6.74952504	6.77759720	6.79815028	6.80197570	6.78820448	6.75973507	6.72024566	6.68107008	6.65936002	6.65954953	6.68154735	6.71857852	6.76215779	6.79206046	6.78899931	6.75544059	6.68793475	6.59429793	6.47369517	6.33514971	6.17703019	6.00588026	5.82659782	5.64392292	5.46300369	5.29165591	5.13506026	4.99444982	4.86907099	4.75639358	4.65416426	4.56393156	4.48651522	4.41958273	4.35900576	4.30090936	4.24330313	4.18570645	4.12922667	4.07547389	4.02606955	3.98212960	3.94402706
	6.26858196	6.38828318	6.48130206	6.55537347	6.61202638	6.65275818	6.68184976	6.70743157	6.72508995	6.72654995	6.71109368	6.68037477	6.63988342	6.60110085	6.57937113	6.57803600	6.59841013	6.63599999	6.67748741	6.70669753	6.70487459	6.67485460	6.61212764	6.52493282	6.41175720	6.28041702	6.13017455	5.96626012	5.79397688	5.61802457	5.44344715	5.27788877	5.12657368	4.99093313	4.87028177	4.76205542	4.66402107	4.57740835	4.50282485	4.43790985	4.37857836	4.32118924	4.26399773	4.20682257	4.15092734	4.09792940	4.04946355	4.00658652	3.96954614
	6.16514499	6.28026425	6.37036863	6.44223016	6.49697170	6.53509110	6.56212120	6.58500993	6.60009406	6.59973445	6.58330155	6.55198430	6.51051852	6.47129072	6.45033131	6.44847965	6.46527591	6.50106759	6.54217136	6.56961849	6.56965566	6.54318716	6.48721125	6.40616816	6.30278950	6.17955842	6.03919370	5.88447344	5.72074652	5.55310135	5.38634983	5.22788439	5.08292863	4.95321424	4.83815564	4.73517898	4.64207542	4.55967385	4.48831779	4.42567718	4.36777023	4.31124278	4.25461465	4.19801003	4.14281922	4.09068921	4.04325368	4.00152103	3.96561219
	6.13655856	6.25017845	6.33966339	6.41133252	6.46564179	6.50305442	6.52894551	6.55048312	6.56399571	6.56236545	6.54480795	6.51264391	6.47018919	6.43004290	6.40872153	6.40680807	6.42265460	6.45721787	6.49868164	6.52571708	6.52711911	6.50197416	6.44923088	6.37070231	6.27138306	6.15156452	6.01534341	5.86386335	5.70327077	5.53851359	5.37441013	5.21828468	5.07539251	4.94768724	4.83465063	4.73365799	4.64248035	4.56173980	4.49158311	4.42963739	4.37194348	4.31529088	4.25834817	4.20142605	4.14598867	4.09373684	4.04634325	4.00478396	3.96911774
	6.08165590	6.19346380	6.28215074	6.35277631	6.40614169	6.44275708	6.46775145	6.48761537	6.49912911	6.49594043	6.47702284	6.44388102	6.40063098	6.36022967	6.33751274	6.33548418	6.35098692	6.38295090	6.42322231	6.45006512	6.45315213	6.42988506	6.38134518	6.30696535	6.21303760	6.09892869	5.96846265	5.82233942	5.66652000	5.50637139	5.34655404	5.19425398	5.05474877	4.93027085	4.82043028	4.72256860	4.63440874	4.55625474	4.48798531	4.42716743	4.36989449	4.31319356	4.25595349	4.19875757	4.14314771	4.09088697	4.04369158	4.00250480	3.96729495
	6.01695710	6.12637480	6.21361621	6.28289287	6.33481930	6.37042106	6.39451722	6.41311749	6.42345019	6.41961498	6.40046464	6.36730068	6.32434655	6.28445847	6.26084426	6.25877075	6.27373230	6.30320466	6.34259188	6.36868856	6.37300570	6.35110048	6.30595100	6.23534729	6.14655441	6.03743673	5.91257834	5.77175670	5.62070417	5.46525983	5.30990627	5.16160704	5.02558474	4.90429444	4.79748590	4.70251677	4.61708924	4.54126358	4.47474488	4.41510081	4.35851970	4.30220168	4.24518346	4.18820718	4.13284394	4.08088343	4.03407135	3.99333180	3.95857959
	6.02144080	6.13302901	6.22242211	6.29330173	6.34597682	6.38220619	6.40631917	6.42424006	6.43328754	6.42799022	6.40708371	6.37205377	6.32678662	6.28536581	6.26035397	6.25756425	6.27252647	6.30132970	6.34071469	6.36721048	6.37242377	6.35130074	6.30722943	6.23749137	6.15000263	6.04128632	5.91675091	5.77529708	5.62297783	5.46619245	5.30935159	5.15950106	5.02210806	4.89985002	4.79244372	4.69712841	4.61152238	4.53545159	4.46842760	4.40783575	4.34981832	4.29175317	4.23283896	4.17403027	4.11701886	4.06367558	4.01583310	3.97436278	3.93911306
	5.96169084	6.07317955	6.16290622	6.23361000	6.28619444	6.32233170	6.34598043	6.36296118	6.37086473	6.36473720	6.34303792	6.30725140	6.26111887	6.21933713	6.19408416	6.18903458	6.20412316	6.23279568	6.26960641	6.29683803	6.30269838	6.28295097	6.24137066	6.17440621	6.09028363	5.98527956	5.86370183	5.72473510	5.57432695	5.41921365	5.26376618	5.11494296	4.97830587	4.85684951	4.75039709	4.65617078	4.57168258	4.49646131	4.42981665	4.36904836	4.31034303	4.25125742	4.19116234	4.13119246	4.07312271	4.01886316	3.97033972	3.92840017	3.89284846
	5.87934347	5.98799146	6.07558417	6.14458556	6.19538275	6.23072258	6.25309476	6.26892164	6.27604615	6.26977565	6.24840907	6.21344031	6.16837642	6.12725333	6.10208776	6.09623353	6.10978377	6.13774321	6.17254859	6.19929821	6.20506523	6.18785572	6.14892407	6.08687415	6.00728415	5.90869055	5.79310137	5.66013751	5.51538925	5.36580081	5.21560175	5.07147871	4.93885640	4.82095847	4.71779784	4.62672469	4.54522532	4.47253583	4.40785368	4.34846962	4.29067361	4.23220915	4.17259534	4.11306444	4.05539700	4.00149993	3.95333646	3.91177019	3.87658062
	5.88366607	5.99246352	6.08026770	6.14937228	6.20001531	6.23536088	6.25764799	6.27292822	6.27927391	6.27221929	6.25005685	6.21433217	6.16865163	6.12694211	6.10149803	6.09508854	6.10862329	6.13642433	6.17095745	6.19783954	6.20374321	6.18706879	6.14905124	6.08802553	6.00955748	5.91218907	5.79754691	5.66535038	5.52131088	5.37238055	5.22277233	5.07918071	4.94711486	4.82986221	4.72739900	4.63705256	4.55628273	4.48421668	4.41994344	4.36066735	4.30270127	4.24391124	4.18391237	4.12402356	4.06607883	4.01201379	3.96379946	3.92226957	3.88716510
	5.86082000	5.96892828	6.05615620	6.12512392	6.17541411	6.21003703	6.23207882	6.24661802	6.25217560	6.24436771	6.22157172	6.18536651	6.13928034	6.09730740	6.07137438	6.06495985	6.07714980	6.10478734	6.13894236	6.16533410	6.17131378	6.15572385	6.11928211	6.06085713	5.98419914	5.89021090	5.77781948	5.64784807	5.50590071	5.35898823	5.21123393	5.06923808	4.93863662	4.82283588	4.72179143	4.63282841	4.55340379	4.48245116	4.41891655	4.35992457	4.30186390	4.24278013	4.18241113	4.12217138	4.06393918	4.00967646	3.96137513	3.91983985	3.88477852
	5.86106287	5.97049566	6.05901360	6.12946361	6.18059059	6.21508827	6.23708985	6.25082249	6.25530920	6.24633226	6.22213995	6.18441079	6.13664248	6.09341312	6.06617154	6.05961788	6.07085807	6.09862079	6.13326568	6.15976823	6.16618250	6.15137831	6.11590365	6.05896448	5.98301030	5.89058147	5.77841558	5.64820233	5.50564723	5.35791733	5.20914270	5.06602350	4.93444414	4.81800450	4.71662133	4.62752861	4.54813006	4.47711875	4.41319974	4.35331296	4.29389002	4.23317248	4.17104710	4.10908625	4.04926535	3.99364008	3.94424775	3.90186160	3.86614530
	5.78830386	5.89505717	5.98210660	6.05147592	6.10146318	6.13534049	6.15599251	6.16865511	6.17266257	6.16372393	6.14003426	6.10315023	6.05624279	6.01382009	5.98621133	5.97917113	5.98889439	6.01515078	6.04947781	6.07495600	6.08175983	6.06941107	6.03593049	5.98320901	5.91114453	5.82433676	5.71722909	5.59191272	5.45384380	5.31040532	5.16560325	5.02595842	4.89724201	4.78329775	4.68427267	4.59746141	4.52026994	4.45112941	4.38853268	4.32939211	4.27027886	4.20960698	4.14740857	4.08533540	4.02535802	3.96955392	3.91999352	3.87747497	3.84166173
	5.77137955	5.87697595	5.96325136	6.03228717	6.08137328	6.11501629	6.13497336	6.14694096	6.15051054	6.14123500	6.11764024	6.08077832	6.03404187	5.99167403	5.96416752	5.95629344	5.96608557	5.99122148	6.02518832	6.05017914	6.05733934	6.04577295	6.01346656	5.96251481	5.89261551	5.80834917	5.70382094	5.58083361	5.44514275	5.30402906	5.16143947	5.02384849	4.89700526	4.78480499	4.68741733	4.60213092	4.52638695	4.45851165	4.39682948	4.33822816	4.27936951	4.21882514	4.15672305	4.09476564	4.03493840	3.97932988	3.92999274	3.88770229	3.85211122
	5.73945048	5.84339727	5.92842854	5.99652514	6.04498617	6.07788934	6.09695225	6.10797618	6.11101524	6.10130328	6.07766631	6.04089254	5.99442623	5.95213004	5.92453021	5.91571300	5.92513192	5.94876853	5.98172494	6.00606565	6.01395928	6.00388344	5.97326290	5.92540657	5.85896127	5.77875963	5.67812710	5.55887803	5.42681652	5.28925517	5.15001939	5.01552020	4.89148931	4.78191823	4.68700752	4.60403706	4.53050696	4.46452030	4.40412634	4.34619059	4.28755400	4.22703248	4.16491519	4.10299490	4.04327639	3.98785426	3.93876123	3.89672537	3.86139084
	5.69325986	5.79568210	5.87964610	5.94661128	5.99462142	6.02682693	6.04511505	6.05590277	6.05899624	6.04948926	6.02637501	5.99026119	5.94464006	5.90272831	5.87526995	5.86566621	5.87463625	5.89704507	5.92927707	5.95289145	5.96138602	5.95222758	5.92309194	5.87752960	5.81379961	5.73690864	5.63961438	5.52354474	5.39460018	5.26006955	5.12372239	4.99183244	4.87002024	4.76238364	4.66924073	4.58790852	4.51593188	4.45126878	4.39182243	4.33449291	4.27623147	4.21597385	4.15410320	4.09244273	4.03297663	3.97778180	3.92888342	3.88701795	3.85183572
	5.63180256	5.73229964	5.81484625	5.88055720	5.92777171	5.95911317	5.97712330	5.98760299	5.99087236	5.98180618	5.95937353	5.92416259	5.87964634	5.83823627	5.81085550	5.80086646	5.80917974	5.83088690	5.86192220	5.88505219	5.89396280	5.88551706	5.85814323	5.81450998	5.75383144	5.67991676	5.58614066	5.47340937	5.34785798	5.21662727	5.08344162	4.95441637	4.83504054	4.72949067	4.63822554	4.55861865	4.48825583	4.42497062	4.36654872	4.30993924	4.25220292	4.19237397	4.13091411	4.06966733	4.01058648	3.95571443	3.90706968	3.86541042	3.83039686
	5.61233913	5.71260267	5.79494811	5.86059347	5.90727668	5.93837897	5.95631013	5.96633078	5.96943424	5.96021246	5.93746529	5.90207402	5.85752367	5.81566699	5.78757240	5.77711675	5.78445017	5.80583573	5.83561996	5.85889364	5.86852202	5.86070813	5.83494633	5.79276308	5.73465119	5.66276825	5.57116328	5.46017143	5.33627497	5.20656070	5.07473706	4.94691079	4.82863554	4.72416042	4.63396519	4.55540283	4.48607942	4.42361816	4.36555444	4.30880128	4.25058961	4.19015366	4.12808077	4.06629547	4.00677735	3.95157382	3.90268455	3.86084990	3.82570330
	5.60486578	5.70482580	5.78718857	5.85271633	5.89942536	5.93027747	5.94812811	5.95763190	5.96028337	5.95067687	5.92771834	5.89194629	5.84713531	5.80449930	5.77566962	5.76503110	5.77162149	5.79287837	5.82208682	5.84555874	5.85536314	5.84816427	5.82369607	5.78242273	5.72626779	5.65565721	5.56543704	5.45553992	5.33262459	5.20377821	5.07270053	4.94551786	4.82789755	4.72413499	4.63468081	4.55686597	4.48829153	4.42639864	4.36850723	4.31147510	4.25268969	4.19157216	4.12880692	4.06640223	4.00636001	3.95075354	3.90155978	3.85949129	3.82415589
	5.56340611	5.66149395	5.74277929	5.80708759	5.85323822	5.88355380	5.90083706	5.90987643	5.91195998	5.90209153	5.87937930	5.84400716	5.79979217	5.75718822	5.72753738	5.71617640	5.72190058	5.74214205	5.77054812	5.79347199	5.80331685	5.79746691	5.77501249	5.73601697	5.68355518	5.61655727	5.52989877	5.42350365	5.30407050	5.17855519	5.05062202	4.92635001	4.81144025	4.71020160	4.62311365	4.54754781	4.48111247	4.42097570	4.36416997	4.30752187	4.24869798	4.18738460	4.12441197	4.06187385	4.00179609	3.94623253	3.89711425	3.85510976	3.81982452
	5.54994137	5.64772531	5.72812731	5.79208610	5.83828430	5.86822080	5.88572609	5.89425378	5.89597908	5.88590163	5.86316090	5.82787406	5.78376835	5.74094157	5.71068623	5.69868623	5.70360459	5.72354993	5.75125684	5.77393098	5.78358907	5.77841899	5.75723290	5.71974465	5.66954350	5.60431230	5.51948520	5.41474531	5.29693360	5.17293931	5.04644398	4.92355143	4.81004348	4.71019323	4.62444863	4.55018580	4.48501883	4.42587443	4.36957592	4.31293984	4.25383838	4.19215329	4.12880671	4.06597706	4.00573274	3.95011594	3.90100254	3.85901536	3.82375304
	5.52000776	5.61490811	5.69262366	5.75425038	5.79919568	5.82797473	5.84487677	5.85296329	5.85434554	5.84435836	5.82195849	5.78758859	5.74471189	5.70297330	5.67284467	5.66018698	5.66452682	5.68270797	5.70932089	5.73078653	5.73984159	5.73567201	5.71641522	5.68180544	5.63495848	5.57379230	5.49323116	5.39315176	5.28031448	5.16134370	5.03982102	4.92176193	4.81292989	4.71741755	4.63557614	4.56483441	4.50289790	4.44645670	4.39214506	4.33686970	4.27885412	4.21823140	4.15601698	4.09442046	4.03551925	3.98126960	3.93342622	3.89253526	3.85818744
	5.44819804	5.53857365	5.61315050	5.67190559	5.71417152	5.74218030	5.75741522	5.76503643	5.76631788	5.75705693	5.73572515	5.70296072	5.66207909	5.62182608	5.59174268	5.57786035	5.58066441	5.59673315	5.62097294	5.64087503	5.65039039	5.64815753	5.63190446	5.60178387	5.56060480	5.50595503	5.43234924	5.33958983	5.23428646	5.12272486	5.00837181	4.89711559	4.79460660	4.70483258	4.62819616	4.56225155	4.50479359	4.45206126	4.40034092	4.34666617	4.28975889	4.23014634	4.16896863	4.10851316	4.05082174	3.99775097	3.95092361	3.91084984	3.87713592
	5.40329506	5.49181543	5.56486726	5.62254489	5.66361654	5.69117056	5.70584227	5.71334281	5.71472618	5.70599678	5.68532880	5.65342718	5.61349895	5.57379856	5.54372674	5.52920676	5.53103910	5.54626317	5.56901457	5.58846008	5.59852452	5.59711833	5.58205711	5.55415269	5.51547937	5.46403477	5.39357103	5.30416707	5.20227506	5.09403975	4.98286400	4.87458324	4.77478710	4.68745356	4.61303570	4.54916678	4.49365894	4.44249176	4.39178177	4.33864678	4.28202946	4.22265256	4.16173801	4.10158611	4.04422616	3.99145838	3.94486336	3.90494820	3.87133549
	5.40960639	5.49837229	5.57110445	5.62934862	5.67029966	5.69790563	5.71258624	5.72008596	5.72144890	5.71281734	5.69204394	5.66008662	5.61999911	5.57991415	5.54935468	5.53374965	5.53485034	5.54934707	5.57112520	5.59035659	5.60064882	5.59976376	5.58533112	5.55883526	5.52126424	5.47125402	5.40200922	5.31362640	5.21270794	5.10536705	4.99498538	4.88753135	4.78869724	4.70241255	4.62903986	4.56620753	4.51174744	4.46123948	4.41055321	4.35693731	4.29959642	4.23946033	4.17785807	4.11715145	4.05940201	4.00638517	3.95960520	3.91952494	3.88575337
	5.35201008	5.44084037	5.51382026	5.57182141	5.61281407	5.64031638	5.65529591	5.66305616	5.66462707	5.65655965	5.63621849	5.60466331	5.56479712	5.52449794	5.49290561	5.47633393	5.47600892	5.48930353	5.51088656	5.52922981	5.53953404	5.53971164	5.52685560	5.50248657	5.46695637	5.41936387	5.35238291	5.26612967	5.16711197	5.06144302	4.95251118	4.84643709	4.74893936	4.66394677	4.59187310	4.53039317	4.47732283	4.42770930	4.37707377	4.32281609	4.26446139	4.20319448	4.14051371	4.07885624	4.02028788	3.96654505	3.91908572	3.87837004	3.84400337
	5.28270736	5.36994014	5.44148838	5.49792059	5.53815335	5.56483797	5.57964250	5.58736225	5.58906598	5.58150493	5.56178905	5.53103857	5.49199162	5.45205885	5.41995744	5.40279566	5.40123753	5.41287238	5.43314091	5.45042748	5.46087784	5.46201816	5.45086056	5.42908635	5.39683685	5.35245050	5.28898275	5.20645424	5.11118157	5.00914165	4.90366994	4.80090823	4.70661454	4.62462690	4.55530095	4.49638177	4.44573229	4.39784424	4.34793315	4.29370323	4.23512513	4.17361561	4.11077864	4.04912276	3.99067470	3.93710129	3.88976518	3.84908998	3.81469017
	5.30180333	5.38912665	5.46039925	5.51630090	5.55616751	5.58245309	5.59696469	5.60438533	5.60575410	5.59788287	5.57782788	5.54683015	5.50754933	5.46737115	5.43495328	5.41750395	5.41553730	5.42685943	5.44661865	5.46359923	5.47429470	5.47565613	5.46523548	5.44405781	5.41283869	5.36946733	5.30680055	5.22500211	5.13047933	5.02914729	4.92432302	4.82230692	4.72893591	4.64794644	4.57957181	4.52155016	4.47176790	4.42438042	4.37441062	4.31976977	4.26069675	4.19870561	4.13545314	4.07351202	4.01493079	3.96134606	3.91405025	3.87340811	3.83901341
	5.21068327	5.29546855	5.36473429	5.41808174	5.45652603	5.48177086	5.49576205	5.50282837	5.50422527	5.49682877	5.47760177	5.44775198	5.40972568	5.37031795	5.33763739	5.31939955	5.31678487	5.32656279	5.34420167	5.36039501	5.37151151	5.37421178	5.36575795	5.34750493	5.32001216	5.28052891	5.22214667	5.14505194	5.05532712	4.95869217	4.85837375	4.76064554	4.67124597	4.59382490	4.52867049	4.47360294	4.42655955	4.38112790	4.33214665	4.27793106	4.21914756	4.15747888	4.09463818	4.03324032	3.97524773	3.92218941	3.87531308	3.83494266	3.80069826
	5.22413955	5.30969052	5.37947482	5.43301086	5.47150108	5.49673004	5.51063566	5.51751064	5.51864919	5.51088620	5.49116315	5.46077884	5.42217266	5.38218214	5.34897097	5.33034599	5.32749885	5.33707963	5.35442396	5.37055562	5.38180805	5.38484537	5.37656044	5.35883245	5.33177660	5.29256048	5.23410345	5.15676165	5.06671841	4.96970077	4.86894055	4.77090312	4.68145194	4.60415828	4.53920328	4.48438581	4.43764206	4.39217685	4.34264078	4.28756942	4.22785558	4.16526378	4.10154919	4.03940662	3.98084367	3.92735524	3.88013406	3.83945516	3.80492957
	5.23625136	5.32258037	5.39287736	5.44674872	5.48537408	5.51065913	5.52453358	5.53128603	5.53222709	5.52414486	5.50397809	5.47308987	5.43393785	5.39343422	5.35982803	5.34096487	5.33800513	5.34756399	5.36488042	5.38102003	5.39236348	5.39553401	5.38725860	5.36969461	5.34276453	5.30345407	5.24462944	5.16675523	5.07610943	4.97844176	4.87699177	4.77838391	4.68858883	4.61112604	4.54609052	4.49125716	4.44455703	4.39892027	4.34885797	4.29305587	4.23255503	4.16917321	4.10469520	4.04187997	3.98277724	3.92886382	3.88129131	3.84030429	3.80550593
	5.25727701	5.34411730	5.41469239	5.46878653	5.50753422	5.53286137	5.54671153	5.55339632	5.55420139	5.54588548	5.52541552	5.49420663	5.45472590	5.41398542	5.38033053	5.36152247	5.35863059	5.36828171	5.38573681	5.40195504	5.41328724	5.41637619	5.40791702	5.39012711	5.36278273	5.32314369	5.26375543	5.18524467	5.09397552	4.99570234	4.89366447	4.79455640	4.70440943	4.62670462	4.56147494	4.50647301	4.45962783	4.41382474	4.36354900	4.30751845	4.24679432	4.18319137	4.11849401	4.05548772	3.99624746	3.94225024	3.89463512	3.85362137	3.81880572
	5.25228219	5.33939751	5.40988193	5.46394774	5.50255386	5.52772223	5.54143101	5.54794951	5.54859008	5.54006219	5.51935740	5.48790624	5.44817920	5.40719336	5.37332180	5.35437014	5.35144054	5.36104756	5.37844285	5.39467048	5.40611536	5.40929979	5.40110125	5.38348526	5.35660696	5.31717115	5.25788973	5.17940730	5.08812467	4.98979566	4.88765510	4.78850730	4.69844554	4.62090926	4.55588282	4.50111089	4.45451556	4.40874681	4.35818364	4.30168894	4.24044865	4.17632593	4.11112611	4.04768477	3.98810034	3.93382975	3.88598132	3.84475873	3.80975283
	5.22523806	5.31246842	5.38269561	5.43656937	5.47486878	5.49976040	5.51326199	5.51955666	5.52002821	5.51132618	5.49044965	5.45881300	5.41888928	5.37762350	5.34335594	5.32405933	5.32097275	5.33045144	5.34764658	5.36379830	5.37547416	5.37890481	5.37130256	5.35423946	5.32853064	5.28971887	5.23106325	5.15311443	5.06226254	4.96426473	4.86235139	4.76347140	4.67378130	4.59668294	4.53212930	4.47786722	4.43180894	4.38620735	4.33526238	4.27806807	4.21602351	4.15108469	4.08509884	4.02097153	3.96082241	3.90607362	3.85778841	3.81616559	3.78079104
	5.20782704	5.29501063	5.36482657	5.41822344	5.45604589	5.48052409	5.49372681	5.49978271	5.50009009	5.49123696	5.47024745	5.43854180	5.39857644	5.35723917	5.32285805	5.30348040	5.30035691	5.30976037	5.32671161	5.34274215	5.35443571	5.35800237	5.35075848	5.33415699	5.30916799	5.27108142	5.21293560	5.13549550	5.04517782	4.94769002	4.84623252	4.74785998	4.65879096	4.58235478	4.51844580	4.46480464	4.41934362	4.37402346	4.32291401	4.26533825	4.20287585	4.13754587	4.07121071	4.00682146	3.94652040	3.89169003	3.84334669	3.80166372	3.76622239
	5.18884665	5.27595693	5.34519364	5.39794578	5.43512307	5.45903469	5.47181978	5.47754446	5.47760886	5.46851701	5.44734186	5.41552063	5.37548550	5.33407180	5.29961238	5.28021103	5.27711185	5.28641541	5.30305552	5.31897509	5.33063662	5.33435648	5.32751809	5.31139668	5.28724514	5.24999812	5.19243814	5.11556557	5.02587232	4.92899217	4.82808529	4.73034247	4.64207029	4.56649089	4.50341030	4.45055837	4.40584485	4.36087802	4.30957265	4.25154729	4.18860200	4.12282961	4.05610617	3.99143817	3.93100291	3.87613098	3.82777730	3.78607811	3.75060698
	5.16907659	5.25655948	5.32593209	5.37843813	5.41541035	5.43909229	5.45165767	5.45716948	5.45708043	5.44781484	5.42645828	5.39443212	5.35417770	5.31248750	5.27769209	5.25804098	5.25493952	5.26407802	5.28056771	5.29652159	5.30836062	5.31236522	5.30588634	5.29022034	5.26668386	5.22996594	5.17269784	5.09599455	5.00639220	4.90951271	4.80851709	4.71071020	4.62247186	4.54699257	4.48406985	4.43142158	4.38694707	4.34196103	4.29023146	4.23155783	4.16788501	4.10137578	4.03393396	3.96862377	3.90764666	3.85230727	3.80353727	3.76146215	3.72565549
	5.16178091	5.24957293	5.31918504	5.37166179	5.40863840	5.43228973	5.44479599	5.45023469	5.45009284	5.44075577	5.41930838	5.38715924	5.34676113	5.30489099	5.26988406	5.25007272	5.24696468	5.25600689	5.27246498	5.28846836	5.30042822	5.30458791	5.29824903	5.28277625	5.25943926	5.22290750	5.16568157	5.08894603	4.99925106	4.90222405	4.80103551	4.70303805	4.61464473	4.53904506	4.47604695	4.42336202	4.37888394	4.33380689	4.28183113	4.22281759	4.15876101	4.09185464	4.02401700	3.95833880	3.89703198	3.84139425	3.79235390	3.75003613	3.71401561
	5.15746378	5.24511818	5.31458122	5.36681906	5.40362419	5.42713452	5.43955166	5.44493429	5.44477269	5.43543280	5.41400493	5.38189640	5.34155212	5.29972147	5.26473899	5.24494718	5.24183119	5.25082343	5.26721128	5.28317808	5.29511440	5.29929089	5.29303351	5.27770854	5.25452311	5.21827550	5.16123462	5.08473608	4.99531126	4.89855638	4.79763318	4.69990557	4.61179601	4.53646863	4.47371857	4.42126014	4.37698979	4.33204554	4.28009846	4.22107625	4.15701148	4.09010777	4.02228033	3.95662732	3.89536273	3.83977503	3.79077618	3.74849025	3.71249064
	5.18168832	5.26984857	5.33961810	5.39176362	5.42831952	5.45144743	5.46342943	5.46832402	5.46761506	5.45751490	5.43522395	5.40224744	5.36104290	5.31862264	5.28350570	5.26388715	5.26096456	5.27022601	5.28692721	5.30308676	5.31500989	5.31910162	5.31274565	5.29736251	5.27411138	5.23748484	5.17972075	5.10225395	5.01188310	4.91415146	4.81223259	4.71377995	4.62540761	4.55010253	4.48747609	4.43519888	4.39115090	4.34606385	4.29340733	4.23341017	4.16830899	4.10035389	4.03148918	3.96493457	3.90298676	3.84690494	3.79751622	3.75489852	3.71860143
	5.19582248	5.28387007	5.35324417	5.40458402	5.44027936	5.46250771	5.47368096	5.47780868	5.47635473	5.46536140	5.44217347	5.40839265	5.36647346	5.32366404	5.28862585	5.26937098	5.26679452	5.27625683	5.29315644	5.30946536	5.32134795	5.32544978	5.31923896	5.30416710	5.28134816	5.24485514	5.18685858	5.10898411	5.01830456	4.92024877	4.81796639	4.71944975	4.63152168	4.55690543	4.49499883	4.44343910	4.40010356	4.35518459	4.30192194	4.24100364	4.17491176	4.10595398	4.03609418	3.96870053	3.90616890	3.84970416	3.80002162	3.75714825	3.72060827
	5.18681481	5.27413634	5.34256180	5.39282278	5.42752291	5.44885720	5.45933427	5.46289458	5.46098089	5.44955574	5.42604704	5.39208532	5.35010379	5.30739113	5.27260403	5.25366916	5.25135463	5.26082303	5.27764027	5.29392925	5.30575872	5.30996931	5.30409882	5.28958669	5.26749429	5.23171095	5.17422965	5.09689741	5.00688245	4.90950027	4.80785133	4.71009947	4.62315663	4.54956352	4.48861102	4.43793702	4.39543162	4.35094035	4.29758284	4.23638965	4.16998877	4.10072504	4.03056126	3.96294522	3.90032376	3.84385308	3.79417789	3.75130089	3.71473691
	5.20061457	5.28802275	5.35629252	5.40653437	5.44117107	5.46237492	5.47272631	5.47612859	5.47401204	5.46228627	5.43845079	5.40417207	5.36189473	5.31902097	5.28429282	5.26551855	5.26323094	5.27291774	5.28985317	5.30621088	5.31797202	5.32202245	5.31603648	5.30141873	5.27902491	5.24307385	5.18517432	5.10746094	5.01709982	4.91939473	4.81743948	4.71949444	4.63252918	4.55900201	4.49812123	4.44751416	4.40506303	4.36053266	4.30701114	4.24561820	4.17901846	4.10956366	4.03921287	3.97144591	3.90874879	3.85225344	3.80258457	3.75972006	3.72316713
	5.19257513	5.27875790	5.34554663	5.39389942	5.42706088	5.44686130	5.45611870	5.45859228	5.45569215	5.44323143	5.41889360	5.38436832	5.34204659	5.29943547	5.26522034	5.24701307	5.24507802	5.25490354	5.27168240	5.28796009	5.29957069	5.30370502	5.29810510	5.28433619	5.26319915	5.22831305	5.17124106	5.09458313	5.00546811	4.90903729	4.80831541	4.71181444	4.62660517	4.55483338	4.49555169	4.44641806	4.40531956	4.36153643	4.30801724	4.24640344	4.17953516	4.10982979	4.03923092	3.97134576	3.90872926	3.85241749	3.80292257	3.76018925	3.72370660
	5.19966491	5.28592208	5.35278629	5.40111346	5.43429732	5.45406853	5.46328541	5.46569211	5.46270408	5.45011559	5.42563858	5.39097841	5.34852771	5.30584295	5.27163967	5.25347734	5.25156737	5.26145047	5.27826362	5.29459504	5.30619963	5.31028678	5.30462417	5.29078050	5.26956484	5.23455594	5.17732090	5.10049004	5.01120804	4.91461397	4.81373383	4.71710963	4.63183443	4.56002582	4.50071312	4.45155263	4.41042979	4.36661259	4.31303646	4.25136101	4.18442602	4.11465060	4.04397271	3.97601516	3.91334487	3.85699586	3.80747393	3.76471944	3.72821641
	5.21094601	5.29634237	5.36228736	5.40953233	5.44193719	5.46091221	5.46950025	5.47134180	5.46778929	5.45458700	5.42961211	5.39459617	5.35190990	5.30929114	5.27548600	5.25780777	5.25612521	5.26619817	5.28316119	5.29935767	5.31074124	5.31473285	5.30910091	5.29560110	5.27489042	5.24008015	5.18289063	5.10647432	5.01768717	4.92164069	4.82132647	4.72549260	4.64131535	4.57063515	4.51235029	4.46411670	4.42381804	4.38039633	4.32675420	4.26492816	4.19784747	4.12795681	4.05718133	3.98924180	3.92675931	3.87067694	3.82141377	3.77887924	3.74254089
	5.20393946	5.28792500	5.35236479	5.39793356	5.42904426	5.44681116	5.45447925	5.45557670	5.45138298	5.43759580	5.41224629	5.37707133	5.33439990	5.29208420	5.25883753	5.24175783	5.24037688	5.25058646	5.26766876	5.28356900	5.29470693	5.29874227	5.29342331	5.28069886	5.26106798	5.22702685	5.17043113	5.09506257	5.00745652	4.91265289	4.81356727	4.71918553	4.63676600	4.56781900	4.51111004	4.46431522	4.42531151	4.38256411	4.32891636	4.26693595	4.19969451	4.12968750	4.05884000	3.99097472	3.92878016	3.87307103	3.82415753	3.78191280	3.74579625
	5.19430995	5.27760122	5.34123513	5.38604424	5.41643159	5.43358762	5.44075535	5.44146873	5.43695567	5.42290274	5.39738726	5.36214226	5.31948922	5.27732654	5.24435571	5.22757699	5.22637421	5.23664380	5.25384423	5.26953189	5.28059788	5.28472495	5.27966815	5.26736649	5.24833213	5.21466467	5.15836480	5.08349910	4.99644225	4.90220934	4.80366692	4.70994621	4.62835358	4.56022730	4.50428008	4.45819298	4.41983550	4.37737431	4.32361828	4.26143522	4.19397723	4.12377585	4.05276904	3.98483151	3.92269666	3.86710273	3.81830589	3.77615746	3.74011743
	5.22312626	5.30657762	5.37000105	5.41498410	5.44520477	5.46223272	5.46912802	5.46951188	5.46450651	5.44978606	5.42354660	5.38755908	5.34419804	5.30164882	5.26875288	5.25222656	5.25119248	5.26174257	5.27914267	5.29486373	5.30589910	5.30987770	5.30464227	5.29206700	5.27274973	5.23825166	5.18113141	5.10565458	5.01786936	4.92289673	4.82363303	4.72944122	4.64772352	4.57960791	4.52372135	4.47768521	4.43937767	4.39672728	4.34254386	4.27989409	4.21195609	4.14126886	4.06976039	4.00142165	3.93903471	3.88328509	3.83438212	3.79215114	3.75602788
	5.20531378	5.28776489	5.34995021	5.39343345	5.42289883	5.43899173	5.44517685	5.44509175	5.43965782	5.42463123	5.39823037	5.36221366	5.31894553	5.27662970	5.24408321	5.22791504	5.22700000	5.23761948	5.25504520	5.27057445	5.28139121	5.28542810	5.28041796	5.26858394	5.25024261	5.21657386	5.16004414	5.08552378	4.99877474	4.90485253	4.80660797	4.71356014	4.63314974	4.56627425	4.51151940	4.46651864	4.42915408	4.38697540	4.33278666	4.27003302	4.20196559	4.13116209	4.05955115	3.99119740	3.92892326	3.87331665	3.82453208	3.78238530	3.74630163
	5.21500774	5.29762577	5.35979735	5.40306858	5.43245359	5.44831805	5.45423643	5.45387053	5.44806586	5.43257479	5.40567162	5.36914212	5.32538900	5.28280979	5.25031395	5.23431176	5.23350856	5.24437708	5.26187706	5.27747139	5.28822723	5.29217285	5.28710053	5.27526137	5.25690596	5.22287257	5.16580487	5.09081328	5.00359876	4.90918689	4.81043567	4.71707364	4.63662532	4.56981540	4.51516803	4.47028561	4.43304467	4.39072318	4.33609048	4.27281889	4.20419838	4.13283836	4.06067182	3.99185352	3.92926279	3.87342749	3.82446263	3.78216418	3.74594077
	5.23394664	5.31661808	5.37814291	5.42112194	5.45031260	5.46575071	5.47124828	5.47042907	5.46410519	5.44801610	5.42054305	5.38347191	5.33924307	5.29646469	5.26414491	5.24841243	5.24792682	5.25909087	5.27677514	5.29251371	5.30322734	5.30701580	5.30178502	5.28996382	5.27160728	5.23703648	5.17961176	5.10430847	5.01673025	4.92195113	4.82283407	4.72929887	4.64893263	4.58226152	4.52778971	4.48307518	4.44599116	4.40361634	4.34871513	4.28513406	4.21616188	4.14443416	4.07188049	4.00274162	3.93994767	3.88396911	3.83489493	3.79250312	3.75618510
	5.23596165	5.31765546	5.37748465	5.41899945	5.44668769	5.46105353	5.46550589	5.46384676	5.45670672	5.43985794	5.41185430	5.37442161	5.33001946	5.28743034	5.25564989	5.24049269	5.24032400	5.25156687	5.26920352	5.28476605	5.29540100	5.29920187	5.29419746	5.28306510	5.26556281	5.23130043	5.17451552	5.09987264	5.01323056	4.91943800	4.82128280	4.72901659	4.65022530	4.58505314	4.53199868	4.48857628	4.45266535	4.41080695	4.35584264	4.29211049	4.22295166	4.15106047	4.07834775	4.00922736	3.94666226	3.89096141	3.84213786	3.79994575	3.76376178
	5.24753357	5.32887040	5.38819724	5.42892238	5.45593498	5.46990305	5.47397646	5.47198749	5.46443055	5.44714750	5.41879350	5.38108344	5.33648720	5.29394873	5.26247199	5.24761251	5.24751423	5.25892541	5.27649290	5.29190085	5.30242250	5.30611153	5.30106321	5.29006130	5.27272772	5.23849655	5.18172996	5.10718001	5.02085296	4.92739639	4.82958796	4.73784361	4.65973832	4.59522214	4.54275909	4.49985467	4.46439701	4.42273169	4.36778173	4.30407821	4.23494972	4.16309645	4.09041797	4.02141622	3.95905928	3.90358473	3.85497468	3.81296604	3.77692595
	5.29134088	5.37341542	5.43368114	5.47472461	5.50190201	5.51604269	5.52028798	5.51825191	5.51025255	5.49227308	5.46309447	5.42449029	5.37898103	5.33593964	5.30452793	5.28973133	5.28991056	5.30191958	5.31946499	5.33493217	5.34529185	5.34860719	5.34297821	5.33103727	5.31275715	5.27758368	5.21917098	5.14318656	5.05564719	4.96083564	4.86170875	4.76887320	4.68995731	4.62478748	4.57171084	4.52823306	4.49222594	4.45004292	4.39469081	4.33066502	4.26120319	4.18898203	4.11591327	4.04657124	3.98396377	3.92831316	3.87959798	3.83752918	3.80144583
	5.33503388	5.41738209	5.47810329	5.51896812	5.54559657	5.55947677	5.56341861	5.56096691	5.55227507	5.53329764	5.50311714	5.46350462	5.41702714	5.37354800	5.34235721	5.32781759	5.32843805	5.34107043	5.35869786	5.37415393	5.38438247	5.38737477	5.38130306	5.36870533	5.34986709	5.31407885	5.25418993	5.17706942	5.08869088	4.99288260	4.89277062	4.79927417	4.72005820	4.65472048	4.60150315	4.55790363	4.52176876	4.47923822	4.42344219	4.35898555	4.28904029	4.21629753	4.14267311	4.07288531	4.00999215	3.95414226	3.90529386	3.86313063	3.82696307
	5.35499556	5.43728201	5.49757539	5.53812556	5.56423055	5.57743536	5.58071348	5.57778805	5.56853292	5.54878791	5.51789876	5.47760681	5.43050824	5.38680723	5.35580845	5.34155342	5.34265384	5.35532874	5.37323345	5.38858256	5.39869967	5.40160271	5.39542094	5.38275310	5.36394145	5.32788189	5.26728628	5.18971988	5.10114909	5.00502671	4.90456999	4.81099091	4.73196463	4.66687766	4.61392327	4.57058711	4.53469344	4.49204175	4.43587803	4.37098371	4.30053974	4.22727591	4.15311517	4.08291760	4.01977593	3.96374707	3.91475981	3.87248230	3.83620400
	5.33820430	5.41908966	5.47807910	5.51752593	5.54193304	5.55445805	5.55669340	5.55315998	5.54357779	5.52335552	5.49231566	5.45202397	5.40507597	5.36169580	5.33115890	5.31721883	5.31840294	5.33111252	5.34879811	5.36386434	5.37386669	5.37685376	5.37115792	5.35899495	5.34109875	5.30604031	5.24607657	5.16959902	5.08241374	4.98767533	4.88856276	4.79653685	4.71918248	4.65567127	4.60416474	4.56216610	4.52748736	4.48540713	4.42938599	4.36456089	4.29416617	4.22096884	4.14687032	4.07687926	4.01408140	3.95838243	3.90966810	3.86761062	3.83149364
	5.37208058	5.45394929	5.51316455	5.55314155	5.57790066	5.59047279	5.59214475	5.58830951	5.57812878	5.55722646	5.52529995	5.48407272	5.43617243	5.39228156	5.36169356	5.34804353	5.34982119	5.36260521	5.38081710	5.39612672	5.40602779	5.40860534	5.40238723	5.38958253	5.37091953	5.33466699	5.27341261	5.19538903	5.10677740	5.01060265	4.91003434	4.81681208	4.73857987	4.67437764	4.62228732	4.57978463	4.54465395	4.50199578	4.44533812	4.37982948	4.30868941	4.23472508	4.15984065	4.08917794	4.02585726	3.96974439	3.92070713	3.87839256	3.84206655
	5.42263415	5.50616052	5.56561748	5.60603519	5.63097248	5.64326723	5.64455308	5.63944315	5.62821027	5.60547343	5.57166908	5.52841364	5.47842751	5.43338495	5.40272489	5.38919405	5.39213618	5.40522922	5.42342081	5.43839087	5.44811110	5.45020847	5.44314208	5.42933786	5.40963441	5.37144538	5.30811988	5.22733499	5.13640671	5.03793759	4.93494687	4.83994527	4.76062074	4.69564342	4.64293785	4.59992701	4.56431312	4.52053215	4.46245309	4.39535765	4.32247294	4.24669865	4.16996718	4.09778803	4.03332629	3.97628702	3.92651030	3.88358574	3.84672669
	5.42607198	5.50877242	5.56711085	5.60562826	5.62978403	5.64155532	5.64195127	5.63581688	5.62362611	5.60024040	5.56589336	5.52218243	5.47186557	5.42699344	5.39681871	5.38352439	5.38687771	5.39958139	5.41676546	5.43092514	5.44007383	5.44198087	5.43483530	5.42124655	5.40197321	5.36363929	5.30152178	5.22141207	5.13162043	5.03475750	4.93324896	4.84016052	4.76286495	4.69975775	4.64875868	4.60729482	4.57301983	4.52972257	4.47187307	4.40491378	4.33210551	4.25641790	4.17976052	4.10794716	4.04403252	3.98750106	3.93817594	3.89562405	3.85904139
	5.45581814	5.53968643	5.59861060	5.63752047	5.66145894	5.67293611	5.67304870	5.66606151	5.65263166	5.62779132	5.59209886	5.54681531	5.49489224	5.44908594	5.41864935	5.40576172	5.40937627	5.42220895	5.43925182	5.45363818	5.46243831	5.46375800	5.45605414	5.44187122	5.42194526	5.38257738	5.31900592	5.23680980	5.14515130	5.04678213	4.94345995	4.84902125	4.77081477	4.70702063	4.65550379	4.61362975	4.57893427	4.53469244	4.47568475	4.40733083	4.33298502	4.25570621	4.17744022	4.10430714	4.03934654	3.98193482	3.93189369	3.88873644	3.85162599
	5.49527740	5.57941403	5.63817009	5.67710488	5.70097971	5.71167011	5.71153125	5.70375767	5.68890198	5.66254943	5.62538944	5.57894112	5.52572531	5.47949752	5.44913411	5.43730596	5.44094205	5.45373211	5.47008144	5.48473128	5.49278909	5.49294476	5.48437099	5.46928296	5.44847141	5.40824144	5.34329920	5.26001011	5.16716530	5.06836072	4.96430931	4.86955301	4.79126032	4.72744642	4.67591523	4.63400719	4.59893193	4.55435631	4.49489341	4.42592524	4.35089413	4.27291291	4.19394058	4.12038457	4.05517809	3.99762694	3.94753968	3.90437172	3.86724443
	5.50851003	5.59421436	5.65333722	5.69250046	5.71644549	5.72699998	5.72654283	5.71827766	5.70265287	5.67513121	5.63674379	5.58921091	5.53474440	5.48767252	5.45708261	5.44558012	5.44896389	5.46129029	5.47779242	5.49195404	5.49943746	5.49884873	5.48990057	5.47410076	5.45267301	5.41150504	5.34515861	5.26123807	5.16711237	5.06726610	4.96221065	4.86673708	4.78793267	4.72377339	4.67200400	4.62991385	4.59415543	4.54943579	4.48920165	4.41919526	4.34301109	4.26382415	4.18363340	4.10911588	4.04311202	3.98488742	3.93424691	3.89060530	3.85304669
	5.52079193	5.60785222	5.66765992	5.70708004	5.73116008	5.74166173	5.74123937	5.73279820	5.71636719	5.68789777	5.64859637	5.59984130	5.54439586	5.49652268	5.46581270	5.45453503	5.45753005	5.46924472	5.48578811	5.49888699	5.50552537	5.50385464	5.49434141	5.47782192	5.45549848	5.41332549	5.34581297	5.26136517	5.16631125	5.06558562	4.95980509	4.86375663	4.78452176	4.72005431	4.66802267	4.62567687	4.58908725	4.54439751	4.48363904	4.41291677	4.33594399	4.25591735	4.17489486	4.09971909	4.03316490	3.97450275	3.92353503	3.87962146	3.84181522
	5.51663776	5.60561205	5.66591212	5.70566141	5.72985929	5.74055477	5.74017601	5.73180015	5.71453026	5.68518248	5.64437167	5.59471678	5.53831072	5.48971036	5.45875291	5.44733910	5.45005989	5.46075749	5.47683760	5.48810547	5.49339040	5.49036496	5.47975797	5.46237091	5.43895637	5.39570747	5.32745250	5.24272118	5.14737397	5.04622150	4.94013766	4.84375373	4.76419937	4.69947364	4.64717146	4.60451546	4.56727367	4.52247255	4.46138688	4.39011584	4.31246837	4.23168509	4.14990129	4.07402387	4.00681564	3.94762571	3.89625423	3.85200450	3.81387991
	5.50707215	5.59732860	5.65792281	5.69783853	5.72211079	5.73283002	5.73257237	5.72383661	5.70626738	5.67637674	5.63502141	5.58477637	5.52778097	5.47862198	5.44742430	5.43572535	5.43818697	5.44808561	5.46347331	5.47377702	5.47839910	5.47465888	5.46345632	5.44562231	5.42168612	5.37818209	5.30970144	5.22489257	5.12948536	5.02813333	4.92185378	4.82522679	4.74542211	4.68048817	4.62800362	4.58516614	4.54782249	4.50272653	4.44137874	4.36966597	4.29144491	4.20999917	4.12754810	4.05101330	3.98317526	3.92343714	3.87161108	3.82697383	3.78849358
	5.50243831	5.59294215	5.65307381	5.69272905	5.71692085	5.72782504	5.72787991	5.71892492	5.70144393	5.67155036	5.63019715	5.58014020	5.52332360	5.47428705	5.44336614	5.43152518	5.43348719	5.44252521	5.45681522	5.46613784	5.46985187	5.46528726	5.45339889	5.43530890	5.41104419	5.36726349	5.29946023	5.21561063	5.12135094	5.02121360	4.91622390	4.82066482	4.74165414	4.67735435	4.62535628	4.58288157	4.54597660	4.50120378	4.44055517	4.36953432	4.29196953	4.21113971	4.12932078	4.05332425	3.98590728	3.92654468	3.87506828	3.83072877	3.79248393
	5.51434542	5.60745297	5.66908492	5.71007589	5.73569614	5.74690518	5.74756968	5.73864949	5.72028517	5.68940998	5.64647103	5.59455846	5.53591670	5.48546323	5.45386964	5.44136794	5.44281760	5.45100086	5.46496397	5.47361136	5.47536033	5.46917123	5.45581553	5.43584998	5.40971655	5.36408525	5.29436677	5.20849841	5.11205799	5.00967054	4.90255465	4.80489172	4.72408797	4.65835108	4.60513314	4.56153544	4.52399498	4.47777485	4.41590179	4.34331549	4.26398173	4.18128040	4.09762753	4.01988169	3.95089292	3.89020987	3.83766176	3.79239634	3.75332401
	5.51648050	5.61102430	5.67272017	5.71432854	5.74056920	5.75207548	5.75298651	5.74416927	5.72515205	5.69371693	5.65023682	5.59733084	5.53772549	5.48679194	5.45508919	5.44245631	5.44342520	5.45101524	5.46421406	5.47214237	5.47279498	5.46547260	5.45095915	5.42953794	5.40240064	5.35612406	5.28570489	5.19924209	5.10231348	4.99929197	4.89168941	4.79349225	4.71223415	4.64616228	4.59265886	4.54874382	4.51111789	4.46433716	4.40214803	4.32904596	4.24909449	4.16572784	4.08145316	4.00310331	3.93357334	3.87248072	3.81963241	3.77411747	3.73480533
	5.50746888	5.60291511	5.66477644	5.70673038	5.73321215	5.74509066	5.74624070	5.73743981	5.71811883	5.68641793	5.64272527	5.58935476	5.52922280	5.47803110	5.44620128	5.43329075	5.43376295	5.44074570	5.45306454	5.46023729	5.46004360	5.45200513	5.43663035	5.41471569	5.38722315	5.34072778	5.27029362	5.18387069	5.08701023	4.98402626	4.87646754	4.77827157	4.69700207	4.63095182	4.57748686	4.53359282	4.49602541	4.44914909	4.38688456	4.31354989	4.23326398	4.14951683	4.06488273	3.98617111	3.91628535	3.85490127	3.80181828	3.75609264	3.71657343
	5.47469245	5.57011727	5.63149333	5.67342437	5.69967100	5.71195448	5.71320540	5.70478616	5.68557050	5.65423588	5.61102788	5.55830107	5.49870193	5.44785910	5.41606050	5.40276339	5.40265654	5.40870621	5.41986554	5.42603999	5.42520357	5.41687840	5.40125873	5.37978256	5.35289538	5.30713488	5.23808538	5.15312058	5.05789278	4.95655495	4.85049662	4.75370809	4.67358070	4.60847526	4.55583503	4.51267408	4.47592718	4.42959288	4.36807032	4.29542415	4.21574919	4.13256904	4.04850203	3.97025171	3.90067835	3.83951276	3.78658940	3.74097194	3.70151154
	5.46184707	5.55848204	5.62106618	5.66389796	5.69045983	5.70324110	5.70440151	5.69601744	5.67631560	5.64413225	5.59992786	5.54641254	5.48591514	5.43410024	5.40163632	5.38755207	5.38697055	5.39218447	5.40258990	5.40767377	5.40593412	5.39707777	5.38077075	5.35860527	5.33129415	5.28483423	5.21545019	5.12996382	5.03409540	4.93208279	4.82512517	4.72753467	4.64674464	4.58115140	4.52815883	4.48471814	4.44773808	4.40099859	4.33881699	4.26516704	4.18426472	4.09976839	4.01440140	3.93489163	3.86413325	3.80192512	3.74810074	3.70168139	3.66149343
	5.44999577	5.54656938	5.60975246	5.65266262	5.67944605	5.69208272	5.69340745	5.68441910	5.66403647	5.63089847	5.58577925	5.53141910	5.47019726	5.41778007	5.38506844	5.37069082	5.36938042	5.37433595	5.38352561	5.38763782	5.38526662	5.37559914	5.35836879	5.33540932	5.30773266	5.26106207	5.19170963	5.10625563	5.01016880	4.90808036	4.80082221	4.70298850	4.62203698	4.55636942	4.50333427	4.45982468	4.42271459	4.37578489	4.31320837	4.23888586	4.15715490	4.07178179	3.98558917	3.90528539	3.83381289	3.77103396	3.71674222	3.66990627	3.62932922
	5.44678142	5.54434841	5.60837562	5.65175924	5.67865176	5.69127609	5.69278104	5.68291040	5.66170812	5.62718225	5.58090146	5.52509659	5.46263368	5.40944086	5.37633623	5.36153758	5.35933114	5.36361490	5.37191658	5.37511624	5.37133882	5.36059487	5.34208374	5.31825359	5.28990138	5.24286211	5.17314400	5.08711283	4.99032370	4.88769703	4.77967291	4.68115157	4.59967860	4.53366686	4.48037142	4.43658932	4.39916134	4.35184207	4.28860686	4.21323445	4.13026281	4.04361735	3.95622188	3.87479437	3.80232016	3.73874213	3.68379405	3.63637773	3.59525682
	5.43805043	5.53645731	5.60083148	5.64459644	5.67162203	5.68434763	5.68587595	5.67585208	5.65436400	5.61919528	5.57258167	5.51627328	5.45330936	5.39993819	5.36668155	5.35148536	5.34865849	5.35228732	5.36006434	5.36261454	5.35770118	5.34632861	5.32712427	5.30297980	5.27455397	5.22758496	5.15810144	5.07231597	4.97569291	4.87332451	4.76552423	4.66715675	4.58579876	4.51991014	4.46674093	4.42305085	4.38566202	4.33843072	4.27521336	4.19967044	4.11641947	4.02948193	3.94184438	3.86017051	3.78744709	3.72367810	3.66857286	3.62100770	3.57973252
	5.40188475	5.49980618	5.56382544	5.60728995	5.63430733	5.64701234	5.64847634	5.63863690	5.61727883	5.58227694	5.53608013	5.48034186	5.41800829	5.36519344	5.33207420	5.31642310	5.31283183	5.31549813	5.32174952	5.32341490	5.31775075	5.30604796	5.28714005	5.26347280	5.23566621	5.19005225	5.12202682	5.03824482	4.94345652	4.84298506	4.73701654	4.64029946	4.56026791	4.49545241	4.44320402	4.40032539	4.36364381	4.31720094	4.25483968	4.18009597	4.09755671	4.01131752	3.92440770	3.84334911	3.77108496	3.70767434	3.65284975	3.60549652	3.56437300
	5.40397608	5.50192090	5.56636593	5.60998183	5.63641611	5.64907937	5.65027514	5.64012726	5.61783539	5.58184014	5.53498589	5.47841520	5.41532609	5.36232618	5.32937178	5.31311721	5.30906996	5.31111739	5.31681573	5.31767801	5.31104384	5.29825554	5.27877749	5.25480352	5.22635565	5.18070073	5.11277979	5.02924638	4.93470534	4.83446709	4.72881587	4.63234472	4.55255242	4.48800725	4.43598178	4.39323452	4.35654071	4.31016571	4.24776340	4.17277056	4.08993257	4.00343015	3.91635443	3.83515816	3.76282825	3.69946450	3.64472866	3.59744027	3.55634536
	5.40259174	5.50035825	5.56504971	5.60824877	5.63469850	5.64705021	5.64806492	5.63746666	5.61465101	5.57814983	5.53066985	5.47356028	5.40998655	5.35684900	5.32410544	5.30740015	5.30321804	5.30471204	5.30992691	5.31023275	5.30301790	5.28953669	5.26974804	5.24554445	5.21677240	5.17118480	5.10325574	5.02004529	4.92575255	4.82567278	4.72028546	4.62404306	4.54447836	4.48017421	4.42835388	4.38575405	4.34910500	4.30280029	4.24036194	4.16518487	4.08212511	3.99542286	3.90820345	3.82687853	3.75446852	3.69108738	3.63635306	3.58905321	3.54792126
	5.34946413	5.44679769	5.51106274	5.55364573	5.58014785	5.59188709	5.59276387	5.58168008	5.55894437	5.52277873	5.47520255	5.41845792	5.35542696	5.30256262	5.26954728	5.25262352	5.24747497	5.24849204	5.25210733	5.25114110	5.24345740	5.22984075	5.21015813	5.18682539	5.15939800	5.11544673	5.04952399	4.96820932	4.87584217	4.77777784	4.67417184	4.57955198	4.50127694	4.43799619	4.38706635	4.34525069	4.30929809	4.26370107	4.20194798	4.12731183	4.04463853	3.95827782	3.87141008	3.79032183	3.71800106	3.65461179	3.59980546	3.55240399	3.51114573
	5.27118964	5.36755763	5.43089161	5.47263771	5.49882979	5.50979931	5.51047320	5.49908524	5.47678333	5.44141325	5.39434721	5.33865859	5.27695942	5.22481019	5.19160077	5.17450221	5.16767715	5.16798083	5.16946247	5.16670077	5.15854831	5.14489988	5.12585356	5.10404373	5.07886018	5.03731363	4.97465190	4.89644676	4.80738010	4.71277538	4.61230068	4.52050954	4.44446562	4.38293747	4.33350212	4.29299215	4.25821755	4.21392824	4.15360570	4.08032253	3.99884651	3.91363921	3.82792370	3.74776717	3.67608472	3.61311581	3.55857893	3.51134953	3.47019477
	5.19996430	5.29232417	5.35379803	5.39418914	5.41904467	5.42954535	5.42956639	5.41848276	5.39653979	5.36226350	5.31663713	5.26293311	5.20354341	5.15290556	5.12031147	5.10324103	5.09538889	5.09449503	5.09399483	5.08964244	5.08096924	5.06739161	5.04914843	5.02902670	5.00600984	4.96708581	4.90813999	4.83426422	4.74985643	4.66004854	4.56443554	4.47704224	4.40456523	4.34590011	4.29883478	4.26030890	4.22724813	4.18506147	4.12725797	4.05670940	3.97804393	3.89571754	3.81290999	3.73534670	3.66586152	3.60474840	3.55174488	3.50577498	3.46566661
	5.16731425	5.25735010	5.31801795	5.35741079	5.38160031	5.39188743	5.39183474	5.38073366	5.35895000	5.32519335	5.28051581	5.22779737	5.16945900	5.11988923	5.08779681	5.07059029	5.06258720	5.06088312	5.05971291	5.05472349	5.04582162	5.03190497	5.01392857	4.99436173	4.97185774	4.93412180	4.87693550	4.80517256	4.72328128	4.63571054	4.54265283	4.45758047	4.38702332	4.32992301	4.28414991	4.24667388	4.21447721	4.17338826	4.11691773	4.04785209	3.97077661	3.89011455	3.80900874	3.73300115	3.66489271	3.60498992	3.55301009	3.50790203	3.46851074
	5.10673223	5.19356170	5.25329541	5.29136926	5.31482906	5.32494726	5.32459896	5.31383202	5.29271005	5.25977460	5.21664375	5.16554485	5.10903574	5.06080705	5.02929089	5.01199765	5.00360469	5.00058309	4.99863435	4.99284386	4.98365806	4.96988795	4.95265807	4.93393958	4.91256766	4.87663736	4.82241715	4.75373896	4.67535769	4.59124763	4.50180576	4.41997289	4.35200482	4.29695562	4.25286453	4.21680946	4.18584587	4.14629002	4.09175126	4.02483555	3.94998669	3.87159600	3.79276320	3.71880822	3.65244913	3.59399788	3.54321759	3.49911327	3.46057102
	5.05060219	5.13522381	5.19389696	5.23133797	5.25413327	5.26403499	5.26365648	5.25305880	5.23237774	5.20033959	5.15862926	5.10909384	5.05443569	5.00755240	4.97636990	4.95859335	4.94972196	4.94494777	4.94154674	4.93447773	4.92470605	4.91079185	4.89425699	4.87597584	4.85571618	4.82196950	4.77079324	4.70536232	4.63093210	4.55055832	4.46503077	4.38664185	4.32133429	4.26835913	4.22597229	4.19134037	4.16161116	4.12366206	4.07118444	4.00653111	3.93397974	3.85793685	3.78146698	3.70964032	3.64507205	3.58808238	3.53849622	3.49537681	3.45766580
	4.92597393	5.00547818	5.06069271	5.09595712	5.11777469	5.12719913	5.12712966	5.11726896	5.09836092	5.06901309	5.03035520	4.98473663	4.93425920	4.89065027	4.86080989	4.84314209	4.83406914	4.82751734	4.82279890	4.81487860	4.80469008	4.79158773	4.77652768	4.76043893	4.74254381	4.71276355	4.66695251	4.60774885	4.54082854	4.46752619	4.38957098	4.31794375	4.25800652	4.20921984	4.17023482	4.13848867	4.11133827	4.07664288	4.02852638	3.96896983	3.90180552	3.83122875	3.76017927	3.69328577	3.63292603	3.57943962	3.53276933	3.49212580	3.45654935
	4.88614629	4.96520342	5.02012259	5.05495146	5.07663139	5.08620134	5.08624902	5.07675181	5.05819238	5.02953666	4.99167607	4.94706138	4.89770096	4.85487877	4.82515643	4.80713365	4.79758515	4.78992561	4.78419645	4.77558933	4.76474553	4.75144223	4.73655656	4.72099991	4.70370461	4.67494739	4.63083175	4.57344847	4.50884538	4.43760690	4.36188788	4.29219407	4.23372773	4.18605391	4.14796349	4.11697888	4.09049581	4.05671762	4.00984270	3.95171015	3.88602409	3.81694356	3.74738891	3.68183940	3.62260593	3.57003403	3.52410813	3.48408298	3.44903323
	4.88382914	4.96432799	5.02056117	5.05630456	5.07867503	5.08895566	5.08936857	5.08010156	5.06134466	5.03242809	4.99429227	4.94921963	4.89933027	4.85589955	4.82548889	4.80662367	4.79620087	4.78758337	4.78079251	4.77130826	4.75955566	4.74545021	4.72999829	4.71419983	4.69652889	4.66740017	4.62335968	4.56575753	4.50116507	4.42972516	4.35385437	4.28391914	4.22513911	4.17716406	4.13881848	4.10761203	4.08090459	4.04699364	3.99997492	3.94163213	3.87568756	3.80636329	3.73660204	3.67084171	3.61140599	3.55864020	3.51252276	3.47230816	3.43707478
	4.82401679	4.90562319	4.96351963	5.00073090	5.02372710	5.03486248	5.03585915	5.02705538	5.00822806	4.97897103	4.94039314	4.89500559	4.84447864	4.80046606	4.76924455	4.74893633	4.73715579	4.72782772	4.71956414	4.70879943	4.69600805	4.68103254	4.66469265	4.64855247	4.63072549	4.60144510	4.55765117	4.50017374	4.43554430	4.36404197	4.28809085	4.21800000	4.15899406	4.11082342	4.07238514	4.04115737	4.01444134	3.98051973	3.93333977	3.87464364	3.80813294	3.73817074	3.66772765	3.60125546	3.54107211	3.48754858	3.44068290	3.39977006	3.36389102
	4.77063847	4.85052634	4.90725658	4.94437621	4.96719292	4.97836490	4.97978826	4.97168322	4.95380553	4.92555714	4.88845682	4.84478581	4.79628179	4.75381877	4.72281294	4.70214898	4.68929964	4.67908521	4.66960337	4.65798170	4.64470557	4.62937381	4.61315909	4.59709030	4.58006964	4.55307107	4.51143967	4.45726437	4.39610781	4.32813828	4.25593100	4.18904502	4.13246136	4.08614124	4.04919184	4.01920327	3.99354997	3.96118914	3.91624178	3.86017883	3.79648034	3.72942531	3.66190224	3.59811246	3.54023780	3.48865259	3.44340962	3.40387292	3.36917664
	4.71966795	4.79938381	4.85578820	4.89295958	4.91590537	4.92718639	4.92871246	4.92089316	4.90335378	4.87556068	4.83880460	4.79569120	4.74789683	4.70589809	4.67494545	4.65386426	4.64050326	4.62955689	4.61948756	4.60727004	4.59363533	4.57809995	4.56191813	4.54602209	4.52945464	4.50334411	4.46260441	4.40983962	4.34993135	4.28331195	4.21249590	4.14678991	4.09108052	4.04544135	4.00906950	3.97959588	3.95440345	3.92264728	3.87846605	3.82324360	3.76038639	3.69416075	3.62744519	3.56436776	3.50705266	3.45588938	3.41096381	3.37167450	3.33718019
	4.67141438	4.75139197	4.80822750	4.84556567	4.86882709	4.88029830	4.88190420	4.87428381	4.85686144	4.82920147	4.79247564	4.74942537	4.70184227	4.65990855	4.62879850	4.60730277	4.59327507	4.58162719	4.57098120	4.55812002	4.54399149	4.52822964	4.51194836	4.49608845	4.47970451	4.45391575	4.41346876	4.36142282	4.30197536	4.23591124	4.16567180	4.10043627	4.04506238	3.99970433	3.96361747	3.93443204	3.90951795	3.87808322	3.83422656	3.77928532	3.71663829	3.65057667	3.58399138	3.52098938	3.46367202	3.41244308	3.36741223	3.32799701	3.29337477
	4.57112343	4.65121340	4.70901571	4.74634895	4.76999350	4.78148063	4.78309646	4.77577049	4.75839526	4.73084874	4.69427952	4.65145069	4.60431044	4.56253706	4.53112103	4.50884214	4.49327023	4.48079370	4.46900504	4.45474630	4.43968578	4.42368628	4.40760005	4.39203485	4.37611630	4.35088847	4.31067957	4.26012356	4.20139154	4.13618946	4.06683676	4.00230365	3.94744610	3.90254407	3.86696228	3.83831648	3.81396820	3.78312080	3.73976281	3.68516215	3.62267686	3.55665228	3.49001600	3.42685089	3.36924177	3.31761769	3.27214324	3.23227617	3.19722400
	4.53767384	4.62078556	4.68060946	4.71930362	4.74313096	4.75532671	4.75742020	4.75010042	4.73244323	4.70402013	4.66680185	4.62317477	4.57533134	4.53273179	4.50029239	4.47668888	4.45931051	4.44551993	4.43218934	4.41659159	4.40040058	4.38348845	4.36705056	4.35141387	4.33558018	4.31031820	4.27007601	4.21957680	4.16021970	4.09435346	4.02419663	3.95863704	3.90267780	3.85677201	3.82041939	3.79120599	3.76642886	3.73517996	3.69122369	3.63570400	3.57199763	3.50459001	3.43653250	3.37193712	3.31291175	3.25991530	3.21315150	3.17211399	3.13601988
	4.53004962	4.61915718	4.68377691	4.72578421	4.75159534	4.76502066	4.76748161	4.75975128	4.74121153	4.71099554	4.67128222	4.62515878	4.57457639	4.52934106	4.49449930	4.46878296	4.44917111	4.43327798	4.41802162	4.40025816	4.38202201	4.36323355	4.34569564	4.32886856	4.31181436	4.28454661	4.24182471	4.18860961	4.12559836	4.05575162	3.98148392	3.91203944	3.85266788	3.80396892	3.76548893	3.73462697	3.70849948	3.67555864	3.62908698	3.57024631	3.50264387	3.43108074	3.35881824	3.29019696	3.22745388	3.17107603	3.12128264	3.07755087	3.03906068
	4.50290154	4.59533577	4.66234788	4.70652627	4.73379481	4.74811389	4.75117641	4.74336984	4.72460962	4.69342927	4.65257826	4.60500692	4.55284042	4.50604423	4.46966183	4.44270260	4.42195548	4.40426802	4.38760270	4.36865478	4.34893189	4.32903544	4.31057484	4.29310136	4.27535826	4.24691924	4.20336042	4.14886877	4.08447337	4.01302816	3.93693607	3.86563873	3.80459270	3.75453129	3.71505810	3.68346747	3.65678005	3.62311429	3.57549627	3.51505366	3.44549793	3.37180855	3.29737154	3.22664833	3.16192665	3.10371054	3.05224407	3.00701096	2.96717762
	4.46742715	4.56477321	4.63555877	4.68256030	4.71164042	4.72690277	4.73026084	4.72288294	4.70347694	4.67149284	4.62920076	4.58024709	4.52645623	4.47792765	4.43971018	4.41070384	4.38781117	4.36790492	4.34899428	4.32788191	4.30634436	4.28483489	4.26522278	4.24661870	4.22817553	4.19823253	4.15376446	4.09765096	4.03127315	3.95760374	3.87911392	3.80538248	3.74202863	3.69005266	3.64920623	3.61666137	3.58927942	3.55476253	3.50579400	3.44337131	3.37130491	3.29483516	3.21754075	3.14401194	3.07657898	3.01579505	2.96196801	2.91460877	2.87287186
	4.43124717	4.53168823	4.60564147	4.65483431	4.68553902	4.70201078	4.70599429	4.69891211	4.67913909	4.64696071	4.60396469	4.55418560	4.49958026	4.44999625	4.41031458	4.37984548	4.35515487	4.33333904	4.31187860	4.28865229	4.26526423	4.24220568	4.22116679	4.20155683	4.18242816	4.15215137	4.10706392	4.04992764	3.98246002	3.90760728	3.82785278	3.75276933	3.68804847	3.63496511	3.59342308	3.56049369	3.53292934	3.49818086	3.44868448	3.38527470	3.31180206	3.23371949	3.15472542	3.07946764	3.01029297	2.94780632	2.89237598	2.84354153	2.80045624
	4.32622049	4.42417226	4.49694283	4.54544931	4.57591987	4.59281353	4.59704018	4.59069184	4.57185326	4.54150476	4.50094546	4.45355715	4.40157369	4.35383201	4.31476894	4.28442564	4.25902669	4.23630673	4.21365847	4.18941161	4.16550882	4.14257258	4.12158653	4.10247119	4.08457483	4.05636986	4.01418392	3.95988875	3.89568300	3.82428909	3.74806604	3.67605444	3.61363526	3.56238777	3.52252657	3.49123374	3.46532743	3.43258201	3.38561908	3.32499958	3.25422504	3.17867481	3.10205483	3.02880888	2.96114569	2.89974736	2.84510147	2.79687024	2.75427522
