	7.00316576	7.96577648	7.97028513	8.00336529	8.07228352	8.15581294	8.23804174	8.32543474	8.44235755	8.63038035	8.85412134	8.96384285	9.04589002	9.11832904	9.19424719	9.29658120	9.47546591	9.74359056	9.87997743	9.96662369	10.03382689	10.09447194	10.14745258	10.19380871	10.24196975	10.29844347	10.36595814	10.43921010	10.49770283	10.53043598	10.53023282	10.49314165	10.42357743	10.32565675	10.23326498	10.15347447	10.08607592	10.02809551	9.97372558	9.91488948	9.84561616	9.76171378	9.61345517	9.49385650	9.39524634	9.29099315	9.19852871	9.11229937	9.02347173
	7.35098655	8.01608359	8.00845780	8.02126593	8.06928991	8.14180149	8.22138139	8.30787785	8.41890052	8.58564733	8.82886825	8.94861314	9.03548978	9.11043221	9.18992007	9.29609634	9.47657462	9.75165354	9.89150409	9.98223218	10.05286027	10.11511066	10.16749746	10.21328162	10.26085534	10.31541452	10.37807173	10.44495798	10.50611233	10.54375468	10.54148440	10.49285559	10.40937093	10.31316511	10.22137926	10.14127814	10.07317170	10.01345912	9.95660587	9.89536857	9.82305223	9.73339211	9.57554206	9.42182901	9.31218083	9.22029797	9.13331276	9.04600056	8.95503357
	6.03189884	8.05147552	8.03576871	8.03399700	8.06726265	8.13149619	8.20843755	8.29452417	8.40367215	8.56315993	8.81242661	8.94174238	9.03365736	9.11134427	9.19240430	9.29990592	9.48340192	9.75867129	9.89960724	9.99120492	10.06272400	10.12598748	10.18001896	10.22818442	10.27842612	10.33535994	10.40016339	10.46903671	10.53203202	10.57155173	10.56852062	10.51604655	10.42770332	10.32634998	10.23021250	10.14698560	10.07700817	10.01642665	9.95923960	9.89784163	9.82503726	9.73369640	9.56587393	9.40317248	9.28797883	9.19074976	9.09704026	9.00054434	8.89037580
	5.40793307	8.08047296	8.05907757	8.04573143	8.06669534	8.12344911	8.19778719	8.28395749	8.39292414	8.54887628	8.79945555	8.93758874	9.03314880	9.11272907	9.19506442	9.30425470	9.49226445	9.76682728	9.90708753	9.99843720	10.07023085	10.13405037	10.18923288	10.23942702	10.29208478	10.35099129	10.41728217	10.48726321	10.55067233	10.58909022	10.58485660	10.52976796	10.43780759	10.33293502	10.23394512	10.14872776	10.07764405	10.01650640	9.95907423	9.89738006	9.82392939	9.73094763	9.55444576	9.38968948	9.27325032	9.17460499	9.07850239	8.97785230	8.86070582
	4.74834167	8.13464228	8.10699237	8.07386681	8.07112738	8.11067665	8.17747022	8.26333503	8.37277951	8.52456742	8.76969140	8.93094236	9.03273777	9.11511209	9.19920878	9.31115130	9.50813583	9.78167610	9.92001078	10.01026454	10.08231195	10.14775299	10.20622812	10.26153062	10.31957086	10.38296266	10.45279377	10.52604452	10.59129467	10.62683947	10.62212511	10.56221705	10.46300488	10.35062234	10.24511764	10.15534003	10.08156586	10.01928372	9.96154812	9.90000215	9.82667383	9.73297673	9.54985142	9.37807057	9.25867682	9.15844071	9.06039781	8.95567025	8.82771466
	4.82170140	8.16705844	8.13743586	8.09398791	8.07717335	8.10436500	8.16462103	8.25021900	8.36120756	8.51291122	8.75559077	8.92918272	9.03420016	9.11795789	9.20325445	9.31779753	9.52350929	9.79392832	9.92955720	10.01844201	10.09058230	10.15728723	10.21809976	10.27687499	10.33828586	10.40424314	10.47606240	10.55115536	10.61723891	10.64805695	10.64400977	10.58093423	10.47711969	10.36021068	10.25081867	10.15836826	10.08304534	10.02012302	9.96216701	9.90065036	9.82728476	9.73308290	9.54287433	9.36490371	9.24192730	9.13882365	9.03759580	8.92788885	8.76994268
	4.20503593	8.20523311	8.17266084	8.11864797	8.08646301	8.09996373	8.15106707	8.23424075	8.34539449	8.49502851	8.72911005	8.92179807	9.03108922	9.11667608	9.20272641	9.31774304	9.52500180	9.79662986	9.93274798	10.02190714	10.09490596	10.16302357	10.22543921	10.28578678	10.34790485	10.41340610	10.48404356	10.55763639	10.62247602	10.64910001	10.64495732	10.58491921	10.48128931	10.36397290	10.25339502	10.15981177	10.08375776	10.02053981	9.96264437	9.90145398	9.82862442	9.73501920	9.54500641	9.36372713	9.23949291	9.13614060	9.03499084	8.92478235	8.76866487
	4.17480486	8.26181847	8.22820561	8.15957368	8.10211736	8.09005181	8.12458382	8.20791879	8.32562651	8.47912223	8.71550881	8.92328532	9.03653506	9.12416456	9.21305685	9.33539538	9.56771272	9.82319363	9.95155253	10.03740049	10.11146359	10.18441020	10.25391824	10.32184593	10.38865939	10.45663681	10.52828572	10.60196392	10.65009464	10.66406770	10.65822332	10.61109098	10.50038268	10.37681695	10.26118202	10.16372864	10.08532581	10.02104162	9.96302122	9.90207676	9.82949761	9.73561810	9.53672862	9.34415285	9.21353011	9.10607770	9.00061588	8.88417597	8.66415802
	4.15953772	8.30859023	8.27695965	8.19905869	8.12107507	8.08480039	8.09983483	8.18028370	8.30303331	8.45854626	8.69093801	8.91731276	9.03540597	9.12482047	9.21509411	9.34082413	9.58648600	9.83347803	9.95895168	10.04379756	10.11969242	10.19761515	10.27346940	10.34602295	10.41420702	10.48230111	10.55328863	10.62272714	10.65852592	10.67073029	10.66443080	10.62512047	10.51307542	10.38611242	10.26734900	10.16714367	10.08686108	10.02166933	9.96378242	9.90371300	9.83235763	9.74007324	9.54244433	9.33898578	9.20320634	9.09381148	8.98735075	8.86988362	8.63243620
	4.14205171	8.35222330	8.32875103	8.24803424	8.15008978	8.08119194	8.06248671	8.13684949	8.26924094	8.42928494	8.65488630	8.90580869	9.03063018	9.12219121	9.21350112	9.34174951	9.59884550	9.84209288	9.96502917	10.04947868	10.12881292	10.21470719	10.30086648	10.38156005	10.45546810	10.52782372	10.60261603	10.65682187	10.67930501	10.68871179	10.68241876	10.65502921	10.55277452	10.41437123	10.28581907	10.17825676	10.09328466	10.02562375	9.96694246	9.90762583	9.83821903	9.74917171	9.56196730	9.34081904	9.19723572	9.08514888	8.97857390	8.86246441	8.62692989
	4.11425713	8.37743407	8.36048522	8.27957689	8.16982814	8.07651641	8.03260572	8.10710887	8.25148840	8.41768349	8.64515264	8.90518118	9.03198770	9.12425253	9.21721143	9.35073949	9.62838245	9.85389990	9.97198942	10.05518251	10.13703567	10.22928329	10.32354568	10.41102705	10.49083088	10.56652440	10.63872026	10.67379757	10.69423122	10.70270164	10.69619503	10.67036059	10.58488186	10.43598362	10.29889295	10.18538133	10.09674403	10.02694873	9.96693706	9.90679048	9.83715414	9.74793831	9.55054374	9.31900516	9.17050792	9.05596933	8.94765196	8.82934016	8.56090879
	4.09875740	8.38887972	8.37671913	8.29814783	8.18373702	8.07552475	8.01084866	8.08562745	8.23886452	8.40902245	8.63599841	8.90307418	9.03129870	9.12392763	9.21756289	9.35329220	9.64045042	9.85819673	9.97385138	10.05645709	10.13989777	10.23591634	10.33429747	10.42494788	10.50745313	10.58394637	10.65058923	10.68010467	10.69973659	10.70778749	10.70120068	10.67572986	10.59817508	10.44443992	10.30329969	10.18709772	10.09674554	10.02596946	9.96528480	9.90456706	9.83457396	9.74490089	9.53838230	9.30417247	9.15469508	9.04009349	8.93202517	8.81178330	8.53752586
	4.07369032	8.40218569	8.39424271	8.31722055	8.19805480	8.07355759	7.98389955	8.06939697	8.23433726	8.41032435	8.64465315	8.91062532	9.03773164	9.13022073	9.22577698	9.36825943	9.67321668	9.87069293	9.98148034	10.06310644	10.14921904	10.25081669	10.35454674	10.44916364	10.53427784	10.61142839	10.66243851	10.68979194	10.70828665	10.71558395	10.70858312	10.68321451	10.61654837	10.45614459	10.31008212	10.19076693	10.09854600	10.02678263	9.96531442	9.90387781	9.83322497	9.74271729	9.52572632	9.28614897	9.13464544	9.01896127	8.90995777	8.77075161	8.49512191
	4.05054110	8.40820267	8.40375134	8.32958986	8.20878307	8.07270816	7.95413259	8.05269712	8.22652276	8.40594427	8.64113299	8.91069282	9.03822346	9.13078133	9.22688889	9.37159414	9.68236939	9.87402420	9.98300057	10.06442287	10.15221560	10.25690955	10.36313477	10.45898957	10.54387951	10.61972624	10.66500920	10.69156961	10.70956505	10.71655087	10.70950444	10.68427574	10.61983151	10.45762190	10.31012375	10.18979285	10.09701702	10.02493216	9.96319200	9.90140498	9.83016524	9.73873776	9.50818361	9.26652940	9.11508318	8.99945769	8.89041527	8.71586147	8.46324561
	4.02460677	8.41341032	8.41323819	8.34323608	8.22144646	8.06939042	7.91080183	8.03391385	8.22175107	8.40628275	8.64763814	8.91688575	9.04304864	9.13524389	9.23283668	9.38351450	9.69999766	9.88223643	9.98746259	10.06855706	10.15940921	10.26924081	10.37909320	10.47550455	10.55853890	10.63218256	10.66889504	10.69431223	10.71146797	10.71779075	10.71036609	10.68486904	10.62080169	10.45691343	10.30835226	10.18755245	10.09469384	10.02262490	9.96082655	9.89875227	9.82687659	9.73444575	9.48718859	9.24186396	9.09013528	8.97417466	8.86484944	8.64038570	8.41722447
	4.00637432	8.41272669	8.41704066	8.35323889	8.23325501	8.06506042	7.86048423	8.00915430	8.21527837	8.40533676	8.65298035	8.92238915	9.04726747	9.13909725	9.23827283	9.39543700	9.71563061	9.88934853	9.99102517	10.07213875	10.16688478	10.28278421	10.39636254	10.49204743	10.57162688	10.64115278	10.67177044	10.69611823	10.71244027	10.71810669	10.71023002	10.68430773	10.61840014	10.45366051	10.30478668	10.18409153	10.09149155	10.01976345	9.95817724	9.89606633	9.82390951	9.73103298	9.47123872	9.22326218	9.07154465	8.95568021	8.84704028	8.59173636	8.38641381
	3.99425385	8.40928713	8.41676410	8.35809581	8.24049663	8.05781364	7.81793132	7.98610140	8.21552764	8.41039105	8.66766472	8.93224310	9.05446191	9.14574041	9.24706238	9.41262119	9.73430061	9.89869982	9.99655499	10.07782023	10.17676286	10.29906151	10.41587559	10.50978582	10.58515032	10.64761164	10.67526820	10.69873814	10.71432238	10.71932028	10.71078921	10.68418230	10.61604457	10.45062828	10.30185774	10.18160842	10.08951016	10.01821204	9.95683873	9.89464194	9.82220178	9.72884139	9.45996149	9.21037921	9.05864168	8.94253940	8.83431503	8.55384515	8.35745002
	3.98109267	8.40185265	8.41487193	8.36584839	8.25401973	8.05230512	7.75331626	7.93955217	8.20466248	8.40500884	8.66515312	8.93356567	9.05551984	9.14665800	9.24912343	9.41965169	9.74230495	9.90162325	9.99739247	10.07960056	10.18333735	10.31215391	10.43127954	10.52191408	10.59192675	10.64904948	10.67550960	10.69820128	10.71324244	10.71780632	10.70888982	10.68191276	10.60927272	10.44454960	10.29637823	10.17662918	10.08503730	10.01424093	9.95309589	9.89089434	9.81816393	9.72421754	9.44300142	9.19431211	9.04368651	8.92863048	8.82264346	8.52755774	8.34047418
	3.96972850	8.39702886	8.41340797	8.37024917	8.26172923	8.03995802	7.69580688	7.90236918	8.19954118	8.40401609	8.66834631	8.93663702	9.05750052	9.14846130	9.25219038	9.42785440	9.75012361	9.90461143	9.99858490	10.08177903	10.18996867	10.32349692	10.44251377	10.52913889	10.59487223	10.64943924	10.67533610	10.69761325	10.71228749	10.71650603	10.70721146	10.67977790	10.60221878	10.43800092	10.29039236	10.17125759	10.08034976	10.00996647	9.94881541	9.88621447	9.81247723	9.71688524	9.41809696	9.17466262	9.02596316	8.91172478	8.80706817	8.48563933	8.31109660
	3.95905514	8.39173090	8.41133418	8.37423130	8.26965121	8.02510686	7.63197548	7.86352841	8.19170748	8.40029363	8.66648388	8.93715782	9.05767344	9.14860605	9.25322082	9.43269918	9.75496552	9.90607662	9.99902582	10.08367489	10.19678100	10.33509943	10.45467828	10.53914443	10.60309963	10.65269421	10.67802781	10.69982241	10.71407852	10.71804593	10.70858601	10.68112890	10.60508726	10.43775309	10.28810809	10.16797817	10.07679033	10.00635646	9.94503083	9.88195415	9.80723933	9.71020540	9.39544763	9.15680498	9.00968959	8.89628633	8.76673815	8.45090700	8.28728509
	3.94647090	8.39061911	8.41282831	8.37926433	8.27485363	7.98941561	7.57653833	7.84299216	8.19243401	8.40436814	8.67926662	8.94371281	9.06222643	9.15318636	9.26005066	9.44779832	9.76602788	9.91148699	10.00280618	10.08929200	10.20789088	10.35048799	10.46996468	10.55286284	10.61684928	10.65870856	10.68352256	10.70467354	10.71828259	10.72176996	10.71198698	10.68428742	10.61208766	10.44006376	10.28761033	10.16621076	10.07463801	10.00408829	9.94246244	9.87866680	9.80275992	9.70388102	9.37386957	9.13867661	8.99112437	8.87662919	8.68244566	8.39020144	8.24148903
	3.93516086	8.38783847	8.41339277	8.38527577	8.28249936	7.87082489	7.50310509	7.81449193	8.19015053	8.40625662	8.69015403	8.94955782	9.06626129	9.15739548	9.26682133	9.46415342	9.77682546	9.91668368	10.00685726	10.09663319	10.22304223	10.37160851	10.49227003	10.57566002	10.63682387	10.66918851	10.69309124	10.71317944	10.72587059	10.72872168	10.71856574	10.69066901	10.62818696	10.44765341	10.28960485	10.16547447	10.07287786	10.00208946	9.94021927	9.87590535	9.79935675	9.69942413	9.35877661	9.12537272	8.97685089	8.86184739	8.61987061	8.35909321	8.22107965
	3.92438791	8.38447467	8.41343275	8.39090243	8.28907403	7.65791883	7.42627315	7.78948606	8.18877831	8.40892249	8.70358676	8.95650202	9.07125821	9.16281702	9.27548093	9.48437340	9.78917575	9.92317205	10.01253995	10.10647851	10.24195081	10.39725093	10.52020592	10.60618614	10.65718504	10.68298549	10.70576732	10.72453915	10.73602301	10.73803287	10.72727500	10.69907015	10.64428928	10.45892289	10.29371863	10.16607538	10.07220330	10.00107502	9.93889828	9.87419751	9.79724193	9.69669236	9.34966207	9.11706098	8.96696684	8.85142838	8.58382747	8.34552553	8.21464122
	3.91433074	8.37795657	8.40955018	8.39269271	8.29343471	7.27137388	7.36054300	7.76201404	8.18010653	8.40284848	8.69826698	8.95548484	9.07044551	9.16235020	9.27608166	9.48909125	9.79185680	9.92404820	10.01388159	10.11122405	10.25319763	10.41385267	10.54053670	10.62963432	10.66806125	10.69323630	10.71489463	10.73248629	10.74300555	10.74440794	10.73337438	10.70522954	10.65223415	10.46765370	10.29592217	10.16492913	10.06982328	9.99828260	9.93580611	9.87084568	9.79344576	9.69208217	9.33311351	9.10192757	8.95181656	8.83682778	8.54740371	8.33571736	8.21366711
	3.90302722	8.37598850	8.40975555	8.39576739	8.34973682	6.72071833	7.31425806	7.75236465	8.18066040	8.40497436	8.70977688	8.96068057	9.07421373	9.16665274	9.28312241	9.50581038	9.80029412	9.92854384	10.01815043	10.11903756	10.26748003	10.43225668	10.56205215	10.64822360	10.67915684	10.70360931	10.72407072	10.74025899	10.74965475	10.75028112	10.73872034	10.71022959	10.65709347	10.47348146	10.29641245	10.16305802	10.06733785	9.99560608	9.93291753	9.86752977	9.78937354	9.68643649	9.31291226	9.08153874	8.92948012	8.80974283	8.48053264	8.30370529	8.19571232
	3.88992791	8.42662177	8.40781190	8.42972889	6.76628172	6.42946146	7.24498915	7.73058227	8.17362085	8.40033461	8.70951702	8.96179849	9.07515307	9.16824675	9.28657509	9.51644477	9.80538777	9.93103745	10.02117550	10.12697842	10.28408380	10.45611485	10.59389857	10.66488092	10.69420223	10.71736908	10.73594617	10.75025876	10.75818300	10.75786504	10.74569772	10.71691336	10.66377833	10.48278786	10.29766396	10.16061509	10.06363902	9.99156703	9.92874907	9.86310213	9.78431629	9.67997720	9.28926248	9.05949138	8.90726999	8.76547331	8.45050159	8.30067911	8.20375078
	3.87812481	7.45432478	8.41300253	7.11843979	5.14297010	6.34070898	7.19785369	7.71586763	8.16899109	8.39744722	8.71202405	8.96342476	9.07668623	9.17061209	9.29088009	9.52891613	9.81071549	9.93442460	10.02558921	10.13676135	10.30243361	10.48312089	10.62907746	10.68145658	10.70976527	10.73141278	10.74812291	10.76069429	10.76729743	10.76609853	10.75335750	10.72438402	10.67132183	10.49504750	10.30147512	10.16064845	10.06237410	9.98998333	9.92713705	9.86151873	9.78255775	9.67564486	9.27344229	9.04248080	8.88985772	8.70444689	8.43529332	8.30287195	8.21352306
	3.86360483	5.74249817	7.65038000	5.08430587	5.21729912	6.32836801	7.17519767	7.71005279	8.16788829	8.39677906	8.71696625	8.96614223	9.07914557	9.17391132	9.29585918	9.54097042	9.81596002	9.93816622	10.03025686	10.14623565	10.31889748	10.50857074	10.65159466	10.69623974	10.72356681	10.74363390	10.75852206	10.76946544	10.77484363	10.77283713	10.75962286	10.73045724	10.67741302	10.50588757	10.30533546	10.16146886	10.06219315	9.98957456	9.92669418	9.86108115	9.78190346	9.67160238	9.25899593	9.02539765	8.87209168	8.65137247	8.41922977	8.30060717	8.21833602
	3.83895839	3.78291820	5.18604198	4.63235931	5.22588446	6.30948239	7.15224622	7.69852338	8.16105291	8.38995882	8.70836044	8.96372803	9.07764027	9.17296051	9.29485724	9.54110612	9.81606901	9.93818225	10.03128185	10.15142170	10.32983900	10.52928467	10.66690335	10.70878728	10.73505201	10.75337547	10.76621914	10.77535173	10.77946601	10.77660937	10.76286066	10.73334312	10.68003204	10.50853059	10.30330901	10.15764878	10.05801236	9.98542854	9.92249582	9.85660475	9.77654106	9.64375182	9.22935831	8.99838237	8.84652339	8.59304906	8.40520192	8.30310517	8.22943957
	3.81170251	3.89504360	4.23113358	4.62921476	5.23996026	6.30873843	7.14341758	7.69371952	8.15671172	8.38387466	8.70079173	8.96127026	9.07659077	9.17274351	9.29501560	9.54476645	9.81783063	9.93966237	10.03425651	10.15969226	10.34499440	10.55684710	10.68099071	10.72130373	10.74561736	10.76145647	10.77172115	10.77875810	10.78139482	10.77744847	10.76282795	10.73246684	10.67820215	10.50066722	10.29556989	10.15084790	10.05228164	9.98031588	9.91743535	9.85099302	9.76946726	9.59768281	9.19513674	8.97017255	8.81963830	8.55180682	8.39521579	8.30655949	8.24041818
	3.78745613	3.87649455	4.18958852	4.62176360	5.24026509	6.29724556	7.12863174	7.68520354	8.15064738	8.37608325	8.68486382	8.95644188	9.07394525	9.17076729	9.29205354	9.54011317	9.81688987	9.93955175	10.03553220	10.16449831	10.35506062	10.57863356	10.69103636	10.72965880	10.75188467	10.76526879	10.77324116	10.77855759	10.78003240	10.77534366	10.76004276	10.72910698	10.67404641	10.48967760	10.28743603	10.14460308	10.04719683	9.97576368	9.91289357	9.84593048	9.76322525	9.55988256	9.16796179	8.94808096	8.79407704	8.53208413	8.39659262	8.31712741	8.25641837
	3.76960809	3.86774655	4.17911217	4.61616846	5.23878491	6.29064936	7.11975268	7.68077851	8.14833086	8.37195432	8.67466225	8.95304290	9.07212712	9.16946693	9.28998812	9.53705152	9.81666771	9.94005965	10.03704203	10.16844806	10.36444121	10.59913356	10.69902934	10.73598288	10.75642056	10.76790625	10.77426913	10.77839991	10.77911303	10.77389251	10.75809662	10.72670098	10.67100102	10.48209033	10.28220938	10.14075569	10.04411135	9.97297345	9.91003220	9.84265871	9.75922638	9.53783702	9.15357056	8.93699339	8.77698699	8.52911715	8.40343597	8.32847201	8.27059002
	3.73608131	3.85208993	4.15357666	4.60170726	5.23345676	6.27688461	7.10658265	7.67332440	8.14383278	8.36477640	8.65559422	8.94548778	9.06727193	9.16515740	9.28366489	9.52670422	9.81389034	9.93919524	10.03759777	10.17191689	10.37611654	10.62473008	10.70933337	10.74375230	10.76153804	10.77041664	10.77458924	10.77714944	10.77682582	10.77086178	10.75437451	10.72225240	10.66556631	10.46859650	10.27261039	10.13340922	10.03801006	9.96732047	9.90423052	9.83615530	9.75157506	9.49897612	9.13109682	8.92076185	8.74760678	8.52485923	8.41174682	8.34289121	8.28900773
	3.73223442	3.85349185	4.16126340	4.61462099	5.25423642	6.31534514	7.12790859	7.68653092	8.15336094	8.37151106	8.66862595	8.95059407	9.07103224	9.16920209	9.28919308	9.53989673	9.81952854	9.94324004	10.04180937	10.17803247	10.38674046	10.63504744	10.71379458	10.74690945	10.76362585	10.77165741	10.77531232	10.77764943	10.77724081	10.77113740	10.75443345	10.72201462	10.66483003	10.46649853	10.27161811	10.13336421	10.03849991	9.96802824	9.90491349	9.83667250	9.75202752	9.50151802	9.13336818	8.92335050	8.75381259	8.52672618	8.41320724	8.34481087	8.29145558
	3.71746557	3.79946431	4.15224832	4.61073570	5.25603931	6.31302259	7.12581198	7.68542011	8.15288713	8.36962304	8.66308947	8.94827574	9.06966209	9.16812615	9.28761378	9.53849109	9.81946411	9.94380749	10.04313730	10.18102010	10.39427107	10.64776889	10.71909287	10.75086227	10.76630071	10.77318150	10.77591084	10.77763007	10.77680920	10.77039236	10.75337412	10.72058949	10.66293834	10.46160470	10.26810173	10.13073411	10.03639472	9.96609760	9.90290939	9.83438640	9.74936044	9.48808783	9.12540407	8.91760522	8.74046578	8.52257189	8.41383751	8.34814473	8.29663263
	3.67198761	4.65535369	4.10004905	4.57888028	5.24066348	6.30075995	7.11303593	7.67684530	8.14809123	8.36308516	8.64233951	8.93888440	9.06266354	9.16105506	9.27725826	9.52089740	9.81485385	9.94181299	10.04183745	10.18185101	10.40396140	10.66040827	10.72561891	10.75466129	10.76748780	10.77202908	10.77290020	10.77341449	10.77173150	10.76468813	10.74707240	10.71346886	10.65458995	10.44253894	10.25472110	10.12066249	10.02802330	9.95836183	9.89502386	9.82572603	9.73949979	9.44529537	9.10273630	8.90242023	8.71664633	8.52049755	8.42032244	8.35875154	8.31023202
	3.64415543	6.08548319	4.07480347	4.56995608	5.24641034	6.31640856	7.11967811	7.67951707	8.15026378	8.36318182	8.63826582	8.93621591	9.06048046	9.15882429	9.27376364	9.51718427	9.81452112	9.94202198	10.04214646	10.18396937	10.41181205	10.66547216	10.72806204	10.75509367	10.76610212	10.76910999	10.76888465	10.76872631	10.76668395	10.75925872	10.74119872	10.70680598	10.64308731	10.42556883	10.24343285	10.11263923	10.02171533	9.95262923	9.88915041	9.81913670	9.73184117	9.41448226	9.08907125	8.89525403	8.70770366	8.51887687	8.42291637	8.36358177	8.31680230
	3.62790710	7.14853033	4.06274665	4.57173039	5.25532393	6.33902200	7.12998102	7.68552537	8.15537305	8.36620396	8.64101089	8.93704365	9.06077444	9.15903662	9.27360675	9.51990509	9.81694184	9.94385565	10.04396768	10.18818073	10.42220500	10.67056223	10.73053939	10.75574763	10.76524546	10.76706698	10.76607220	10.76551555	10.76322193	10.75549431	10.73700122	10.70193104	10.63175294	10.41365466	10.23584299	10.10756106	10.01792152	9.94928873	9.88576168	9.81535521	9.72759688	9.40021545	9.08471083	8.89474871	8.70788924	8.52041417	8.42627838	8.36799379	8.32217798
	3.61160351	8.28689553	4.04138030	4.54778891	5.24810690	6.33840364	7.12808475	7.68419423	8.15562769	8.36580046	8.63574798	8.93332019	9.05756573	9.15570889	9.26894128	9.51578412	9.81720251	9.94429443	10.04451055	10.19261353	10.43768281	10.67844200	10.73489596	10.75755042	10.76494638	10.76504272	10.76286211	10.76153314	10.75860948	10.75029889	10.73117768	10.69524455	10.61220983	10.39821877	10.22561486	10.10006645	10.01171787	9.94348835	9.87982513	9.80885248	9.72039257	9.37877104	9.07771923	8.89294697	8.71199573	8.52914627	8.43752096	8.37996647	8.33523481
	3.59824211	8.42934270	4.02083274	4.53215597	5.24259067	6.34052552	7.12735266	7.68428142	8.15758649	8.36693711	8.63402090	8.93197323	9.05592878	9.15375642	9.26619463	9.51551729	9.81901256	9.94555374	10.04605288	10.19854342	10.45389961	10.68502528	10.73836248	10.75893926	10.76477047	10.76363519	10.76066829	10.75880575	10.75532602	10.74641155	10.72655347	10.68958495	10.59347761	10.38512939	10.21702089	10.09395601	10.00679553	9.93897196	9.87528048	9.80400206	9.71571821	9.36678409	9.07765533	8.89717943	8.72514681	8.54106578	8.44925888	8.39114732	8.34680604
	3.57308061	8.41755374	3.98566073	4.47333638	5.21625393	6.31873049	7.11128734	7.67167278	8.14789248	8.35931645	8.61436576	8.92008045	9.04645805	9.14414165	9.25371042	9.49657064	9.81371326	9.94152802	10.04192351	10.19767407	10.46138294	10.68828290	10.73844849	10.75663619	10.76032555	10.75733866	10.75278025	10.74967933	10.74493588	10.73478860	10.71343565	10.67440262	10.54867414	10.35458425	10.19592137	10.07826167	9.99363623	9.92657806	9.86239015	9.78968847	9.69449570	9.32481446	9.05883990	8.88705649	8.71499941	8.54118666	8.45413433	8.39848959	8.35581150
	3.56082592	8.42873010	3.97809231	4.46808385	5.22610282	6.33985816	7.12221486	7.67748099	8.15226911	8.36263300	8.61890720	8.92063036	9.04634362	9.14385533	9.25378568	9.50373205	9.81747174	9.94374496	10.04469398	10.20500302	10.47580232	10.69192619	10.73912487	10.75550136	10.75790759	10.75404866	10.74891231	10.74538593	10.74017374	10.72930166	10.70690287	10.66623845	10.52386492	10.33735494	10.18421227	10.07012652	9.98737155	9.92092094	9.85651051	9.78310500	9.68054664	9.31018202	9.05785860	8.89103465	8.72522404	8.54476487	8.45735862	8.40209718	8.36030468
	3.55106492	8.43779229	3.97122258	4.46989354	5.23828443	6.36725228	7.13495055	7.68478316	8.15800472	8.36681566	8.62593109	8.92396723	9.04851366	9.14581209	9.25664456	9.51437940	9.82242932	9.94672345	10.04821461	10.21179274	10.48546858	10.69330018	10.73865522	10.75405720	10.75584598	10.75169393	10.74642983	10.74278825	10.73738849	10.72606984	10.70299306	10.66049812	10.50937980	10.32724961	10.17746696	10.06574836	9.98430270	9.91835015	9.85390172	9.78017504	9.67819408	9.30664439	9.06142456	8.89725646	8.73429630	8.54684206	8.45804132	8.40301735	8.36124901
	3.53735006	8.44649130	3.95526850	4.44462309	5.23094631	6.36660651	7.13039497	7.67885950	8.15215954	8.36230804	8.61576249	8.91796703	9.04381838	9.14097597	9.25051261	9.50607502	9.81989934	9.94426391	10.04586986	10.21086777	10.48576747	10.69224125	10.73644556	10.75103530	10.75210073	10.74731426	10.74148971	10.73731073	10.73138288	10.71945846	10.69557954	10.64698054	10.48673780	10.31090888	10.16560227	10.05660836	9.97656769	9.91108693	9.84645509	9.77192952	9.65395259	9.28391453	9.04946340	8.88953068	8.72048851	8.53944847	8.45398238	8.40128794	8.36072457
	3.52987817	8.45469127	3.88671745	4.44713192	5.24151923	6.38624006	7.13935027	7.68268238	8.15463966	8.36425420	8.61900253	8.91892688	9.04416289	9.14107259	9.25107552	9.51257794	9.82274231	9.94559224	10.04796115	10.21625065	10.49448469	10.69381338	10.73642161	10.75019055	10.75081752	10.74573815	10.73979974	10.73542850	10.72925045	10.71690192	10.69239742	10.63507932	10.47641660	10.30265709	10.15935838	10.05173559	9.97249692	9.90731381	9.84271020	9.76787727	9.63422630	9.27987563	9.05098036	8.89333821	8.72755998	8.54126644	8.45447333	8.40188260	8.36144745
	3.50430746	8.47673005	3.89990451	4.41253566	5.24468656	6.41377093	7.14546091	7.68308900	8.15525308	8.36395298	8.61334873	8.91611365	9.04100208	9.13701173	9.24647824	9.51387427	9.82445516	9.94534046	10.04941695	10.22383894	10.50554805	10.69378712	10.73329971	10.74531408	10.74482544	10.73885170	10.73212181	10.72685412	10.71955492	10.70576117	10.67939182	10.61059491	10.43639489	10.27340042	10.13828041	10.03572831	9.95913398	9.89489167	9.83010391	9.75397283	9.59999982	9.25406236	9.04620931	8.89754537	8.73971631	8.54931705	8.46095255	8.40798201	8.36753659
	3.50068406	8.48485678	3.94526766	4.42402927	5.25959512	6.43515165	7.15844223	7.69035130	8.16087137	8.36892773	8.62353058	8.92034649	9.04386319	9.13964920	9.25105697	9.53070955	9.83005806	9.94912797	10.05479387	10.23387402	10.52002684	10.69706956	10.73495391	10.74630900	10.74559464	10.73957724	10.73288756	10.72753576	10.71997609	10.70572268	10.67866919	10.60596471	10.43169278	10.26918465	10.13511323	10.03351289	9.95749315	9.89348085	9.82874696	9.75250753	9.59049570	9.25721907	9.05327095	8.90612783	8.75679051	8.55678865	8.46477128	8.41072514	8.36956328
	3.48269409	8.50397366	4.84686721	4.40152898	5.24775009	6.44085466	7.15627162	7.68537404	8.15667771	8.36722777	8.61900550	8.91822088	9.04197775	9.13737909	9.24962568	9.53699953	9.83238605	9.95037247	10.05851185	10.24375849	10.53511865	10.70024409	10.73633779	10.74692920	10.74594910	10.73972753	10.73276983	10.72686036	10.71843375	10.70316728	10.67471028	10.59060366	10.41788439	10.25805699	10.12651137	10.02672226	9.95168839	9.88796102	9.82305442	9.74632972	9.56628679	9.25213744	9.05594961	8.91215298	8.77303849	8.56681944	8.47232020	8.41787193	8.37631848
	3.46033867	8.52268391	5.21182379	4.38236248	5.24403128	6.46388734	7.15894039	7.68182430	8.15231159	8.36489078	8.61325454	8.91506295	9.03952407	9.13461419	9.24756464	9.54079970	9.83317178	9.95064915	10.06099654	10.25031936	10.54339003	10.70115361	10.73595364	10.74594974	10.74474803	10.73823895	10.73089815	10.72436554	10.71509493	10.69883456	10.66912470	10.57138688	10.40205601	10.24559358	10.11689717	10.01898061	9.94505371	9.88167409	9.81666485	9.73930871	9.54016605	9.24426791	9.05520657	8.91399923	8.77604039	8.56955525	8.47455268	8.42055442	8.37929574
	3.43056985	8.54394550	6.22930447	4.36164456	5.23954434	6.49389821	7.16129226	7.67609288	8.14509053	8.36044642	8.60311819	8.90962823	9.03549743	9.13030942	9.24352852	9.54028738	9.83246405	9.94971601	10.06227798	10.25506464	10.54876407	10.70109934	10.73478885	10.74422672	10.74279377	10.73594885	10.72812910	10.72081042	10.71054794	10.69314980	10.66213012	10.54873985	10.38343056	10.23077958	10.10526515	10.00936639	9.93665452	9.87364428	9.80844206	9.73017557	9.50824013	9.23239923	9.05149628	8.91324069	8.77347533	8.56859412	8.47445873	8.42154505	8.38105820
	3.43026781	8.54636133	6.42926742	4.36470751	5.24526653	6.50129261	7.16529173	7.67891493	8.14773769	8.36235373	8.60663596	8.91171765	9.03704809	9.13177981	9.24579048	9.54575616	9.83420887	9.95116344	10.06409303	10.25731474	10.55078302	10.70148676	10.73504021	10.74445998	10.74304588	10.73626805	10.72851178	10.72118280	10.71088548	10.69342940	10.66231883	10.54930991	10.38403142	10.23130768	10.10579582	10.00996101	9.93731404	9.87435562	9.80918246	9.73098041	9.51200199	9.23543339	9.05437945	8.91601117	8.77889530	8.57142762	8.47616891	8.42266527	8.38191986
	3.39339420	8.57815894	7.55626151	4.35336291	5.25238513	6.55628599	7.18025100	7.67899041	8.14450548	8.36160938	8.60384157	8.90997311	9.03599753	9.13033936	9.24720022	9.55986801	9.83742897	9.95394895	10.07052483	10.26892821	10.56365091	10.70347745	10.73570976	10.74467833	10.74304757	10.73617165	10.72803810	10.71977456	10.70828042	10.68938755	10.65622101	10.52988061	10.36742756	10.21736195	10.09450811	10.00064520	9.92922881	9.86668326	9.80107243	9.72152268	9.48446775	9.22801539	9.05628118	8.92200910	8.78975472	8.58114711	8.48225418	8.42718819	8.38605791
	3.36757520	8.59591071	7.63111143	4.34547632	5.25452943	6.58699687	7.18660262	7.67630410	8.13974350	8.35896593	8.59767640	8.90644603	9.03346815	9.12762857	9.24532442	9.56161939	9.83728490	9.95393754	10.07233490	10.27331068	10.56905539	10.70438411	10.73606564	10.74480290	10.74307370	10.73607211	10.72764279	10.71882050	10.70660502	10.68691337	10.65193907	10.51863641	10.35735836	10.20850503	10.08690276	9.99401185	9.92318784	9.86076678	9.79475072	9.71403799	9.46331867	9.21944229	9.05364590	8.92233792	8.79146218	8.58414426	8.48424207	8.42863543	8.38748132
	3.31332178	8.63094367	8.70628596	4.30680347	5.25836397	6.63499377	7.20452612	7.67702865	8.13771471	8.35909655	8.59616069	8.90776081	9.03517645	9.12957995	9.25176034	9.58352929	9.84358486	9.95986679	10.08141404	10.28615507	10.58189972	10.70713763	10.73812883	10.74682765	10.74545057	10.73867192	10.73030857	10.72093657	10.70800939	10.68720572	10.65223431	10.51452560	10.35340037	10.20491081	10.08393384	9.99188052	9.92180449	9.85985731	9.79380841	9.71248508	9.46215241	9.22659542	9.06529908	8.93681125	8.81720340	8.60620046	8.49715395	8.43698657	8.39368644
	3.69998402	8.66862544	8.80022157	4.73119617	5.26569597	6.67884083	7.22852595	7.67486756	8.12824007	8.35428051	8.58498511	8.90097956	9.03098942	9.12570510	9.25076050	9.59012363	9.84455501	9.96183327	10.08665919	10.29485318	10.59160970	10.70917757	10.73958403	10.74807762	10.74658133	10.73941902	10.73037101	10.71978273	10.70545809	10.68311770	10.64584703	10.49735041	10.33811907	10.19136435	10.07201615	9.98137832	9.91236486	9.85082543	9.78440778	9.70117519	9.43424330	9.21558548	9.06325983	8.93970077	8.82110440	8.61733362	8.50342582	8.44060849	8.39629775
	5.75294117	8.69308506	8.81022845	5.35037922	5.26053230	6.69794928	7.24361010	7.67562119	8.12570285	8.35440363	8.58346378	8.90162754	9.03238030	9.12735922	9.25589107	9.60445441	9.84904302	9.96661529	10.09339131	10.30298224	10.59887987	10.71108079	10.74138743	10.75005374	10.74875085	10.74159759	10.73233215	10.72122619	10.70622683	10.68305072	10.64488824	10.49425907	10.33507607	10.18845703	10.06943061	9.97927530	9.91077572	9.84963423	9.78331109	9.69961516	9.43377433	9.22094089	9.07215665	8.95093184	8.83571986	8.64191145	8.51874389	8.45122016	8.40441504
	7.34817777	8.73227556	8.82893837	6.24446905	5.22779952	6.72117140	7.26434853	7.67473802	8.11660368	8.35149747	8.57674276	8.89842082	9.03229882	9.12819950	9.26107507	9.61938993	9.85374286	9.97206332	10.10056528	10.31043342	10.60418191	10.71248402	10.74305760	10.75214458	10.75113691	10.74415083	10.73461256	10.72280253	10.70699983	10.68280224	10.64169016	10.48992946	10.33093474	10.18449755	10.06588410	9.97638594	9.90854833	9.84798062	9.78169949	9.69725598	9.43251717	9.22609299	9.08157237	8.96340438	8.85163817	8.67597476	8.53889495	8.46438022	8.41385347
	8.58223067	8.75861401	8.84090002	7.68017723	5.20313666	6.73485979	7.27589216	7.67082916	8.10624178	8.34641767	8.56573008	8.89253182	9.02946228	9.12591826	9.26016177	9.61952394	9.85408119	9.97316972	10.10227776	10.31142629	10.60326420	10.71218504	10.74317144	10.75253994	10.75175887	10.74482804	10.73500048	10.72265939	10.70624805	10.68126895	10.63574832	10.48346939	10.32509708	10.17911384	10.06098817	9.97209583	9.90475519	9.84455380	9.77818089	9.69300020	9.42462794	9.22435571	9.08366332	8.96819969	8.85919470	8.69511694	8.55073328	8.47224978	8.41961983
	8.60299094	8.79029505	8.85627671	8.83978389	5.24667613	6.75735153	7.29901315	7.68154470	8.11040838	8.34908121	8.56615558	8.89296502	9.03086923	9.12783542	9.26551418	9.63096024	9.85776964	9.97676233	10.10557674	10.31176222	10.59509749	10.70817095	10.73948211	10.74909442	10.74823648	10.74113855	10.73089627	10.71782832	10.70066184	10.67458376	10.61580745	10.46596432	10.31243989	10.17009439	10.05443573	9.96723489	9.90087567	9.84104811	9.77444691	9.68833687	9.41741611	9.22452105	9.08835370	8.97619623	8.87059204	8.72656104	8.56833944	8.48265903	8.42610116
	8.62808594	8.81151297	8.87007727	8.85962766	5.19975075	6.75952453	7.30769043	7.68217566	8.10053492	8.34360300	8.55329993	8.88257087	9.02545802	9.12332033	9.26159094	9.62023125	9.85608341	9.97623755	10.10467333	10.30834263	10.58666537	10.70499366	10.73689392	10.74678511	10.74590104	10.73845458	10.72766744	10.71374644	10.69558501	10.66829257	10.59421437	10.44820887	10.29782581	10.15830213	10.04433614	9.95842103	9.89279334	9.83306848	9.76581474	9.66974483	9.39693479	9.21465088	9.08462817	8.97669858	8.87486257	8.74535592	8.58019245	8.48991512	8.43085867
	8.64082763	8.81951911	8.87993689	8.87296524	6.92859566	6.75930426	7.31576713	7.68426425	8.08417646	8.33333022	8.53132718	8.86389299	9.01657178	9.11608079	9.25160968	9.59792265	9.85047073	9.97205255	10.09830526	10.29458434	10.56030976	10.69519332	10.72884929	10.73968820	10.73939508	10.73229025	10.72153147	10.70735844	10.68866139	10.66055986	10.57207170	10.43053628	10.28459451	10.14837828	10.03678484	9.95246362	9.88767621	9.82812581	9.76053435	9.65520180	9.38586406	9.21015241	9.08430038	8.97964403	8.88105345	8.76684404	8.59430541	8.49954517	8.43787646
	8.65461657	8.82808590	8.88749823	8.88054139	7.02321171	6.76661951	7.32380905	7.68963060	8.08651642	8.33501780	8.53208049	8.86528364	9.01875747	9.11886096	9.25686378	9.61045299	9.85454058	9.97589564	10.10184522	10.29667647	10.55849601	10.69405155	10.72801352	10.73914111	10.73909445	10.73208433	10.72138549	10.70709279	10.68810584	10.65950601	10.56825657	10.42751842	10.28275738	10.14757770	10.03672347	9.95293701	9.88840038	9.82886456	9.76112371	9.65488895	9.38853515	9.21459994	9.09004402	8.98671627	8.88975868	8.78767717	8.61021089	8.50896062	8.44385389
	8.66371437	8.83384918	8.89329826	8.88746098	7.91941026	6.77686097	7.33559643	7.69936574	8.08656782	8.33519174	8.52928269	8.86168414	9.01861308	9.11964426	9.25906407	9.61338847	9.85689053	9.97813426	10.10307960	10.29455945	10.54932581	10.68960167	10.72424157	10.73588108	10.73616714	10.72923294	10.71841655	10.70378657	10.68427026	10.65480880	10.55488741	10.41648594	10.27471295	10.14191465	10.03300683	9.95043564	9.88642393	9.82684130	9.75863900	9.64496706	9.38418224	9.21446445	9.09294406	8.99221345	8.89803054	8.80687867	8.62899975	8.51990324	8.45053334
	8.67489392	8.84094601	8.90011578	8.89530847	8.43521838	6.78641629	7.34400433	7.70684549	8.08529384	8.33580067	8.52791575	8.86015062	9.02050624	9.12303997	9.26560907	9.62473488	9.86254601	9.98352658	10.10764345	10.29621567	10.54473090	10.68702996	10.72238901	10.73467919	10.73545051	10.72883703	10.71810400	10.70322480	10.68316825	10.65271712	10.54765289	10.41021807	10.27030189	10.13926442	10.03206770	9.95050075	9.88689772	9.82715855	9.75841606	9.64247008	9.38462075	9.21822047	9.09947288	9.00143824	8.91051839	8.82352723	8.66037481	8.53781094	8.46144934
	8.67783263	8.84344439	8.90475854	8.90323759	8.83437109	6.77648471	7.33225885	7.70110077	8.06567428	8.32657307	8.51142492	8.84502473	9.01472708	9.11907956	9.25988121	9.61313928	9.86068171	9.98229508	10.10432478	10.28774577	10.52912742	10.68108985	10.71821601	10.73175445	10.73341534	10.72753256	10.71740577	10.70252844	10.68209737	10.65090266	10.54105463	10.40377219	10.26502867	10.13573148	10.03005733	9.94928703	9.88606363	9.82614130	9.75684748	9.63511586	9.38120892	9.21826018	9.10217596	9.00676308	8.91889075	8.83529066	8.69056995	8.55673920	8.47460948
	8.68415867	8.84759710	8.90887675	8.90805640	8.84047170	6.77931622	7.33019324	7.70282146	8.06278450	8.32575630	8.50900547	8.84164762	9.01443269	9.11981861	9.26156117	9.61563922	9.86254011	9.98405207	10.10506933	10.28576437	10.52270897	10.67781157	10.71576252	10.72996583	10.73212106	10.72673000	10.71688149	10.70199033	10.68123566	10.64787988	10.53632444	10.39958666	10.26188610	10.13396735	10.02951733	9.94944013	9.88647784	9.82639848	9.75666613	9.63304119	9.38107613	9.21979931	9.10516305	9.01128142	8.92530617	8.84385703	8.71039573	8.56800623	8.48169198
	8.69526945	8.85450007	8.91594379	8.91652697	8.85444333	6.78298573	7.32746563	7.70648344	8.05888958	8.32427157	8.50407608	8.83460635	9.01312535	9.12025456	9.26310553	9.61717347	9.86457648	9.98603873	10.10531802	10.28120843	10.51000509	10.67118435	10.71052842	10.72578053	10.72877871	10.72418637	10.71476226	10.69982384	10.67849655	10.64145998	10.52539164	10.39031836	10.25479198	10.12961922	10.02738254	9.94858835	9.88604056	9.82557898	9.75492670	9.62410991	9.37742649	9.21965652	9.10767423	9.01637131	8.93335857	8.85511034	8.74173202	8.58616148	8.49271853
	8.69768175	8.85649455	8.91919846	8.92165995	8.86359787	6.78021917	7.32083349	7.70828219	8.05375333	8.32088308	8.49652284	8.82286524	9.00800025	9.11622911	9.25701608	9.60257703	9.86077687	9.98295903	10.10070498	10.27244951	10.49495528	10.66383253	10.70453659	10.72061545	10.72423288	10.72005593	10.71089046	10.69588347	10.67416946	10.63193231	10.51284143	10.37975642	10.24658280	10.12379479	10.02320107	9.94536267	9.88309089	9.82231779	9.75089767	9.60948626	9.36891722	9.21456721	9.10480070	9.01528757	8.93399531	8.85739071	8.74959296	8.59157359	8.49629144
	8.69407805	8.85510899	8.91958991	8.92395654	8.86930039	6.77658897	7.30728854	7.70488147	8.04419413	8.31466676	8.48666833	8.80517087	9.00039933	9.11003370	9.24821086	9.58197135	9.85521189	9.97860391	10.09509189	10.26334407	10.48095453	10.65683942	10.69914499	10.71598240	10.72020060	10.71647732	10.70759341	10.69265150	10.67066360	10.62412628	10.50239263	10.37030709	10.23862147	10.11746362	10.01817715	9.94108469	9.87898230	9.81782241	9.74550275	9.59065593	9.35679419	9.20613868	9.09866549	9.01084088	8.93093980	8.85546527	8.74688950	8.58999436	8.49518698
	8.70375840	8.86095934	8.92536176	8.93071591	8.87909904	6.78601107	7.30817903	7.71138648	8.04681397	8.31549684	8.48437797	8.79950013	8.99862812	9.10958878	9.24787855	9.57816885	9.85525523	9.97864682	10.09354566	10.25758127	10.46743717	10.64716178	10.69192396	10.70953570	10.71437509	10.71115278	10.70256782	10.68755905	10.66495588	10.60750339	10.48655774	10.35725518	10.22896218	10.11093700	10.01402403	9.93824015	9.87643849	9.81476443	9.74125305	9.57562438	9.34916806	9.20248288	9.09753481	9.01180909	8.93409498	8.86081164	8.76342576	8.60090433	8.50188784
	8.71168029	8.86568283	8.92946489	8.93506793	8.88508296	6.79876820	7.30973850	7.71477454	8.04869311	8.31657043	8.48427712	8.79712583	8.99893026	9.11118180	9.25095306	9.58301548	9.85772532	9.98083376	10.09476968	10.25608577	10.46050190	10.63932065	10.68718949	10.70530200	10.71048914	10.70778311	10.69948425	10.68457597	10.66160988	10.59688447	10.47670051	10.34938245	10.22320201	10.10730732	10.01214436	9.93726519	9.87562072	9.81348739	9.73900473	9.56782046	9.34602126	9.20181865	9.09847198	9.01420684	8.93816233	8.86666474	8.78007813	8.61228067	8.50868545
	8.71652876	8.86928551	8.93366419	8.94127728	8.89554173	6.81989575	7.30251362	7.71491972	8.04338661	8.31132462	8.47615784	8.77378771	8.99260438	9.10877098	9.24896144	9.57500464	9.85642523	9.98062882	10.09266719	10.24809715	10.44233264	10.61428378	10.67630816	10.69586691	10.70219082	10.70054878	10.69311554	10.67828278	10.65403959	10.57685562	10.45910566	10.33532790	10.21309485	10.10083182	10.00858856	9.93516953	9.87362211	9.81063214	9.73441885	9.55316851	9.33864223	9.19844025	9.09768046	9.01566325	8.94204262	8.87298401	8.79753739	8.62572851	8.51617986
	8.72401950	8.87389399	8.93858127	8.94774527	8.90509886	6.83548993	7.30437795	7.72052898	8.04333395	8.30905237	8.47094215	8.75933046	8.98868166	9.10776841	9.24828792	9.56949373	9.85586730	9.98067494	10.09101006	10.24117789	10.42614890	10.58865730	10.66548001	10.68648034	10.69394095	10.69331262	10.68655788	10.67165737	10.64554511	10.55887002	10.44414288	10.32394102	10.20524636	10.09629405	10.00636675	9.93422487	9.87283327	9.80933936	9.73196317	9.54514128	9.33490837	9.19719842	9.09812466	9.01761287	8.94567853	8.87832658	8.80726378	8.63756985	8.52249326
	8.72637553	8.87568852	8.94094088	8.95195716	8.91273633	6.85312152	7.31002877	7.72936611	8.04690890	8.30610074	8.46425923	8.73529337	8.98109077	9.10446211	9.24497361	9.55714762	9.85232636	9.97851797	10.08673190	10.22975799	10.40132213	10.54948323	10.63847613	10.66925137	10.67802944	10.67847956	10.67229436	10.65624713	10.61286963	10.52299186	10.41455097	10.30141841	10.18890564	10.08548663	9.99918740	9.92908123	9.86783194	9.80334418	9.72379641	9.52345536	9.32249578	9.18995247	9.09410210	9.01609477	8.94655414	8.88138083	8.81213951	8.64549370	8.52547066
	8.71244898	8.86997342	8.93858154	8.95457652	8.92350682	6.89201532	7.28300591	7.71758595	8.02851022	8.28663425	8.44152610	8.67582486	8.95878172	9.09276382	9.23040899	9.51457101	9.83794676	9.96884641	10.07345847	10.20335381	10.35251705	10.47778549	10.56483657	10.61440867	10.63625041	10.64257841	10.63515109	10.60609466	10.54634974	10.46407913	10.36669722	10.26547314	10.16338727	10.06867243	9.98814825	9.92071565	9.85988429	9.79378392	9.71120673	9.49402029	9.30683679	9.18138533	9.08981385	9.01554706	8.94981395	8.88837034	8.82273681	8.66953380	8.53931976
	8.70033188	8.86385519	8.93426627	8.95255225	8.92524856	6.91642024	7.25659778	7.70037169	8.01277606	8.27356922	8.42939145	8.64871223	8.94562843	9.08623096	9.22301103	9.49419844	9.82922220	9.96333009	10.06679012	10.19113248	10.33091275	10.44661675	10.52583506	10.57441420	10.59991679	10.60890649	10.60085325	10.56873049	10.51415939	10.43692686	10.34478786	10.24908638	10.15176600	10.06078581	9.98258330	9.91595661	9.85491623	9.78783479	9.70264544	9.47877093	9.29860119	9.17651720	9.08689332	9.01428680	8.95025960	8.89052371	8.82657214	8.67921372	8.54489492
	8.70417869	8.86663631	8.93669830	8.95586814	8.93108161	6.93652288	7.25048235	7.69866797	8.01421699	8.27281112	8.42709594	8.63885404	8.94205343	9.08618550	9.22333021	9.48775502	9.82650952	9.96174944	10.06369955	10.18308604	10.31389242	10.41996331	10.49188303	10.53591217	10.56130452	10.57152537	10.56412675	10.53369993	10.48279466	10.41027064	10.32324735	10.23316869	10.14060155	10.05330470	9.97753934	9.91209450	9.85088634	9.78290077	9.69739833	9.46586223	9.29294247	9.17441005	9.08687408	9.01587241	8.95376358	8.89604791	8.83405163	8.69960601	8.55702753
	8.67463692	8.84990346	8.92339135	8.94590635	8.92612189	6.97128802	7.21162393	7.67045521	7.99286168	8.24932768	8.40648661	8.59782747	8.91310218	9.07144785	9.20805112	9.44938944	9.80340416	9.94729772	10.04888134	10.16074952	10.27746143	10.36860137	10.42887896	10.46555896	10.48654940	10.49551527	10.48962637	10.46397710	10.42013246	10.35652303	10.27996492	10.19961392	10.11556394	10.03473322	9.96270631	9.89857025	9.83658771	9.76590482	9.65909050	9.42948234	9.27133491	9.16047709	9.07713843	9.00905597	8.94925621	8.89343505	8.83318097	8.70005665	8.55655710
	8.62981129	8.81777270	8.90043424	8.92653010	8.91126143	6.98917775	7.18232657	7.64478329	7.97196030	8.22117898	8.38103642	8.55162866	8.87200999	9.04941174	9.18603320	9.39955164	9.76595684	9.92305715	10.02586454	10.13035828	10.23227757	10.30742118	10.35510339	10.38278160	10.39758466	10.40309851	10.39679814	10.37475249	10.33807279	10.28498229	10.22065354	10.15196607	10.07807582	10.00458877	9.93676662	9.87377432	9.81035475	9.73550921	9.58058915	9.37644276	9.23782585	9.13721674	9.05957295	8.99512085	8.93791442	8.88396900	8.82515495	8.68217298	8.54404600
	8.62816129	8.82179192	8.89974411	8.92585496	8.91145103	6.99927694	7.18394006	7.64383049	7.97134776	8.21709565	8.37637722	8.54260813	8.86423537	9.04658848	9.18353994	9.39096149	9.75659150	9.91680177	10.01948158	10.12089122	10.21728326	10.28687305	10.33062457	10.35584773	10.36930011	10.37418371	10.36803893	10.34722538	10.31264380	10.26253753	10.20178521	10.13659945	10.06593185	9.99505808	9.92877929	9.86635553	9.80246838	9.72604282	9.55706054	9.36364067	9.23111857	9.13375832	9.05794486	8.99470200	8.93857724	8.88580909	8.82796467	8.68973321	8.54867758
	8.56373709	8.75943395	8.86216697	8.89289999	8.88247297	7.01734282	7.13894799	7.59812942	7.93155382	8.17409904	8.34076561	8.49207761	8.79207936	9.01283234	9.15320473	9.33656318	9.69627103	9.88132748	9.98948843	10.08860513	10.17737098	10.23814706	10.27436459	10.29376363	10.30245843	10.30372417	10.29580164	10.27612069	10.24540078	10.20172757	10.14867654	10.09114652	10.02717181	9.96087901	9.89663702	9.83391757	9.76758482	9.68165447	9.47210693	9.31064578	9.19469385	9.10638803	9.03566133	8.97541967	8.92131458	8.87005649	8.81331613	8.65542912	8.52641188
	8.55928170	8.75504864	8.85897203	8.88956471	8.87933184	7.01545684	7.13636105	7.59337716	7.92683609	8.16727606	8.33420725	8.48345902	8.77818492	9.00739993	9.14928000	9.32929497	9.68124829	9.87389995	9.98338174	10.08181907	10.16826109	10.22658123	10.26094632	10.27906844	10.28685610	10.28750508	10.27921296	10.25983363	10.22986651	10.18746361	10.13596550	10.08003945	10.01749797	9.95235554	9.88869490	9.82587244	9.75879595	9.66487490	9.45463629	9.30011335	9.18789685	9.10169176	9.03217776	8.97271265	8.91927309	8.86870494	8.81082919	8.65473008	8.52599370
	8.55920044	8.75429555	8.85826258	8.88844347	8.87802127	7.01161853	7.13561214	7.59080030	7.92326388	8.16281053	8.33017730	8.47889170	8.77006301	9.00460930	9.14759742	9.32655892	9.67222476	9.87014886	9.98041921	10.07862257	10.16393002	10.22107320	10.25460681	10.27217844	10.27961344	10.28003457	10.27157566	10.25232849	10.22263675	10.18071504	10.12982007	10.07452665	10.01253448	9.94790752	9.88451028	9.82161112	9.75411716	9.65341773	9.44625246	9.29486988	9.18443544	9.09925857	9.03035256	8.97128676	8.91818823	8.86797479	8.80912309	8.65461701	8.52584312
	8.56878382	8.76594705	8.86474784	8.89411225	8.88329717	7.01010365	7.14205567	7.59762498	7.92938336	8.16841919	8.33473198	8.48425949	8.78068630	9.01012939	9.15228733	9.33311587	9.68326741	9.87526274	9.98442782	10.08204354	10.16693680	10.22383388	10.25738685	10.27514869	10.28288943	10.28368065	10.27554590	10.25648182	10.22678308	10.18474616	10.13364403	10.07818351	10.01604093	9.95139977	9.88804594	9.82529779	9.75808077	9.66064252	9.45265166	9.29963266	9.18834322	9.10266856	9.03346322	8.97422898	8.92108139	8.87087358	8.81488667	8.66083774	8.52976815
	8.56310818	8.75799344	8.85978380	8.88952851	8.87863668	7.00871302	7.13601035	7.58958827	7.91981526	8.15890876	8.32726852	8.47602184	8.76537496	9.00408390	9.14771002	9.32651465	9.66925801	9.86907941	9.97942628	10.07703273	10.16109245	10.21706650	10.24998165	10.26725954	10.27465007	10.27517944	10.26687351	10.24790601	10.21843145	10.17678247	10.12622200	10.07133653	10.00971589	9.94545300	9.88229115	9.81947394	9.75124946	9.64566086	9.44124551	9.29180134	9.18260065	9.09813049	9.02963703	8.97083146	8.91794772	8.86792018	8.81047285	8.65476250	8.52553798
	8.54437813	8.73318686	8.84488350	8.87618287	8.86588868	7.00721589	7.11919997	7.56859737	7.89668020	8.13630957	8.30929609	8.45602571	8.72716940	8.98773289	9.13498008	9.30858855	9.63205985	9.85273918	9.96640945	10.06464215	10.14763645	10.20221357	10.23398051	10.25022508	10.25670873	10.25641385	10.24748944	10.22850497	10.19942543	10.15856966	10.10914674	10.05542480	9.99484398	9.93126521	9.86838449	9.80528187	9.73478873	9.61044702	9.41494012	9.27336438	9.16868245	9.08682844	9.01988844	8.96201436	8.90965879	8.85998872	8.79618748	8.63866312	8.51468019
	8.53513096	8.72089351	8.83545503	8.86765174	8.85697559	6.99575305	7.10675671	7.55465581	7.88107641	8.11888905	8.29456501	8.44062119	8.69947135	8.97332445	9.12432140	9.29519754	9.60557839	9.83899912	9.95532477	10.05396519	10.13598906	10.18934521	10.22020365	10.23570829	10.24161234	10.24079269	10.23150046	10.21249125	10.18363629	10.14327914	10.09459721	10.04174620	9.98197386	9.91900072	9.85640388	9.79320112	9.71886876	9.58273926	9.39473886	9.25840855	9.15687552	9.07693898	9.01118002	8.95403265	8.90206262	8.85256600	8.77834923	8.62358709	8.50385376
	8.52562944	8.70800038	8.82497142	8.85792896	8.84598707	6.97940760	7.09289574	7.53938244	7.86355258	8.09865157	8.27737829	8.42290304	8.66783575	8.95648548	9.11192457	9.27986192	9.57649146	9.82314485	9.94241892	10.04142199	10.12218391	10.17399910	10.20374167	10.21836757	10.22361253	10.22221277	10.21252215	10.19349985	10.16490650	10.12510736	10.07729390	10.02548296	9.96669848	9.90447464	9.84223946	9.77893563	9.69996596	9.55050098	9.37068818	9.24049752	9.14265684	9.06499805	9.00064601	8.94435855	8.89283876	8.84349088	8.75689269	8.60456428	8.49004482
	8.51336526	8.69291189	8.81545051	8.84916397	8.83722449	6.97748271	7.08039607	7.52524362	7.84880630	8.08310668	8.26480090	8.40921048	8.64028131	8.94449120	9.10248132	9.26676266	9.55160622	9.81112605	9.93274976	10.03218171	10.11222732	10.16306733	10.19198619	10.20589372	10.21052222	10.20855111	10.19851219	10.17947261	10.15119069	10.11195742	10.06492616	10.01398956	9.95592765	9.89423428	9.83213309	9.76864104	9.68761852	9.52372144	9.35285277	9.22771419	9.13280059	9.05688325	8.99355150	8.93790202	8.88674736	8.83759971	8.74641788	8.59229289	8.48170174
	8.50773471	8.68639086	8.81210224	8.84570436	8.83422717	6.97970871	7.07543267	7.51965689	7.84332737	8.07746287	8.26034697	8.40409569	8.62892330	8.94039067	9.09906208	9.26150914	9.54122053	9.80639877	9.92907027	10.02877153	10.10864693	10.15919641	10.18782574	10.20145288	10.20581820	10.20358936	10.19339273	10.17432512	10.14617596	10.10717723	10.06044654	10.00984013	9.95201715	9.89048289	9.82835122	9.76471569	9.68361399	9.51274030	9.34626571	9.22318250	9.12942616	9.05417978	8.99122457	8.93581920	8.88481507	8.83609953	8.74407724	8.58854939	8.47938609
	8.50617061	8.68410825	8.81143032	8.84401129	8.83275008	6.97669803	7.07274993	7.51691366	7.83998791	8.07270540	8.25638707	8.40000363	8.62092948	8.93667946	9.09620370	9.25752995	9.53193366	9.80169392	9.92551560	10.02547580	10.10511870	10.15532649	10.18368940	10.19710546	10.20131665	10.19894376	10.18864028	10.16957687	10.14151670	10.10270499	10.05620752	10.00585385	9.94824867	9.88680117	9.82464032	9.76076973	9.67895741	9.50422938	9.34052151	9.21903660	9.12624198	9.05159123	8.98899487	8.93379432	8.88287395	8.83473857	8.73874916	8.58442687	8.47655445
	8.52275285	8.70414070	8.82331956	8.85111453	8.83641044	6.96848778	7.07550922	7.51714972	7.83458770	8.06411384	8.25077726	8.39668333	8.62081150	8.93594612	9.09672486	9.25873314	9.53382701	9.80154053	9.92464099	10.02301111	10.09994668	10.14771235	10.17478278	10.18787803	10.19248580	10.19087582	10.18138273	10.16323503	10.13593745	10.09787952	10.05225234	10.00275297	9.94597673	9.88536221	9.82371946	9.75990479	9.67498642	9.49960507	9.33657056	9.21663426	9.12486724	9.05104049	8.98892713	8.93395934	8.88321953	8.83331835	8.73925218	8.58469665	8.47575753
	8.53928292	8.72273629	8.83287105	8.85604261	8.84583063	6.95688011	7.07491862	7.51267885	7.82176559	8.04351766	8.23623235	8.38517041	8.60619751	8.92726627	9.09114083	9.25142375	9.51715129	9.79009295	9.91488283	10.01170889	10.08490129	10.12918216	10.15423437	10.16661402	10.17142021	10.17055089	10.16206377	10.14520393	10.11924894	10.08278009	10.03894743	9.99118926	9.93592400	9.87649270	9.81532528	9.75096797	9.65596779	9.47921235	9.32203067	9.20678280	9.11801677	9.04620161	8.98524569	8.93079859	8.88024801	8.82958306	8.72954873	8.57689555	8.46886928
	8.54428486	8.72681733	8.83319085	8.85474863	8.84928253	6.94756904	7.06935149	7.50429902	7.80763322	8.02189808	8.22013173	8.37091843	8.58339065	8.91410960	9.08154249	9.23864428	9.48985926	9.77318962	9.90120692	9.99755100	10.06825642	10.11011679	10.13362297	10.14528988	10.14993404	10.14928420	10.14133710	10.12531908	10.10045281	10.06543893	10.02325276	9.97710123	9.92316476	9.86460622	9.80364532	9.73854481	9.63244817	9.45357484	9.30427334	9.19419360	9.10870215	9.03895251	8.97919297	8.92529568	8.87486163	8.82459677	8.71347373	8.56413821	8.45893531
	8.55084546	8.73544622	8.83692401	8.85763792	8.84257779	6.94537718	7.07477888	7.50885882	7.80957556	8.02362432	8.22218652	8.37382738	8.59026756	8.91793336	9.08467521	9.24254713	9.49654961	9.77607309	9.90346787	9.99938110	10.06960643	10.11111616	10.13450518	10.14617724	10.15095191	10.15048730	10.14262425	10.12672290	10.10184808	10.06677985	10.02456818	9.97833114	9.92435909	9.86575809	9.80471304	9.73944635	9.63399221	9.45403243	9.30467007	9.19487411	9.10954111	9.03987291	8.98010803	8.92613361	8.87559708	8.82559104	8.71560985	8.56417743	8.45877051
	8.55951464	8.74282431	8.83850294	8.85705793	8.82181986	6.93406227	7.06785141	7.49643409	7.78809251	7.99305861	8.20042796	8.35498489	8.56173263	8.90150137	9.07280386	9.22711233	9.46476048	9.75624803	9.88725119	9.98246777	10.04969663	10.08839535	10.11000992	10.12093587	10.12565746	10.12557654	10.11827149	10.10342524	10.07976187	10.04630512	10.00592685	9.96147463	9.90902079	9.85152541	9.79069103	9.72447535	9.60435877	9.42367351	9.28323898	9.17942289	9.09790446	9.03065064	8.97226310	8.91888253	8.86841303	8.81796681	8.69341512	8.54772927	8.44572631
	8.56197729	8.74579912	8.83995230	8.85832805	8.84310829	6.93514141	7.07104787	7.49892762	7.78941123	7.99413617	8.20183950	8.35653235	8.56432401	8.90383078	9.07446382	9.22870777	9.46673206	9.75751103	9.88829648	9.98331354	10.05032225	10.08886539	10.11042464	10.12136644	10.12617020	10.12617583	10.11895255	10.10420584	10.08059590	10.04719303	10.00685360	9.96241626	9.90996147	9.85246604	9.79158786	9.72529939	9.60665122	9.42470877	9.28422925	9.18048200	9.09899425	9.03175088	8.97334987	8.91993661	8.86943934	8.81955948	8.69564874	8.54913034	8.44669106
	8.56907922	8.75246619	8.84160749	8.85867800	8.88801080	6.92889070	7.07195972	7.49730614	7.78153382	7.98081481	8.19376990	8.35098084	8.55767090	8.89976927	9.07181178	9.22540205	9.45882706	9.75028658	9.88265248	9.97749208	10.04344154	10.08102058	10.10196794	10.11265143	10.11739821	10.11755532	10.11033484	10.09584088	10.07242685	10.03930838	9.99934507	9.95518697	9.90295338	9.84539863	9.78407891	9.71663907	9.58466306	9.41000520	9.27387030	9.17310038	9.09338232	9.02714744	8.96917734	8.91573961	8.86497410	8.81524514	8.68214134	8.53990129	8.43951409
	8.57678458	8.75945347	8.84284877	8.85872202	8.71315077	6.91671033	7.06305272	7.48575348	7.76344313	7.95580250	8.17559190	8.33644663	8.53884205	8.88662854	9.06270087	9.21547528	9.44147058	9.73773427	9.87226790	9.96675881	10.03117561	10.06737224	10.08731016	10.09763100	10.10206888	10.10243257	10.09519267	10.08114542	10.05816186	10.02562099	9.98639732	9.94296643	9.89151553	9.83436292	9.77295054	9.70451197	9.55492965	9.38762109	9.25710077	9.16021503	9.08293009	9.01818826	8.96096197	8.90767872	8.85667270	8.80218264	8.65907161	8.52346951	8.42657709
	8.58265560	8.76565657	8.84499076	8.86061907	8.42868039	6.90911990	7.05564066	7.47708586	7.75181947	7.94198101	8.16480046	8.32787465	8.52948963	8.87906491	9.05758157	9.21082031	9.43605503	9.73434893	9.86896099	9.96291276	10.02653120	10.06215925	10.08163387	10.09185547	10.09605813	10.09660791	10.08932744	10.07553450	10.05272538	10.02036275	9.98140271	9.93830940	9.88739419	9.83064426	9.76948853	9.70090458	9.54502683	9.37909210	9.24989156	9.15416957	9.07769161	9.01349384	8.95653140	8.90328005	8.85210600	8.79060344	8.64709576	8.51428382	8.41902530
	8.59025899	8.77382701	8.84853632	8.86275510	8.60535046	6.91178965	7.06792593	7.48583415	7.75423798	7.94302510	8.16923415	8.33345028	8.53879646	8.88683627	9.06343559	9.21672204	9.44313513	9.73750624	9.87191672	9.96548991	10.02852466	10.06386581	10.08337222	10.09348469	10.09794647	10.09866850	10.09145912	10.07771283	10.05475037	10.02213876	9.98294866	9.93951953	9.88822024	9.83100081	9.76926149	9.69958455	9.54061531	9.37680027	9.24918250	9.15459277	9.07867644	9.01467300	8.95760716	8.90402291	8.85242790	8.79204826	8.64545600	8.51338947	8.41829745
	8.58852397	8.77259669	8.84536301	8.85796143	8.67418523	6.90560688	7.05892190	7.47495590	7.73898027	7.91970082	8.15281362	8.31987612	8.51687278	8.87205616	9.05281752	9.20375712	9.41727908	9.71795206	9.85695729	9.95139464	10.01367759	10.04812889	10.06684801	10.07644785	10.08051483	10.08108223	10.07374737	10.06034292	10.03779140	10.00581551	9.96733408	9.92455777	9.87375185	9.81650154	9.75407415	9.68220387	9.50398472	9.35159763	9.23112744	9.14088014	9.06759829	9.00512023	8.94876301	8.89524553	8.84321089	8.77697577	8.62119652	8.49689777	8.40600623
	8.59715542	8.78314215	8.85017599	8.86200129	8.55034867	6.90447511	7.06232321	7.47593488	7.73544466	7.91521018	8.15151432	8.31997915	8.51943536	8.87444437	9.05471282	9.20597105	9.42094752	9.72053793	9.85894591	9.95279021	10.01444781	10.04858154	10.06714060	10.07659584	10.08068719	10.08140556	10.07403250	10.06083358	10.03826451	10.00622249	9.96768566	9.92485245	9.87410323	9.81683878	9.75424216	9.68158235	9.50193975	9.34922826	9.22932007	9.13974002	9.06687450	9.00460124	8.94821305	8.89445510	8.84203344	8.77039322	8.61706853	8.49352412	8.40306616
	8.60669377	8.79280567	8.85539996	8.86690378	8.52464547	6.90561510	7.06890025	7.47916759	7.73363880	7.91208496	8.15036178	8.32074816	8.52366055	8.87719660	9.05708602	9.20873808	9.42500607	9.72281376	9.86064508	9.95399324	10.01496728	10.04865712	10.06702070	10.07661423	10.08100044	10.08195374	10.07495722	10.06182441	10.03935483	10.00738279	9.96897051	9.92621691	9.87545698	9.81823727	9.75554997	9.68200932	9.50263104	9.34907832	9.22948960	9.14041259	9.06788171	9.00575103	8.94930356	8.89530536	8.84250132	8.76721440	8.61660189	8.49250201	8.40177423
	8.62024711	8.80383631	8.86091299	8.87182355	7.89380330	6.89870706	7.06548230	7.47095814	7.71765369	7.89042408	8.13396962	8.30954190	8.51168425	8.86785995	9.05162944	9.20372675	9.41694552	9.71608360	9.85543210	9.94881520	10.00894195	10.04182053	10.05978582	10.06948529	10.07426774	10.07554876	10.06897416	10.05596692	10.03359430	10.00162583	9.96336875	9.92077848	9.87004076	9.81286374	9.74974799	9.67039345	9.48679738	9.33602013	9.21950989	9.13262666	9.06151222	9.00012235	8.94379115	8.88937598	8.83562743	8.74604618	8.59875930	8.47870939	8.39036180
	8.62636270	8.80823307	8.86313616	8.87320659	7.60305290	6.89936626	7.07128159	7.47275055	7.71388993	7.88392826	8.13156847	8.30893558	8.51105388	8.86820895	9.05211839	9.20365728	9.41426784	9.71329130	9.85353206	9.94691021	10.00655465	10.03896424	10.05671819	10.06645058	10.07138523	10.07271953	10.06628958	10.05335184	10.03103387	9.99911083	9.96093975	9.91835063	9.86746802	9.80999095	9.74619628	9.66275128	9.47678747	9.32909299	9.21507574	9.12972092	9.05949932	8.99851943	8.94220860	8.88747490	8.83311575	8.73973152	8.59105704	8.47320701	8.38602459
	8.63863511	8.81595861	8.86979088	8.87855111	7.85383025	6.90971335	7.09665644	7.49000467	7.72292252	7.89608966	8.14883460	8.32440984	8.53310866	8.88698252	9.06464382	9.21526759	9.42896103	9.72435164	9.86213638	9.95418129	10.01289090	10.04494537	10.06256001	10.07237528	10.07751963	10.07890410	10.07259202	10.05977025	10.03747109	10.00557930	9.96735908	9.92458686	9.87341777	9.81537775	9.75063809	9.66564220	9.48206488	9.33384123	9.22040675	9.13542702	9.06535855	9.00431441	8.94775164	8.89253592	8.83753567	8.75012133	8.59687283	8.47744132	8.38923679
	8.65475541	8.82521156	8.87693188	8.88415765	7.82532372	6.92000942	7.11938992	7.50206837	7.72396935	7.89843199	8.15860031	8.33476408	8.54901256	8.89989139	9.07354419	9.22341726	9.43851842	9.73003309	9.86668514	9.95769942	10.01529379	10.04681259	10.06419679	10.07429446	10.07985588	10.08160806	10.07569107	10.06314837	10.04097053	10.00916210	9.97093551	9.92803025	9.87657543	9.81794357	9.75205523	9.66001004	9.48157269	9.33385494	9.22202433	9.13807563	9.06859464	9.00770988	8.95092689	8.89505323	8.83905008	8.75014014	8.59691223	8.47714907	8.38870634
	8.66664102	8.83084487	8.88073906	8.88654660	7.91785654	6.92420537	7.12814566	7.50165339	7.71639737	7.89093137	8.15772065	8.33496996	8.54963873	8.90099860	9.07413359	9.22311566	9.43606712	9.72724647	9.86444370	9.95501531	10.01176617	10.04280547	10.05996245	10.07018141	10.07598598	10.07808848	10.07244320	10.06016175	10.03810275	10.00639695	9.96824369	9.92536062	9.87383924	9.81485567	9.74815353	9.65121255	9.47134706	9.32636155	9.21721504	9.13489581	9.06642955	9.00603354	8.94930409	8.89302383	8.83623096	8.74126935	8.58825220	8.47084228	8.38366351
	8.67351407	8.83426540	8.88293796	8.88825736	7.87924859	6.91727861	7.11837775	7.49019658	7.69920628	7.86599552	8.13778869	8.32047471	8.52917578	8.88582471	9.06468798	9.21309992	9.41778888	9.71252905	9.85390457	9.94575272	10.00245942	10.03331426	10.05013204	10.06028352	10.06604769	10.06837381	10.06286349	10.05082924	10.02885598	9.99722028	9.95912685	9.91637722	9.86468259	9.80516080	9.73708720	9.62570820	9.44715532	9.30798963	9.20341237	9.12386337	9.05712666	8.99759992	8.94098178	8.88407645	8.82588115	8.71318772	8.56593406	8.45371274	8.36976900
	8.69434193	8.84472797	8.89193024	8.89677518	7.97980200	6.92118990	7.13405087	7.49444094	7.69792430	7.87363192	8.14582103	8.32847323	8.54725292	8.89604955	9.07194233	9.22217332	9.43738239	9.72569475	9.86332682	9.95311730	10.00889466	10.03961184	10.05664985	10.06722810	10.07353986	10.07648003	10.07145833	10.05966594	10.03758665	10.00566096	9.96726802	9.92425090	9.87255198	9.81325129	9.74548454	9.63422156	9.46209401	9.31649393	9.20964759	9.12901974	9.06179755	9.00201524	8.94523025	8.88812942	8.82962109	8.71747700	8.57075169	8.45602071	8.37061114
	8.71826715	8.85549770	8.89932503	8.90171330	7.96942000	6.93187921	7.16556441	7.50256024	7.69195440	7.87243879	8.15563906	8.33746144	8.55820232	8.90691321	9.07847151	9.22571616	9.43599094	9.72426917	9.86224973	9.95090191	10.00481366	10.03447619	10.05105013	10.06168731	10.06832510	10.07126330	10.06644045	10.05474686	10.03275501	10.00101009	9.96278567	9.91964710	9.86738783	9.80632783	9.73554623	9.61356915	9.43702178	9.29994486	9.19978942	9.12293467	9.05792397	8.99903190	8.94204944	8.88344499	8.82235084	8.69635907	8.55123729	8.44196343	8.35956284
	8.73659569	8.86211779	8.90283189	8.90345759	7.14642168	6.93222738	7.16654553	7.48758593	7.66531007	7.84316706	8.13560721	8.32440042	8.53935212	8.89092268	9.06924424	9.21432932	9.41255711	9.69422544	9.84594052	9.93696695	9.99053433	10.01956793	10.03590322	10.04656969	10.05344976	10.05638491	10.05168552	10.03994873	10.01783354	9.98610676	9.94779586	9.90420411	9.85067674	9.78671729	9.70834585	9.55990350	9.39421328	9.26938320	9.17801748	9.10618749	9.04411619	8.98636411	8.92896016	8.86812185	8.79294240	8.65047601	8.51656903	8.41637118	8.33935469
	8.75516074	8.86905819	8.90751541	8.90700182	6.99267471	6.93875354	7.18217445	7.48539523	7.65698550	7.84106126	8.13856396	8.32680677	8.54308280	8.89338896	9.07035085	9.21367109	9.40969205	9.68842264	9.84231343	9.93261910	9.98505227	10.01346787	10.02960153	10.04031442	10.04737307	10.05055506	10.04606229	10.03442596	10.01235940	9.98065536	9.94241987	9.89854396	9.84441925	9.77883287	9.69047943	9.53525856	9.37612714	9.25664160	9.16941219	9.09997127	9.03930693	8.98201994	8.92423046	8.86189220	8.77760442	8.62990046	8.50100408	8.40458632	8.32985187
	8.78506793	8.88157209	8.91702460	8.91516681	6.98001006	6.94735327	7.20445571	7.48072671	7.64698539	7.84247789	8.14532753	8.33179807	8.55082160	8.89958773	9.07324558	9.21443680	9.40936134	9.68180682	9.83917585	9.92794854	9.97906118	10.00711191	10.02335469	10.03443088	10.04204273	10.04555412	10.04154640	10.03022958	10.00815010	9.97636265	9.93807048	9.89358888	9.83864518	9.77089472	9.67030550	9.51083192	9.35763577	9.24374569	9.16095834	9.09413367	9.03501945	8.97821292	8.91983455	8.85550928	8.75971234	8.60850077	8.48413509	8.39117957	8.31864319
	8.79847079	8.88786508	8.92127340	8.91812003	6.98550379	6.95037416	7.21039994	7.47194227	7.63715579	7.83491511	8.14183620	8.32852178	8.54348072	8.89592705	9.06928420	9.20836943	9.39478172	9.66579800	9.82864604	9.91809292	9.96890610	9.99687170	10.01308470	10.02426074	10.03206751	10.03553695	10.03172207	10.02047919	9.99844028	9.96666602	9.92825994	9.88322472	9.82718585	9.75753903	9.64776938	9.47204774	9.33139400	9.22585873	9.14831459	9.08451499	9.02708302	8.97079086	8.91178267	8.84589746	8.73483392	8.58134263	8.46453037	8.37646030	8.30702963
	8.81185610	8.89410891	8.92526727	8.92051841	6.97598934	6.95375931	7.21905067	7.46449310	7.62810790	7.82994761	8.13635903	8.32479899	8.53808355	8.88639517	9.06319681	9.20137426	9.38068702	9.63952218	9.81181455	9.90363286	9.95469178	9.98289669	9.99923336	10.01060463	10.01866360	10.02229998	10.01849830	10.00735708	9.98531615	9.95341970	9.91462748	9.86854630	9.81052627	9.73642347	9.60536406	9.43515413	9.30489427	9.20700507	9.13430897	9.07332023	9.01735269	8.96121016	8.90100127	8.83186848	8.69886529	8.55349741	8.44361655	8.36001793	8.29351995
	8.82552522	8.90146891	8.93029942	8.92408984	6.96542278	6.95920025	7.22897857	7.45425115	7.61660298	7.81751405	8.12817225	8.31735130	8.52331883	8.87218683	9.05249122	9.18840952	9.35491504	9.59612538	9.78475600	9.87972565	9.93185131	9.96018661	9.97691371	9.98864875	9.99733145	10.00115946	9.99755919	9.98640349	9.96433496	9.93245161	9.89305472	9.84518947	9.78353843	9.69747285	9.53849450	9.38252932	9.26730002	9.18021825	9.11415888	9.05694757	9.00280838	8.94656643	8.88427957	8.80617015	8.64959016	8.51618378	8.41598932	8.33850147	8.27592539
	8.83316246	8.90638352	8.93403833	8.92702261	6.96210177	6.96382754	7.22847514	7.44359517	7.60797119	7.80819290	8.12198268	8.31238144	8.51372454	8.86158846	9.04640664	9.18091484	9.33952455	9.56903920	9.76566936	9.86459526	9.91765591	9.94634246	9.96353945	9.97570807	9.98495768	9.98904356	9.98578579	9.97465559	9.95241910	9.92046316	9.88054937	9.83140192	9.76720156	9.66804023	9.49871216	9.35432370	9.24728762	9.16622344	9.10377668	9.04862352	8.99540288	8.93896596	8.87530669	8.78779117	8.62426008	8.49699414	8.40180575	8.32748461	8.26699653
	8.84311690	8.91351737	8.94027678	8.93259434	6.95959833	6.96942922	7.22853344	7.43292137	7.59982511	7.79963751	8.11760349	8.30875819	8.50615534	8.85623907	9.04185074	9.17464667	9.32568865	9.53950759	9.74856842	9.84964668	9.90369045	9.93297673	9.95079928	9.96355929	9.97352908	9.97798039	9.97519950	9.96415509	9.94173258	9.90962281	9.86901851	9.81825131	9.75108362	9.63309681	9.46117899	9.32876518	9.22956105	9.15418379	9.09511746	9.04188037	8.98945571	8.93270012	8.86751489	8.76845032	8.60251309	8.48040246	8.38968014	8.31823198	8.25962897
	8.85455338	8.92088248	8.94562810	8.94026305	6.95519849	6.97581674	7.23519682	7.42574545	7.59691168	7.80223002	8.11572287	8.30855110	8.50725049	8.84602946	9.03780020	9.17009921	9.31563928	9.51421025	9.72151439	9.82970194	9.88554616	9.91577163	9.93470871	9.94839554	9.95944932	9.96444834	9.96228989	9.95119045	9.92819689	9.89506800	9.85272614	9.79893729	9.72479391	9.57855067	9.42329050	9.30162226	9.21007596	9.14025260	9.08433136	9.03270688	8.98058051	8.92274460	8.85478770	8.73202730	8.57596475	8.45967561	8.37388808	8.30556148	8.24895683
	8.86231124	8.92579357	8.94922660	8.81785138	6.95290831	6.98021003	7.23784131	7.41794025	7.59265115	7.79898256	8.11353425	8.30645743	8.50314316	8.83953914	9.03299781	9.16400537	9.30374631	9.48890382	9.69306266	9.81101803	9.86866057	9.89973621	9.91977771	9.93434433	9.94636849	9.95185994	9.95019482	9.93905142	9.91564241	9.88161885	9.83765374	9.78074560	9.69406570	9.53450515	9.39087826	9.27833452	9.19313302	9.12772826	9.07426741	9.02381746	8.97172887	8.91272275	8.84216644	8.70121800	8.55230409	8.44175013	8.36020843	8.29459312	8.23972975
	8.86657575	8.92834049	8.95113312	8.68617920	6.94842656	6.98089905	7.23298865	7.40873017	7.58390424	7.78624973	8.10196126	8.29816572	8.49008041	8.82298797	9.02374065	9.15395065	9.28686699	9.45766688	9.65986858	9.78919424	9.84943305	9.88168113	9.90280516	9.91821772	9.93114089	9.93709142	9.93577761	9.92461737	9.90083133	9.86596272	9.82038421	9.76023381	9.65866433	9.49591388	9.35689023	9.25422725	9.17541183	9.11416935	9.06299760	9.01360972	8.96148526	8.90126611	8.82462691	8.67483084	8.52856697	8.42432403	8.34707318	8.28423922	8.23113199
	8.86840834	8.92961129	8.95268246	8.46392670	6.94001277	6.97710140	7.22030088	7.39574582	7.56778729	7.76092848	8.07834270	8.28155177	8.46608550	8.79228746	9.00805287	9.13851895	9.26406283	9.41861483	9.61423509	9.76091257	9.82518315	9.85922346	9.88169414	9.89813270	9.91206442	9.91857190	9.91768269	9.90655218	9.88236464	9.84648840	9.79896640	9.73510372	9.61371230	9.44593544	9.32255382	9.22881166	9.15603074	9.09856882	9.04945891	9.00094147	8.94857048	8.88683883	8.80204788	8.63897515	8.50434210	8.40666434	8.33378445	8.27386649	8.22261421
	8.87110584	8.93079815	8.95330683	7.59867296	6.93439156	6.97680076	7.21169822	7.38540193	7.55666619	7.74545344	8.05934874	8.26967876	8.44994009	8.76699116	8.99445379	9.12547404	9.24486827	9.38583072	9.56448351	9.72621779	9.79793353	9.83424490	9.85854407	9.87650702	9.89194686	9.89919638	9.89882039	9.88750249	9.86249537	9.82501469	9.77446886	9.70020976	9.55679697	9.39926172	9.28888204	9.20346134	9.13630286	9.08236907	9.03503500	8.98703759	8.93389700	8.86983836	8.77345394	8.60227738	8.47857698	8.38762309	8.31911895	8.26204735	8.21252898
	8.87533160	8.93297400	8.95451354	6.83818338	6.92980730	6.97871348	7.20997761	7.37835075	7.54970166	7.73635351	8.04616299	8.26138469	8.43911319	8.73854330	8.98276100	9.11442070	9.22886622	9.35882036	9.51687202	9.69079387	9.76945385	9.80834980	9.83482416	9.85465161	9.87191284	9.87998519	9.88014780	9.86850832	9.84237316	9.80285150	9.74846723	9.65565592	9.49720955	9.35823139	9.25809270	9.17966620	9.11726761	9.06632578	9.02034186	8.97248748	8.91809199	8.85103239	8.73151728	8.56726006	8.45294723	8.36811714	8.30348357	8.24884699	8.20073140
	8.88125589	8.93632834	8.95658436	6.85498554	6.92703211	6.98176971	7.20988780	7.37061759	7.54478803	7.72971422	8.03868576	8.25598818	8.43117267	8.71704486	8.97281641	9.10450346	9.21392208	9.33341638	9.47360341	9.64406373	9.73921730	9.78043343	9.80909376	9.83117222	9.85067043	9.85961492	9.86038296	9.84817938	9.82049903	9.77831965	9.71896430	9.59554195	9.43976849	9.31770460	9.22758545	9.15583393	9.09804136	9.04991886	9.00505396	8.95700089	8.90081391	8.83042348	8.68335744	8.53288427	8.42729666	8.34843675	8.28751295	8.23514425	8.18822080
	8.88480278	8.93856536	8.95833837	6.84826735	6.92315844	6.98005508	7.19936267	7.36008907	7.53430621	7.71890948	8.01793419	8.24576832	8.42126835	8.69497669	8.95887275	9.09336905	9.20055961	9.31396694	9.44415867	9.59696151	9.69569885	9.74746744	9.78142712	9.80660379	9.82912599	9.83926077	9.84083924	9.82821603	9.79856120	9.75266050	9.67503802	9.54765015	9.40455791	9.29146771	9.20686623	9.13888355	9.08351533	9.03668750	8.99202560	8.94319578	8.88458799	8.79976852	8.65117386	8.51087970	8.41052760	8.33533517	8.27662284	8.22556272	8.17920451
	8.88596450	8.93929816	8.95937356	6.83081573	6.91247444	6.97138865	7.17693859	7.34373245	7.51311471	7.69271186	7.97534234	8.22316082	8.39706411	8.64866860	8.93391663	9.07355688	9.17740955	9.28107812	9.39639763	9.53183727	9.64147804	9.70360867	9.74338156	9.77244244	9.79865162	9.81024177	9.81279366	9.79984886	9.76780149	9.71745114	9.62016892	9.48192238	9.35446432	9.25402708	9.17744460	9.11480274	9.06270972	9.01754768	8.97318822	8.92342128	8.86181644	8.76197586	8.60520340	8.47964032	8.38737138	8.31748003	8.26199076	8.21293061	8.16757445
	8.89305241	8.94441090	8.96536562	6.83143720	6.91261704	6.97377068	7.17213681	7.33508347	7.50842376	7.68806247	7.96708454	8.21986814	8.39316818	8.63683168	8.92555204	9.06598023	9.16736931	9.26564455	9.37243175	9.49349397	9.60026559	9.66366005	9.71272015	9.74741418	9.77691491	9.79006565	9.79351140	9.77946521	9.74498283	9.68030938	9.57471386	9.44080293	9.32338866	9.23030889	9.15840178	9.09878745	9.04845942	9.00399617	8.95918672	8.90793814	8.84200953	8.72551309	8.57505505	8.45830859	8.37095816	8.30441956	8.25075622	8.20255834	8.15721746
	8.89583552	8.94592704	8.96269234	6.83068545	6.91176903	6.97482348	7.16757265	7.33026211	7.50554538	7.68512581	7.96097574	8.21693358	8.39010958	8.62861640	8.91915242	9.06044512	9.16023949	9.25472643	9.35585210	9.46798240	9.57147057	9.63701111	9.68949531	9.73052912	9.76240157	9.77621426	9.78004517	9.76553497	9.72974253	9.65553144	9.54235851	9.41287672	9.30203039	9.21377784	9.14489602	9.08729885	9.03815097	8.99413315	8.94899527	8.89667933	8.82763546	8.69864211	8.55375892	8.44309308	8.35913382	8.29490378	8.24249611	8.19490852	8.14958516
	8.89665517	8.94647770	8.56726769	6.80505689	6.89300182	6.95853885	7.13636874	7.31134531	7.47666199	7.65225062	7.90183370	8.17890517	8.35770702	8.57465268	8.86768888	9.02832924	9.12909156	9.21733760	9.30756596	9.40430853	9.49094524	9.55368952	9.60589080	9.65375678	9.69523742	9.71542572	9.72161266	9.70330977	9.65601694	9.57217066	9.46074835	9.34991745	9.25296824	9.17381909	9.11029428	9.05572330	9.00767296	8.96324075	8.91601657	8.85669141	8.76512453	8.63001325	8.50560408	8.40775135	8.33163009	8.27221285	8.22254141	8.17630520	8.13104806
	8.89929421	8.94926158	7.89840632	6.76846387	6.86587357	6.93500534	7.09436654	7.28266119	7.43459052	7.60498464	7.81739062	8.12334573	8.31174324	8.50181358	8.79104492	8.98235381	9.08606581	9.16785259	9.24573136	9.32530770	9.39252260	9.44494294	9.49381074	9.54553451	9.59673828	9.62386482	9.63289784	9.61010240	9.55003404	9.46074750	9.36303769	9.27342243	9.19208276	9.12302681	9.06521972	9.01353329	8.96601106	8.92016254	8.86925458	8.79078150	8.67415711	8.54747359	8.44673038	8.36370488	8.29688960	8.24309864	8.19656404	8.15170633	8.10612838
	8.90614069	8.95610198	6.59414826	6.73744267	6.84141029	6.91511952	7.05940435	7.25265176	7.39572581	7.56383087	7.75007672	8.06893038	8.27221805	8.44668216	8.71147840	8.93698716	9.04606406	9.12443018	9.19394713	9.26169929	9.31651181	9.35760500	9.39632245	9.43879969	9.48832141	9.51668714	9.52807463	9.50241088	9.44175534	9.36732431	9.28707247	9.21141689	9.14042479	9.07781451	9.02305316	8.97208173	8.92333952	8.87444000	8.81211759	8.70725952	8.58222028	8.48053319	8.39698209	8.32506005	8.26524401	8.21553890	8.17091714	8.12627049	8.07911860
	8.91091467	8.96054524	6.44654965	6.72405567	6.83008168	6.90562227	7.04338529	7.22911342	7.37984097	7.54748014	7.72988112	8.03888424	8.25544722	8.42816620	8.67488748	8.91265837	9.02657606	9.10500741	9.17235278	9.23661698	9.28785110	9.32584378	9.36189212	9.40082207	9.44561798	9.47128997	9.48149884	9.45738122	9.40193731	9.33273940	9.25746853	9.18578479	9.11753866	9.05634157	9.00171952	8.94991012	8.89944715	8.84758512	8.76609655	8.65820265	8.54511809	8.45269124	8.37507583	8.30713927	8.24975595	8.20134578	8.15700998	8.11174065	8.06297866
	8.91839288	8.97319027	6.44314414	6.69037105	6.80445715	6.88161944	7.00793846	7.18361961	7.34727282	7.51224498	7.68859697	7.97402210	8.21743094	8.39046923	8.60882010	8.85204524	8.98678936	9.06815035	9.13405990	9.19480050	9.24167511	9.27577967	9.30810992	9.34233922	9.38173182	9.40391609	9.41277232	9.39137050	9.34265811	9.28084893	9.21239651	9.14592835	9.08084985	9.02055892	8.96501757	8.91080568	8.85049239	8.78425288	8.69110668	8.59027225	8.49382506	8.41296754	8.34313776	8.28045060	8.22624503	8.17934467	8.13516650	8.08875160	8.03567926
	8.93207667	8.65606280	6.39587818	6.64813665	6.77540433	6.85261149	6.95846732	7.11876251	7.30380935	7.46805173	7.63789450	7.88932547	8.16918337	8.34487968	8.53397219	8.77694325	8.93247433	9.01984177	9.08488708	9.14214789	9.18459926	9.21480889	9.24324964	9.27289226	9.30692502	9.32557366	9.33274250	9.31420115	9.27228159	9.21865566	9.15725583	9.09589047	9.03328779	8.97250519	8.91426697	8.84937209	8.77638637	8.69058963	8.59566080	8.51017697	8.43226527	8.36459680	8.30370802	8.24693216	8.19610272	8.15042144	8.10550278	8.05606398	7.99039806
	8.94444460	7.76147025	6.32499298	6.55315085	6.72503788	6.80777276	6.90220160	7.03860615	7.23024762	7.39933123	7.56460536	7.77150654	8.07630179	8.27432449	8.44064679	8.64468149	8.82632402	8.93832081	9.00923987	9.06814577	9.10925509	9.13734270	9.16274115	9.18934387	9.21897609	9.23516705	9.24191593	9.22671253	9.19134820	9.14496366	9.08945959	9.03108338	8.96775480	8.90249111	8.82930053	8.73532538	8.65155197	8.56873427	8.49606105	8.43015217	8.36709501	8.30981517	8.25622250	8.20401052	8.15535226	8.10972515	8.06282325	7.99939904	7.90304662
	8.95177014	7.62469099	6.29750117	6.51699526	6.70783776	6.79134505	6.88203525	7.01085638	7.20665363	7.37555812	7.53722961	7.72807765	8.03561228	8.24557143	8.40440544	8.58626771	8.77558383	8.89918377	8.97397490	9.03423431	9.07537258	9.10305420	9.12772420	9.15345092	9.18162503	9.19700076	9.20357036	9.18940258	9.15631218	9.11244982	9.05866014	9.00065344	8.93584424	8.86582058	8.78202563	8.67752366	8.59167479	8.51754556	8.45409775	8.39580047	8.33843401	8.28529050	8.23440044	8.18369836	8.13551434	8.08939253	8.03975141	7.96458883	7.85882081
	8.96500339	7.68075004	6.28364822	6.50003749	6.69812627	6.78347310	6.86997957	6.99469574	7.19932690	7.36709618	7.52733601	7.71253127	8.01723260	8.23521190	8.39154478	8.55820922	8.74699893	8.88064726	8.95616926	9.01655086	9.05800239	9.08603024	9.11099297	9.13688992	9.16458980	9.17967679	9.18592835	9.17161767	9.13890574	9.09561387	9.04167511	8.98270592	8.91637585	8.84195961	8.74515187	8.63494339	8.55058787	8.48514749	8.42793066	8.37434371	8.32030972	8.26969372	8.22018649	8.17002391	8.12161376	8.07520996	8.02352725	7.93128410	7.82280271
	8.97634230	7.20633524	6.25166830	6.44742719	6.66590167	6.75707709	6.83767639	6.95090293	7.15308508	7.33402709	7.49144113	7.67158757	7.94796858	8.19397389	8.35276731	8.50453004	8.66902463	8.80161101	8.89624886	8.96550041	9.01049412	9.04078782	9.06785132	9.09529354	9.12413337	9.13991616	9.14638481	9.13235256	9.09991855	9.05659089	9.00123365	8.93891452	8.86200560	8.76313012	8.65628101	8.55848060	8.48796100	8.43171172	8.38151088	8.33346365	8.28361512	8.23588915	8.18775876	8.13760954	8.08808325	8.03573457	7.96307480	7.85573200	7.76575472
	8.99943420	6.36570210	6.21584780	6.38598792	6.63048635	6.73468422	6.81498883	6.91537439	7.10737513	7.29631134	7.44942807	7.62090246	7.86532500	8.13848304	8.30307399	8.43676239	8.56884382	8.69421246	8.80697291	8.88315061	8.93673168	8.97427928	9.00567851	9.03621156	9.06741151	9.08485062	9.09222172	9.07919861	9.04767323	9.00422662	8.94629347	8.87162517	8.77697652	8.65265820	8.55345905	8.47691490	8.42017140	8.37378502	8.33065988	8.28818328	8.24238788	8.19698417	8.14931033	8.09769609	8.04022271	7.97256155	7.87755022	7.78404534	7.71098184
	9.01999548	6.10105208	6.18873017	6.34322604	6.58097564	6.71454253	6.79663601	6.89100105	7.06633304	7.25231872	7.41009223	7.57687072	7.79907415	8.08124723	8.25893180	8.38582992	8.50047863	8.61155830	8.71774840	8.80098915	8.86685509	8.91567155	8.95212864	8.98657472	9.02111650	9.04099716	9.04991192	9.03787005	9.00667076	8.96238744	8.90156641	8.80777689	8.69835482	8.57757558	8.49066155	8.42515032	8.37535762	8.33397863	8.29452598	8.25467477	8.21059927	8.16576125	8.11745880	8.06393109	7.99062080	7.90943786	7.81632285	7.73663287	7.67449747
	8.79431105	6.03849069	6.16598822	6.30980109	6.53432947	6.69411117	6.77943321	6.86804830	7.02622193	7.20613205	7.36861162	7.53677885	7.74329859	8.02314793	8.21677698	8.34187797	8.44580206	8.54202845	8.63815244	8.72329874	8.79665024	8.85330175	8.89522391	8.93519774	8.97673361	9.00081419	9.01171315	9.00051033	8.96903744	8.92008078	8.85273115	8.74413744	8.62763465	8.51654947	8.44044725	8.38252272	8.33745397	8.29941217	8.26238344	8.22398232	8.18053841	8.13531819	8.08219781	8.02330744	7.93736408	7.85095927	7.76487739	7.69620671	7.64254730
	7.26769074	6.01597677	6.12530716	6.25119309	6.44558877	6.65632582	6.75087271	6.83282215	6.95637175	7.11654007	7.29403740	7.46361074	7.64697748	7.89621076	8.13403713	8.26016740	8.35090529	8.42537962	8.49898177	8.57438701	8.64544916	8.70445012	8.76072176	8.82178384	8.88661566	8.91996369	8.93541455	8.92616538	8.89419548	8.82992908	8.73125776	8.61197609	8.50448482	8.42058992	8.35992147	8.31190214	8.27277122	8.23858304	8.20420985	8.16667414	8.12276706	8.07630854	8.00598840	7.91896103	7.82628061	7.75103279	7.68593520	7.63256492	7.59069958
	6.33546551	5.97894664	6.10172900	6.21836047	6.39373389	6.63589837	6.73857985	6.82227980	6.93110198	7.07137478	7.25169832	7.41758367	7.58701289	7.80960150	8.05137871	8.19648860	8.28207615	8.34612289	8.40667561	8.47163263	8.53277994	8.58744948	8.64659256	8.71394343	8.78081704	8.82224967	8.84573292	8.83710388	8.79885504	8.73298119	8.62726712	8.51664748	8.42354888	8.35498459	8.30311657	8.26065791	8.22453278	8.19182120	8.15783069	8.11904998	8.06834360	8.00536563	7.92970061	7.83679218	7.75441602	7.68985169	7.63642665	7.59205793	7.55709732
	5.74220903	5.93950591	6.08776825	6.19638863	6.35696357	6.61781135	6.72517610	6.80340555	6.90019457	7.03012031	7.20936375	7.38695374	7.54947845	7.74999324	7.99683303	8.15412263	8.23761875	8.29700568	8.34994805	8.40668462	8.45795280	8.50599536	8.56518112	8.63285009	8.69874419	8.75112123	8.78333684	8.77340133	8.72523911	8.65499722	8.54897648	8.45045633	8.36989686	8.30917893	8.26172655	8.22183370	8.18679917	8.15409597	8.11917643	8.07774995	8.01979237	7.93915004	7.85576985	7.76527295	7.69645763	7.64212424	7.59616616	7.55762729	7.52713333
	5.76141039	5.90048548	6.07255504	6.17774547	6.32916709	6.58933826	6.71018616	6.78490356	6.87385085	6.99625292	7.17280937	7.35970125	7.51913627	7.70696720	7.94283340	8.11234034	8.19926741	8.25656798	8.30617064	8.35890422	8.40515986	8.44864056	8.50151460	8.56031349	8.62724761	8.68569989	8.72145880	8.71153055	8.65787442	8.58317760	8.49037536	8.40352766	8.33064094	8.27428684	8.22924081	8.19031492	8.15516653	8.12196027	8.08442805	8.03597683	7.96681678	7.87665612	7.79212502	7.71599491	7.65614992	7.60801055	7.56658985	7.53156328	7.50375708
	5.71554025	5.84036721	6.04363048	6.14531436	6.28049895	6.53195175	6.68356866	6.75640372	6.83332693	6.93997316	7.11231425	7.30831328	7.46814932	7.63909467	7.85300332	8.03134007	8.13051405	8.18925776	8.23677177	8.28497692	8.32666050	8.36610552	8.41160536	8.46344432	8.52715043	8.58389845	8.61753088	8.60915251	8.55897288	8.48801795	8.41112734	8.33784814	8.27399536	8.22269368	8.17952703	8.14042745	8.10283089	8.06572196	8.01768979	7.94503076	7.87157053	7.78748332	7.71481050	7.65315457	7.60330985	7.56200088	7.52560189	7.49432882	7.46934196
	5.66955811	5.77093058	5.98174270	6.10693806	6.22857414	6.45707254	6.65054022	6.72573118	6.79558165	6.88284927	7.03566451	7.22968817	7.40964604	7.57077517	7.75001116	7.91671499	8.02644400	8.10414177	8.15697898	8.20516464	8.24621883	8.28505010	8.32686097	8.37371216	8.42753484	8.47498202	8.50291846	8.49628379	8.45724074	8.40075812	8.33701556	8.27247813	8.21453843	8.16551809	8.12180037	8.07947051	8.02547358	7.97070483	7.91477377	7.83881225	7.76678102	7.70132988	7.64381844	7.59312069	7.55088815	7.51469429	7.48184715	7.45298681	7.42963590
	5.62200376	5.68788696	5.88388928	6.03857253	6.16193164	6.36174557	6.58025702	6.68615039	6.75820117	6.82611646	6.95078810	7.13013925	7.32260065	7.48955601	7.64393907	7.78779897	7.89610638	7.97886784	8.03968445	8.09696021	8.15045566	8.19309913	8.23489786	8.27885742	8.32653855	8.36784086	8.39338620	8.38915647	8.35951864	8.31587367	8.26286798	8.20581261	8.15181039	8.10205449	8.04727547	7.99573325	7.93077411	7.86902645	7.81145344	7.74449823	7.68303525	7.63072001	7.58349633	7.54057003	7.50364506	7.47081026	7.44012682	7.41249240	7.39022291
