	0.60515588	0.61370330	0.62391123	0.63848381	0.66422652	0.69245888	0.71403471	0.72492140	0.70619741	0.68359779	0.65470808	0.62459241	0.59940641	0.57842960	0.56455700	0.55545569	0.54799748	0.54429217	0.54295861	0.54551000	0.54979910	0.55173011	0.54716029	0.53595972	0.52049226	0.50455777	0.48662485	0.46993677	0.46027326	0.47025572	0.50431355	0.54899660	0.59198337	0.62129827	0.63368888	0.63418832	0.62833235	0.62130023	0.61591540	0.61326900	0.61254905	0.61255715	0.61291327	0.60886471	0.59481302	0.56574471	0.52296244	0.47442123	0.42690145
	0.51727381	0.52668939	0.53595570	0.54645756	0.56262936	0.58155695	0.59962624	0.61395902	0.59833562	0.57881999	0.55316098	0.52809888	0.50820106	0.48927903	0.47737920	0.46846569	0.46020262	0.45519132	0.45475242	0.46223143	0.47402919	0.48362807	0.48475422	0.47886721	0.47084376	0.46314720	0.44897008	0.43583272	0.43035136	0.45173504	0.50054253	0.55651221	0.60980472	0.64869774	0.66806801	0.67367152	0.67176525	0.66869259	0.66716102	0.66796075	0.66987160	0.67162795	0.67305616	0.66710166	0.64640177	0.60466352	0.54468005	0.47882316	0.41657246
	0.61503255	0.62664051	0.63722780	0.64821563	0.66140919	0.67440355	0.68650047	0.69260902	0.67516900	0.65034762	0.62236180	0.59541566	0.57348900	0.55174689	0.53619729	0.52362816	0.51263872	0.50502286	0.50230900	0.50709658	0.51603556	0.52214018	0.52027811	0.51274160	0.50345269	0.49087787	0.47960038	0.47007584	0.46867619	0.49238122	0.54015433	0.59269066	0.64117852	0.67447556	0.68976487	0.69273689	0.68916777	0.68524700	0.68343890	0.68384950	0.68496370	0.68584221	0.68652032	0.67908402	0.65553525	0.61018862	0.54682856	0.47847857	0.41589110
	0.59439378	0.60638608	0.61750571	0.62940555	0.64196814	0.65079195	0.65585759	0.65905278	0.64182057	0.61442588	0.58641066	0.56054220	0.53951102	0.51943483	0.50343395	0.49110832	0.48228472	0.47838911	0.47976779	0.48698956	0.49659213	0.50090090	0.49583164	0.48613720	0.47940375	0.46834591	0.45995534	0.45076620	0.45113842	0.47726366	0.52772066	0.58341124	0.63259580	0.66504879	0.68000386	0.68346746	0.68094143	0.67836465	0.67794080	0.67922578	0.68068438	0.68174528	0.68257157	0.67417814	0.64747807	0.59830047	0.53179912	0.46131709	0.39783441
	0.56183192	0.57385558	0.58619309	0.59999917	0.61229053	0.61731526	0.61373040	0.60522596	0.58413875	0.55427072	0.52476851	0.49973684	0.48002326	0.46362210	0.45040438	0.44222647	0.44026971	0.44394308	0.45143719	0.46180584	0.47110073	0.47125514	0.45940457	0.44065160	0.42389232	0.41260938	0.41132262	0.41234586	0.42066206	0.44595400	0.49684376	0.55504327	0.60531523	0.63825752	0.65481859	0.66109652	0.66207952	0.66304520	0.66549278	0.66823560	0.67016071	0.67137233	0.67221861	0.66167183	0.62872801	0.57264219	0.50184805	0.42979474	0.36621972
	0.61655580	0.63004635	0.64451475	0.66003102	0.67142444	0.67396543	0.66699047	0.65030985	0.62362627	0.59113913	0.55956775	0.53298126	0.51185181	0.49561391	0.48398267	0.47795791	0.47760393	0.48130940	0.48743590	0.49566721	0.50120877	0.49628410	0.47966116	0.45591112	0.43041228	0.41153017	0.40538534	0.41488057	0.43392125	0.46188954	0.51461099	0.57310353	0.62087042	0.65142406	0.66692997	0.67325436	0.67489511	0.67676480	0.67982953	0.68246311	0.68392687	0.68460967	0.68488759	0.67204961	0.63334881	0.57155658	0.49735438	0.42385711	0.36012159
	0.54237513	0.55481928	0.56943709	0.58526819	0.59648857	0.59929773	0.59261478	0.57391255	0.54419600	0.51116914	0.48137535	0.45773955	0.44003954	0.42762308	0.42043373	0.41886318	0.42223794	0.42887968	0.43762708	0.44804380	0.45401987	0.44830699	0.43095758	0.40625102	0.37798948	0.35162804	0.34150692	0.35529538	0.38020349	0.41221009	0.46618755	0.52820451	0.57944613	0.61293980	0.63157313	0.64128895	0.64648179	0.65125066	0.65586849	0.65902174	0.66059408	0.66124183	0.66140888	0.64734005	0.60511436	0.54017369	0.46405615	0.39032361	0.32719400
	0.58223214	0.59697884	0.61582580	0.63398595	0.64523907	0.64883237	0.64185597	0.62060772	0.58978530	0.55845880	0.53142807	0.50949615	0.49168603	0.47844280	0.47103697	0.46932942	0.47179842	0.47692003	0.48418919	0.49169050	0.49160482	0.47996256	0.45915924	0.43303873	0.40471576	0.38409765	0.38403639	0.39819220	0.42135885	0.46190990	0.52471510	0.58722143	0.63276191	0.66088080	0.67612878	0.68411120	0.68866863	0.69285142	0.69595976	0.69707653	0.69662774	0.69536425	0.69371508	0.67300561	0.61978621	0.54493776	0.46240902	0.38142531	0.31457770
	0.57234957	0.58774408	0.60773517	0.62622433	0.63871182	0.64519622	0.64097638	0.62144458	0.59214635	0.56306951	0.53821172	0.51742838	0.49957303	0.48648040	0.47966213	0.47802395	0.48003520	0.48452441	0.49126081	0.49680672	0.49354933	0.47987618	0.45888402	0.43405855	0.40825441	0.39484139	0.40106621	0.41359606	0.43786018	0.48085019	0.54335371	0.60349255	0.64584805	0.67165686	0.68590246	0.69373364	0.69878045	0.70290753	0.70502442	0.70485247	0.70310334	0.70057993	0.69771537	0.67268531	0.61433960	0.53607625	0.45145577	0.36618583	0.29593363
	0.54645688	0.56250159	0.58263546	0.60138248	0.61647743	0.62756278	0.62862685	0.61355338	0.58689898	0.56132835	0.53841982	0.51838841	0.50019522	0.48745686	0.48070820	0.47829513	0.47948925	0.48321243	0.48942113	0.49241940	0.48620535	0.47138979	0.45137310	0.42913458	0.40786131	0.40251354	0.40707294	0.41720699	0.44292349	0.48652339	0.54957090	0.60738188	0.64735301	0.67116070	0.68487794	0.69303621	0.69891968	0.70299818	0.70399211	0.70242270	0.69926142	0.69540902	0.69117946	0.66178670	0.59856100	0.51961139	0.43741095	0.34879256	0.27106867
	0.57022218	0.58877152	0.61025894	0.63083921	0.64928886	0.66426937	0.66860236	0.65324610	0.62813638	0.60409177	0.58228646	0.56242727	0.54410004	0.53115414	0.52373427	0.52057373	0.52089095	0.52364401	0.52898990	0.52935617	0.51946235	0.50166681	0.47966556	0.45609041	0.43398954	0.42895007	0.43402869	0.44937606	0.48052663	0.53021424	0.59696268	0.65225259	0.68895151	0.70950338	0.72118781	0.72840230	0.73369144	0.73639869	0.73541932	0.73197942	0.72684811	0.72129310	0.71529176	0.68109780	0.61104717	0.52559746	0.44104273	0.35500519	0.27253941
	0.57097011	0.59020897	0.61178013	0.63339014	0.65411631	0.67094396	0.67478364	0.65883057	0.63517774	0.61214567	0.59138694	0.57182789	0.55381871	0.54084925	0.53339449	0.53032660	0.53049056	0.53298450	0.53806102	0.53723087	0.52569413	0.50669208	0.48389843	0.45992722	0.43721315	0.43285702	0.43974098	0.45786770	0.49131930	0.54243985	0.60884617	0.66318978	0.69871424	0.71833359	0.72942300	0.73626610	0.74167551	0.74351257	0.74152873	0.73727882	0.73117696	0.72478582	0.71792505	0.68153454	0.60866510	0.52059445	0.43492349	0.35091689	0.26765896
	0.60839898	0.62934121	0.65271668	0.67668925	0.69970742	0.71699876	0.71917469	0.70482079	0.68295509	0.66116226	0.64077609	0.62102072	0.60253305	0.58899294	0.58116147	0.57791150	0.57774817	0.57990024	0.58451842	0.58247476	0.56853423	0.54706751	0.52160730	0.49482110	0.46991615	0.46378115	0.47351367	0.49729608	0.53713000	0.59428847	0.66353060	0.71685377	0.74889290	0.76609538	0.77535445	0.78058405	0.78466069	0.78577122	0.78197451	0.77647923	0.76904684	0.76125968	0.75323236	0.71344916	0.63624621	0.54226521	0.44971598	0.36350488	0.28327051
	0.62044979	0.64197542	0.66624170	0.69172979	0.71616608	0.73362748	0.73564949	0.72315192	0.70264794	0.68175286	0.66181271	0.64228984	0.62384672	0.61044557	0.60281680	0.59974051	0.59962588	0.60186952	0.60651207	0.60368329	0.58825413	0.56545665	0.53874468	0.51073234	0.48463070	0.47808033	0.48995431	0.51732861	0.56134218	0.62150636	0.69134277	0.74417891	0.77458471	0.79081297	0.79946537	0.80437829	0.80818160	0.80859768	0.80381469	0.79685391	0.78864436	0.77981382	0.77103276	0.72912413	0.64909414	0.55207246	0.45606159	0.36733421	0.28790345
	0.65182610	0.67389517	0.69975682	0.72697608	0.75251163	0.77051541	0.77431131	0.76462526	0.74612678	0.72614491	0.70652956	0.68694319	0.66809546	0.65447075	0.64682117	0.64368040	0.64347910	0.64573407	0.65046717	0.64632078	0.62877951	0.60380227	0.57499408	0.54489608	0.51662373	0.50906887	0.52403951	0.55744488	0.60886127	0.67288341	0.74383541	0.79509475	0.82309027	0.83747701	0.84482502	0.84894672	0.85128866	0.85068952	0.84504693	0.83616978	0.82669981	0.81654264	0.80657106	0.76122230	0.67688765	0.57566953	0.47413257	0.38003346	0.29941909
	0.67761787	0.69989391	0.72701300	0.75565068	0.78217982	0.80080315	0.80711079	0.80020078	0.78350129	0.76426654	0.74483111	0.72504111	0.70570751	0.69174688	0.68400157	0.68072436	0.68028587	0.68235074	0.68702668	0.68154095	0.66232517	0.63576398	0.60550566	0.57401930	0.54440291	0.53671961	0.55503251	0.59376601	0.64954095	0.71524981	0.78636233	0.83586779	0.86194076	0.87452371	0.88063102	0.88376305	0.88537179	0.88396665	0.87767439	0.86743111	0.85666268	0.84542448	0.83435869	0.78615829	0.69823175	0.59420917	0.48889748	0.39059520	0.30740538
	0.71718366	0.74025160	0.76910457	0.79886263	0.82628163	0.84593589	0.85573139	0.85198665	0.83666035	0.81765491	0.79791462	0.77739491	0.75707898	0.74230038	0.73410435	0.73057882	0.72992914	0.73173410	0.73634429	0.72961832	0.70892443	0.68069312	0.64861676	0.61515542	0.58346327	0.57562745	0.59693994	0.64176170	0.70172412	0.76926626	0.84088690	0.88902555	0.91299215	0.92369626	0.92851660	0.93043146	0.93143461	0.92912803	0.92199014	0.91069575	0.89921038	0.88666558	0.87461754	0.82378806	0.73264181	0.62483135	0.51429019	0.40995613	0.32294042
	0.73092460	0.75443839	0.78392043	0.81458978	0.84299068	0.86387327	0.87653889	0.87502950	0.86074818	0.84221303	0.82241058	0.80166609	0.78103417	0.76601518	0.75775738	0.75426742	0.75361943	0.75538531	0.75994450	0.75197189	0.73000844	0.70080650	0.66784262	0.63363655	0.60134150	0.59422152	0.61981998	0.66798675	0.72904440	0.79687915	0.86789961	0.91477567	0.93746173	0.94724325	0.95100033	0.95224497	0.95340158	0.95072583	0.94288348	0.93171278	0.91950736	0.90578588	0.89265714	0.83976039	0.74592103	0.63610468	0.52326555	0.41635412	0.32625981
	0.75097037	0.77506169	0.80527979	0.83684397	0.86609292	0.88874467	0.90432887	0.90509948	0.89213279	0.87345886	0.85313791	0.83196540	0.81060508	0.79508768	0.78668406	0.78315504	0.78339628	0.78535562	0.78973459	0.78037809	0.75741307	0.72709419	0.69289401	0.65763864	0.62418762	0.61796817	0.64772330	0.69919295	0.76182445	0.83013080	0.90092871	0.94669515	0.96768394	0.97631153	0.97943449	0.98025020	0.98116494	0.97796560	0.96939798	0.95802796	0.94530729	0.93129877	0.91697645	0.86165267	0.76558451	0.65374100	0.53732770	0.42670033	0.33296474
	0.76205908	0.78624148	0.81679692	0.84901949	0.87899856	0.90305836	0.92051626	0.92282253	0.91114438	0.89226443	0.87123606	0.84981551	0.82790486	0.81230673	0.80414657	0.80039229	0.80120839	0.80324384	0.80815280	0.79770466	0.77397190	0.74222731	0.70685087	0.67117008	0.63709025	0.63338661	0.66530842	0.71852756	0.78172718	0.85012547	0.92045353	0.96517830	0.98469982	0.99249538	0.99570334	0.99675617	0.99770046	0.99411594	0.98485124	0.97282784	0.95945943	0.94558279	0.93086312	0.87272058	0.77438857	0.66107734	0.54254128	0.42999247	0.33446568
	0.79692835	0.82268649	0.85530391	0.89010365	0.92316021	0.95051517	0.97090128	0.97483357	0.96442112	0.94587428	0.92386433	0.90134942	0.87806930	0.86173771	0.85367516	0.84952142	0.84936408	0.85138689	0.85695530	0.84664103	0.82246758	0.78973237	0.75322986	0.71612568	0.68094261	0.67942007	0.71417479	0.76959987	0.83465940	0.90428220	0.97564798	1.01967879	1.03758948	1.04371964	1.04555038	1.04552183	1.04533986	1.04094495	1.03090540	1.01766350	1.00347983	0.98878299	0.97442641	0.91276901	0.81122139	0.69525377	0.57268994	0.45381326	0.35128586
	0.82055324	0.84770169	0.88270415	0.92100996	0.95770692	0.98849377	1.01089033	1.01666406	1.00692923	0.98925345	0.96723286	0.94390537	0.91966669	0.90275508	0.89506727	0.89127902	0.88979905	0.89017270	0.89549165	0.88582785	0.86354740	0.83067956	0.79485695	0.75754603	0.72028795	0.72110852	0.75812256	0.81508942	0.88168405	0.95218220	1.02428650	1.06754667	1.08395159	1.08852803	1.08903987	1.08795753	1.08680516	1.08166951	1.07083157	1.05699172	1.04190472	1.02638598	1.01102780	0.94689029	0.84295451	0.72442810	0.59886401	0.47470104	0.36533942
	0.84353616	0.87236742	0.91076236	0.95330495	0.99428020	1.02898664	1.05100385	1.05919160	1.05141088	1.03507057	1.01457306	0.99016035	0.96506257	0.94774381	0.93956031	0.93442609	0.93255855	0.93269766	0.93819259	0.92815759	0.90762086	0.87567906	0.84139402	0.80428362	0.76546851	0.76688128	0.80672414	0.86585704	0.93447052	1.00665814	1.07974436	1.12263917	1.13742260	1.14035276	1.13942402	1.13712643	1.13489080	1.12897911	1.11734144	1.10274016	1.08664846	1.07025945	1.05401142	0.98726154	0.88004666	0.75858278	0.62954815	0.49948636	0.38195445
	0.84813303	0.87714245	0.91694588	0.96149279	1.00439045	1.03910643	1.06016449	1.06968185	1.06403173	1.04897666	1.02881893	1.00509944	0.98078579	0.96271646	0.95338059	0.94577849	0.94514587	0.94683765	0.95236175	0.94265782	0.92035254	0.88803567	0.85306411	0.81821111	0.78019586	0.78047229	0.82341905	0.88392644	0.95357929	1.02627297	1.09912588	1.14109964	1.15447174	1.15669485	1.15548373	1.15313197	1.15113044	1.14486038	1.13243837	1.11714311	1.10028426	1.08321103	1.06642116	0.99795112	0.88835139	0.76529886	0.63505129	0.50347339	0.38322010
	0.88123105	0.91256329	0.95677492	1.00623173	1.05315481	1.08741389	1.11095318	1.12303283	1.11993894	1.10352120	1.08225335	1.05837841	1.03337679	1.01296045	1.00266930	0.99697999	0.99636052	0.99799657	1.00433096	0.99667970	0.97368847	0.93883098	0.90148355	0.86800607	0.83128556	0.83274748	0.87823318	0.93997524	1.01093742	1.08470720	1.15822082	1.19896929	1.21041398	1.21085303	1.20796858	1.20412307	1.20065117	1.19357730	1.18035790	1.16417555	1.14646260	1.12864568	1.11116888	1.04055111	0.92774022	0.80176651	0.66887654	0.53299164	0.40459262
	0.89880246	0.93181548	0.97992976	1.03359151	1.08100020	1.11800667	1.14492616	1.16152874	1.15744511	1.14185986	1.11990640	1.09707841	1.06866903	1.04859436	1.03743860	1.03288541	1.03357917	1.03702637	1.04980768	1.04000913	1.01474461	0.97883979	0.93917923	0.90196370	0.86543756	0.87369002	0.91981780	0.98311809	1.05560644	1.12935915	1.20304133	1.24193051	1.25124278	1.25021687	1.24625413	1.24154131	1.23738685	1.22958981	1.21544992	1.19843305	1.17978964	1.16137368	1.14339256	1.07082636	0.95548493	0.82759011	0.69266542	0.55324050	0.41775124
	0.91921637	0.95422578	1.00599116	1.06278241	1.10890742	1.14848428	1.17934320	1.19625155	1.19231683	1.18039875	1.15721133	1.13326178	1.10466413	1.08330818	1.07267009	1.06983753	1.07065596	1.07927854	1.09267218	1.08221142	1.05396009	1.01772073	0.97831839	0.93951424	0.90102573	0.91382353	0.95935700	1.02383902	1.09759979	1.17185996	1.24553539	1.28329908	1.29111073	1.28875008	1.28367389	1.27802309	1.27320126	1.26485744	1.25014124	1.23251877	1.21336853	1.19422427	1.17558851	1.10148555	0.98399419	0.85366227	0.71664498	0.57403673	0.43264109
	0.94914065	0.98694349	1.04250746	1.10010750	1.14752995	1.19247989	1.22381133	1.24084071	1.23981730	1.22318573	1.20228127	1.17894497	1.15170067	1.12807171	1.11577605	1.10951330	1.11904698	1.13084212	1.14123355	1.13020248	1.10287216	1.06621594	1.02728421	0.98764595	0.94610204	0.96046772	1.00674466	1.07191601	1.14603274	1.22130071	1.29448356	1.33087307	1.33725790	1.33349085	1.32702063	1.32014237	1.31412609	1.30523847	1.29004482	1.27161255	1.25178141	1.23199542	1.21283944	1.13810753	1.01906584	0.88601330	0.74704060	0.60128544	0.45330830
	0.96551361	1.00471847	1.06269728	1.11841804	1.16911991	1.21420394	1.24879126	1.26777168	1.26913874	1.24996321	1.22686471	1.20281845	1.17748044	1.15182897	1.13530976	1.13012144	1.14817291	1.16543218	1.17414343	1.16128495	1.13292991	1.09595197	1.05779387	1.01783386	0.97637868	0.99061920	1.03739755	1.10273064	1.17722181	1.25187823	1.32397251	1.35866212	1.36330604	1.35864874	1.35131878	1.34390263	1.33729976	1.32777407	1.31209291	1.29277758	1.27245139	1.25225284	1.23274902	1.15726167	1.03855478	0.90348773	0.76391811	0.61613379	0.46355171
	0.99907500	1.03943095	1.09861638	1.15232508	1.20669862	1.25183765	1.29005678	1.30805493	1.30999269	1.29360746	1.26893387	1.24031034	1.21123857	1.18542924	1.17147235	1.16651202	1.18589234	1.20741254	1.21683539	1.20037281	1.17273575	1.13485236	1.09643642	1.05628699	1.01616233	1.02766014	1.07500822	1.14040270	1.21460095	1.28894667	1.36047137	1.39341047	1.39635235	1.39060315	1.38192679	1.37344044	1.36526971	1.35492400	1.33886034	1.31887794	1.29966309	1.28021325	1.26064533	1.18213241	1.06333463	0.92695644	0.78647936	0.63702710	0.48070291
	1.01821307	1.05906126	1.11642392	1.17151719	1.22874737	1.27298080	1.31586940	1.33091913	1.33311026	1.32082884	1.29528766	1.26567796	1.23290484	1.20826791	1.19500807	1.19239205	1.20226126	1.23513794	1.24326187	1.22381799	1.19708706	1.16060355	1.12030039	1.08173828	1.04072136	1.05013899	1.09814921	1.16314781	1.23720428	1.31275591	1.38172701	1.41319008	1.41559553	1.40918357	1.39968019	1.39049559	1.38145577	1.37061659	1.35432718	1.33398647	1.31434133	1.29532232	1.27558555	1.19646208	1.07861825	0.94195566	0.80114177	0.65079402	0.49185389
	1.03155712	1.07253710	1.12893428	1.18432390	1.24224934	1.28786402	1.33080309	1.34823684	1.35036801	1.33754831	1.31230052	1.27998265	1.24817175	1.22173002	1.21257660	1.20993684	1.21601122	1.25183031	1.25943929	1.23843795	1.21071894	1.17617299	1.13656877	1.09576376	1.05731076	1.06460348	1.11259331	1.17643066	1.24970466	1.32421267	1.39245676	1.42320626	1.42528718	1.41836079	1.40834148	1.39847721	1.38860303	1.37738774	1.36209814	1.34184331	1.32140185	1.30098238	1.28081924	1.20253293	1.08610911	0.95009818	0.80951530	0.65905451	0.49936169
	1.04467374	1.08431203	1.13998227	1.19430491	1.25250483	1.30070011	1.34183422	1.36344245	1.36519417	1.34983869	1.32405333	1.29152815	1.25930547	1.23174071	1.22100183	1.21808765	1.22333415	1.25679877	1.26688996	1.24520311	1.21563724	1.18279567	1.14447895	1.10303748	1.06506086	1.07153593	1.11786628	1.17977196	1.25105958	1.32255524	1.38971235	1.41899677	1.42063215	1.41338464	1.40322560	1.39289481	1.38232622	1.37070176	1.35527093	1.33475558	1.31325665	1.29170683	1.27110969	1.19566145	1.08203452	0.94938736	0.81078112	0.66183420	0.50339164
	1.07850662	1.11876228	1.17390429	1.23059650	1.28834441	1.33845425	1.37893760	1.40109517	1.40258062	1.38612305	1.36317146	1.33063451	1.29725456	1.26909672	1.25569811	1.25282239	1.26035212	1.28465889	1.29899901	1.27679311	1.24748763	1.21253960	1.17490015	1.13468490	1.09741749	1.10250434	1.14760915	1.20849314	1.27915212	1.34959056	1.41696087	1.44705535	1.44826163	1.44002701	1.42865217	1.41696269	1.40516312	1.39307703	1.37740602	1.35678057	1.33599571	1.31468773	1.29368196	1.21733462	1.10339274	0.96996383	0.83085020	0.68140241	0.52246954
	1.09191907	1.13158815	1.18637502	1.24283759	1.30068137	1.35202879	1.39189339	1.41541141	1.41709334	1.39905466	1.37477853	1.34293549	1.30800584	1.28028428	1.26347927	1.25946575	1.26973909	1.29075523	1.30715026	1.28508673	1.25478707	1.21988584	1.18348869	1.14320212	1.10590127	1.11101519	1.15451811	1.21447044	1.28398397	1.35319993	1.42013715	1.44931229	1.45013919	1.44157959	1.42993950	1.41781717	1.40549027	1.39313623	1.37692891	1.35612347	1.33581810	1.31391705	1.29268984	1.21755048	1.10448895	0.97258561	0.83421669	0.68543252	0.52728652
	1.09915411	1.13545283	1.18970509	1.24384757	1.30207779	1.35048657	1.39244187	1.41490326	1.41376406	1.39805085	1.37110991	1.34152547	1.30454280	1.27693275	1.25766081	1.24973719	1.25845257	1.26971463	1.29366844	1.27251844	1.24249670	1.20562239	1.16924598	1.13256254	1.09604989	1.09916746	1.13971640	1.19795790	1.26449943	1.33079973	1.39389416	1.42154805	1.42212314	1.41361901	1.40224160	1.39034348	1.37846504	1.36593860	1.34814853	1.32651747	1.30529401	1.28262962	1.26106826	1.19062790	1.08174067	0.95509700	0.82134747	0.67678523	0.52280450
	1.12240686	1.15832334	1.21120415	1.26669467	1.32511589	1.37304152	1.41502101	1.43798275	1.43780246	1.42128495	1.39343176	1.36363987	1.32612298	1.29811787	1.27856286	1.26526918	1.27718919	1.28422459	1.30401811	1.28905956	1.25878710	1.22222987	1.18544756	1.14823588	1.11328572	1.11574329	1.15361992	1.21013551	1.27567570	1.34094708	1.40282866	1.42980531	1.43014436	1.42104314	1.40906697	1.39648023	1.38390683	1.37094956	1.35289387	1.33100750	1.30823285	1.28579827	1.26456705	1.19542601	1.08784213	0.96217500	0.82956710	0.68599584	0.53313285
	1.14903881	1.18501806	1.23692346	1.29253769	1.35150672	1.40224473	1.44175240	1.46599317	1.46673855	1.45015051	1.41988668	1.39213867	1.35315309	1.32436295	1.30396415	1.28756304	1.30129437	1.30619392	1.32196118	1.31096192	1.28032314	1.24423797	1.20700783	1.16870523	1.13411836	1.13735001	1.17263716	1.22776840	1.29304952	1.35677614	1.41794166	1.44490005	1.44503861	1.43523182	1.42244434	1.40901265	1.39552905	1.38208420	1.36381097	1.34162407	1.31835216	1.29579733	1.27430598	1.20546991	1.09825768	0.97351669	0.84167059	0.69850203	0.54634490
	1.16285422	1.19752874	1.24969394	1.30426337	1.36196710	1.41414023	1.45486014	1.47905134	1.48030104	1.46252447	1.43303511	1.40167992	1.36313970	1.33386464	1.31326425	1.29637799	1.30518540	1.31024852	1.32136490	1.31453682	1.28607453	1.25063326	1.21413612	1.17580269	1.13920705	1.14409184	1.17765965	1.22998884	1.29353622	1.35559266	1.41523022	1.44095173	1.44077438	1.43058351	1.41741706	1.40362787	1.38975838	1.37595241	1.35741648	1.33503701	1.31158485	1.28841515	1.26646597	1.19910195	1.09258877	0.97143034	0.84183791	0.70093055	0.55118237
	1.17323801	1.20715289	1.25894432	1.31366920	1.37021759	1.42430676	1.46618946	1.48899005	1.49157824	1.47303957	1.44543593	1.41151816	1.37214691	1.34240331	1.32349989	1.30739395	1.30724437	1.31507432	1.32556093	1.31611193	1.29182067	1.25680373	1.22100607	1.18344046	1.14649847	1.15058051	1.18300746	1.23340287	1.29512443	1.35577667	1.41425066	1.43930938	1.43900102	1.42854036	1.41504268	1.40093012	1.38671534	1.37256464	1.35379333	1.33116445	1.30744472	1.28356627	1.26098891	1.19529166	1.08984002	0.97096806	0.84317244	0.70382447	0.55574385
	1.17498387	1.20628974	1.25809596	1.31103611	1.36732683	1.42105804	1.46503875	1.48671289	1.49047091	1.46926832	1.44203079	1.40629654	1.36735071	1.33624571	1.31686059	1.30338740	1.29626085	1.30376749	1.31118692	1.30033027	1.28039889	1.24775409	1.21259290	1.17527295	1.13758305	1.14203779	1.17317070	1.22044395	1.27958082	1.33850065	1.39429776	1.41778628	1.41720474	1.40687124	1.39347471	1.37944052	1.36549002	1.35103815	1.33195150	1.30897167	1.28499614	1.26083547	1.23786834	1.17359753	1.07074943	0.95609874	0.83208029	0.69642297	0.55225603
	1.21181549	1.24386954	1.29456184	1.34955148	1.40783716	1.46212418	1.50685740	1.52800512	1.53221237	1.51135603	1.48492867	1.44681466	1.40698418	1.37430191	1.35395442	1.33998662	1.32511412	1.33356391	1.34261027	1.33000252	1.30899103	1.27839684	1.24488369	1.20860232	1.17171119	1.17298291	1.20329537	1.24943102	1.30518377	1.36369185	1.41954627	1.44243493	1.44113946	1.42957431	1.41528201	1.40074603	1.38567068	1.37051900	1.35120441	1.32808634	1.30348683	1.27887897	1.25586651	1.19076232	1.08839765	0.97406850	0.84975338	0.71416749	0.57037605
	1.25390592	1.28733238	1.33679033	1.39399322	1.45353636	1.51011930	1.55310246	1.57648818	1.57883248	1.55939654	1.53200961	1.49385085	1.45225167	1.41830896	1.39801044	1.38105051	1.36200655	1.36737625	1.37837568	1.36851450	1.34403376	1.31284113	1.28041810	1.24689501	1.21068238	1.20900495	1.23740952	1.28385166	1.33694244	1.39447430	1.44999808	1.47280568	1.47092647	1.45873125	1.44407071	1.42871245	1.41218348	1.39585695	1.37614767	1.35344683	1.32719673	1.30193921	1.28007085	1.21314138	1.11151457	0.99640301	0.87107219	0.73483132	0.59080276
	1.26877560	1.30085038	1.35004593	1.40648880	1.46575608	1.52179470	1.56581957	1.59085636	1.59292346	1.57171461	1.54307978	1.50441259	1.46253294	1.42778418	1.40603962	1.38807210	1.36992714	1.36822894	1.38025360	1.37260675	1.34637036	1.31476959	1.28422747	1.25203952	1.21616743	1.21339204	1.24024522	1.28551759	1.33688097	1.39256230	1.44642706	1.46868386	1.46615854	1.45379486	1.43916319	1.42348461	1.40677315	1.38886626	1.36892347	1.34752814	1.32060925	1.29511373	1.27357059	1.20643728	1.10689607	0.99346291	0.86989037	0.73554748	0.59362961
	1.29621194	1.32825169	1.37677142	1.43416743	1.49397230	1.55100697	1.59610144	1.62237241	1.62233845	1.60264981	1.57181518	1.53236898	1.48974401	1.45406978	1.43074508	1.41178530	1.39454627	1.38730111	1.39762739	1.39317740	1.36677520	1.33335323	1.30278809	1.27268674	1.23783039	1.23378205	1.25885731	1.30351690	1.35344688	1.40740955	1.46096333	1.48286784	1.47955299	1.46673408	1.45180164	1.43535108	1.41787890	1.39917036	1.37914475	1.35721260	1.32991781	1.30406120	1.28328807	1.21543059	1.11698493	1.00377411	0.88028760	0.74629375	0.60499182
	1.33554045	1.36665830	1.41415041	1.47363824	1.53267115	1.59124305	1.63768382	1.66415648	1.66305750	1.64348547	1.61348024	1.57232004	1.52846470	1.49107125	1.46654885	1.44692324	1.42699607	1.41590701	1.41549238	1.41651727	1.39398872	1.36114985	1.32616116	1.29601074	1.26625640	1.26159133	1.28359902	1.32442030	1.37292408	1.42436274	1.47494840	1.49480430	1.49141133	1.47783284	1.46232873	1.44479181	1.42643527	1.41031854	1.38946806	1.36426290	1.33658415	1.30704383	1.28631379	1.22129336	1.12541892	1.01399070	0.89184419	0.75944162	0.62015901
	1.36328827	1.39438351	1.44290559	1.50424397	1.56374587	1.62256466	1.67163059	1.70009634	1.69928203	1.67865101	1.64694386	1.60543775	1.56139948	1.52295983	1.49621154	1.47498639	1.45721713	1.44697546	1.44419503	1.44209380	1.42313414	1.39042316	1.35534236	1.32279772	1.29389347	1.29037473	1.31200122	1.35036149	1.39893701	1.45014553	1.50179303	1.52151621	1.51721283	1.50202750	1.48498893	1.46545180	1.44577320	1.42956146	1.40907104	1.38400888	1.35789763	1.32785413	1.30545992	1.24001596	1.14395379	1.03194177	0.90873631	0.77532704	0.63524968
	1.38233970	1.41242805	1.46061174	1.52075996	1.58201961	1.64114758	1.69147631	1.72014673	1.72024138	1.69954649	1.66821456	1.62568559	1.58042554	1.54203324	1.51276418	1.49309523	1.47245145	1.46314745	1.45748536	1.44873282	1.43651028	1.40442752	1.36943348	1.33389518	1.30532982	1.30486700	1.32535140	1.35966665	1.40736326	1.45702815	1.50721064	1.52578066	1.52102514	1.50531613	1.48718928	1.46687686	1.44760146	1.43064394	1.40939240	1.38503566	1.35815412	1.32959774	1.30524695	1.24049902	1.14577064	1.03529731	0.91345261	0.78155875	0.64317515
	1.39819869	1.42713122	1.47523556	1.53514393	1.59748456	1.65781924	1.70952857	1.73871370	1.73832078	1.71831663	1.68654622	1.64386745	1.59714593	1.55863465	1.52879565	1.50788828	1.48720090	1.47726346	1.46997240	1.45898841	1.44754320	1.41704509	1.38262776	1.34717693	1.31669986	1.31753828	1.33734917	1.37013007	1.41517616	1.46314810	1.51185696	1.52999103	1.52452035	1.50911913	1.49024728	1.46860352	1.44805843	1.42919974	1.40856028	1.38379268	1.35787693	1.32986326	1.30482722	1.24098356	1.14740211	1.03828277	0.91781618	0.78723897	0.65044267
	1.41307416	1.44033099	1.48790291	1.54728028	1.61009914	1.67270034	1.72412604	1.75377526	1.75262047	1.73345740	1.70075231	1.65893980	1.61076213	1.57173886	1.54249049	1.51831784	1.49851692	1.48749671	1.47797520	1.46703109	1.45411575	1.42511111	1.39132553	1.35613936	1.32393708	1.32524082	1.34485220	1.37603569	1.41819913	1.46361378	1.50991527	1.52714106	1.52109509	1.50646353	1.48689919	1.46470242	1.44320206	1.42243158	1.40216733	1.37638734	1.35158900	1.32414493	1.29820986	1.23570143	1.14379383	1.03667675	0.91829643	0.78984048	0.65543103
	1.41788860	1.44506679	1.49313035	1.55294151	1.61577431	1.68000247	1.73095358	1.76156062	1.76042162	1.74085369	1.70831964	1.66632302	1.61819267	1.57898193	1.54942483	1.52566337	1.50502656	1.49389722	1.48552946	1.47472887	1.46067193	1.43265039	1.39892252	1.36387999	1.33178976	1.33229514	1.35239487	1.38367583	1.42579276	1.47112207	1.51752658	1.53471238	1.52853897	1.51395691	1.49418270	1.47103443	1.44924678	1.42875841	1.40800589	1.38223414	1.35748450	1.33009207	1.30423588	1.24172557	1.14954387	1.04205926	0.92319005	0.79420329	0.65931376
	1.44499702	1.47094510	1.51927077	1.57997606	1.64448114	1.71273557	1.76442480	1.79695963	1.79680091	1.77658300	1.74344564	1.70053538	1.65276796	1.61246742	1.58044067	1.55758235	1.53623101	1.52355380	1.51522518	1.50348997	1.48383959	1.46215941	1.42945817	1.39554686	1.36391175	1.35928315	1.38204893	1.41153537	1.45211096	1.49514573	1.53859370	1.55455170	1.54794811	1.52976275	1.50832387	1.48379840	1.46087778	1.43998163	1.41801561	1.39220749	1.36777281	1.34108027	1.31522424	1.25315731	1.16198846	1.05545458	0.93740431	0.80923530	0.67555453
	1.45518194	1.48045082	1.52836810	1.58901095	1.65408192	1.72241054	1.77588910	1.80833157	1.80855004	1.78935136	1.75492543	1.71216592	1.66435188	1.62395859	1.59114450	1.56766224	1.54746399	1.53236488	1.52401094	1.51115311	1.48802740	1.47056149	1.43836412	1.40512383	1.37366198	1.36590193	1.39033477	1.41884962	1.45746994	1.50029172	1.54182824	1.55682845	1.55016629	1.53042180	1.50815091	1.48303184	1.45974533	1.43866478	1.41622990	1.39176629	1.36688208	1.34014651	1.31521367	1.25250395	1.16228186	1.05681124	0.93983147	0.81287838	0.68060230
	1.47750357	1.50267898	1.55089353	1.61239630	1.67779346	1.74875610	1.80561661	1.83961470	1.83894667	1.82001100	1.78618498	1.74322776	1.69528423	1.65354450	1.62048616	1.59561249	1.57364275	1.55956093	1.55156006	1.53880722	1.51677224	1.49862560	1.46769185	1.43528112	1.40408813	1.39373035	1.41861753	1.44574381	1.48288620	1.52594272	1.56879765	1.57719831	1.57112498	1.55343795	1.52740015	1.49983534	1.47595587	1.45404980	1.43091659	1.40551791	1.38019944	1.35425237	1.32776648	1.26702558	1.17709134	1.07194962	0.95506819	0.82811063	0.69604744
	1.49250429	1.51655768	1.56334085	1.62487340	1.69061779	1.76304456	1.82110255	1.85523793	1.85651981	1.83616494	1.80294419	1.76048897	1.71235016	1.67017412	1.63703417	1.61030059	1.58786660	1.57430049	1.56319869	1.55097287	1.53095892	1.50832378	1.48074520	1.44960288	1.41903327	1.40727980	1.43052035	1.45578763	1.49077606	1.53147713	1.57083783	1.57929430	1.56960054	1.55447682	1.52376942	1.49988985	1.47599259	1.45369643	1.42981980	1.40391625	1.37728410	1.35052611	1.32393657	1.26431098	1.17593966	1.07274669	0.95790507	0.83329383	0.70380839
	1.50950837	1.53368608	1.57949393	1.64148210	1.70749223	1.78264817	1.84140313	1.87619760	1.87792388	1.85709359	1.82404958	1.78234376	1.73438567	1.69159155	1.65897538	1.63127709	1.60735369	1.59449344	1.58192571	1.56850460	1.54929204	1.52471283	1.50019365	1.46949899	1.43943071	1.42693429	1.44774960	1.47419308	1.50802126	1.54648866	1.58606332	1.59390353	1.58078965	1.56458697	1.53618915	1.51097473	1.48672067	1.46369153	1.43933408	1.41287684	1.38508382	1.35804149	1.33103842	1.27232320	1.18429556	1.08157320	0.96730255	0.84324460	0.71451281
	1.53634415	1.56063168	1.60461602	1.66731017	1.73444814	1.81012743	1.87103761	1.90688804	1.91072135	1.88867365	1.85597969	1.81498219	1.76721625	1.72377430	1.69062514	1.66188057	1.63744110	1.62279765	1.61131811	1.59747739	1.57668557	1.54980994	1.52786784	1.49852592	1.46898962	1.45552507	1.47172975	1.50040677	1.53132008	1.56644582	1.60599495	1.61453726	1.59977581	1.58150900	1.55489259	1.52775366	1.50254280	1.47835416	1.45265385	1.42488859	1.39592915	1.36679329	1.34068935	1.28179293	1.19447260	1.09324401	0.98020366	0.85735885	0.73015768
	1.54719285	1.57020457	1.61306497	1.67493069	1.74168855	1.81620997	1.87831002	1.91508547	1.91966642	1.89747122	1.86524040	1.82447168	1.77649483	1.73354762	1.69981863	1.67084920	1.64575053	1.63079554	1.61634145	1.60202244	1.58386364	1.55717142	1.53289645	1.50465445	1.47544044	1.46129087	1.47295478	1.50361955	1.53325575	1.56508122	1.60369819	1.61155590	1.59767367	1.57807967	1.55420475	1.52678635	1.50163949	1.47673307	1.45029987	1.42140821	1.39190542	1.36189170	1.33450609	1.27636066	1.19024682	1.09110478	0.98001861	0.85937034	0.73456576
	1.58220458	1.60540121	1.64773844	1.71020431	1.77779121	1.85139265	1.91577798	1.95442870	1.95709141	1.93725999	1.90593046	1.86363343	1.81596455	1.77294400	1.73741996	1.70689509	1.68358023	1.66339148	1.64951359	1.63474118	1.61538551	1.58895373	1.56244574	1.53747935	1.50865638	1.49389012	1.50115151	1.53217669	1.56042632	1.59133785	1.62796346	1.63522450	1.62237107	1.60235767	1.57776889	1.55024094	1.52363627	1.49637043	1.46865993	1.43818729	1.40772244	1.37662307	1.34759878	1.28881829	1.20317515	1.10632551	0.99601488	0.87606021	0.75227883
	1.60445057	1.62581590	1.66798015	1.72915425	1.79765145	1.86830298	1.93408238	1.97387686	1.97608261	1.95738882	1.92587248	1.88405595	1.83688112	1.79335864	1.75709354	1.72552369	1.70160181	1.67839586	1.66410740	1.64894884	1.62808836	1.60218105	1.57395526	1.54826875	1.52108877	1.50549796	1.50927903	1.53575525	1.56552554	1.59572209	1.62792949	1.63491111	1.62387440	1.60431366	1.57949680	1.55293012	1.52650468	1.49850739	1.46956631	1.43683160	1.40450389	1.37214805	1.34230811	1.28290594	1.19901258	1.10530203	0.99750781	0.88044225	0.75985788
	1.60979648	1.62930934	1.66922583	1.72923774	1.79535055	1.86668991	1.93184518	1.97113825	1.97428627	1.95531170	1.92435832	1.88372527	1.83636089	1.79306759	1.75628444	1.72390227	1.69839969	1.67543139	1.65957369	1.64370504	1.62239192	1.59673473	1.56884481	1.54219440	1.51431426	1.49831291	1.49961248	1.52008260	1.55256800	1.58055621	1.61084347	1.61730028	1.60719496	1.58903635	1.56594301	1.54041745	1.51288441	1.48555663	1.45662803	1.42428547	1.39084940	1.35567195	1.32297058	1.26452584	1.18298783	1.09287630	0.98842500	0.87508078	0.75828033
	1.63846815	1.65844846	1.69907041	1.76012749	1.82716021	1.89855333	1.96546926	2.00497838	2.00878576	1.98989722	1.95887192	1.91837875	1.87051134	1.82664023	1.78941603	1.75568607	1.72917091	1.70668226	1.68994007	1.67338822	1.65172034	1.62593467	1.59783807	1.56934908	1.54165173	1.52628466	1.52733373	1.54465436	1.57518975	1.60480457	1.63542923	1.64148022	1.63125338	1.61300645	1.58932102	1.56318110	1.53465383	1.50672300	1.47686168	1.44382361	1.40952542	1.37290678	1.33962824	1.28102356	1.19917514	1.10875395	1.00382355	0.88991422	0.77273889
	1.66366933	1.68257246	1.72309452	1.78397362	1.85143285	1.92288644	1.98999134	2.02956498	2.03338107	2.01581863	1.98343415	1.94397688	1.89624677	1.85153069	1.81334141	1.77861223	1.75082334	1.72683866	1.70880035	1.69055134	1.66899707	1.64309849	1.61479196	1.58504966	1.55698137	1.54143120	1.54019005	1.55458863	1.58155454	1.61016399	1.64162075	1.64747448	1.63771827	1.61974187	1.59600791	1.56994263	1.54200644	1.51329980	1.48171850	1.44795057	1.41325404	1.37430950	1.34028345	1.28108426	1.20089616	1.11215204	1.00906321	0.89712179	0.78201003
	1.70937628	1.72789169	1.76891184	1.82990678	1.89855797	1.97068865	2.03755801	2.07762579	2.08193075	2.06490411	2.03271552	1.99357837	1.94589377	1.89971121	1.86012308	1.82414411	1.79407333	1.76735554	1.74756146	1.72742058	1.70511039	1.67881889	1.64995084	1.61964021	1.59048993	1.57424851	1.57045295	1.58189817	1.60334007	1.63007855	1.66018643	1.67016883	1.66026218	1.64187016	1.61813778	1.59167939	1.56343689	1.53377597	1.50164376	1.46520561	1.43022492	1.38973579	1.35278099	1.29319144	1.21405063	1.12650047	1.02466587	0.91408434	0.80054314
	1.70836009	1.72478079	1.76337643	1.82298989	1.89058972	1.96168372	2.02699662	2.06686582	2.07067172	2.05379581	2.02344260	1.98440787	1.93789836	1.89154472	1.85083929	1.81421895	1.78320557	1.75579453	1.73464728	1.71339024	1.69072132	1.66465052	1.63548248	1.60572351	1.57742416	1.55871409	1.55244880	1.56126144	1.57921842	1.60254152	1.62934509	1.63952929	1.63031720	1.61431956	1.59441878	1.56934283	1.54267231	1.51369502	1.48023653	1.44280818	1.40685923	1.36751232	1.32766624	1.26875800	1.19313484	1.10890412	1.01096455	0.90462245	0.79529516
	1.72943380	1.74593336	1.78409142	1.84359471	1.91195759	1.98249444	2.04908098	2.08880120	2.09209444	2.07560846	2.04619244	2.00680173	1.96075988	1.91353777	1.87179332	1.83466779	1.80289288	1.77464444	1.75199238	1.72992303	1.70682737	1.68059308	1.65169911	1.62184630	1.59343454	1.57313602	1.56614841	1.57335082	1.58851508	1.60868732	1.63470258	1.64470744	1.63517179	1.61989741	1.60149923	1.57810361	1.55132175	1.52189887	1.48717462	1.44935826	1.41142035	1.37331326	1.33208937	1.27360452	1.19909978	1.11499229	1.01788503	0.91241259	0.80407474
	1.75957140	1.77601221	1.81364518	1.87226873	1.94081987	2.01115923	2.07943782	2.11905369	2.12215237	2.10608498	2.07782709	2.03838178	1.99251101	1.94490517	1.90113321	1.86262345	1.82889764	1.80046682	1.77558844	1.75224439	1.72837351	1.70223750	1.67376086	1.64390430	1.61483186	1.59224900	1.58293835	1.58750770	1.60008934	1.61705158	1.63915429	1.64682317	1.63707772	1.62315070	1.60609816	1.58484784	1.55795290	1.53095743	1.49507227	1.45666321	1.41729651	1.37764426	1.33654163	1.27791831	1.20483555	1.12191127	1.02640476	0.92277842	0.81638808
	1.76680888	1.78231952	1.81868235	1.87567181	1.94364423	2.01238062	2.08146288	2.12022264	2.12308738	2.10739817	2.07988985	2.04078252	1.99531654	1.94742718	1.90291663	1.86352328	1.82889575	1.79957945	1.77258119	1.74847492	1.72405307	1.69844371	1.67038521	1.64065873	1.61125637	1.58740697	1.57591963	1.57844286	1.58946088	1.60420517	1.62462500	1.63110319	1.62078740	1.60778006	1.59095763	1.57172970	1.54544744	1.52111935	1.48434117	1.44536087	1.40545928	1.36489947	1.32368238	1.26624230	1.19491787	1.11357804	1.02037126	0.91940631	0.81576737
	1.76314218	1.77750410	1.81224395	1.86732374	1.93382083	2.00133954	2.07036936	2.10823661	2.11161065	2.09616236	2.06919747	2.03048947	1.98524053	1.93760886	1.89287931	1.85292091	1.81749364	1.78711096	1.75918273	1.73463539	1.70984815	1.68431999	1.65668930	1.62724484	1.59801620	1.57360258	1.56098187	1.56066802	1.56971101	1.58270520	1.60144153	1.60715210	1.59757507	1.58541886	1.56799244	1.55127181	1.52584081	1.50213927	1.46585527	1.42650337	1.38645996	1.34624858	1.30470314	1.24851136	1.17965632	1.09978835	1.00921495	0.91118696	0.81056736
	1.78402941	1.79788904	1.83150019	1.88551960	1.95056047	2.01826217	2.08701687	2.12443033	2.12977240	2.11531324	2.08836880	2.05046861	2.00492304	1.95738752	1.91169783	1.86966617	1.83262813	1.80075257	1.77230289	1.74667180	1.72105081	1.69526664	1.66668980	1.63715626	1.60786574	1.58351184	1.56897292	1.56595980	1.57174428	1.58271942	1.59866177	1.60280105	1.59499395	1.58367254	1.56649134	1.54877023	1.52418414	1.49869039	1.46437265	1.42595570	1.38531049	1.34502621	1.30348315	1.24782973	1.17982325	1.10066133	1.01187227	0.91590710	0.81746118
	1.80168355	1.81552179	1.84852562	1.90165014	1.96630066	2.03367646	2.10258063	2.14060837	2.14671894	2.13368552	2.10638665	2.06898315	2.02342359	1.97591621	1.92955169	1.88603251	1.84755673	1.81445072	1.78575803	1.75916822	1.73293716	1.70614975	1.67747987	1.64785118	1.61860502	1.59474837	1.57791575	1.57361110	1.57743531	1.58673107	1.60000495	1.60343487	1.59725100	1.58633362	1.56968096	1.55068003	1.52790465	1.50068384	1.46725236	1.42965595	1.38836247	1.34776997	1.30645359	1.24991097	1.18284079	1.10428442	1.01659879	0.92193717	0.82488088
	1.82315607	1.83669623	1.86857510	1.91958748	1.98289017	2.04940907	2.11749940	2.15689359	2.16388643	2.15179026	2.12482787	2.08816626	2.04282219	1.99480358	1.94770342	1.90266862	1.86179872	1.82666123	1.79615453	1.76836620	1.74119556	1.71338398	1.68403537	1.65412537	1.62469098	1.60023353	1.58246561	1.57412774	1.57689507	1.58237827	1.59267044	1.59570305	1.59085598	1.58088305	1.56557156	1.54738092	1.52658891	1.49915885	1.46378038	1.42655769	1.38470011	1.34350106	1.30101700	1.24473800	1.17920555	1.10250256	1.01725960	0.92551874	0.83154853
	1.85193759	1.86590939	1.89779974	1.94832319	2.01118576	2.07781395	2.14556551	2.18513139	2.19408884	2.18215756	2.15552872	2.11888422	2.07394373	2.02503987	1.97694788	1.93002515	1.88778444	1.85090809	1.81820011	1.78938650	1.76152159	1.73285048	1.70286602	1.67241498	1.64237516	1.61665576	1.59847301	1.58852459	1.58902720	1.59315689	1.60156043	1.60467948	1.59990301	1.59040928	1.57576805	1.55795244	1.53827024	1.51028364	1.47377501	1.43465490	1.39361681	1.35149907	1.30792975	1.25201510	1.18658242	1.11039957	1.02603000	0.93541373	0.84266441
	1.88772624	1.90271847	1.93486305	1.98463959	2.04709404	2.11383298	2.18091197	2.22135282	2.23119590	2.21960293	2.19435303	2.15800668	2.11260989	2.06277355	2.01317736	1.96502118	1.92061343	1.88149324	1.84648362	1.81606562	1.78692077	1.75706596	1.72677034	1.69575371	1.66477950	1.63702658	1.61853846	1.60586018	1.60368599	1.60708123	1.61384090	1.61626605	1.61240481	1.60357650	1.58973486	1.57251474	1.55302151	1.52535710	1.48766864	1.44711237	1.40560126	1.36236216	1.31780075	1.26196632	1.19633991	1.12064230	1.03720004	0.94781491	0.85643958
	1.91599464	1.93057164	1.96068351	2.00776467	2.06784711	2.13206109	2.19774862	2.23957549	2.25029646	2.24119471	2.21716717	2.18156168	2.13665588	2.08622565	2.03435618	1.98471486	1.93731162	1.89478370	1.85686588	1.82426689	1.79276825	1.76179341	1.73021858	1.69859629	1.66746956	1.63779643	1.61602456	1.60218999	1.59560794	1.59537428	1.59704907	1.59982229	1.59701887	1.59014593	1.57951206	1.56471824	1.54696137	1.51910896	1.48191638	1.43980024	1.39630376	1.35160073	1.30528132	1.25044601	1.18696758	1.11454537	1.03511165	0.95018595	0.86325111
	1.92243630	1.93655660	1.96519001	2.01047160	2.06809070	2.13067211	2.19515842	2.23732795	2.24892377	2.24044704	2.21755874	2.18284670	2.13875634	2.08807165	2.03539532	1.98507950	1.93626539	1.89185480	1.85211125	1.81837314	1.78635427	1.75477235	1.72224345	1.68970165	1.65820336	1.62886287	1.60645805	1.59029469	1.58241933	1.58021722	1.58031723	1.58203348	1.58018855	1.57472678	1.56566589	1.55258143	1.53647507	1.50836777	1.47089438	1.42900534	1.38303347	1.33838293	1.29083803	1.23760292	1.17514045	1.10520283	1.02859757	0.94667101	0.86272788
	1.95755239	1.97284222	2.00254009	2.04754480	2.10476106	2.16783197	2.23146910	2.27529139	2.28719716	2.27858046	2.25667050	2.22250946	2.17900593	2.12763100	2.07412296	2.02117248	1.97070221	1.92353418	1.88186981	1.84673154	1.81418930	1.78031434	1.74684468	1.71324161	1.68106670	1.65150277	1.62861562	1.61083381	1.60210879	1.59758947	1.59727903	1.59796934	1.59733847	1.59192297	1.58284707	1.57042155	1.55494638	1.52821440	1.49012266	1.44665908	1.40032604	1.35371200	1.30604185	1.25190141	1.18932262	1.11937719	1.04297838	0.96132836	0.87762257
	1.97257282	1.98749645	2.01588641	2.05953087	2.11461830	2.17612212	2.23786225	2.28280936	2.29637495	2.28875967	2.26672975	2.23371194	2.19180619	2.14069855	2.08512607	2.02957782	1.97717538	1.92803342	1.88488360	1.84669806	1.81267529	1.77785320	1.74439105	1.70988756	1.67667001	1.64583441	1.62095213	1.60160843	1.59153497	1.58556981	1.58282645	1.58335012	1.58319086	1.57924104	1.57178484	1.56080527	1.54728860	1.52167360	1.48378776	1.43872994	1.39124963	1.34193190	1.29499210	1.24164204	1.18091852	1.11347250	1.03995959	0.96133086	0.88056719
	1.98132683	1.99493138	2.02191186	2.06330033	2.11643919	2.17554421	2.23509755	2.28029334	2.29620588	2.28983824	2.26870079	2.23692933	2.19682815	2.14566838	2.08878348	2.03137326	1.97607158	1.92490061	1.87963823	1.83915040	1.80261041	1.76710966	1.73366734	1.69876022	1.66540811	1.63332867	1.60677975	1.58501526	1.57225321	1.56476564	1.56040774	1.56043120	1.56169004	1.56074138	1.55552602	1.54509927	1.53398522	1.50925268	1.47141106	1.42539880	1.37582975	1.32662028	1.27794071	1.22680068	1.16754926	1.10301446	1.03286873	0.95779512	0.88048575
	2.01332508	2.02799437	2.05604822	2.09866596	2.15237320	2.21224124	2.27265366	2.31888193	2.33536474	2.32970733	2.30892424	2.27731070	2.23706526	2.18469663	2.12679840	2.06752812	2.01018846	1.95714099	1.90948825	1.86847783	1.83126935	1.79468879	1.76006192	1.72473308	1.69071019	1.65800998	1.63044048	1.60809588	1.59417960	1.58620419	1.58133282	1.58020693	1.58138810	1.58076460	1.57595383	1.56635502	1.55524507	1.53012369	1.49203234	1.44581045	1.39579097	1.34447288	1.29540499	1.24467615	1.18496916	1.11975302	1.04897945	0.97320128	0.89507551
	2.01868658	2.03275123	2.05900305	2.10004168	2.15090199	2.20920529	2.26858739	2.31451544	2.33197571	2.32822664	2.30840450	2.27783798	2.23820873	2.18576444	2.12696645	2.06561192	2.00537057	1.94995623	1.89823524	1.85567138	1.81748698	1.77928845	1.74371285	1.70778031	1.67198011	1.63904296	1.60971246	1.58606193	1.56877006	1.55824379	1.55113563	1.54916419	1.55136589	1.55274503	1.54984319	1.54469829	1.53623106	1.51256771	1.47352347	1.42705459	1.37386303	1.32295736	1.27418524	1.22351841	1.16626176	1.10452711	1.03775867	0.96618454	0.89214504
	2.04205499	2.05775373	2.08493408	2.12694989	2.17829438	2.23783998	2.29725653	2.34374585	2.36231844	2.35955750	2.34010922	2.30961432	2.26977443	2.21670114	2.15683525	2.09427090	2.03281549	1.97581394	1.92263477	1.87863728	1.83979784	1.80107055	1.76484150	1.72862110	1.69197709	1.65866779	1.62899390	1.60466694	1.58664276	1.57566898	1.56825451	1.56641532	1.56864795	1.57016028	1.56756917	1.56281643	1.55425464	1.53078584	1.49194307	1.44472139	1.39181854	1.34020914	1.29095465	1.23994085	1.18203621	1.11945265	1.05177422	0.97928059	0.90424188
	2.05692798	2.07379781	2.10186390	2.14435519	2.19641785	2.25693498	2.31618624	2.36316812	2.38267283	2.38049349	2.36140117	2.33100343	2.29108285	2.23762009	2.17696677	2.11355904	2.05156101	1.99355923	1.93959494	1.89456909	1.85538437	1.81644758	1.77974069	1.74348634	1.70646529	1.67295750	1.64319997	1.61841504	1.60013111	1.58898123	1.58145643	1.57982806	1.58209820	1.58354629	1.58114196	1.57633280	1.56756931	1.54437672	1.50577433	1.45785037	1.40559973	1.35371200	1.30407343	1.25266988	1.19415960	1.13077654	1.06222256	0.98884084	0.91286712
	2.06544501	2.08302733	2.11218089	2.15491358	2.20812511	2.26942188	2.32877651	2.37586740	2.39554645	2.39346501	2.37438533	2.34388446	2.30373192	2.25020334	2.18939221	2.12547003	2.06338260	2.00532082	1.95100739	1.90574792	1.86675334	1.82776153	1.79093418	1.75476920	1.71766482	1.68414772	1.65444623	1.62972092	1.61154149	1.60055735	1.59305793	1.59159795	1.59386596	1.59475028	1.59229495	1.58723594	1.57802981	1.55423197	1.51595798	1.46825241	1.41620676	1.36346448	1.31385957	1.26248520	1.20351716	1.13939572	1.06993126	0.99558449	0.91860287
	2.07200412	2.08981757	2.11937813	2.16213947	2.21587775	2.27698223	2.33628026	2.38356452	2.40394670	2.40225856	2.38364525	2.35346823	2.31344555	2.26000424	2.19894588	2.13411506	2.07134877	2.01262316	1.95756475	1.91167256	1.87251391	1.83343854	1.79602899	1.75983953	1.72269030	1.68905942	1.65919938	1.63430190	1.61610471	1.60483885	1.59700464	1.59553001	1.59793021	1.59876932	1.59640556	1.59150891	1.58275030	1.55942184	1.52113870	1.47316239	1.42119524	1.36860120	1.31898604	1.26716118	1.20811879	1.14382077	1.07422763	0.99975920	0.92264131
	2.07688793	2.09460956	2.12403752	2.16658026	2.22017939	2.28046229	2.33934678	2.38703488	2.40857840	2.40744916	2.38970496	2.36020923	2.32058916	2.26728699	2.20573678	2.13985027	2.07604656	2.01608460	1.95998097	1.91308277	1.87340433	1.83418978	1.79587806	1.75963246	1.72250448	1.68866646	1.65847910	1.63309662	1.61469510	1.60278674	1.59437538	1.59270284	1.59533413	1.59669205	1.59459720	1.59013871	1.58239895	1.56053339	1.52187400	1.47318909	1.42134196	1.36989111	1.31992349	1.26735844	1.20852448	1.14453352	1.07546578	1.00159616	0.92508699
	2.08384031	2.10176923	2.13164086	2.17392834	2.22750593	2.28752401	2.34672635	2.39464939	2.41698569	2.41645656	2.39921050	2.37009988	2.33070662	2.27717916	2.21492882	2.14822727	2.08372708	2.02283401	1.96575800	1.91800148	1.87801412	1.83869204	1.80012649	1.76364691	1.72619481	1.69218741	1.66174723	1.63617831	1.61748417	1.60517201	1.59636702	1.59458212	1.59733318	1.59871257	1.59703184	1.59288896	1.58576113	1.56415397	1.52556652	1.47677583	1.42480866	1.37327930	1.32338966	1.27064385	1.21191448	1.14800556	1.07907956	1.00537179	0.92898301
	2.09316984	2.11140151	2.14175830	2.18408913	2.23781381	2.29729645	2.35757521	2.40568329	2.42893104	2.42924096	2.41248441	2.38377569	2.34463608	2.29081685	2.22768489	2.16001198	2.09456819	2.03271892	1.97459858	1.92587153	1.88562434	1.84623137	1.80751483	1.77051615	1.73266350	1.69841936	1.66771688	1.64224726	1.62325849	1.61055982	1.60136852	1.59950217	1.60235080	1.60358811	1.60228491	1.59836189	1.59212248	1.57052745	1.53208375	1.48331537	1.43110145	1.37914379	1.32981714	1.27663680	1.21797618	1.15397996	1.08501247	1.01124393	0.93473162
	2.09400188	2.11230690	2.14244873	2.18465608	2.23807414	2.29704014	2.35749794	2.40570681	2.42953124	2.43032873	2.41396321	2.38563894	2.34683247	2.29307052	2.22922410	2.16129481	2.09540559	2.03295275	1.97417167	1.92502021	1.88486451	1.84516745	1.80631882	1.76909757	1.73133370	1.69677044	1.66586161	1.64030609	1.62107476	1.60800989	1.59846045	1.59646358	1.59947799	1.60089144	1.60030676	1.59632058	1.59073511	1.56938342	1.53091802	1.48220799	1.42984341	1.37772628	1.32900887	1.27547275	1.21705025	1.15343331	1.08491617	1.01162631	0.93555829
	2.09319689	2.11151404	2.14153533	2.18354227	2.23676476	2.29557105	2.35597743	2.40423091	2.42824142	2.42921447	2.41301717	2.38485306	2.34620778	2.29249260	2.22828465	2.16035385	2.09441838	2.03173890	1.97269001	1.92344543	1.88344154	1.84353588	1.80466803	1.76738324	1.72966843	1.69494308	1.66394488	1.63828556	1.61894370	1.60571566	1.59600858	1.59397595	1.59707904	1.59859708	1.59849642	1.59445141	1.58907158	1.56778652	1.52935382	1.48069700	1.42826256	1.37598238	1.32757334	1.27396281	1.21566521	1.15228860	1.08403613	1.01103122	0.93523324
	2.09445764	2.11274211	2.14286385	2.18462765	2.23751310	2.29658679	2.35706380	2.40544350	2.42958365	2.43074739	2.41469450	2.38663028	2.34808333	2.29423011	2.22982636	2.16175551	2.09564761	2.03276633	1.97344018	1.92411350	1.88398237	1.84405313	1.80521748	1.76801617	1.72990537	1.69530066	1.66424983	1.63850529	1.61906129	1.60572266	1.59572801	1.59369149	1.59684285	1.59843053	1.59858295	1.59485228	1.58958157	1.56824038	1.52979009	1.48108228	1.42861212	1.37623668	1.32757253	1.27437514	1.21610594	1.15280200	1.08461678	1.01169087	0.93595642
	2.11423180	2.13377742	2.16520681	2.20858610	2.26336994	2.32327453	2.38650721	2.43551339	2.46052561	2.46228338	2.44666259	2.41879628	2.38027061	2.32684086	2.26091506	2.19204213	2.12542972	2.06239410	2.00254899	1.95318850	1.91273038	1.87280678	1.83386640	1.79687141	1.75850533	1.72402385	1.69327645	1.66781052	1.64873658	1.63577775	1.62605522	1.62398511	1.62705389	1.62860636	1.62845458	1.62388925	1.61796604	1.59623710	1.55780647	1.50922049	1.45768919	1.40476086	1.35567551	1.30190130	1.24239102	1.17694485	1.10627917	1.03070108	0.95220878
	2.13623732	2.15703030	2.18971949	2.23561762	2.29154821	2.35311973	2.41832112	2.46900980	2.49507452	2.49758770	2.48256831	2.45509138	2.41674840	2.36322703	2.29591399	2.22634078	2.15854867	2.09517295	2.03457273	1.98505985	1.94409054	1.90410762	1.86516012	1.82844420	1.78987275	1.75575168	1.72530481	1.70012609	1.68135477	1.66868088	1.65902056	1.65678684	1.65983723	1.66128821	1.66081660	1.65565038	1.64908690	1.62692449	1.58826326	1.54014024	1.48936219	1.43646849	1.38609850	1.33229591	1.27152342	1.20394386	1.13074519	1.05244912	0.97109973
	2.14603628	2.16722833	2.20025489	2.24787343	2.30319626	2.36617342	2.43146081	2.48369850	2.51031640	2.51328031	2.49869323	2.47159013	2.43352310	2.37945989	2.31179878	2.24198425	2.17306464	2.10928220	2.04812165	1.99838606	1.95698129	1.91690691	1.87805892	1.84150007	1.80282353	1.76907333	1.73869649	1.71358742	1.69480610	1.68208162	1.67222477	1.66971691	1.67284328	1.67420873	1.67372235	1.66874095	1.66205257	1.63967906	1.60073829	1.55310545	1.50233800	1.45005901	1.39838101	1.34514790	1.28397607	1.21573439	1.14169518	1.06249317	0.98015305
	2.15318911	2.17466520	2.20817752	2.25653160	2.31136784	2.37564540	2.44241907	2.49427098	2.52091628	2.52411201	2.50962581	2.48256229	2.44446078	2.39033830	2.32293581	2.25279117	2.18354275	2.11960522	2.05877503	2.00889313	1.96730936	1.92742654	1.88866153	1.85220489	1.81340359	1.77989193	1.74965057	1.72467518	1.70603625	1.69341991	1.68382743	1.68085336	1.68387469	1.68495866	1.68426056	1.67934567	1.67234504	1.64950932	1.61050504	1.56326986	1.51225014	1.46059108	1.40842380	1.35481924	1.29349541	1.22452716	1.14963892	1.06954069	0.98625655
	2.17141348	2.19310956	2.22827564	2.27650010	2.33353566	2.40008741	2.46671031	2.52110657	2.54965491	2.55390898	2.54027073	2.51396286	2.47645793	2.42138007	2.35300018	2.28242843	2.21250556	2.14725851	2.08592119	2.03497455	1.99374457	1.95379154	1.91526214	1.87827790	1.83980869	1.80626432	1.77623938	1.75128167	1.73256386	1.71989141	1.71072162	1.70790119	1.71088965	1.71173770	1.71016164	1.70447048	1.69704668	1.67480183	1.63588116	1.58920556	1.53827149	1.48706991	1.43516658	1.38010126	1.31825310	1.24783934	1.17115432	1.08917549	1.00392187
	2.17438833	2.19609885	2.23168244	2.27982182	2.33737811	2.40451339	2.47096907	2.52560837	2.55434439	2.55865044	2.54503679	2.51873249	2.48120001	2.42598786	2.35746384	2.28695374	2.21702531	2.15163126	2.09041612	2.03932681	1.99826731	1.95836509	1.91986348	1.88283234	1.84439199	1.81083664	1.78088065	1.75595015	1.73727246	1.72466129	1.71557480	1.71286397	1.71588020	1.71662962	1.71478154	1.70877348	1.70117907	1.67906250	1.64006451	1.59347665	1.54262923	1.49146280	1.43965063	1.38425661	1.32227681	1.25154540	1.17448169	1.09209835	1.00642797
	2.19202263	2.21455965	2.25126194	2.29994524	2.36034571	2.42820472	2.49699310	2.55297736	2.58346532	2.58885070	2.57591234	2.55017873	2.51306723	2.45783208	2.38876480	2.31766693	2.24785463	2.18217976	2.12054296	2.06951767	2.02835151	1.98853922	1.95035856	1.91308458	1.87514122	1.84166084	1.81210277	1.78751362	1.76913516	1.75675017	1.74800807	1.74530463	1.74754049	1.74809227	1.74543279	1.73863803	1.73010139	1.70749317	1.66899104	1.62266820	1.57200442	1.52121893	1.46987925	1.41261080	1.35015218	1.27759873	1.19818534	1.11335742	1.02517899
	2.20724437	2.23096961	2.26862589	2.31772089	2.38035292	2.44858486	2.52000599	2.57750300	2.60988865	2.61661126	2.60456177	2.57961819	2.54318032	2.48780025	2.41833363	2.34643369	2.27670568	2.21051543	2.14820544	2.09717930	2.05577852	2.01601686	1.97825047	1.94067198	1.90320566	1.86986393	1.84064888	1.81634206	1.79815183	1.78586206	1.77737928	1.77462306	1.77616376	1.77663473	1.77347595	1.76619326	1.75700676	1.73376501	1.69598341	1.64996111	1.59937548	1.54901980	1.49797181	1.43921199	1.37637831	1.30225331	1.22076201	1.13378299	1.04337312
	2.21205587	2.23669122	2.27433660	2.32440836	2.38737258	2.45542258	2.52854985	2.58686229	2.61980095	2.62721051	2.61564894	2.59114601	2.55510925	2.49978120	2.43021019	2.35797385	2.28843564	2.22214077	2.15948864	2.10864666	2.06708528	2.02740226	1.98988543	1.95212001	1.91496365	1.88168699	1.85263947	1.82854265	1.81049103	1.79824905	1.78984102	1.78703143	1.78828853	1.78855712	1.78543143	1.77811458	1.76861412	1.74480002	1.70742741	1.66154962	1.61104022	1.56084528	1.50988652	1.45093568	1.38773390	1.31301905	1.23067891	1.14281069	1.05147418
	2.22991302	2.25527773	2.29250118	2.34656507	2.41123590	2.47956507	2.55564463	2.61565200	2.64919846	2.65733342	2.64632799	2.62226549	2.58646237	2.53202680	2.46143503	2.38907939	2.31984391	2.25423259	2.19154854	2.14122343	2.09955493	2.05989011	2.02280705	1.98485887	1.94827671	1.91496725	1.88637463	1.86293466	1.84548418	1.83368308	1.82577391	1.82258360	1.82311434	1.82242626	1.81863418	1.81065609	1.79958357	1.77482169	1.73758772	1.69186920	1.64176171	1.59184719	1.54152880	1.48185673	1.41708486	1.34056477	1.25581115	1.16535560	1.07144045
	2.23710975	2.26250977	2.30086281	2.35512072	2.41857226	2.48888859	2.56501173	2.62552478	2.66063379	2.66992707	2.65981659	2.63661017	2.60155591	2.54713718	2.47722131	2.40402930	2.33430025	2.26761451	2.20521525	2.15394356	2.11173981	2.07196622	2.03575034	1.99770344	1.96044354	1.92747210	1.89881586	1.87525111	1.85763254	1.84555960	1.83725357	1.83320219	1.83401490	1.83345566	1.82955559	1.82190425	1.81111749	1.78620252	1.74965325	1.70370496	1.65382991	1.60392879	1.55306349	1.49369644	1.42871890	1.35208915	1.26702165	1.17620239	1.08192433
	2.24736698	2.27311611	2.31175610	2.36796080	2.43172215	2.50335967	2.58055034	2.64184350	2.67728144	2.68738963	2.67782910	2.65510234	2.62039505	2.56679810	2.49659947	2.42319216	2.35362025	2.28645395	2.22436365	2.17308846	2.13089703	2.09121489	2.05514358	2.01703772	1.97989261	1.94702964	1.91856472	1.89519762	1.87775863	1.86567888	1.85746676	1.85336149	1.85401543	1.85310381	1.84873864	1.84056337	1.82895583	1.80392127	1.76731934	1.72136902	1.67213804	1.62204056	1.57153795	1.51186257	1.44596718	1.36858893	1.28232010	1.19020351	1.09462282
	2.25999485	2.28697285	2.32596820	2.38357413	2.44696987	2.52154693	2.59957451	2.66247706	2.69955804	2.70958853	2.70060093	2.67840828	2.64397498	2.59050262	2.52072788	2.44663652	2.37681990	2.31020163	2.24800344	2.19670244	2.15457206	2.11511606	2.07953732	2.04147506	2.00426075	1.97157289	1.94340329	1.92038336	1.90325502	1.89112353	1.88320792	1.87888149	1.87942075	1.87812568	1.87300689	1.86404844	1.85188057	1.82618109	1.78998193	1.74428607	1.69540921	1.64548874	1.59495468	1.53509024	1.46769502	1.38914523	1.30121064	1.20725801	1.10984300
	2.28000749	2.30658296	2.34878314	2.40502717	2.47116685	2.54874663	2.62787522	2.69404855	2.73243929	2.74380265	2.73634456	2.71549709	2.68222981	2.62853250	2.55994055	2.48608003	2.41521157	2.34834584	2.28500382	2.23357675	2.19158311	2.15220690	2.11654872	2.07856378	2.04158354	2.00888712	1.98084886	1.95792057	1.94079510	1.92871484	1.92023498	1.91666355	1.91648232	1.91461086	1.90888562	1.89944129	1.88672700	1.86073156	1.82452623	1.77944879	1.73127987	1.68119218	1.63071048	1.57049691	1.50107537	1.42157522	1.33175245	1.23574463	1.13625879
	2.29340188	2.31935124	2.36454959	2.41940919	2.48893943	2.56728368	2.64719547	2.71519891	2.75401424	2.76651309	2.75977778	2.73931213	2.70654073	2.65255826	2.58485834	2.51207612	2.44066661	2.37360294	2.31001107	2.25871593	2.21692587	2.17763182	2.14171436	2.10386898	2.06703701	2.03435515	2.00642156	1.98352723	1.96651254	1.95473461	1.94589228	1.94298300	1.94235527	1.93981934	1.93343639	1.92337082	1.90998037	1.88367760	1.84735410	1.80266296	1.75488059	1.70483268	1.65443066	1.59391971	1.52293202	1.44278259	1.35157728	1.25407130	1.15307832
	2.31253052	2.33946236	2.38695802	2.44189312	2.51459096	2.59353297	2.67544105	2.74460802	2.78482987	2.79851016	2.79212715	2.77138972	2.73863937	2.68383031	2.61609465	2.54504840	2.47439830	2.40800177	2.34495005	2.29429512	2.25303416	2.21391269	2.17777780	2.14022688	2.10320126	2.07067312	2.04301826	2.02031791	2.00357657	1.99172102	1.98346260	1.98080157	1.97981386	1.97624971	1.96842244	1.95677821	1.94181886	1.91491827	1.87825212	1.83416402	1.78655081	1.73716445	1.68725180	1.62607413	1.55248106	1.47078242	1.37747588	1.27765264	1.17438622
	2.33900427	2.36773787	2.41717183	2.47209774	2.54878590	2.62923263	2.71388100	2.78504444	2.82740183	2.84262387	2.83713854	2.81697366	2.78478047	2.72863137	2.66054713	2.59155282	2.52173341	2.45580267	2.39314473	2.34284727	2.30251954	2.26357568	2.22693882	2.18976721	2.15254621	2.12006652	2.09265875	2.07013676	2.05331605	2.04124237	2.03347187	2.03102465	2.02934363	2.02454850	2.01516792	2.00182796	1.98522756	1.95781886	1.92060957	1.87734455	1.83014680	1.78159264	1.73226566	1.67028784	1.59340923	1.50975982	1.41390457	1.31127204	1.20526315
	2.35930196	2.38995174	2.43886847	2.49672975	2.57304581	2.65529955	2.74316684	2.81539651	2.85962704	2.87604320	2.87153847	2.85293961	2.82154209	2.76601010	2.69706382	2.62796794	2.56001158	2.49393583	2.43123325	2.38061908	2.34070077	2.30169843	2.26545429	2.22806960	2.19107757	2.15827878	2.13081730	2.10868110	2.09174583	2.07931107	2.07143496	2.06871692	2.06632031	2.06074424	2.05039220	2.03609648	2.01892099	1.99113206	1.95336212	1.91072356	1.86355723	1.81516388	1.76633336	1.70432059	1.62584168	1.53994482	1.44257459	1.33819323	1.23049421
	2.37087175	2.40374022	2.45074241	2.51142494	2.58594901	2.66940104	2.76028605	2.83267342	2.87917395	2.89701457	2.89377558	2.87644853	2.84637498	2.79194006	2.72247738	2.65343451	2.58535023	2.51814731	2.45486081	2.40343013	2.36391864	2.32460479	2.28869131	2.25124245	2.21385848	2.18075819	2.15306245	2.13069772	2.11303562	2.10006668	2.09227887	2.08875411	2.08597172	2.08018244	2.06974132	2.05553577	2.03873210	2.01107805	1.97303252	1.93128663	1.88358643	1.83550440	1.78683354	1.72485716	1.64575371	1.55935699	1.46170000	1.35696980	1.24898922
	2.38619005	2.42064900	2.46634354	2.53156203	2.60454667	2.69096092	2.78397486	2.85701752	2.90475900	2.92301435	2.92017515	2.90343622	2.87359571	2.82126172	2.75159134	2.68211710	2.61555033	2.54931873	2.48635553	2.43560111	2.39615974	2.35702215	2.32101003	2.28358973	2.24666547	2.21339731	2.18584271	2.16385215	2.14655610	2.13463694	2.12715843	2.12345807	2.11935579	2.11216169	2.10061744	2.08512026	2.06732293	2.03968545	2.00137552	1.95908950	1.91206500	1.86392193	1.81548183	1.75370198	1.67331469	1.58438297	1.48509782	1.37849819	1.26865623
	2.42578824	2.46389743	2.51077255	2.57940258	2.65482291	2.74774315	2.84384935	2.92120124	2.97226907	2.99229462	2.99113427	2.97597200	2.94735458	2.89529017	2.82903985	2.75833246	2.69385955	2.62984084	2.56746506	2.51704608	2.47771142	2.43881766	2.40212682	2.36431435	2.32881563	2.29469376	2.26718108	2.24556517	2.22870207	2.21726384	2.21075487	2.20617791	2.20032252	2.19074689	2.17656576	2.15839669	2.13872914	2.10941089	2.07113021	2.02933259	1.98249615	1.93519442	1.88609131	1.82464572	1.74167542	1.64739903	1.54485488	1.43419408	1.32040599
	2.46502416	2.50103867	2.55489010	2.62016947	2.70415848	2.80137178	2.89905708	2.98103416	3.03520618	3.05798230	3.05943719	3.04696934	3.02072009	2.96835728	2.90299490	2.83345002	2.76813846	2.70399228	2.64161442	2.59201281	2.55092172	2.51147316	2.47470539	2.43689481	2.39963187	2.36608344	2.33849849	2.31651384	2.29801258	2.28620900	2.28058941	2.27497253	2.26873868	2.25733885	2.24181545	2.22250673	2.20018696	2.17100275	2.13315268	2.09243977	2.04644436	1.99814291	1.94926737	1.88689208	1.80261942	1.70511728	1.60071708	1.48756279	1.37144916
	2.50157515	2.53752466	2.59440137	2.66209340	2.75203528	2.85216868	2.95449146	3.03745289	3.09345515	3.11785730	3.12111238	3.11045237	3.08575384	3.03392117	2.96703496	2.89960284	2.83432695	2.77098152	2.70858415	2.65918230	2.61815095	2.57936740	2.54167589	2.50419395	2.46591606	2.43249119	2.40473141	2.38261624	2.36342759	2.35050544	2.34470033	2.33859905	2.33169345	2.31835332	2.30158077	2.28126793	2.25688299	2.22597144	2.18827896	2.14838070	2.10273697	2.05523809	2.00573649	1.94211833	1.85698783	1.75628343	1.64944765	1.53363322	1.41502172
	2.55275288	2.59126666	2.64709693	2.72268674	2.81984576	2.92222397	3.03160001	3.11846980	3.17572265	3.20179301	3.20919128	3.20076192	3.17592436	3.12500600	3.05829087	2.98966964	2.92711553	2.86394528	2.80192512	2.75269716	2.71116102	2.67409865	2.63578598	2.59837330	2.56093512	2.52652313	2.49799576	2.47502627	2.45687270	2.44357988	2.43661003	2.42910664	2.41925420	2.40314012	2.38522655	2.36202133	2.33594103	2.30338938	2.26526966	2.22479301	2.18052733	2.13393151	2.08443734	2.01916927	1.93192752	1.82695949	1.71595066	1.59610186	1.47343466
	2.58703260	2.62898456	2.68446384	2.76575960	2.86646370	2.96847564	3.08297650	3.17450834	3.23131574	3.25508407	3.26586411	3.25932158	3.23636683	3.18798382	3.12140648	3.05236126	2.98827124	2.92584426	2.86370491	2.81344194	2.77175081	2.73346074	2.69435070	2.65757441	2.61962154	2.58528909	2.55619976	2.53223952	2.51383867	2.50071401	2.49305956	2.48415646	2.47326598	2.45559285	2.43636425	2.41232030	2.38364177	2.35126029	2.31342502	2.27273446	2.22943345	2.18257386	2.13342098	2.06757450	1.97830278	1.87164610	1.75809780	1.63650885	1.51164488
	2.62322351	2.67149233	2.72769398	2.81449356	2.91772389	3.01794265	3.13586602	3.23557431	3.29319122	3.31491023	3.32617489	3.32165648	3.30219167	3.25678761	3.19056059	3.12157941	3.05634103	2.99459762	2.93289195	2.88157301	2.84069723	2.80018896	2.76001378	2.72249738	2.68531085	2.64996886	2.62033697	2.59576236	2.57695609	2.56347443	2.55558251	2.54572308	2.53322564	2.51527599	2.49318215	2.46834421	2.43802074	2.40426055	2.36545775	2.32587890	2.28277180	2.23657400	2.18753357	2.12106761	2.02978954	1.92103986	1.80460378	1.68115358	1.55399967
	2.66933097	2.72181400	2.78136817	2.87384617	2.97807009	3.08650460	3.20653499	3.30949719	3.36782878	3.39219143	3.39233254	3.39056842	3.38242937	3.34084495	3.27556356	3.20749957	3.14140654	3.08158767	3.02115049	2.96870870	2.92652448	2.88587348	2.84465204	2.80475233	2.76627231	2.73139810	2.70145999	2.67690180	2.65777826	2.64409825	2.63601497	2.62513565	2.61009368	2.58950621	2.56661340	2.53898206	2.50745113	2.47154056	2.43189068	2.39260381	2.34932442	2.30375076	2.25473309	2.18789318	2.09463380	1.98317622	1.86280301	1.73680139	1.60671218
	2.69423569	2.74665969	2.81209616	2.90341919	3.00787440	3.12337338	3.24433150	3.34432711	3.40444044	3.42619530	3.43010000	3.42730198	3.41811548	3.38299529	3.31816138	3.25079682	3.18520318	3.12535921	3.06544192	3.01222997	2.97090513	2.92858208	2.88709031	2.84683130	2.80662424	2.77188210	2.74190396	2.71736045	2.69809006	2.68414080	2.67641711	2.66500964	2.64888622	2.62689292	2.60332185	2.57419745	2.54184347	2.50500581	2.46570756	2.42559722	2.38267433	2.33680428	2.28802845	2.22097820	2.12704087	2.01447170	1.89211340	1.76473300	1.63342392
	2.72104713	2.77398464	2.84688742	2.93483406	3.04052912	3.15934899	3.28177125	3.37934092	3.44194295	3.46227116	3.47155501	3.47000982	3.45767259	3.42552671	3.36440371	3.29829200	3.23324801	3.17379626	3.11402411	3.06057713	3.01888522	2.97641653	2.93444511	2.89345369	2.85192311	2.81651540	2.78707549	2.76225112	2.74297552	2.72962984	2.72214480	2.70954330	2.69272551	2.66940990	2.64459074	2.61373003	2.57963400	2.54193511	2.50292291	2.46228526	2.41891930	2.37299274	2.32443945	2.25729684	2.16256449	2.04875236	1.92429519	1.79498322	1.66224082
	2.75738776	2.81368858	2.89266955	2.98052134	3.08763255	3.20667194	3.33051684	3.42826327	3.49320272	3.51682860	3.53321271	3.53238286	3.52023343	3.48470677	3.42926436	3.36701509	3.30399929	3.24491445	3.18505519	3.13125423	3.08752596	3.04539752	3.00286573	2.96057815	2.91802928	2.88138402	2.85258269	2.82774747	2.80852293	2.79506662	2.78772194	2.77388451	2.75609999	2.73096421	2.70364264	2.67016309	2.63414622	2.59444081	2.55463407	2.51423534	2.47061604	2.42445892	2.37595630	2.30788931	2.21189390	2.09667298	1.97009758	1.83821747	1.70376883
	2.78163613	2.84167765	2.92128198	3.01296887	3.12181445	3.24140326	3.36661922	3.46507680	3.52633355	3.55476300	3.57365865	3.57635751	3.56566791	3.53053295	3.47427776	3.41460702	3.35400426	3.29549499	3.23529285	3.18125089	3.13700712	3.09296979	3.05007709	3.00749818	2.96433559	2.92712022	2.89703492	2.87253433	2.85323157	2.83954572	2.83173905	2.81798285	2.79896566	2.77317353	2.74409860	2.70928306	2.67242406	2.63148048	2.59132295	2.55047720	2.50694603	2.46005817	2.41130501	2.34258308	2.24578761	2.12956577	2.00202134	1.86868737	1.73325823
	2.79582980	2.85799513	2.93899827	3.03259439	3.14206424	3.26184713	3.38800351	3.48649188	3.54553118	3.57840328	3.59916651	3.60453448	3.59529417	3.56048780	3.50421199	3.44375495	3.38487645	3.32640537	3.26585906	3.21139637	3.16639531	3.12147976	3.07831681	3.03549185	2.99193644	2.95439780	2.92287305	2.89861976	2.87931392	2.86533730	2.85721075	2.84351471	2.82364466	2.79762770	2.76745822	2.73247191	2.69470519	2.65361030	2.61296977	2.57199320	2.52832920	2.48161394	2.43229257	2.36297330	2.26571575	2.14919470	2.02148197	1.88745795	1.75168458
	2.80028430	2.86338909	2.94321805	3.03997148	3.14838651	3.27010821	3.39674144	3.49442923	3.55121673	3.58788391	3.61018992	3.61780356	3.60984290	3.57460747	3.51844830	3.45688938	3.39728498	3.33857630	3.27686933	3.22143004	3.17616262	3.13093564	3.08727261	3.04427618	3.00060931	2.96264069	2.93085507	2.90571479	2.88617025	2.87119150	2.86238209	2.84913005	2.82931051	2.80362924	2.77360396	2.73892222	2.70102106	2.66055718	2.61923386	2.57858160	2.53483850	2.48768987	2.43869452	2.36855346	2.27187635	2.15592716	2.02887734	1.89517431	1.75997491
	2.80939638	2.87318256	2.95446819	3.05357347	3.16253847	3.28401396	3.40566966	3.50569942	3.56791052	3.60718462	3.63101677	3.64042183	3.63359515	3.59785201	3.54169197	3.48038494	3.41919502	3.35994812	3.29657989	3.24118205	3.19532226	3.14975436	3.10450542	3.06157293	3.01752156	2.97933230	2.94673094	2.92087230	2.90133043	2.88603761	2.87649274	2.86349497	2.84318923	2.81781723	2.78701457	2.75208411	2.71387407	2.67334362	2.63200743	2.59083902	2.54690757	2.49993706	2.45054350	2.37976823	2.28322494	2.16763181	2.04110718	1.90749521	1.77258903
	2.82405586	2.88799250	2.97234379	3.07455378	3.18442755	3.30543518	3.42383198	3.52655547	3.59408673	3.63487126	3.66014917	3.67103182	3.66489889	3.63038844	3.57485847	3.51169190	3.45047641	3.39090468	3.32697947	3.27128088	3.22395842	3.17797073	3.13247535	3.08855732	3.04389073	3.00551017	2.97271213	2.94556638	2.92618382	2.91121267	2.90128970	2.88819411	2.86767210	2.84137803	2.80905520	2.77339280	2.73460255	2.69317074	2.65192482	2.61089871	2.56671108	2.51932042	2.46887990	2.39806126	2.30114506	2.18528829	2.05878090	1.92487898	1.78976663
	2.84222775	2.90679253	2.99413763	3.09921886	3.21174138	3.33207847	3.45386959	3.55746530	3.62802080	3.67048796	3.69747947	3.70967067	3.70438185	3.67072054	3.61551833	3.55098684	3.48922020	3.42872082	3.36511028	3.30820801	3.25970632	3.21397067	3.16851906	3.12269824	3.07753456	3.03884241	3.00669002	2.97859603	2.95900679	2.94463567	2.93517551	2.92122924	2.90078532	2.87297221	2.84003600	2.80251863	2.76232403	2.72048914	2.67938344	2.63791755	2.59350475	2.54532104	2.49449389	2.42330237	2.32587553	2.20938322	2.08248425	1.94800237	1.81236864
	2.85040584	2.91631334	3.00497639	3.11138840	3.22629532	3.34657962	3.47045508	3.57413263	3.64491333	3.68847865	3.71662309	3.72928363	3.72416015	3.69001964	3.63375642	3.56920614	3.50648450	3.44527856	3.38104830	3.32370930	3.27493518	3.22896292	3.18285377	3.13661610	3.09149848	3.05282145	3.02076161	2.99326678	2.97352938	2.95901278	2.94997342	2.93636653	2.91552497	2.88714129	2.85356688	2.81583582	2.77500510	2.73283754	2.69142562	2.64977006	2.60508619	2.55695655	2.50610475	2.43489468	2.33715495	2.22070446	2.09364541	1.95914905	1.82353945
	2.85197698	2.91841092	3.00802731	3.11475481	3.23165494	3.35084401	3.47587590	3.57957204	3.65033913	3.69492160	3.72385963	3.73652355	3.73154198	3.69659182	3.63869213	3.57344373	3.50931266	3.44662221	3.38088522	3.32287218	3.27359144	3.22669539	3.18024474	3.13372541	3.08828841	3.04987224	3.01786902	2.99025279	2.97025898	2.95551906	2.94638570	2.93323612	2.91246948	2.88445233	2.85105084	2.81376617	2.77322100	2.73129905	2.68950946	2.64799911	2.60305537	2.55476883	2.50354120	2.43279483	2.33557197	2.22023725	2.09410566	1.96063542	1.82622790
	2.86818225	2.93685265	3.02999963	3.14063676	3.25973108	3.38156673	3.50889716	3.61393466	3.68511738	3.72995849	3.75851057	3.77184130	3.76585250	3.72801143	3.66866232	3.60219306	3.53670023	3.47244118	3.40586708	3.34768444	3.29766609	3.24983508	3.20306896	3.15600668	3.10979837	3.07186088	3.04042788	3.01319262	2.99495589	2.98165304	2.97216654	2.96061861	2.93919072	2.91058835	2.87636496	2.83734176	2.79432716	2.75160010	2.70909161	2.66728760	2.62239919	2.57391870	2.52326221	2.45182137	2.35429350	2.23797970	2.11116416	1.97702016	1.84212271
	2.87879664	2.94874228	3.04426952	3.15713459	3.27788173	3.40159231	3.53105204	3.63735172	3.70872268	3.75377217	3.78150941	3.79493465	3.78847657	3.74909146	3.68804457	3.62067146	3.55437816	3.48884776	3.42193883	3.36318748	3.31244426	3.26421991	3.21702278	3.16935020	3.12327009	3.08540982	3.05461459	3.02712681	3.00932578	2.99702871	2.98783301	2.97689149	2.95541657	2.92619243	2.89163950	2.85141387	2.80722011	2.76333675	2.72036072	2.67838650	2.63336406	2.58457092	2.53453335	2.46312691	2.36511178	2.24863208	2.12120787	1.98666842	1.85159531
	2.87843445	2.94838232	3.04401473	3.15781121	3.27862860	3.40355777	3.53353148	3.64029078	3.71203097	3.75806499	3.78667094	3.80053614	3.79415718	3.75395806	3.69058257	3.62214933	3.55341062	3.48571658	3.41706019	3.35668831	3.30500137	3.25610357	3.20768829	3.15954422	3.11335424	3.07455509	3.04352282	3.01608961	2.99696255	2.98432558	2.97514552	2.96377532	2.94292796	2.91420893	2.88079175	2.84136039	2.79857868	2.75488532	2.71166721	2.66934538	2.62380504	2.57493268	2.52444928	2.45361497	2.35666338	2.24224541	2.11621306	1.98346118	1.85030553
	2.87328765	2.94268985	3.03793606	3.15177993	3.27214967	3.39793525	3.52633702	3.63288041	3.70518461	3.75224058	3.78261827	3.79748097	3.79222812	3.75124330	3.68588958	3.61587635	3.54389495	3.47361445	3.40216885	3.34019283	3.28693825	3.23673088	3.18678898	3.13821727	3.09120844	3.05137647	3.01915008	2.99178493	2.97095412	2.95716490	2.94770047	2.93550045	2.91537853	2.88791084	2.85668471	2.81905580	2.77881093	2.73589766	2.69284610	2.64993667	2.60402470	2.55508657	2.50387495	2.43344796	2.33860434	2.22723764	2.10385326	1.97428773	1.84436341
	2.87132901	2.94062208	3.03656005	3.15034526	3.27110744	3.39508432	3.52456836	3.63090223	3.70375828	3.75191105	3.78367606	3.79989414	3.79627031	3.75568921	3.69093308	3.61853384	3.54443829	3.47102611	3.39781740	3.33428199	3.27929987	3.22869456	3.17775472	3.12776249	3.07892624	3.03841654	3.00514788	2.97775234	2.95663456	2.94082867	2.93150168	2.91876249	2.89902624	2.87390040	2.84273666	2.80756935	2.76744683	2.72511061	2.68154753	2.63839280	2.59246539	2.54302664	2.49099926	2.42138651	2.32878738	2.21951373	2.09841156	1.97145372	1.84420106
	2.87152755	2.94142874	3.03769498	3.15187726	3.27387120	3.39678650	3.52777892	3.63441770	3.70698956	3.75534179	3.78788792	3.80452242	3.80189625	3.76233462	3.69723485	3.62422674	3.54914219	3.47485406	3.40144398	3.33679993	3.28121057	3.23031129	3.17934740	3.12835889	3.07875318	3.03803541	3.00477941	2.97702647	2.95621013	2.94021390	2.93073121	2.91803992	2.89834884	2.87403740	2.84208079	2.80751378	2.76703715	2.72449907	2.68005621	2.63664913	2.59118624	2.54126416	2.48915519	2.41989537	2.32812052	2.21982490	2.09966278	1.97362642	1.84731988
	2.86389839	2.93338097	3.02836861	3.14140065	3.26404252	3.38603618	3.51617705	3.62230386	3.69420574	3.74335692	3.77633128	3.79377882	3.79131180	3.75327309	3.68718854	3.61445848	3.53754226	3.46337495	3.38949149	3.32401925	3.26795521	3.21605512	3.16526855	3.11342657	3.06306378	3.02195031	2.98851463	2.96003436	2.93855304	2.92325461	2.91214665	2.89951760	2.88015294	2.85697648	2.82553106	2.79163361	2.75179698	2.70936220	2.66512887	2.62117282	2.57604970	2.52620378	2.47382049	2.40471041	2.31503672	2.20899775	2.09125625	1.96768015	1.84374773
	2.86033159	2.92876743	3.02312057	3.13546062	3.25793308	3.37995160	3.50823474	3.61461084	3.68752243	3.73766785	3.77209847	3.79022699	3.78869397	3.75053758	3.68473584	3.61195800	3.53358739	3.45877995	3.38381485	3.31715787	3.26114460	3.20774990	3.15599398	3.10361488	3.05212800	3.01042622	2.97638506	2.94771630	2.92506893	2.90940883	2.89786574	2.88550806	2.86735145	2.84404259	2.81396425	2.77975237	2.74050908	2.69726117	2.65314723	2.60906835	2.56316186	2.51387836	2.46130564	2.39251236	2.30523298	2.20157898	2.08650022	1.96556731	1.84413348
	2.82785302	2.89166817	2.98239536	3.09089429	3.20761219	3.32671450	3.45065927	3.55511359	3.62746855	3.67731878	3.71211942	3.73072977	3.73103786	3.69183215	3.62607691	3.55326363	3.47523915	3.40027789	3.32518963	3.25907225	3.20474644	3.15186380	3.10015476	3.04861802	2.99687505	2.95509500	2.92073782	2.89108460	2.86760702	2.84943768	2.83836326	2.82511073	2.80896788	2.78636384	2.75867545	2.72613556	2.68827511	2.64705897	2.60313899	2.55995374	2.51366172	2.46481222	2.41273017	2.34626110	2.26296264	2.16466968	2.05539695	1.94028680	1.82421548
	2.81963814	2.88191811	2.97147414	3.07913718	3.19392420	3.31196288	3.43438849	3.53802005	3.61024819	3.66011545	3.69540655	3.71478456	3.71578444	3.67633878	3.61051372	3.53717506	3.45928938	3.38428988	3.30871548	3.24254258	3.18863137	3.13556034	3.08353682	3.03170005	2.97972100	2.93774946	2.90329547	2.87315581	2.84944413	2.83047295	2.81932149	2.80592239	2.79080962	2.76857190	2.74158880	2.70939663	2.67189456	2.63114241	2.58713862	2.54376305	2.49740315	2.44843044	2.39637101	2.33102557	2.24935114	2.15320520	2.04628734	1.93353541	1.81964975
	2.82791596	2.89041717	2.98054458	3.08885087	3.20347256	3.32166320	3.44463999	3.54880168	3.62226340	3.67258289	3.70902495	3.72968616	3.73115840	3.69180523	3.62569361	3.55043403	3.47199206	3.39633475	3.31953831	3.25301906	3.19903007	3.14568388	3.09293173	3.04010161	2.98803389	2.94563714	2.91126317	2.88101609	2.85715836	2.83861446	2.82774880	2.81473576	2.80011476	2.77783957	2.75078325	2.71786082	2.67974520	2.63816763	2.59348493	2.54927206	2.50250890	2.45296359	2.40060220	2.33580081	2.25476749	2.15921817	2.05290224	1.94065505	1.82721504
	2.80994525	2.87150500	2.96082528	3.06726511	3.17976013	3.29536824	3.41523813	3.51779026	3.59073925	3.63917526	3.67492176	3.69570810	3.69731383	3.65823010	3.59228179	3.51591603	3.43821292	3.36161477	3.28453461	3.21857048	3.16436541	3.11061083	3.05735198	3.00374604	2.95142117	2.90835433	2.87414657	2.84398897	2.81979710	2.80122839	2.78972373	2.77702689	2.76239928	2.74043243	2.71347424	2.68097261	2.64467206	2.60367510	2.55955994	2.51523640	2.46908511	2.41970361	2.36736941	2.30388883	2.22533434	2.13297726	2.03031774	1.92204181	1.81248089
	2.81421173	2.87541545	2.96592337	3.07301360	3.18623619	3.30113262	3.42220719	3.52591034	3.60202655	3.65052347	3.68731542	3.70870059	3.71126755	3.67161558	3.60499972	3.52538162	3.44701460	3.36804106	3.28919814	3.22234111	3.16655424	3.11207103	3.05815132	3.00388703	2.95079061	2.90664719	2.87141267	2.84159772	2.81740877	2.79877642	2.78692486	2.77509584	2.76110249	2.74032485	2.71346512	2.68169260	2.64534394	2.60432319	2.55971727	2.51353784	2.46664182	2.41678036	2.36461475	2.30149632	2.22430743	2.13372407	2.03266787	1.92591762	1.81773916
	2.80710705	2.86741199	2.95765454	3.06410978	3.17659825	3.29082610	3.41112250	3.51432167	3.59023910	3.63913870	3.67614534	3.69723594	3.70025577	3.66108836	3.59351862	3.51321685	3.43438795	3.35450068	3.27532693	3.20754502	3.15080223	3.09595464	3.04159907	2.98681528	2.93328337	2.88830756	2.85253550	2.82239623	2.79783655	2.77896626	2.76671070	2.75488124	2.74090595	2.72079023	2.69428073	2.66357046	2.62799910	2.58784506	2.54309635	2.49675786	2.44997618	2.40009399	2.34792245	2.28512888	2.20948840	2.12082446	2.02190707	1.91747679	1.81159050
	2.79751867	2.85717886	2.94773948	3.05372729	3.16560597	3.27948464	3.39891654	3.50141165	3.57673083	3.62561553	3.66312014	3.68360524	3.68688380	3.64867294	3.58010159	3.49986304	3.42046119	3.33979808	3.26011632	3.19145092	3.13393744	3.07876348	3.02400981	2.96887969	2.91481928	2.86935002	2.83335215	2.80288581	2.77832542	2.75920840	2.74677247	2.73495443	2.72104084	2.70140250	2.67533967	2.64556028	2.61071393	2.57109115	2.52626723	2.48013250	2.43361691	2.38377729	2.33150877	2.26923694	2.19491796	2.10790282	2.01083486	1.90839578	1.80448109
	2.76819727	2.82528812	2.91493186	3.01856492	3.12831214	3.24032431	3.35568624	3.45541384	3.52820858	3.57694738	3.61448245	3.63499595	3.63755923	3.60159528	3.53212240	3.45352776	3.37368473	3.29314748	3.21261039	3.14326944	3.08539185	3.03013392	2.97491065	2.91940760	2.86458945	2.81888599	2.78244934	2.75181745	2.72682036	2.70696046	2.69382597	2.68201502	2.66827352	2.64960527	2.62504931	2.59692999	2.56438994	2.52543630	2.48132392	2.43638155	2.39068261	2.34086759	2.28853610	2.22799643	2.15670210	2.07346124	1.98061939	1.88272653	1.78334704
	2.76345254	2.81862494	2.90568682	3.00721241	3.11535450	3.22468248	3.33751508	3.43737496	3.51123424	3.56189521	3.60002600	3.62316326	3.62587507	3.58847108	3.51676019	3.43721676	3.35582558	3.27495385	3.19349170	3.12365702	3.06484306	3.00881062	2.95276202	2.89635608	2.84059319	2.79387376	2.75628046	2.72525025	2.69891899	2.67870672	2.66474376	2.65290530	2.63903222	2.62089100	2.59727142	2.56947842	2.53878507	2.50053221	2.45717749	2.41263196	2.36684346	2.31706392	2.26434794	2.20509674	2.13594909	2.05539455	1.96563566	1.87127410	1.77563134
	2.77105346	2.82678558	2.91379908	3.01630945	3.12484975	3.23378059	3.34675095	3.44713106	3.52215321	3.57401427	3.61232824	3.63782015	3.64203202	3.60395340	3.53132736	3.45096277	3.36814197	3.28601651	3.20318533	3.13188939	3.07168722	3.01438204	2.95731173	2.89948589	2.84249148	2.79478923	2.75689907	2.72597176	2.69935658	2.67959828	2.66546487	2.65390665	2.64057293	2.62303626	2.59965937	2.57184308	2.54094604	2.50238662	2.45872672	2.41367855	2.36687417	2.31716809	2.26418711	2.20556212	2.13728593	2.05764400	1.96878378	1.87533859	1.78052898
	2.76563922	2.82069760	2.90618193	3.00875727	3.11675732	3.22497244	3.33816223	3.43803785	3.51295576	3.56532045	3.60401607	3.62992164	3.63555688	3.59707692	3.52452934	3.44395261	3.36008344	3.27721084	3.19373038	3.12114587	3.06003516	3.00227802	2.94466454	2.88631835	2.82893916	2.78064382	2.74278927	2.71147815	2.68518719	2.66539374	2.65135213	2.63972369	2.62708496	2.60988149	2.58697558	2.55941886	2.52864983	2.49039050	2.44722504	2.40202733	2.35504552	2.30582075	2.25331429	2.19541771	2.12818502	2.04970708	1.96215725	1.87014174	1.77669546
	2.76334496	2.81713939	2.89870891	3.00036704	3.10605793	3.21253278	3.32415788	3.42483701	3.49841502	3.55195303	3.59175247	3.61863817	3.62560966	3.58815817	3.51739267	3.43549318	3.35182131	3.26804518	3.18441691	3.11084409	3.04886239	2.99054393	2.93181595	2.87272584	2.81490507	2.76511140	2.72637935	2.69428883	2.66808695	2.64731811	2.63302824	2.62131518	2.60914216	2.59227359	2.57035964	2.54353922	2.51328523	2.47584911	2.43259545	2.38787846	2.34110935	2.29200991	2.24005258	2.18262291	2.11660988	2.03968434	1.95399604	1.86409795	1.77286833
	2.76749956	2.82102544	2.89999104	2.99944871	3.10453611	3.20949711	3.31947235	3.42023438	3.49486497	3.54969826	3.59023030	3.61853112	3.62576226	3.59021007	3.51915836	3.43649828	3.35179100	3.26729274	3.18237703	3.10698937	3.04372243	2.98395112	2.92459101	2.86471755	2.80607232	2.75512356	2.71520488	2.68242184	2.65611723	2.63518703	2.62123952	2.60976292	2.59783978	2.58091443	2.55961191	2.53344944	2.50369396	2.46724253	2.42444481	2.37996137	2.33365208	2.28444139	2.23260441	2.17538282	2.11005143	2.03408552	1.94963229	1.86126370	1.77177573
	2.74249960	2.79334440	2.86751524	2.96105786	3.06224599	3.16289033	3.26791760	3.36574118	3.43927929	3.49320060	3.53319948	3.56161972	3.56885029	3.53441840	3.46439049	3.38249090	3.29867929	3.21527384	3.13136833	3.05612559	2.99288074	2.93309170	2.87374258	2.81412479	2.75526027	2.70360766	2.66277130	2.62901794	2.60163150	2.57988828	2.56442864	2.55250029	2.54052745	2.52393102	2.50338478	2.47869115	2.45094495	2.41685178	2.37607087	2.33291357	2.28798812	2.23951041	2.18821661	2.13199833	2.06860743	1.99540296	1.91442364	1.83028205	1.74551265
