	6.02703559	5.97515679	5.59521305	5.52186003	5.17570333	5.05540273	5.14367357	4.85340421	4.78059683	5.02856183	5.34366493	5.61720250	5.91980618	6.26252093	6.48377157	6.71579001	6.99372441	7.21985675	7.43470315	7.66438486	7.77544791	7.81476620	7.20657730	7.21695494	7.21975873	7.21963141	7.21998885	7.82024517	7.83820946	7.86138870	7.27772249	7.28984331	7.92599896	7.96455725	7.37554690	7.41290236	7.44971331	7.50033291	7.52741836	7.53040345	7.53206254	7.53862317	7.55185765	7.57138419	7.53227224	7.46792137	7.44131272	7.38496585	7.32652958
	6.25398014	6.26770798	6.26212113	6.24696845	6.21847432	6.15043888	5.19707458	4.37961130	4.38937253	4.68753796	5.04568264	5.32611574	5.66187218	5.93841158	6.20596274	6.38839547	6.69700718	6.86007117	7.04350544	7.31860164	7.41614126	7.44438363	7.45079787	7.44587821	7.43337754	7.41961550	7.40785097	7.40698557	7.41963614	7.43900651	7.46223923	7.47470988	7.50316408	7.54323187	7.58364670	7.61967099	7.66111724	7.72439612	7.75533434	7.75541431	7.74501384	7.73385442	7.72455888	7.71312093	7.66148611	7.59409348	7.52735143	7.45821860	7.38201432
	6.30067264	6.32181442	6.32815660	6.32460766	6.31213520	6.28789855	5.16538684	4.38385125	4.39539575	4.68484594	5.02006767	5.29846201	5.63476741	5.87417979	6.16841013	6.33444935	6.61857482	6.81673282	6.97191653	7.21290694	7.34432550	7.37741236	7.38112452	7.37264099	7.35505830	7.32990129	7.31259417	7.31283286	7.32895537	7.35320131	7.37780264	7.39316826	7.42981935	7.47699542	7.52055084	7.55607291	7.59627091	7.64972041	7.67284820	7.67076914	7.66061095	7.64914054	7.63837478	7.62434733	7.57845241	7.51845765	7.45139101	7.37527288	7.27150912
	6.32297308	6.34320314	6.34737445	6.34103956	6.32638596	6.30012941	5.52564407	4.38295929	4.40755485	4.69017454	5.01669833	5.27189612	5.61145951	5.81809116	6.13075936	6.28942232	6.52671173	6.77113235	6.91359745	7.10796293	7.24399752	7.28603664	7.28840023	7.27446459	7.25006601	7.21622503	7.19827468	7.20115636	7.22129606	7.25265873	7.28662067	7.31018591	7.36225250	7.41715326	7.46617336	7.50141931	7.54127265	7.58911317	7.60698863	7.60315695	7.59293937	7.58112168	7.57019805	7.55508681	7.51094135	7.45233903	7.37781273	7.27087042	7.14903532
	6.32980970	6.35238602	6.35702008	6.35008958	6.33478301	6.30987063	6.27935588	4.33765640	4.38091855	4.65724494	4.93323231	5.20359438	5.51537119	5.71508227	5.97823899	6.19304015	6.35253223	6.60674989	6.79686525	6.92816042	7.01498620	7.04729325	7.04588537	7.02917075	7.00518119	6.97751140	6.96642287	6.96977369	6.98878106	7.01476273	7.05002281	7.07298842	7.12523861	7.19426484	7.27055937	7.33296496	7.38848279	7.44735953	7.46491271	7.45883565	7.44658197	7.42575174	7.40985401	7.38714145	7.32833020	7.22873756	7.12476958	7.01600247	6.92727266
	6.32887143	6.35424155	6.36094536	6.35547071	6.34147466	6.31891173	6.27582983	4.29967353	4.35923060	4.63602889	4.88139175	5.16942974	5.43770119	5.66921552	5.87655872	6.13480721	6.27791235	6.48131254	6.72374046	6.84979152	6.90840820	6.92605833	6.92214304	6.90808772	6.88962972	6.86517434	6.85352892	6.85750144	6.87509644	6.89566790	6.92190523	6.93920965	6.97923353	7.04732569	7.11560679	7.18331389	7.25534607	7.34631313	7.37223901	7.36465872	7.34353849	7.30256743	7.27808641	7.24055581	7.16226782	7.06066166	6.96138473	6.88444007	6.81620191
	6.33002524	6.35708102	6.36367298	6.35713792	6.34189709	6.31867372	6.28184780	4.25944389	4.32065725	4.57885867	4.79044169	5.11011217	5.31196910	5.60167522	5.74553780	6.01412556	6.19244546	6.32566755	6.57971544	6.75454302	6.80788513	6.81968224	6.81479328	6.80271246	6.78191181	6.75485970	6.74122241	6.74561100	6.76535379	6.79004144	6.81862158	6.83209952	6.86404738	6.90895166	6.95005466	6.99865863	7.06082265	7.16082860	7.19473048	7.18070890	7.15081312	7.10146554	7.07307975	7.03612875	6.96904279	6.90584745	6.84143859	6.77672370	6.70795155
	6.32861604	6.36013021	6.36988502	6.36529051	6.35127993	6.32968626	6.29744575	4.18572848	4.29639542	4.54002448	4.75021644	5.05792635	5.23538908	5.52607579	5.67704619	5.85452146	6.10594980	6.23770094	6.39311581	6.61537422	6.69664797	6.70739035	6.69565538	6.67018088	6.62753016	6.58117060	6.55593735	6.56631898	6.60205481	6.63733955	6.68061384	6.70816292	6.75612087	6.80306370	6.84097646	6.88016979	6.91886902	6.97804731	6.99425512	6.98371847	6.96246707	6.93090698	6.90877940	6.88212907	6.83444122	6.78126201	6.71226931	6.61663189	6.49066789
	6.32498824	6.36011019	6.37204426	6.36851240	6.35500564	6.33412189	6.30421317	4.12660334	4.26466367	4.47757663	4.70998898	4.98085999	5.18027005	5.41714102	5.61741297	5.74792171	5.97180886	6.16237815	6.28434405	6.45254654	6.54356759	6.55710407	6.53777999	6.50066803	6.44641578	6.40251693	6.38534327	6.39823907	6.43421655	6.47258511	6.52282167	6.55568807	6.62935150	6.69751496	6.74894587	6.79062100	6.83113506	6.87590520	6.88426356	6.87642583	6.85815291	6.82823270	6.80697786	6.78124377	6.73213174	6.65283380	6.55158485	6.43342020	6.34067647
	6.32061535	6.35979305	6.37409761	6.37159071	6.35845349	6.33817216	6.31052091	4.03321699	4.21623803	4.38198343	4.65053383	4.84916745	5.10649646	5.26210711	5.50215510	5.64654260	5.78197807	5.99968883	6.16997413	6.27919250	6.33425678	6.33976724	6.32452527	6.29613740	6.26434440	6.23857159	6.22812710	6.23977598	6.26650835	6.29323972	6.32725894	6.35025143	6.41673824	6.48794264	6.55003617	6.61938820	6.69703350	6.74584687	6.75177567	6.74393863	6.72000026	6.67302943	6.63596750	6.58458530	6.50537760	6.41657751	6.32757901	6.25954732	6.19926890
	6.31636987	6.35892617	6.37600431	6.37546204	6.36361094	6.34442384	6.31848525	3.99510064	4.19498339	4.35133102	4.62106807	4.78874264	5.06338429	5.20383782	5.40231346	5.59426448	5.70350144	5.86926218	6.09596305	6.20347379	6.24097445	6.24162461	6.22877116	6.20538233	6.17466161	6.14797675	6.13864938	6.15375358	6.18009180	6.21011226	6.24179276	6.26392630	6.30796866	6.35947494	6.41699002	6.47942334	6.57488816	6.64169497	6.65274251	6.63065506	6.59283596	6.52030986	6.46983966	6.41858962	6.34666410	6.28050790	6.22098330	6.16271461	6.09458123
	6.31380114	6.35847040	6.37704186	6.37740335	6.36609768	6.34744800	6.32266281	3.95711294	4.16251526	4.31461793	4.58656441	4.74004799	5.01619780	5.16148018	5.31692648	5.54533104	5.65359266	5.77511554	6.01621381	6.14871004	6.18170499	6.18120029	6.16748243	6.14412980	6.10907828	6.07231373	6.06372645	6.07996938	6.11353736	6.14854475	6.18220715	6.20371655	6.24261992	6.28096798	6.32151328	6.37269147	6.45336060	6.52684958	6.54105460	6.50942824	6.46071434	6.39827764	6.35500296	6.31323403	6.26341211	6.21039136	6.15654567	6.09313378	6.00167966
	6.30970799	6.35649657	6.37727336	6.37957715	6.36970257	6.35202992	6.32795209	3.97149714	4.18095668	4.33107203	4.59311218	4.75072570	5.00971060	5.16175237	5.31926123	5.52760198	5.64887909	5.77358606	5.99323110	6.13161998	6.16652259	6.16415942	6.14777483	6.11671536	6.07385660	6.03418651	6.02598098	6.04852519	6.08598453	6.12984069	6.16732212	6.19398143	6.23718137	6.27842209	6.32245464	6.37586171	6.43806012	6.51602787	6.52388087	6.48890793	6.43313924	6.37980036	6.33799610	6.29511433	6.24427302	6.18718175	6.12717959	6.04831997	5.94660861
	6.30711553	6.35568990	6.37800854	6.38147601	6.37236787	6.35523016	6.33170889	3.93931233	4.16685259	4.31839415	4.57779729	4.73366120	4.98387100	5.14452985	5.28348756	5.49846145	5.62753809	5.74021432	5.93452366	6.09484359	6.13325537	6.12869409	6.10822525	6.07153466	6.02448385	5.97466631	5.96569908	5.99628163	6.03991311	6.08883089	6.13151242	6.16443317	6.20763276	6.24800741	6.28936173	6.33248489	6.38753887	6.45511522	6.45986748	6.42901750	6.37950683	6.33300506	6.29536518	6.25736972	6.20855758	6.14881870	6.08303033	5.98556387	5.88082447
	6.30341554	6.35415908	6.37862337	6.38393859	6.37619173	6.35999880	6.33721109	3.94870261	4.17474961	4.31659208	4.57985385	4.72567325	4.97866865	5.13421338	5.26264034	5.48471607	5.61318293	5.71521108	5.88944515	6.06576551	6.10160718	6.09326551	6.06899073	6.02923808	5.97229898	5.91560723	5.91187342	5.94886263	6.00605981	6.05999726	6.10617880	6.14478568	6.18689156	6.22791193	6.26491432	6.30403672	6.34974083	6.41018443	6.41245821	6.38421990	6.33728568	6.29433966	6.26017883	6.22410596	6.17327002	6.11061300	6.03206401	5.91536809	5.81008610
	6.29992612	6.35274710	6.37916236	6.38611436	6.37958349	6.36424340	6.34215468	3.96513004	4.17452860	4.31573147	4.57126835	4.71661458	4.95862714	5.11938739	5.23658963	5.45332367	5.59181684	5.68894574	5.83811870	6.01701776	6.05584326	6.04300841	6.01070163	5.96668700	5.89967203	5.84732145	5.84973403	5.88892857	5.95939199	6.01662499	6.07129419	6.11913699	6.16347815	6.20592458	6.23936686	6.27375291	6.31147423	6.35970414	6.36169991	6.33656460	6.29710539	6.25811218	6.22600972	6.19008511	6.13204516	6.06146401	5.95826805	5.84063756	5.75059983
	6.29713572	6.35113891	6.37908205	6.38761583	6.38242739	6.36801335	6.34698778	3.98919275	4.19794942	4.34151544	4.58951761	4.73366040	4.96718728	5.12563388	5.25584644	5.45394051	5.59401253	5.70088669	5.84886734	6.00677417	6.03737787	6.02370773	5.99458414	5.95514133	5.89367943	5.85032571	5.85346585	5.89225278	5.96040229	6.01371250	6.06842519	6.12147390	6.16879157	6.21650254	6.25061973	6.28841011	6.33435664	6.37656584	6.37932240	6.35459846	6.31534661	6.26936409	6.23183215	6.18863829	6.11324609	6.03873584	5.94059674	5.83681884	5.75181847
	6.29318327	6.34950861	6.37940406	6.38948187	6.38542873	6.37187942	6.38255804	3.98188961	4.18037995	4.31794320	4.56207957	4.70587972	4.91579047	5.09677227	5.20493106	5.38800902	5.55570709	5.65230735	5.77371129	5.92319933	5.95862758	5.94282126	5.90673197	5.86436963	5.80802701	5.76744456	5.77331249	5.81606628	5.88197160	5.93599977	5.99755144	6.06514787	6.12219287	6.17086416	6.19822297	6.22735200	6.26332749	6.30075594	6.30195579	6.27884273	6.24442541	6.20969625	6.17609137	6.13297365	6.04309075	5.95299084	5.84481532	5.74986784	5.68177839
	6.28921468	6.34766806	6.37950187	6.39122813	6.38844809	6.37581201	6.42621111	3.97344771	4.17358877	4.30695185	4.54606735	4.69194804	4.87859485	5.07868284	5.18181754	5.33495552	5.52901887	5.62879631	5.73351016	5.85609446	5.89134933	5.87430730	5.83608446	5.79652072	5.75424200	5.72358943	5.73054294	5.76665708	5.81694469	5.87782204	5.95027494	6.02567697	6.09694415	6.14089749	6.17177709	6.19907314	6.23069034	6.26450132	6.26491149	6.24346934	6.21242539	6.17974437	6.14520984	6.09438705	5.99304292	5.88160030	5.78442663	5.70775368	5.64947721
	6.28503620	6.34569697	6.37937803	6.39263279	6.39101965	6.37927399	6.06016092	3.95281283	4.16033041	4.28682159	4.52387468	4.67042701	4.83674968	5.05051390	5.14982522	5.27352994	5.48077801	5.59195706	5.68160471	5.77576215	5.80703989	5.78944898	5.75363089	5.72120759	5.69108631	5.66895309	5.67478974	5.70227375	5.74204957	5.80067347	5.88029344	5.95769569	6.04503043	6.09064008	6.12805391	6.15588483	6.18626517	6.21473717	6.21349683	6.19275331	6.16354536	6.12895629	6.08998177	6.01691077	5.90687611	5.79163096	5.71457882	5.65723133	5.60343027
	6.28202060	6.34406857	6.37939153	6.39435324	6.39419960	6.38344172	5.34681734	4.00997901	4.19472274	4.33269785	4.55417576	4.69665058	4.87474748	5.06846549	5.16858910	5.29967106	5.47334053	5.59769681	5.69216345	5.79191542	5.81638406	5.79971740	5.76667836	5.73143006	5.69943349	5.67689282	5.68502767	5.72025185	5.76939498	5.82599749	5.89660732	5.96239796	6.04131189	6.10111098	6.14117471	6.17423694	6.20732604	6.23520511	6.22897788	6.20375273	6.17044620	6.13085270	6.07616527	5.99428223	5.89493359	5.79833990	5.71429910	5.65306870	5.59797741
	6.27836243	6.34218873	6.37932577	6.39599690	6.39723418	6.38745981	4.45064043	4.03996253	4.20166633	4.34354597	4.56571923	4.69898157	4.88769214	5.06259474	5.16401432	5.29293176	5.46205051	5.58216174	5.67549091	5.76550839	5.78869135	5.76955756	5.73723386	5.70571147	5.67672141	5.65619080	5.66742064	5.70304879	5.75236916	5.81718638	5.89026476	5.96121590	6.03228016	6.08486496	6.12354309	6.16052613	6.19486300	6.22296998	6.21432083	6.18300372	6.14378138	6.10088986	6.04662441	5.96803792	5.86332200	5.76466241	5.68850819	5.62959672	5.56991918
	6.27461617	6.34019465	6.37915924	6.39753026	6.40015290	6.39131807	4.13060003	4.07265725	4.21939575	4.36653773	4.58497940	4.70826587	4.90153142	5.06651504	5.16492708	5.29229437	5.45486103	5.56980704	5.66312271	5.74583917	5.76658735	5.74719056	5.71581726	5.68592322	5.65906722	5.64127898	5.65604637	5.69426778	5.74529233	5.81392770	5.88380413	5.96017028	6.02912217	6.07907634	6.12116365	6.15658942	6.19171802	6.21751120	6.20587206	6.16833129	6.12592816	6.07919370	6.02127798	5.93842838	5.83220619	5.73955151	5.66629866	5.60774106	5.54049879
	6.27071550	6.33828108	6.37896718	6.39881813	6.40261597	6.39275543	4.14670122	4.05999014	4.20782060	4.34267396	4.56672070	4.68535765	4.85874066	5.03963835	5.13440612	5.22918955	5.38566073	5.52667544	5.61498287	5.67640001	5.68838733	5.67330222	5.65042833	5.62744452	5.60465883	5.59011917	5.60622312	5.64193713	5.68382687	5.73740156	5.81066888	5.88779662	5.95786822	6.02706597	6.07613876	6.11305274	6.14841383	6.17130144	6.15725296	6.11807312	6.06945046	6.00212585	5.92279047	5.83092200	5.73086726	5.66267969	5.60732110	5.55048273	5.46876467
	6.26916477	6.33767452	6.37976921	6.40123772	6.40647165	6.37978390	3.98914332	4.10190391	4.23041497	4.37478365	4.58866483	4.69901674	4.87222031	5.05120152	5.13873635	5.23051928	5.37799005	5.52398448	5.60916493	5.66628618	5.67655579	5.66164692	5.64105943	5.61976792	5.59881423	5.58827949	5.60562657	5.64365523	5.68779202	5.74375239	5.81667671	5.89344260	5.97469284	6.04265025	6.08559109	6.12406476	6.16071797	6.17913669	6.16361651	6.12019276	6.06548042	5.99511138	5.89741615	5.79764429	5.71176713	5.64729421	5.59518427	5.53374442	5.44960820
	6.26484064	6.33559974	6.37989102	6.40346437	6.41040542	6.36612164	3.99614665	4.10145536	4.22712310	4.36271795	4.56777707	4.68745766	4.83594958	5.01356718	5.11652065	5.19873628	5.31278803	5.45339461	5.56877679	5.62570008	5.63353598	5.61824440	5.59784351	5.57530315	5.54382776	5.53096272	5.56590251	5.61038591	5.65551934	5.70549615	5.76411769	5.83149175	5.90851742	5.96974455	6.01479750	6.06402806	6.12202230	6.14108755	6.11346406	6.04159609	5.97215891	5.89418290	5.80652194	5.72873762	5.66059299	5.59803007	5.52654441	5.44323653	5.35069733
	6.26111785	6.33350816	6.37949252	6.40478447	6.41318025	5.82480568	4.01646358	4.10629851	4.23188880	4.37273376	4.57033134	4.68351617	4.82426203	4.99915286	5.10307647	5.17860225	5.28086336	5.41552552	5.53930299	5.59540877	5.60099061	5.58601234	5.56665494	5.54318855	5.50507877	5.49268927	5.53805463	5.58850751	5.63148989	5.68649753	5.74902371	5.80441967	5.87105731	5.93523009	5.98254984	6.03344149	6.10099611	6.11920801	6.08228790	5.99858427	5.92631678	5.83687522	5.76024058	5.68877258	5.62035317	5.55984295	5.47550398	5.39289603	5.29127699
	6.25909102	6.33229935	6.37957007	6.40644577	6.41636983	4.63772792	4.05449213	4.14395943	4.24025468	4.38383577	4.58786750	4.68185436	4.82250150	5.01367474	5.09890833	5.16255497	5.25470454	5.40358333	5.52724134	5.57906684	5.58387752	5.57073379	5.55407658	5.53321105	5.50584111	5.49666915	5.53377465	5.58094995	5.61966961	5.66718122	5.72191935	5.78770570	5.87244005	5.93834294	5.99200664	6.05395707	6.10083478	6.11532709	6.08340780	6.00094520	5.91073351	5.80616740	5.71642481	5.65433856	5.59890183	5.54283900	5.45886390	5.36288778	5.25188673
	6.25525783	6.33015604	6.37920153	6.40798041	6.41962391	4.20148670	4.03934970	4.12543492	4.22546570	4.35044620	4.55494461	4.65968489	4.77196716	4.96691355	5.06678166	5.12699238	5.19671289	5.30900471	5.44648030	5.51144802	5.51577954	5.49884150	5.47862580	5.45392882	5.41916509	5.41193544	5.46331927	5.51956558	5.57164986	5.62021787	5.66624565	5.71569388	5.77567594	5.83797871	5.89834618	5.97987329	6.02854048	6.04282246	6.00319976	5.89453499	5.79380286	5.70934939	5.64615358	5.59274286	5.52538031	5.45514309	5.35086654	5.25287302	5.17724076
	6.25206505	6.32806643	6.37860799	6.40930393	6.42275970	3.99343239	4.04223574	4.10870086	4.22450007	4.34663149	4.52926629	4.65367401	4.76300858	4.92601270	5.04463715	5.11217978	5.18108878	5.26325278	5.38708552	5.45572361	5.46009583	5.44300817	5.42121687	5.39703328	5.36079922	5.35672285	5.41249792	5.47537254	5.54184299	5.60260033	5.65516133	5.70931329	5.75170184	5.79527198	5.85022823	5.92341867	5.97517329	5.98856847	5.94222748	5.83507671	5.75086489	5.68866881	5.61929995	5.55422935	5.46691549	5.39152562	5.28825130	5.21667564	5.15030693
	6.24954608	6.32663779	6.37852323	6.41085227	6.42594231	3.96378468	4.03721147	4.10062364	4.21526896	4.32531883	4.51271418	4.63982971	4.73654742	4.89683336	5.02421248	5.09263150	5.15223694	5.22565387	5.33696857	5.41542177	5.41963593	5.40359728	5.37775390	5.34959265	5.31852471	5.31619730	5.37291080	5.44233891	5.51284572	5.57807588	5.62645435	5.67274635	5.71414037	5.75721188	5.81091720	5.87647179	5.93969546	5.95273157	5.89602158	5.78789313	5.70828715	5.64570853	5.58568495	5.51203448	5.42568951	5.33805334	5.24381108	5.17414721	5.11768326
	6.24718430	6.32519683	6.37809630	6.41166891	6.42792905	4.20383332	4.03748538	4.09789758	4.20458350	4.30735332	4.50194761	4.62687026	4.71517164	4.87411406	4.99964244	5.07478850	5.13184046	5.19557043	5.29802521	5.38161388	5.38825511	5.37006162	5.34164701	5.31323400	5.28353859	5.28191369	5.34073127	5.42086408	5.48788012	5.55034477	5.60148982	5.64347165	5.68208268	5.72420644	5.77683272	5.84145554	5.91917036	5.93373269	5.86354767	5.74927218	5.67183403	5.61486515	5.54994894	5.47601643	5.39755636	5.29591961	5.20664421	5.14357816	5.09171019
	6.24302934	6.32263769	6.37708364	6.41236277	6.43031578	5.13836338	3.99461059	4.04757008	4.17519098	4.27288177	4.43884532	4.59394192	4.67979881	4.79960038	4.92595855	5.03106920	5.09363167	5.14777583	5.21898503	5.28911511	5.29610017	5.27776343	5.25277053	5.23033040	5.20945341	5.20928760	5.25658206	5.33568337	5.40684286	5.47657900	5.54946987	5.59508307	5.62938592	5.66324847	5.70191672	5.74825360	5.81923004	5.83341324	5.76404231	5.67465214	5.61334482	5.55790755	5.46333286	5.38280165	5.30179570	5.20966346	5.14617976	5.09422443	5.03751066
	6.24368413	6.32251953	6.37684565	6.41255258	6.43120586	5.30441489	4.03717487	4.09390085	4.19708006	4.29471627	4.48223955	4.61261077	4.69903141	4.83538238	4.96002153	5.05183124	5.11065665	5.16852468	5.24900460	5.32799361	5.33710413	5.31946870	5.29311350	5.26781081	5.24435205	5.24442652	5.29931335	5.38618188	5.45725801	5.51681375	5.58005677	5.62393624	5.65989265	5.69646520	5.74023229	5.79334048	5.87246595	5.88716433	5.81231630	5.71057982	5.64259060	5.58612690	5.50213513	5.43031637	5.34466829	5.24379344	5.17185681	5.11616278	5.06337720
	6.24225666	6.32149007	6.37635968	6.41276070	6.43222159	5.76936157	4.02074172	4.07177982	4.18778788	4.28607206	4.45489123	4.60200892	4.68802891	4.80580377	4.92955619	5.03625964	5.09823166	5.15255340	5.22399709	5.29016853	5.29875262	5.28251919	5.26151390	5.24291818	5.22492602	5.22592520	5.27074982	5.35004527	5.42342613	5.48836347	5.56330224	5.61039373	5.64676858	5.68089202	5.72199405	5.76579749	5.82869722	5.84196137	5.77612778	5.69229765	5.62549071	5.56695487	5.46826093	5.39161826	5.30263654	5.21892843	5.15402869	5.10104842	5.04439468
	6.23887828	6.31946450	6.37561572	6.41353855	6.43459920	6.44278275	3.95024849	3.99711329	4.12451377	4.23446895	4.36591100	4.52993626	4.63572734	4.72300621	4.82901258	4.94387199	5.02366675	5.09068116	5.14661610	5.19053615	5.19564345	5.18386338	5.16975910	5.15646596	5.14364101	5.14534927	5.18062674	5.24032804	5.30789498	5.37606589	5.46237590	5.51338058	5.55353048	5.59423655	5.62771252	5.66177431	5.70532321	5.71407860	5.66399114	5.59943164	5.52206019	5.45137142	5.34561485	5.26876921	5.18921202	5.13096574	5.07950170	5.01300226	4.93865240
	6.23784301	6.31856527	6.37524721	6.41404251	6.43617523	6.27332877	3.94675423	3.98876295	4.12043032	4.23474953	4.34499443	4.51815090	4.63202295	4.71577635	4.80258072	4.91753676	5.01677342	5.08183741	5.13723896	5.17719934	5.18109524	5.17198487	5.16161404	5.15128619	5.13921660	5.14205364	5.17391099	5.21891266	5.27764541	5.35137046	5.43946460	5.50605131	5.54960688	5.58943582	5.62623282	5.65701280	5.69169639	5.69797548	5.65704329	5.59398852	5.51433284	5.41819467	5.31246264	5.23104900	5.17304130	5.12196515	5.06909611	4.99801840	4.90515409
	6.23753441	6.31806086	6.37507849	6.41466892	6.43784442	6.41620821	3.91832899	4.00219504	4.13719043	4.23277630	4.34283635	4.53129904	4.63143045	4.70616153	4.79865468	4.91674745	5.02588455	5.07983945	5.12787912	5.16283411	5.16736134	5.15885556	5.14952403	5.13998400	5.13046889	5.13318488	5.16325804	5.20974274	5.27541553	5.35809266	5.44824364	5.52036114	5.55868750	5.58827088	5.61763693	5.64603277	5.68021721	5.68719252	5.64529326	5.58932727	5.52553164	5.41649211	5.30889213	5.21793081	5.15873425	5.11210534	5.06776763	5.00739925	4.90243264
	6.23497758	6.31628772	6.37420062	6.41488726	6.43927028	6.42296526	4.42443780	3.98110202	4.09818152	4.21503979	4.32185190	4.48386688	4.60709545	4.68580420	4.77089717	4.86493472	4.97473544	5.04464261	5.10416851	5.13966079	5.14466338	5.13679941	5.12777286	5.11813591	5.10847236	5.11220550	5.14336109	5.18886824	5.24960589	5.31774014	5.39159094	5.46679292	5.50936655	5.54676522	5.58628903	5.61904109	5.65382286	5.66071599	5.61663123	5.54305315	5.46824516	5.35731207	5.27088522	5.19201360	5.13448281	5.08475007	5.02234728	4.95272491	4.85143384
	6.23378180	6.31552855	6.37406442	6.41557135	6.44088165	6.46223179	5.02929164	3.95642860	4.08364004	4.20476606	4.29325219	4.46198324	4.59584026	4.66479917	4.73451714	4.82441716	4.94942026	5.02898611	5.08604046	5.11663413	5.12127091	5.11506133	5.10731032	5.09897240	5.09091440	5.09488285	5.12215941	5.16118368	5.21227197	5.27530959	5.36135201	5.44337685	5.48806524	5.52867305	5.56741180	5.59722249	5.62768861	5.63306992	5.59309211	5.52205364	5.43901842	5.31411543	5.22257196	5.15904528	5.11098246	5.06533214	5.00082550	4.92443956	4.80736078
	6.23026488	6.31326963	6.37286852	6.41550996	6.44197545	6.45298121	5.92085213	3.91996273	4.01533193	4.15387285	4.25358660	4.38535579	4.52728381	4.62537432	4.68824900	4.75882965	4.85437197	4.94412035	5.02474373	5.06848601	5.07502734	5.06557981	5.05385170	5.04188514	5.03063513	5.03708974	5.07649503	5.11697444	5.16169692	5.21286385	5.28163020	5.34467218	5.38870055	5.43575521	5.48670633	5.52496535	5.56067304	5.56574514	5.51624842	5.42432041	5.33342720	5.23852443	5.16511633	5.10959954	5.05202504	4.98928186	4.90530311	4.83000896	4.74000805
	6.23060832	6.31313485	6.37300190	6.41637318	6.44390435	6.45712175	6.45498374	3.95125473	4.03680380	4.16747794	4.27076622	4.40288920	4.53726240	4.63312137	4.70378702	4.78004510	4.86870858	4.95336804	5.03365128	5.07497414	5.08247883	5.07528411	5.06522996	5.05538590	5.04590261	5.05253727	5.09007958	5.13800209	5.18804634	5.24591127	5.31304343	5.37155377	5.41422263	5.45749810	5.50744307	5.54776307	5.58251742	5.58831262	5.53918354	5.44491168	5.35723517	5.26722852	5.18810096	5.12499207	5.06388067	5.00219973	4.92019452	4.84770097	4.76352604
	6.23167069	6.31335250	6.37321617	6.41707994	6.44548673	6.45977761	6.50459547	3.98028090	4.08213613	4.19702341	4.28779177	4.43884332	4.56917259	4.65241304	4.72126309	4.81478990	4.91072484	4.99400483	5.06427245	5.10153298	5.10911617	5.10476420	5.09765005	5.09029924	5.08296052	5.08900456	5.11978666	5.16208045	5.21913574	5.29224076	5.36614746	5.43439382	5.47858537	5.51366370	5.55353231	5.59005804	5.62110398	5.62673415	5.58272158	5.50145655	5.41778649	5.31438420	5.21889084	5.14911970	5.09764749	5.04229119	4.97377416	4.89814492	4.80616068
	6.23016598	6.31216049	6.37246734	6.41695345	6.44614909	6.46120050	6.41110832	3.97135505	4.05129113	4.17415490	4.27632351	4.40002845	4.53294307	4.63529369	4.70709465	4.78948799	4.86752700	4.95466442	5.03088881	5.08246058	5.09153333	5.08717566	5.07940302	5.06920746	5.05889058	5.06748734	5.10540853	5.15051033	5.20560301	5.27086611	5.32896388	5.39166844	5.43755587	5.47497121	5.51604445	5.55734951	5.59848782	5.60709728	5.54594160	5.45998882	5.37398451	5.28442527	5.20257676	5.13504562	5.07464864	5.00543094	4.93407191	4.85746872	4.78360690
	6.23028505	6.31192229	6.37238008	6.41732335	6.44724670	6.46315500	6.30005735	3.94657439	4.06190133	4.17672295	4.28593170	4.40569028	4.52563498	4.63770537	4.71522353	4.79560491	4.87057252	4.95069850	5.02151358	5.08358493	5.09437104	5.09021535	5.08272521	5.07243885	5.06195959	5.07135796	5.11270522	5.16226449	5.21873577	5.28327906	5.34079558	5.40210539	5.44621226	5.48112508	5.51591727	5.56124654	5.60677964	5.61663433	5.54821583	5.46417759	5.38323277	5.29449890	5.21395935	5.14466226	5.07702810	4.99854792	4.93685094	4.86404228	4.79232050
	6.23004609	6.31167001	6.37286947	6.41905971	6.45057168	6.46814453	6.52119432	3.96400156	4.07723221	4.18577495	4.26213983	4.39088825	4.53430786	4.62501215	4.68238762	4.75226220	4.85045148	4.95076145	5.02190325	5.06836229	5.07736772	5.07477228	5.07088650	5.06659496	5.06177343	5.06850213	5.09820498	5.13683035	5.18291276	5.24607800	5.32801291	5.40189911	5.45675170	5.49319095	5.52591498	5.56574340	5.59490362	5.59926033	5.55549010	5.47194519	5.37042051	5.25651610	5.16956108	5.11297153	5.06593216	5.00103537	4.92967699	4.83767246	4.74154247
	6.23148294	6.31262168	6.37391327	6.42050568	6.45265363	6.47091216	6.48504848	4.00520411	4.10346923	4.20177119	4.28814576	4.42409780	4.54755822	4.63951868	4.70456503	4.78631885	4.87539154	4.96204806	5.03192913	5.07970317	5.09037285	5.08851615	5.08524676	5.08165672	5.07750282	5.08524197	5.11814425	5.16310682	5.21960427	5.29175275	5.36753159	5.42748821	5.47759749	5.51464500	5.54824675	5.58983182	5.62312201	5.62779789	5.57920620	5.49224677	5.39598121	5.29825854	5.20177833	5.13377192	5.08027993	5.01321976	4.94161117	4.86171945	4.77446189
	6.23074937	6.31220771	6.37419907	6.42183590	6.45523324	6.47469625	6.49253878	5.16322467	4.09709723	4.18697409	4.27424099	4.39062078	4.52653860	4.62024345	4.68485533	4.75757631	4.83340481	4.92616561	5.00128547	5.04636276	5.06172144	5.06095177	5.05722550	5.05293572	5.04887569	5.05943247	5.10021815	5.14500284	5.19862065	5.26307352	5.33080359	5.39574778	5.45881148	5.49644182	5.52573034	5.55965405	5.59773881	5.60534178	5.54504354	5.47188956	5.35427523	5.26010816	5.17657174	5.11120048	5.04628490	4.98646099	4.90583227	4.81926552	4.74520676
	6.23111037	6.31270554	6.37531124	6.42388839	6.45844251	6.47902121	6.50228715	5.50887568	4.08182264	4.17124889	4.26030486	4.36605216	4.49978025	4.59452003	4.66499317	4.72950028	4.80134438	4.89226041	4.97021520	5.01799446	5.03468042	5.03526618	5.03254047	5.02898356	5.02586636	5.03710140	5.07947701	5.12826726	5.17927494	5.23965381	5.30725074	5.36923306	5.43093819	5.46933269	5.50030837	5.53564126	5.57192757	5.57726067	5.51849077	5.44173123	5.32454500	5.22935787	5.15261668	5.08566835	5.01937281	4.95719137	4.87591990	4.79002137	4.71857329
	6.23129248	6.31311551	6.37645000	6.42610321	6.46196291	6.48379738	6.50747556	6.00270262	4.04768022	4.14535691	4.23742823	4.33470124	4.44924662	4.55571805	4.63607015	4.69152699	4.76153624	4.83638280	4.91343939	4.97181916	4.99353362	4.99570885	4.99404742	4.99124607	4.98909268	5.00172945	5.04739617	5.10153776	5.14775469	5.20313848	5.27284864	5.32499552	5.37586264	5.41511370	5.45267394	5.49664919	5.53215820	5.53454365	5.47437572	5.38213095	5.28139431	5.18906989	5.11658536	5.04785157	4.97477075	4.90136448	4.82665646	4.75288043	4.68004595
	6.23174723	6.31348212	6.37685043	6.42658806	6.46258320	6.48456171	6.49430865	5.94525110	4.05902728	4.15835417	4.24283714	4.34008814	4.45668646	4.56901015	4.64215432	4.69756102	4.76694794	4.84241497	4.92265151	4.98613783	5.00845014	5.01086209	5.00952658	5.00705707	5.00517248	5.01750768	5.05906385	5.10828555	5.15426378	5.21020809	5.28067762	5.33536100	5.38798330	5.43237522	5.47099478	5.51496009	5.54869854	5.55094573	5.49331716	5.39413969	5.28893868	5.19589035	5.12331687	5.05988575	4.99076463	4.91146674	4.83278003	4.75827122	4.68629291
	6.23243702	6.31425414	6.37831262	6.42911879	6.46657561	6.49004234	6.50208111	5.94861732	4.05447062	4.15665261	4.23794773	4.32882550	4.42740624	4.54831758	4.62413313	4.68440203	4.74751074	4.81197285	4.88731067	4.95900566	4.98358605	4.98845652	4.98933229	4.98882003	4.98900488	5.00400544	5.04926007	5.09851253	5.15036150	5.20927755	5.27156677	5.32235171	5.36786352	5.42000663	5.46134909	5.50664084	5.54386126	5.54562615	5.48206957	5.36900602	5.27108272	5.18829766	5.10797054	5.04122146	4.96932237	4.88125397	4.80631962	4.74375808	4.67300861
	6.23215031	6.31415137	6.37860655	6.42995743	6.46812204	6.49231166	6.50464925	5.97781551	4.03983945	4.13460475	4.22880972	4.31686934	4.40460912	4.50946376	4.61122360	4.67110466	4.73129146	4.79048690	4.85554459	4.91444463	4.93671301	4.94322118	4.94521679	4.94569369	4.94712326	4.96569450	5.02801672	5.09058373	5.14080904	5.20057353	5.25772633	5.30473463	5.34542370	5.39061570	5.42717086	5.46793156	5.51475066	5.51720138	5.44093834	5.34360697	5.25360975	5.17658348	5.09689196	5.00953935	4.92570754	4.85254099	4.78629443	4.72964780	4.66055850
	6.23439991	6.31600687	6.38059140	6.43224195	6.47099700	6.49590511	6.50808233	6.48545324	4.03617204	4.16504662	4.23194373	4.30137668	4.40945272	4.52473147	4.61399593	4.66230011	4.70860657	4.76953915	4.85206177	4.91590641	4.94399373	4.95451959	4.95988274	4.96382941	4.96851806	4.99404088	5.04892268	5.09344162	5.13566097	5.18548028	5.24839076	5.31613011	5.36770684	5.41288319	5.45552603	5.50295742	5.54559381	5.54788564	5.47245597	5.36055720	5.23975746	5.15624794	5.09439146	5.02902866	4.93663614	4.85712878	4.76809024	4.70228057	4.64972151
	6.23523384	6.31680638	6.38196226	6.43443449	6.47432215	6.50041074	6.51360195	6.55159994	4.56373860	4.13610738	4.21334825	4.27886973	4.36448621	4.47711802	4.56836078	4.63096626	4.67641941	4.72912449	4.78405029	4.84085349	4.87829445	4.89407597	4.90185930	4.90860976	4.91575761	4.94328769	4.99688535	5.05787207	5.10984619	5.16102095	5.22170093	5.27611748	5.32109194	5.36546411	5.40720202	5.45453829	5.49335058	5.49421734	5.42314894	5.30771374	5.20803500	5.12355334	5.04651746	4.96732683	4.87591248	4.78884933	4.72700750	4.66667021	4.60736267
	6.23575680	6.31725542	6.38276719	6.43575726	6.47641080	6.50337068	6.51737081	6.50375967	4.65341482	4.14869677	4.21651765	4.27310428	4.35299202	4.47843115	4.56665197	4.62622655	4.66690578	4.70980674	4.76074675	4.81920730	4.86063320	4.88095949	4.89295147	4.90432644	4.91630527	4.94485321	4.99628373	5.06183113	5.10783756	5.15430913	5.20802900	5.26636888	5.31745338	5.37058799	5.41864364	5.46226344	5.49710585	5.49700382	5.43141792	5.30073787	5.19085731	5.11772351	5.04474891	4.96072561	4.86387957	4.76778424	4.70691816	4.65727618	4.60520189
	6.23716222	6.31841950	6.38434330	6.43784067	6.47930504	6.50733419	6.52245826	6.53046733	5.16353908	4.14922426	4.21355484	4.27163179	4.35272805	4.47182672	4.54261397	4.59260471	4.64443941	4.68852475	4.73654669	4.78992857	4.82635409	4.84734270	4.86231071	4.87694886	4.89285596	4.92196506	4.97327645	5.02482002	5.08394797	5.14351625	5.20355745	5.26447457	5.31545473	5.36914946	5.42007143	5.45385668	5.48204556	5.48127840	5.42835569	5.29525625	5.17792285	5.08664523	5.00467184	4.92623868	4.83371479	4.74599208	4.68286924	4.61703229	4.55897969
	6.23748649	6.31878640	6.38521129	6.43930702	6.48147879	6.51031152	6.52622637	6.53381624	5.73481492	4.13160906	4.20267756	4.25779535	4.32616182	4.42831253	4.50340459	4.56477500	4.61904839	4.65885377	4.69553656	4.73556855	4.76221562	4.78217137	4.79932561	4.81662680	4.83497884	4.86690219	4.92436325	4.98797846	5.06256678	5.12030299	5.17460699	5.22794928	5.27167649	5.31831090	5.36919431	5.40495725	5.43616165	5.43586598	5.37799512	5.25033005	5.14716488	5.06088493	4.95590133	4.86469815	4.76866772	4.70131798	4.64830480	4.58726885	4.51061565
	6.24132499	6.32212582	6.38869907	6.44283502	6.48520638	6.51455666	6.53133558	6.53943685	6.03043364	4.13766902	4.21719042	4.26729710	4.33049230	4.42165469	4.50872406	4.57841279	4.62194373	4.65490375	4.68323151	4.71688388	4.74010458	4.75971651	4.77792357	4.79655049	4.81551170	4.84877719	4.91573827	5.00859136	5.07339740	5.12558950	5.17836408	5.23068419	5.27385289	5.31810391	5.36444938	5.40705003	5.44963599	5.45181970	5.37621217	5.25102589	5.15066108	5.06993564	4.95621712	4.84049349	4.74936778	4.68927924	4.64125324	4.58755793	4.50111650
	6.24092523	6.32179164	6.38872903	6.44324655	6.48615318	6.51634866	6.53414793	6.54339437	6.51062891	4.65147382	4.19826758	4.25450442	4.31467825	4.37964491	4.45720903	4.52744315	4.56861142	4.60695188	4.63735597	4.66684396	4.68675541	4.70492434	4.72262738	4.74126956	4.76215771	4.79073836	4.84960155	4.95121033	5.02053950	5.09155633	5.14914881	5.20287941	5.24595312	5.27761316	5.31101740	5.34961437	5.39394653	5.39780100	5.31993597	5.21995426	5.11542241	5.01007675	4.88470698	4.77613967	4.69756619	4.64196195	4.57975042	4.51976857	4.42870703
	6.23987255	6.32113627	6.38886432	6.44441680	6.48834154	6.51948374	6.53808555	6.54815607	6.54871674	5.24105327	4.16797307	4.21948616	4.26466893	4.31500953	4.38200717	4.44359459	4.47948954	4.51238852	4.54460967	4.58864162	4.61560232	4.63315729	4.64940888	4.66531624	4.68208423	4.70962824	4.76581518	4.85949453	4.93235177	5.01692825	5.08909782	5.13616969	5.16847685	5.19866411	5.22959737	5.26528844	5.30697679	5.30979233	5.23501665	5.14087752	5.03530325	4.91042673	4.78863752	4.68818559	4.62357678	4.55108938	4.48340945	4.42471215	4.34159690
	6.24103022	6.32205088	6.38950511	6.44451511	6.48795660	6.51899507	6.53792336	6.54863229	6.56773702	5.35536602	4.17947970	4.23272709	4.27908154	4.33791753	4.39929028	4.45189235	4.48749858	4.52211041	4.55556798	4.60141360	4.62880667	4.64761344	4.66496622	4.68290760	4.70230199	4.73611058	4.79397979	4.87179674	4.94660786	5.03558388	5.10696449	5.15812602	5.19528488	5.23418865	5.26560358	5.29749713	5.33338291	5.33498630	5.26925490	5.16341206	5.05342978	4.92252454	4.80980552	4.71333670	4.64231112	4.56858782	4.49641683	4.43481731	4.36448717
	6.24242789	6.32316314	6.39044670	6.44518543	6.48840672	6.51951258	6.53891090	6.55052467	6.55563394	5.96652343	4.35974698	4.22283252	4.26540396	4.30886722	4.35734137	4.40263520	4.44443768	4.48447228	4.51384396	4.55327412	4.57588421	4.59668827	4.61794102	4.63773399	4.65829874	4.69188260	4.74742981	4.82204064	4.91746269	5.00535219	5.07448962	5.12715189	5.16309389	5.19479691	5.22368542	5.25412451	5.28900539	5.28987671	5.22467669	5.12784185	5.01687247	4.88298198	4.75511124	4.66084968	4.59288907	4.53244942	4.46426629	4.38734320	4.31416413
	6.24370908	6.32421514	6.39124694	6.44540526	6.48805421	6.51910387	6.53916304	6.55207224	6.55852201	6.29256404	4.39208839	4.23103320	4.27273753	4.30555580	4.34227753	4.37922613	4.41765875	4.45505601	4.48033161	4.51633446	4.54337387	4.57045308	4.60033532	4.62530414	4.64765487	4.67772421	4.72766476	4.79782315	4.90282886	4.98199594	5.06880960	5.13039782	5.16189974	5.18731272	5.21392845	5.24367506	5.27859927	5.28030905	5.21417211	5.12662728	4.99415717	4.85800999	4.72566954	4.64371664	4.57078124	4.50408434	4.44036178	4.35999358	4.29240940
	6.24168453	6.32277636	6.39064678	6.44604365	6.48989334	6.52189119	6.54262297	6.55621550	6.56377044	6.56676153	4.83814084	4.21155091	4.24183726	4.25997884	4.28064968	4.30031646	4.31929584	4.34441584	4.36967201	4.40835360	4.43925282	4.47034438	4.50003998	4.52460914	4.54900493	4.58644197	4.64268821	4.70738345	4.79885266	4.89155961	4.98349984	5.05223258	5.08254233	5.10859218	5.13569419	5.16621825	5.20254541	5.20579554	5.13567330	5.03790338	4.89033606	4.74047172	4.62059042	4.53525445	4.46608860	4.39548692	4.33037772	4.26398863	4.20339926
	6.24191001	6.32306136	6.39091810	6.44619531	6.48990258	6.52192064	6.54295861	6.55715428	6.56542474	6.56840852	5.24285907	4.17408607	4.24315169	4.25797499	4.27189376	4.28705826	4.30136444	4.32492695	4.35171231	4.39012655	4.41980351	4.44834055	4.47219564	4.49611529	4.52241482	4.56535849	4.63402435	4.70114209	4.78583380	4.87548285	4.95753582	5.03751701	5.07467507	5.10258141	5.13104153	5.16202520	5.19730431	5.20018143	5.12806645	5.01493067	4.86702437	4.72341841	4.60057231	4.50896967	4.44646089	4.38161293	4.32054827	4.25757538	4.19108282
	6.24186362	6.32318816	6.39107012	6.44625857	6.48972798	6.52163384	6.54302136	6.55807701	6.56747812	6.57257454	5.67366466	4.27599398	4.24009739	4.24674264	4.24695775	4.24767030	4.25534021	4.27487036	4.30459294	4.34715346	4.37933563	4.40963639	4.43478408	4.46249287	4.48907525	4.53166000	4.60463381	4.67222032	4.74854257	4.83958484	4.92451705	5.00008369	5.04327509	5.07512105	5.10535881	5.13999780	5.17881377	5.18142507	5.09720017	4.96484470	4.81691879	4.67936349	4.56195166	4.47500885	4.40971218	4.34296343	4.28358628	4.22650276	4.15805164
	6.24039270	6.32203217	6.39020686	6.44587282	6.48983497	6.52214700	6.54388545	6.55936285	6.56942465	6.57549303	6.20189742	4.26944388	4.21138060	4.20587221	4.19242914	4.18853271	4.19652057	4.21714095	4.24833138	4.29021506	4.32172378	4.35126487	4.37847760	4.40975290	4.43719631	4.48097261	4.56130112	4.62281251	4.69085241	4.77774217	4.86857773	4.94304335	4.99010361	5.02524530	5.05173675	5.08119789	5.11499915	5.11610742	5.03267937	4.89363372	4.74697024	4.61828911	4.50701816	4.42133781	4.35178087	4.28668747	4.23032349	4.17955526	4.11104353
	6.23819737	6.32016697	6.38863152	6.44485578	6.48945380	6.52230237	6.54437957	6.56007748	6.57048140	6.57706692	6.60074158	4.74818704	4.17812351	4.15754571	4.12841101	4.12083036	4.13019736	4.15406779	4.19272111	4.23711055	4.26604584	4.29031334	4.31572856	4.34574030	4.37263619	4.41633640	4.49864128	4.56776377	4.63539568	4.71060801	4.79776975	4.87264045	4.92052843	4.95761551	4.98606454	5.01750974	5.04987383	5.04882024	4.95778531	4.81359088	4.66641214	4.55075828	4.44105366	4.35647521	4.28919643	4.23102752	4.17732414	4.12267409	4.05114428
	6.23697613	6.31919402	6.38782273	6.44443912	6.48940790	6.52248492	6.54493085	6.56123392	6.57248785	6.58006998	6.59366441	5.25432812	4.15625579	4.11876275	4.07704684	4.06859658	4.08161729	4.11097494	4.16182560	4.21169184	4.23906996	4.25931619	4.27967951	4.30315717	4.32984651	4.37572466	4.45804332	4.54080416	4.61038078	4.67651064	4.74894736	4.82572379	4.87625949	4.91676804	4.95106608	4.98693685	5.01572794	5.01067053	4.90851171	4.75607427	4.62570549	4.51135926	4.40282938	4.31620552	4.25763118	4.20462462	4.15074902	4.08772235	4.01776851
	6.23644113	6.31879433	6.38744016	6.44425271	6.48940950	6.52255940	6.54523020	6.56199576	6.57394954	6.58237417	6.59222540	5.90078250	4.12135843	4.11670963	4.06805763	4.04485753	4.05331334	4.08082879	4.13495133	4.18858388	4.21688044	4.23990563	4.26098503	4.28368662	4.31106554	4.35734061	4.43251390	4.52638396	4.59638000	4.66500767	4.73711026	4.81645476	4.86758599	4.90979709	4.94971749	4.98650269	5.01525920	5.01258234	4.91245688	4.74182651	4.60768702	4.48966628	4.38147540	4.29546932	4.23492410	4.18150751	4.12755658	4.05891179	3.99398443
	6.23508577	6.31760408	6.38618229	6.44326944	6.48874786	6.52207108	6.54504789	6.56237978	6.57529444	6.58500379	6.59673023	6.56458205	4.59982052	4.13465653	4.00825458	3.97400563	3.99063659	4.02153181	4.07193549	4.12903888	4.15779905	4.18086257	4.20375874	4.23017796	4.26111041	4.31064354	4.37888575	4.46881426	4.54360781	4.61689019	4.69936744	4.78006495	4.82674752	4.87022506	4.91065780	4.94910030	4.98534034	4.99899726	4.88415032	4.69198033	4.54802405	4.42719172	4.31626759	4.23161215	4.17193654	4.11926988	4.06273946	3.99949308	3.93862347
	6.23506709	6.31739640	6.38582942	6.44284346	6.48805822	6.52100619	6.54399468	6.56174862	6.57542118	6.58606990	6.59885542	6.63094809	4.80292383	4.14812267	3.98522190	3.94576105	3.96268939	3.99897458	4.05240310	4.11790990	4.14771639	4.17039232	4.19186467	4.21625431	4.24530268	4.29078591	4.36445470	4.45098608	4.53408926	4.60787310	4.69415471	4.77711683	4.82241452	4.86430185	4.90436733	4.94570562	4.98442742	5.00342932	4.88489071	4.69077790	4.52900783	4.40501026	4.29123861	4.21416578	4.15923871	4.10675777	4.04514305	3.98374330	3.92037024
	6.23643468	6.31802251	6.38603606	6.44290809	6.48779211	6.52028518	6.54333647	6.56170172	6.57636781	6.58820759	6.60224246	6.63456406	5.53806943	4.04193333	3.93210132	3.91449776	3.93954881	3.98356139	4.03923580	4.10914584	4.14119589	4.16567149	4.18883469	4.21467225	4.24250812	4.28483497	4.35107196	4.43415349	4.52332881	4.59712910	4.67734532	4.74788007	4.78936898	4.82333759	4.85732460	4.89864685	4.93937695	4.94552091	4.82325543	4.66055377	4.50747119	4.38620649	4.28109316	4.20753807	4.15380547	4.10174370	4.03814332	3.97503428	3.91384065
	6.23483738	6.31622385	6.38452951	6.44251363	6.48860171	6.52193742	6.54563545	6.56477374	6.58061627	6.59410108	6.61094510	6.64613475	6.79267976	4.88201985	3.76231505	3.76679341	3.80528944	3.86070024	3.92656328	3.98405841	4.01505573	4.03965373	4.06486688	4.09134751	4.12388012	4.16810846	4.24166340	4.32759524	4.40033639	4.47152058	4.55479433	4.63135553	4.67457209	4.70704569	4.73718786	4.76839538	4.80950169	4.80792118	4.63703667	4.49425037	4.36611440	4.24349754	4.13309983	4.05966372	4.01375669	3.96962220	3.91952794	3.85223621	3.79110203
	6.23348665	6.31495319	6.38351194	6.44229565	6.48931332	6.52342139	6.54755517	6.56707369	6.58338602	6.59757449	6.61648400	6.65188509	6.72558588	5.76435475	3.65777951	3.68497770	3.72994761	3.77960243	3.83012813	3.88211247	3.91669249	3.94587497	3.97776544	4.01076998	4.05091784	4.09570785	4.16132102	4.24021132	4.31170940	4.39570294	4.49081795	4.56752314	4.60806449	4.64176222	4.67110096	4.70324917	4.74452404	4.75567231	4.58114491	4.39596748	4.26340599	4.15088408	4.03574639	3.95447473	3.90528720	3.86035034	3.81513452	3.76545133	3.71287742
	6.23528292	6.31581689	6.38470991	6.44419133	6.49162766	6.52560724	6.54978813	6.56986183	6.58698899	6.60226592	6.62360190	6.65925217	6.73713987	6.08499848	3.62277625	3.68961122	3.72235219	3.76563751	3.82419662	3.89090686	3.93532093	3.96419550	3.99132322	4.01898508	4.05290115	4.09507132	4.16573974	4.24963335	4.33915370	4.42214861	4.50796442	4.58169004	4.62040658	4.65053204	4.67682784	4.70709724	4.74453666	4.74627348	4.60557809	4.40630819	4.25393116	4.13958701	4.03959755	3.96772516	3.91798474	3.86566080	3.81243277	3.76116960	3.71050207
	6.23206824	6.31277856	6.38226403	6.44300404	6.49176251	6.52684066	6.55164448	6.57220162	6.58986813	6.60588261	6.62825759	6.66275428	6.71518020	6.61736461	4.11819047	3.57791588	3.62450813	3.67598569	3.74326462	3.81518643	3.85399290	3.87894819	3.90340351	3.93058784	3.95809998	3.99561569	4.06396854	4.14276601	4.22792690	4.30063081	4.38153095	4.44949322	4.47885370	4.49465642	4.50829628	4.52438773	4.54583731	4.51107294	4.37631622	4.23558823	4.11267163	4.01113194	3.92262614	3.85453358	3.81024731	3.76740506	3.71942212	3.66961251	3.62234632
	6.23105320	6.31180525	6.38196676	6.44417797	6.49437519	6.53042231	6.55561603	6.57660973	6.59498298	6.61264865	6.63668937	6.67078030	6.72081592	6.79597396	4.81489586	3.45854536	3.51938278	3.59117364	3.66882749	3.73252326	3.76019927	3.77980202	3.79946006	3.82674425	3.85095447	3.88581219	3.95467738	4.02382301	4.09289423	4.15828987	4.23563602	4.29291508	4.30906052	4.31144151	4.31132764	4.31093109	4.31086814	4.26948942	4.18197931	4.07848774	3.96989382	3.87864666	3.79558943	3.73526886	3.69593831	3.66279461	3.62260282	3.57969271	3.53297528
	6.23153227	6.31151093	6.38223997	6.44520076	6.49602636	6.53220013	6.55748602	6.57898350	6.59800318	6.61674217	6.64100091	6.67413215	6.72179629	6.78364390	5.29249633	3.45799770	3.54245569	3.61517561	3.68696022	3.75960581	3.79285150	3.81335712	3.83366912	3.86107215	3.88384121	3.91541524	3.97265492	4.03185136	4.09545679	4.16505009	4.24742943	4.30284750	4.31592795	4.31511888	4.31099659	4.30421061	4.29895209	4.24574755	4.16042792	4.07515405	3.98412427	3.90000112	3.81172045	3.74370928	3.70448296	3.67724160	3.64791420	3.61518270	3.57407413
	6.22784101	6.30813472	6.37976411	6.44454137	6.49748159	6.53557902	6.56183980	6.58390742	6.60353557	6.62338537	6.64826008	6.68098723	6.72715830	6.79032359	6.16689999	3.35447902	3.44663803	3.52516367	3.60531468	3.67951741	3.70859602	3.72224142	3.73492060	3.75186654	3.76826465	3.79113168	3.84009134	3.90278144	3.96912563	4.03853081	4.11419575	4.16572061	4.17473612	4.16857940	4.15990370	4.14887656	4.13926273	4.09442748	4.01146461	3.92202706	3.84245818	3.77163818	3.69692495	3.63391716	3.59314324	3.56350131	3.53486480	3.50313373	3.47225699
	6.22822925	6.30789944	6.38002047	6.44543446	6.49901023	6.53730638	6.56357238	6.58595774	6.60605136	6.62643316	6.65136191	6.68319085	6.72730020	6.78752812	5.59655864	3.38587394	3.48632520	3.56347365	3.65116523	3.72596967	3.75751242	3.77350184	3.78662565	3.80223837	3.81779430	3.83927474	3.88736034	3.94924615	4.01186159	4.07472074	4.14515432	4.19585714	4.20360516	4.19526539	4.18441483	4.17232986	4.16109796	4.12465704	4.05094649	3.96578657	3.88877775	3.81660242	3.73973013	3.68017005	3.64119158	3.61338953	3.58823105	3.55878302	3.52712610
	6.22861908	6.30789614	6.38033528	6.44612782	6.50007424	6.53841974	6.56461148	6.58715067	6.60750875	6.62816591	6.65310366	6.68428939	6.72693636	6.78489916	5.03571775	3.41819425	3.51953073	3.59727579	3.69364358	3.76456335	3.79686463	3.81474839	3.82884641	3.84495909	3.86049031	3.88195745	3.93011442	3.99197508	4.05233987	4.11027450	4.17671995	4.22655149	4.23373784	4.22477811	4.21313553	4.20105194	4.18913231	4.15789232	4.09036434	4.00704556	3.93094766	3.85775049	3.77997214	3.72354322	3.68584523	3.65879877	3.63581374	3.60766157	3.57419037
	6.22941369	6.30840890	6.38099235	6.44676681	6.50063217	6.53860287	6.56453511	6.58705134	6.60745471	6.62822988	6.65315668	6.68411208	6.72627727	6.78302678	4.45092467	3.44649094	3.53281529	3.61377728	3.72596082	3.79220808	3.81924394	3.83464358	3.84809651	3.86349970	3.87892687	3.90037148	3.95003526	4.01585763	4.08249575	4.14305554	4.20697054	4.25534249	4.26317095	4.25541262	4.24477898	4.23358729	4.22212641	4.19020294	4.11662466	4.02767490	3.94906747	3.87888802	3.81049803	3.75706757	3.71758729	3.68730774	3.66277091	3.63119598	3.59405949
	6.22913157	6.30811013	6.38102922	6.44721922	6.50152210	6.53970216	6.56567389	6.58829143	6.60885198	6.62980051	6.65482505	6.68549256	6.72686579	6.78272667	4.30722376	3.45751146	3.54572627	3.62915651	3.74124326	3.80811955	3.83740494	3.85337220	3.86660710	3.88184326	3.89660150	3.91752902	3.96545183	4.02913897	4.09497401	4.15527824	4.21807186	4.26506711	4.27224312	4.26465984	4.25392169	4.24254910	4.23073703	4.19899335	4.12600910	4.04112955	3.96436396	3.89557089	3.82720494	3.77241131	3.73258163	3.70256483	3.68017664	3.64905771	3.61268703
	6.22787149	6.30703275	6.38042040	6.44738514	6.50256938	6.54149224	6.56779024	6.59062041	6.61141620	6.63256581	6.65774709	6.68805388	6.72835743	6.78266040	4.48047827	3.45631895	3.55837179	3.64388491	3.74472200	3.81527860	3.85194923	3.87101516	3.88442912	3.89992503	3.91365735	3.93404095	3.97870070	4.03662592	4.09534086	4.15194091	4.21387132	4.25924544	4.26475291	4.25687134	4.24550745	4.23336454	4.22089503	4.19097949	4.12503268	4.05090719	3.97812050	3.90879078	3.83362142	3.77493154	3.73642176	3.70968540	3.69235428	3.66495226	3.63195047
	6.22772426	6.30685797	6.38077897	6.44835729	6.50417825	6.54344486	6.56979262	6.59272037	6.61352795	6.63493120	6.66034049	6.69047028	6.73002872	6.78149508	4.62042920	3.46107495	3.56201403	3.64633303	3.75388439	3.82418577	3.85935307	3.87776526	3.89057072	3.90541128	3.91828844	3.93796365	3.98124001	4.03827363	4.09871673	4.15590919	4.21499155	4.25810665	4.26297457	4.25513241	4.24380289	4.23180392	4.21913864	4.18930614	4.12150489	4.04914540	3.97908774	3.91113559	3.83958225	3.78128839	3.74157899	3.71405059	3.69788488	3.66999249	3.63782750
	6.22793814	6.30702581	6.38165490	6.44996375	6.50648519	6.54600388	6.57227871	6.59527955	6.61607113	6.63782699	6.66355032	6.69345326	6.73200366	6.78328561	4.89752341	3.46543474	3.56971305	3.65122210	3.76292479	3.83549477	3.87104300	3.88954499	3.90240111	3.91684357	3.92888990	3.94748023	3.98739407	4.04081000	4.10384577	4.16275329	4.21971680	4.26091153	4.26499768	4.25645238	4.24443816	4.23213830	4.21873142	4.18811098	4.11749631	4.04852488	3.98471665	3.91751744	3.84699536	3.78777202	3.74592634	3.71739468	3.70210539	3.67411770	3.64555676
	6.22759960	6.30687103	6.38196896	6.45086443	6.50802499	6.54798229	6.57430317	6.59725319	6.61789060	6.63979403	6.66575402	6.69562727	6.73369132	6.78412887	5.09157027	3.45587064	3.56045928	3.64435711	3.75471044	3.82634789	3.86065997	3.88071872	3.89537654	3.91044247	3.92249916	3.94131835	3.98058799	4.03243826	4.09473051	4.15212160	4.20650221	4.24594391	4.24947737	4.24066947	4.22857294	4.21634841	4.20306798	4.17330898	4.10439001	4.03798968	3.97563165	3.90544660	3.83366508	3.77608956	3.73516217	3.70730872	3.69324712	3.66631572	3.63969433
	6.22742435	6.30681595	6.38210660	6.45125928	6.50872134	6.54892239	6.57528123	6.59817962	6.61868621	6.64062492	6.66669092	6.69660160	6.73455446	6.78483920	5.18620369	3.45096406	3.55225537	3.63856781	3.75012584	3.81956054	3.85182471	3.87236766	3.88799203	3.90334768	3.91552462	3.93462312	3.97442159	4.02683608	4.08918297	4.14584820	4.19872963	4.23728909	4.24076236	4.23202685	4.22011253	4.20808925	4.19504889	4.16575351	4.09724198	4.03077074	3.96769072	3.89626583	3.82517615	3.76934037	3.72912620	3.70147180	3.68790589	3.66112261	3.63435047
	6.22741156	6.30682046	6.38224135	6.45154911	6.50921328	6.54957440	6.57598271	6.59889682	6.61932103	6.64132622	6.66746403	6.69735992	6.73518290	6.78528467	5.22813024	3.45241870	3.54933412	3.63852155	3.75283842	3.82027723	3.85077099	3.87025440	3.88530964	3.90086401	3.91354138	3.93362444	3.97410407	4.02696254	4.08985213	4.14642364	4.19805081	4.23600262	4.23950863	4.23083514	4.21912540	4.20735708	4.19446255	4.16528329	4.09609512	4.02924354	3.96463872	3.89274946	3.82504244	3.77039029	3.73023295	3.70242972	3.68920124	3.66229815	3.63558068
	6.22851535	6.30775016	6.38387690	6.45374234	6.51182430	6.55179071	6.57758337	6.60022044	6.62060682	6.64294164	6.66906493	6.69781050	6.73290664	6.77825627	4.95053250	3.51007355	3.60799822	3.71180570	3.81955805	3.89191569	3.92756985	3.94872530	3.96597247	3.98308920	3.99829856	4.02153955	4.06368373	4.11690705	4.17700467	4.23238968	4.28473426	4.32217875	4.32591259	4.31683306	4.30396959	4.29055353	4.27670400	4.24760245	4.18279164	4.11583500	4.04839456	3.97502263	3.90497998	3.84703934	3.80701447	3.78337803	3.77266168	3.75001717	3.72425640
	6.22934256	6.30860324	6.38568901	6.45630634	6.51505324	6.55460378	6.57958176	6.60177527	6.62197144	6.64475383	6.67097924	6.69859736	6.73091636	6.77129247	4.20962112	3.56084530	3.66828183	3.79246774	3.88177484	3.96355205	4.00682068	4.03193887	4.05242651	4.07317977	4.09162456	4.11824000	4.16148703	4.21191441	4.26406118	4.31426425	4.36424935	4.40062114	4.40368583	4.39246248	4.37820889	4.36395133	4.34990948	4.32348845	4.27021237	4.20863399	4.13863184	4.05630235	3.97791278	3.91750037	3.88103872	3.86391976	3.85656232	3.84058860	3.81888981
	6.22928537	6.30876797	6.38649192	6.45763967	6.51695128	6.55641810	6.58094981	6.60282483	6.62278233	6.64584694	6.67225185	6.69950620	6.73077772	6.76917863	3.58748989	3.57103823	3.69004405	3.82525222	3.89826323	3.98900197	4.03624204	4.06417670	4.08626120	4.11007210	4.13017103	4.15793350	4.20084087	4.24737387	4.29246416	4.33755261	4.38409242	4.41958183	4.42161185	4.40782307	4.39266366	4.37861546	4.36502662	4.34169249	4.29853246	4.24384929	4.17367383	4.08241431	3.99680956	3.93539351	3.90266799	3.88977147	3.88445787	3.87285225	3.85518057
	6.22972165	6.30919207	6.38695974	6.45809507	6.51723998	6.55618464	6.58019441	6.60171361	6.62181443	6.64493862	6.67121389	6.69791396	6.72815928	6.76484722	3.58550196	3.58652469	3.71700699	3.83908856	3.91492094	4.02332268	4.06791733	4.09207838	4.11111417	4.13319718	4.15202834	4.17803640	4.21910180	4.26485335	4.31150951	4.36016370	4.41219368	4.44889659	4.45107244	4.43604106	4.41884436	4.40199806	4.38656474	4.36069181	4.31517327	4.26123389	4.19495881	4.11136391	4.03005812	3.96034019	3.92273095	3.90817594	3.90263296	3.89051421	3.87280745
	6.22975578	6.30971251	6.38816643	6.46000471	6.51980379	6.55856810	6.58154887	6.60207060	6.62184887	6.64536261	6.67172832	6.69745935	6.72542198	6.75792108	3.56668506	3.63334043	3.77125897	3.87824588	3.97223387	4.08940753	4.13306627	4.15568984	4.17252235	4.19188562	4.20947762	4.23333008	4.27531165	4.32886910	4.37978473	4.43126949	4.48538744	4.52294825	4.52423346	4.50574668	4.48647804	4.46902546	4.45251247	4.42525534	4.37591151	4.31482135	4.25191434	4.17817146	4.09008473	4.02097984	3.98418853	3.97057942	3.96735206	3.95721925	3.94078709
	6.22992232	6.30988704	6.38834562	6.46016532	6.51990048	6.55851762	6.58136188	6.60181596	6.62164574	6.64516499	6.67148922	6.69704387	6.72467915	6.75668751	3.54066500	3.64215903	3.78204128	3.88437525	3.98205039	4.10202822	4.14548152	4.16741942	4.18358128	4.20201732	4.21899488	4.24196876	4.28373122	4.33938062	4.39103384	4.44336779	4.49858448	4.53666280	4.53787972	4.51874843	4.49899705	4.48128876	4.46448656	4.43673419	4.38647390	4.32328479	4.26171333	4.19087698	4.10160160	4.03198670	3.99494940	3.98126440	3.97816498	3.96808258	3.95150455
	6.23069123	6.31102540	6.38962690	6.46165504	6.52120406	6.55867568	6.57953541	6.59820708	6.61786831	6.64179811	6.66772567	6.69164647	6.71617308	6.74600470	3.58084833	3.70470738	3.83360221	3.93124029	4.05599836	4.16732660	4.20629028	4.22611317	4.24087684	4.25745822	4.27595814	4.30289664	4.34997505	4.41447489	4.47572726	4.52996318	4.58453522	4.61979413	4.62105802	4.60406023	4.58531513	4.56779400	4.55104143	4.52224768	4.46404186	4.39047982	4.32136322	4.25434789	4.17395267	4.11122381	4.07535228	4.06121317	4.05930632	4.05025714	4.03356311
	6.23114325	6.31196958	6.39092865	6.46341651	6.52313552	6.55974654	6.57866139	6.59547362	6.61479547	6.63915931	6.66483507	6.68721398	6.70863762	6.77040836	3.60835188	3.75888703	3.87766577	3.97213433	4.12334491	4.22522038	4.25801509	4.27628315	4.29030720	4.30605604	4.32650333	4.35765271	4.40996830	4.48241289	4.55553923	4.61420049	4.66611345	4.69694504	4.69811954	4.68404571	4.66665862	4.64919278	4.63173254	4.59961370	4.53231029	4.44960399	4.37278042	4.30778131	4.24068180	4.18601771	4.14897384	4.13410108	4.13492786	4.12733652	4.11008730
	6.23114675	6.31228509	6.39145358	6.46421514	6.52398752	6.56001506	6.57767166	6.59326951	6.61224404	6.63680674	6.66227196	6.68381117	6.70364318	6.66683338	3.62264047	3.77706788	3.89147669	3.99129773	4.14729633	4.24400908	4.27657208	4.29572458	4.31052041	4.32756527	4.34954642	4.38251689	4.43654226	4.51032885	4.58731111	4.64848295	4.69779418	4.72609263	4.72684996	4.71474777	4.69828740	4.68089709	4.66288259	4.62846790	4.55895810	4.47505222	4.39546318	4.32783356	4.26833386	4.21547574	4.17665319	4.16137400	4.16378763	4.15683501	4.13932979
	6.23178756	6.31334912	6.39236026	6.46508073	6.52393453	6.55770218	6.57202042	6.58466111	6.60312075	6.62814953	6.65261160	6.67190323	6.68808380	6.13006349	3.68249650	3.83234565	3.93503903	4.06371817	4.20619843	4.29317176	4.34125264	4.36616909	4.38365686	4.40392644	4.43084628	4.46758987	4.52253076	4.59143746	4.65788570	4.71128368	4.76209074	4.79207558	4.79091514	4.77877398	4.76234992	4.74569628	4.72985664	4.70174855	4.64207079	4.56443936	4.48140770	4.40179705	4.33116381	4.27336411	4.24194918	4.22856895	4.22828668	4.22174626	4.20785771
	6.23219034	6.31418724	6.39345663	6.46673397	6.52630291	6.56020581	6.57362709	6.58526870	6.60391574	6.62960277	6.65449904	6.67411054	6.69020032	6.75235580	3.68575438	3.83334360	3.93376337	4.07732962	4.20734309	4.29263272	4.34192981	4.36993356	4.39096467	4.41494020	4.44780928	4.48703806	4.54127495	4.60270416	4.66523926	4.72011736	4.77428241	4.80375328	4.80056514	4.78625987	4.76727784	4.74878612	4.73163186	4.70313666	4.64867665	4.58020539	4.49567783	4.40361057	4.32503020	4.26841286	4.23894074	4.22756399	4.22846657	4.22288255	4.21028464
	6.23248872	6.31472952	6.39391053	6.46722551	6.52648970	6.55933940	6.57092638	6.58087600	6.59921937	6.62530875	6.64994774	6.66859777	6.68299160	6.65565680	3.71176147	3.85551731	3.95698154	4.10549221	4.23153747	4.31862359	4.37395493	4.40316419	4.42449704	4.44864768	4.48239470	4.52201061	4.57731264	4.64138940	4.70000202	4.75511527	4.81197728	4.84211798	4.83782185	4.82255463	4.80234661	4.78301570	4.76532016	4.73695230	4.68558368	4.61572589	4.53129243	4.43870749	4.35614726	4.29606316	4.26779612	4.25722754	4.25776891	4.25239985	4.24099043
	6.23310944	6.31559992	6.39458331	6.46778443	6.52648936	6.55795138	6.56746423	6.57560040	6.59374267	6.62014205	6.64457199	6.66201472	6.67430915	6.44378548	3.76124397	3.88653196	3.99175359	4.15930093	4.26426870	4.35756737	4.42196645	4.45691555	4.48378936	4.51224305	4.54696942	4.58441423	4.63386215	4.68716415	4.74201417	4.80217559	4.86622837	4.89972187	4.89283535	4.87607854	4.85272059	4.83077238	4.81123396	4.78024724	4.73368171	4.67569122	4.59814287	4.49795704	4.40290363	4.33715530	4.30799972	4.29691297	4.29584163	4.29013737	4.27900792
	6.23394893	6.31680313	6.39558345	6.46900389	6.52745271	6.55738277	6.56375331	6.56893000	6.58621023	6.61477227	6.63949678	6.65631106	6.66677970	6.47815415	3.81889910	3.91660955	4.04914661	4.20841827	4.30111708	4.42029094	4.49681604	4.53230712	4.55941224	4.58616722	4.61448092	4.64532914	4.68865189	4.74326120	4.81160932	4.88331685	4.95553497	4.99355198	4.98589519	4.96793992	4.93986241	4.91211713	4.88743393	4.84976484	4.79173460	4.73271732	4.66849340	4.58209951	4.48033345	4.39849361	4.36308757	4.35145787	4.35125012	4.34629950	4.33425042
	6.23496246	6.31789226	6.39642882	6.46978142	6.52753511	6.55579292	6.55975759	6.56292337	6.57950914	6.60954493	6.63435240	6.65068135	6.65983748	6.53397102	3.85019609	3.93832974	4.09160004	4.23453476	4.32842140	4.46686420	4.54571445	4.57817909	4.60205116	4.62501155	4.64891782	4.67825755	4.72191399	4.78270127	4.86453920	4.94116956	5.01469828	5.05445676	5.04853002	5.03119562	5.00232887	4.97238058	4.94526943	4.90380813	4.83357615	4.76784202	4.70628180	4.63240180	4.53445818	4.44523595	4.40563555	4.39341564	4.39407767	4.38961764	4.37652889
	6.23673020	6.31930966	6.39732081	6.46986206	6.52554016	6.55023286	6.55042240	6.55111100	6.56685556	6.59643202	6.62244184	6.63860891	6.64660689	5.74760884	3.88368651	3.98968935	4.14998757	4.26960761	4.39186067	4.53268913	4.59695284	4.62531877	4.64682850	4.66893802	4.69497879	4.72968961	4.78523141	4.85691506	4.94263487	5.01424530	5.08314431	5.12646711	5.12431787	5.10920043	5.08433847	5.05774421	5.03254364	4.99246339	4.91663938	4.83770185	4.76259960	4.68745169	4.60302463	4.52399766	4.48490870	4.47119574	4.47038729	4.46537082	4.45201790
	6.23837402	6.32045395	6.39782900	6.46947276	6.52283589	6.54330146	6.53853935	6.53585085	6.55065813	6.57994506	6.60823515	6.62431963	6.63108337	4.66394720	3.92818361	4.05581422	4.22519117	4.31627788	4.47640430	4.61839933	4.66251347	4.68676141	4.70730540	4.72978030	4.75879699	4.80027213	4.87089544	4.95877662	5.04685850	5.11283407	5.17507447	5.22364784	5.22630261	5.21469465	5.19486707	5.17172406	5.14869046	5.11043761	5.02967570	4.93165565	4.83912654	4.76164343	4.69367686	4.62832932	4.58976983	4.57442797	4.57180441	4.56642377	4.55317954
	6.23933920	6.32085427	6.39787548	6.46859030	6.52013908	6.53671705	6.52807824	6.52344996	6.53815450	6.56733610	6.59581387	6.61252939	6.61903653	4.48609037	3.96199071	4.10586431	4.25533231	4.35829971	4.53147775	4.65443325	4.70098964	4.73088594	4.75606337	4.78402712	4.81969454	4.86546769	4.93869789	5.02090263	5.09889943	5.16617874	5.23533877	5.29006502	5.29129108	5.27614676	5.25574136	5.23195265	5.20772919	5.17067123	5.09829675	5.00580938	4.90842829	4.81958311	4.74268312	4.67591505	4.63983479	4.62448351	4.62032698	4.61459454	4.60251420
	6.23957235	6.32069623	6.39738592	6.46789487	6.51889377	6.53400008	6.52303309	6.51716515	6.53273466	6.56362491	6.59630199	6.61546299	6.62528163	4.49939616	3.95993929	4.12147686	4.26096885	4.35833923	4.55723748	4.66172063	4.70373513	4.73258209	4.76096195	4.79397659	4.83686949	4.89058614	4.97568483	5.05618026	5.11989956	5.18086948	5.25202099	5.31342900	5.31207137	5.29625148	5.27377033	5.24851551	5.22549510	5.19381528	5.13267400	5.03905156	4.92754660	4.82841384	4.74854768	4.68923630	4.65995687	4.64649808	4.64234249	4.63756547	4.62842156
	6.24061188	6.32109924	6.39737589	6.46637181	6.51478230	6.52494787	6.51071408	6.50380239	6.51903374	6.54868596	6.57900008	6.59530827	6.59974149	4.59133478	4.00997167	4.15752474	4.28865936	4.41650727	4.59120630	4.69452456	4.75211783	4.79310430	4.82466768	4.85938153	4.90249690	4.95020472	5.02192936	5.09559963	5.16296274	5.23790427	5.32150448	5.38354957	5.38334585	5.36193054	5.33946083	5.31234275	5.28415573	5.24647048	5.18201478	5.09364851	4.99548990	4.89977563	4.80830642	4.73326479	4.70063457	4.68537288	4.67916404	4.67316888	4.66313769
	6.24431463	6.32326619	6.39871496	6.46478027	6.50783138	6.50646718	6.48432873	6.47464348	6.48946566	6.51761849	6.54564535	6.56422245	6.56824529	4.21799616	4.09378931	4.24638149	4.35610151	4.52124769	4.67610220	4.77821608	4.85526998	4.90214698	4.94470982	4.99083676	5.03475922	5.07701053	5.13131761	5.19384838	5.27276698	5.36476544	5.46073998	5.52863264	5.52712966	5.50504051	5.47649320	5.44365559	5.41003921	5.37080736	5.30063626	5.22311023	5.13924955	5.03637668	4.92655155	4.84158296	4.80435222	4.78514095	4.77567042	4.76866326	4.75735642
	6.24613947	6.32386967	6.39900119	6.46417690	6.50557224	6.49734625	6.47081716	6.45956956	6.47460110	6.50448672	6.53571688	6.55826877	6.56478507	5.32198824	4.15902597	4.28372015	4.41064973	4.59630719	4.71773285	4.84779938	4.94117913	4.99458097	5.04136518	5.07851442	5.11162802	5.14862425	5.20112919	5.27893354	5.38748811	5.48684464	5.57671165	5.63439483	5.64150561	5.62438952	5.59401009	5.56365263	5.53118222	5.48910547	5.40610465	5.31063156	5.22544542	5.13926198	5.03376354	4.93763241	4.89422151	4.87158535	4.86032417	4.85403028	4.84147074
	6.24804829	6.32466621	6.39905998	6.46212427	6.49890171	6.48251661	6.45410604	6.44210799	6.45706803	6.48723844	6.51944524	6.54269244	6.55599043	6.02304918	4.21371032	4.31635120	4.47326760	4.64735660	4.76057099	4.92170405	5.01599808	5.06644416	5.10294849	5.13531978	5.16887077	5.20966166	5.27708434	5.37845031	5.49249625	5.58246348	5.65928806	5.72248385	5.73384744	5.71643009	5.69523253	5.66530510	5.63729633	5.59554074	5.51091744	5.40449651	5.30029172	5.21423733	5.12393991	5.02816968	4.98175334	4.95773022	4.94539087	4.93968121	4.92809901
	6.25004133	6.32525082	6.39812636	6.45768886	6.48582448	6.45795362	6.42852793	6.41513777	6.43046518	6.46070297	6.49366827	6.52230716	6.54841200	6.30711392	4.27332350	4.37621826	4.57104479	4.70765704	4.85091770	5.03168982	5.10329862	5.14247623	5.17693152	5.21478256	5.26232257	5.33000734	5.42025864	5.52691388	5.60662972	5.68475951	5.78068597	5.87372802	5.88428748	5.86035984	5.82776748	5.79308460	5.76256430	5.72500908	5.65568444	5.55530129	5.43266029	5.32095059	5.22472240	5.14370687	5.09849798	5.07544979	5.06249747	5.05679154	5.04858607
	6.25120772	6.32573533	6.39755421	6.45603705	6.47992059	6.44986955	6.42013743	6.40695378	6.42454215	6.45750092	6.49557973	6.53151019	6.57202709	6.11495091	4.29968219	4.42251322	4.61246342	4.74395568	4.90944855	5.07627225	5.14231772	5.18829025	5.23497190	5.28717117	5.33929784	5.41058457	5.50189667	5.58926992	5.66687513	5.76535610	5.87811787	5.97054410	5.98164576	5.95601912	5.92197423	5.88438854	5.84901315	5.80302618	5.73050855	5.63607125	5.51685634	5.39749742	5.29062493	5.20102977	5.15339696	5.12901868	5.11393936	5.10639777	5.09857774
	6.25252839	6.32648604	6.39721798	6.45494956	6.47410362	6.44318809	6.41348332	6.40186567	6.42240348	6.45875821	6.50317456	6.54943823	6.59874010	5.98215875	4.33303819	4.47824895	4.65352555	4.79710211	4.96954444	5.12155654	5.19435126	5.25558506	5.31093838	5.36927738	5.42425216	5.49711705	5.58073207	5.65809311	5.75152727	5.86279579	5.98659589	6.07595172	6.08992292	6.06858467	6.03342038	5.99260065	5.95277033	5.90120627	5.81871853	5.72182048	5.60830601	5.48557996	5.37323320	5.27273250	5.21774731	5.19038059	5.17140261	5.16119515	5.15294114
	6.25599514	6.32952901	6.39920056	6.45615981	6.46651722	6.43264283	6.40165840	6.39282938	6.41984860	6.46225621	6.51818803	6.58067987	6.62669138	6.50805342	4.36756467	4.53241196	4.69806599	4.85208778	5.05340707	5.17434750	5.25456388	5.33194445	5.39732789	5.47133525	5.53782231	5.59709774	5.65936977	5.74130248	5.85696999	5.99648075	6.12342037	6.19225912	6.20966491	6.19668823	6.16706194	6.12536668	6.07428007	6.01441707	5.92099940	5.81788983	5.71392630	5.59162074	5.45143978	5.34935261	5.29087201	5.26113610	5.23791099	5.22633811	5.21676858
	6.25734395	6.33089615	6.40049630	6.45798949	6.46420492	6.42978670	6.39724369	6.39166283	6.42303347	6.46918528	6.53294936	6.60108472	6.63962089	6.65401691	4.39154835	4.56776751	4.71952462	4.88958915	5.08789050	5.20136073	5.29636030	5.38666542	5.45487111	5.52641575	5.58561910	5.63742754	5.70108112	5.80027511	5.93618532	6.07111825	6.17654041	6.24524465	6.26875148	6.25799521	6.22917845	6.19024227	6.14059583	6.08636749	5.99332134	5.88204611	5.77164065	5.65197257	5.51147166	5.40210619	5.34313961	5.31168946	5.28437720	5.27020883	5.25859671
	6.25877564	6.33199777	6.40125173	6.45830388	6.46071414	6.42583977	6.39181094	6.38979948	6.42504391	6.47298056	6.54100847	6.61320895	6.64513482	6.65811144	4.42689372	4.61468500	4.74779397	4.93712747	5.12450927	5.23763742	5.35406390	5.45325622	5.52495583	5.58580815	5.63465971	5.68770125	5.76411474	5.88843665	6.03256969	6.14641552	6.24001853	6.32429696	6.35636226	6.34776563	6.31692718	6.27798281	6.23652202	6.19024995	6.09724324	5.97150009	5.84777378	5.73037956	5.59758987	5.47014531	5.40806334	5.37825161	5.34908468	5.33209078	5.31884403
	6.26056470	6.33308089	6.40174356	6.45758091	6.45668770	6.42291434	6.38973790	6.39305447	6.43371905	6.48332076	6.55356237	6.61585922	6.64897319	6.65735405	4.50309714	4.66533351	4.80241580	5.01287839	5.17216244	5.31232314	5.45113774	5.53488801	5.59795580	5.65209982	5.70560716	5.77660563	5.88439619	6.02315893	6.13657763	6.23408201	6.34472815	6.45877816	6.50112107	6.49116771	6.45376492	6.40728489	6.36691128	6.32454950	6.24240513	6.11778599	5.97368204	5.83916003	5.70702162	5.58396867	5.51507754	5.48605378	5.46124260	5.44208012	5.42993468
	6.26138104	6.33389040	6.40311364	6.45997439	6.45885860	6.42663259	6.39391936	6.40122361	6.44676202	6.49919863	6.56756456	6.62200022	6.65430692	6.65988029	4.56057886	4.70468747	4.84861881	5.06706219	5.21005788	5.37386687	5.51553639	5.59184680	5.64598001	5.69829914	5.76169325	5.85421662	5.97838372	6.10137365	6.19581243	6.29424781	6.42997758	6.55950958	6.60357949	6.59236481	6.55279065	6.50128419	6.45617649	6.41054145	6.33290437	6.22525831	6.08155243	5.92306525	5.78284680	5.66385299	5.59339718	5.55938377	5.53768673	5.51818532	5.50651905
	6.26190212	6.33458238	6.40477142	6.46324023	6.46337489	6.43241502	6.39973279	6.40932990	6.45831223	6.51358645	6.57963397	6.63218333	6.65961191	6.66551087	4.58764136	4.72339014	4.87547661	5.09393515	5.23260460	5.40684254	5.54878720	5.61969194	5.67236995	5.72814496	5.80168237	5.90736357	6.03463875	6.14533835	6.23031696	6.33591731	6.49207178	6.62458297	6.66638723	6.65699667	6.61930365	6.56630821	6.51932909	6.47054540	6.39236974	6.29513909	6.15936655	5.98894822	5.83521766	5.71170369	5.63859505	5.60173291	5.57994894	5.55979063	5.54732494
	6.26212029	6.33509762	6.40669865	6.46799120	6.47045669	6.44135868	6.40819309	6.41842401	6.47019237	6.52931955	6.59491434	6.64172447	6.66677779	6.67288935	4.58481235	4.71983641	4.86345623	5.09334429	5.22684432	5.40516770	5.55293067	5.62302875	5.67630608	5.73190515	5.80903895	5.92689864	6.06005721	6.16184657	6.24509577	6.35336913	6.52245270	6.66141512	6.70114754	6.69506117	6.66049043	6.60726215	6.55755917	6.50851829	6.42987088	6.33749269	6.20983065	6.02201050	5.85766041	5.72863322	5.65222292	5.61301887	5.59151681	5.57097720	5.55787259
	6.26195218	6.33477252	6.40713147	6.46972136	6.47571479	6.45041895	6.41821872	6.43103194	6.48634715	6.54865508	6.61076235	6.64719691	6.67176103	6.67748318	4.83565300	4.72423680	4.87228981	5.09827380	5.23647469	5.41870118	5.56305388	5.63497905	5.69152380	5.75546073	5.84589786	5.96848318	6.09220403	6.18844370	6.27541233	6.39804108	6.57896281	6.70822390	6.74684713	6.74492807	6.71792272	6.67423431	6.63052994	6.58954798	6.50542616	6.41120168	6.28466343	6.09654434	5.90631172	5.76087746	5.67651905	5.63275102	5.61063657	5.59002689	5.57527566
	6.26206031	6.33439494	6.40661164	6.46785826	6.47661129	6.45626922	6.42799634	6.44656436	6.50678218	6.57229663	6.62178296	6.65075762	6.67423339	6.67833351	5.02054064	4.74386353	4.90704261	5.12121721	5.26417491	5.45491637	5.58892484	5.66147388	5.72461030	5.80347291	5.92001970	6.03167590	6.13849351	6.23061111	6.32684509	6.48406782	6.65251056	6.76780981	6.80744499	6.81109486	6.79316192	6.76226976	6.73037823	6.70861241	6.64649096	6.55467313	6.41094347	6.22841607	6.01198811	5.83097043	5.73060269	5.67562545	5.64812647	5.62630306	5.60824454
	6.26273906	6.33480091	6.40727702	6.46701415	6.47800455	6.46260644	6.44019513	6.46733543	6.53477092	6.60041841	6.63026469	6.65286947	6.67455321	6.67632339	5.44695895	4.77867330	4.96653127	5.16511057	5.31426879	5.51618508	5.63248841	5.70557234	5.78071008	5.88559058	6.01628987	6.11533281	6.19851522	6.29087267	6.40720747	6.59835455	6.74317817	6.84007198	6.88433864	6.89610220	6.88763572	6.87060670	6.85369150	6.85594314	6.83725988	6.76852720	6.60618708	6.41102672	6.18528900	5.95108191	5.82018485	5.74608075	5.71060140	5.68307577	5.65932875
	6.26276761	6.33475652	6.40772534	6.46704954	6.48009550	6.46783882	6.45049364	6.48440901	6.55747080	6.61472353	6.63654026	6.65578044	6.67638292	6.67726450	5.68019918	4.79996812	5.00485324	5.19134964	5.34645297	5.55322093	5.65970043	5.73368582	5.81664573	5.93784481	6.06386583	6.15342468	6.23102800	6.32346124	6.45876874	6.65577806	6.78300431	6.87552665	6.92367351	6.93894462	6.93377168	6.92057866	6.90831905	6.92011403	6.92156590	6.87421695	6.71619352	6.52648909	6.29020219	6.01758159	5.87321455	5.79082292	5.74787595	5.71624488	5.69133288
	6.26242892	6.33459372	6.40857533	6.46942319	6.48598564	6.47825837	6.46539389	6.50429812	6.58260641	6.62982944	6.64792303	6.66533434	6.68520627	6.68644092	6.01683439	4.80000648	5.00485635	5.19355939	5.35177049	5.55043012	5.66423587	5.74631069	5.83648574	5.95294645	6.06654469	6.16125727	6.24476968	6.34339280	6.48935100	6.66796543	6.79704865	6.89384105	6.94815396	6.97002507	6.96584229	6.95472321	6.94330082	6.96233556	6.98090354	6.95412732	6.81546285	6.62920496	6.37391302	6.06153996	5.90731653	5.82087201	5.77174857	5.73507919	5.70765737
	6.26373550	6.33612000	6.41087286	6.47022720	6.49025493	6.48497073	6.48088743	6.52967386	6.60968041	6.64362542	6.65599479	6.66632100	6.68216606	6.67960674	6.25451603	4.86666283	5.10832329	5.26074768	5.44147919	5.63086470	5.72609994	5.81779106	5.94061401	6.06240498	6.15430351	6.22623294	6.30993098	6.42942336	6.61018263	6.75478708	6.86058688	6.96336218	7.03268909	7.06509480	7.06668952	7.05917633	7.05107732	7.08230845	7.11588813	7.10019099	6.97483639	6.76932741	6.55869750	6.24525154	6.06242498	5.95357897	5.87980386	5.82547019	5.78628174
	6.26415787	6.33635104	6.41111622	6.46882944	6.49123614	6.48767470	6.49077870	6.54502612	6.62349453	6.65372822	6.66382097	6.67024918	6.68321621	6.67838255	6.43482316	4.90482779	5.15129074	5.29292570	5.48998081	5.66266789	5.75767533	5.86345700	6.00158830	6.10790210	6.18790784	6.25647862	6.34324221	6.48153033	6.67094455	6.78978234	6.89365683	7.00519226	7.08783869	7.12459846	7.13074306	7.12323927	7.11489295	7.15270476	7.19417089	7.18283579	7.07008429	6.85700895	6.63962024	6.32545144	6.12982270	6.01760988	5.93796326	5.87495391	5.82980233
	6.26312309	6.33546703	6.41112253	6.47170815	6.49867520	6.50147223	6.50815763	6.56630169	6.63437144	6.66526788	6.67572416	6.68177612	6.69417082	6.69032655	6.51105874	4.90378043	5.13770869	5.29906758	5.49024347	5.66687380	5.76442174	5.87249101	5.99960921	6.10265639	6.18777503	6.25680196	6.34703335	6.48417937	6.66693492	6.79168896	6.89759876	7.01565324	7.10742153	7.14930135	7.16343487	7.16270161	7.16188989	7.21524726	7.26387639	7.25944356	7.17306865	6.95081772	6.72100004	6.43191223	6.17137611	6.04304067	5.95878365	5.89180796	5.84561492
	6.26203247	6.33473976	6.41196329	6.47789988	6.51207789	6.52554488	6.53564735	6.59727508	6.64984438	6.68083972	6.69190226	6.69834161	6.71106201	6.70981842	6.59506700	5.16432673	5.15852796	5.31304675	5.49283495	5.67661989	5.77065606	5.86997324	5.98730360	6.09830329	6.18380527	6.25286548	6.34294464	6.46780964	6.65762249	6.78858092	6.89374359	7.01632918	7.11183124	7.16720472	7.19139608	7.20332672	7.21754342	7.28248504	7.33512400	7.33753220	7.27748903	7.08623181	6.84081179	6.57613142	6.25381782	6.08659578	5.99031506	5.90997891	5.85807932
	6.26324172	6.33638313	6.41505472	6.48495345	6.52507794	6.54767484	6.56453721	6.62285438	6.66701399	6.69845007	6.70924022	6.71419548	6.72508300	6.72462651	6.64765495	5.90559349	5.29288563	5.39148358	5.57249730	5.72606093	5.81395836	5.91790807	6.02629883	6.12734808	6.20698595	6.27373336	6.36447852	6.50440901	6.68477218	6.80990085	6.91433784	7.04928740	7.17127892	7.24267350	7.26943299	7.28920140	7.31279930	7.37383834	7.42476433	7.42342080	7.36849175	7.24914353	6.99477643	6.72965416	6.41890205	6.19529455	6.08219592	5.99489528	5.92870769
	6.26423765	6.33749064	6.41657934	6.48726679	6.53033339	6.55677693	6.57756671	6.63067276	6.67471042	6.70648930	6.71650666	6.71942888	6.72791503	6.72617877	6.64748080	6.10714290	5.46606861	5.48655642	5.65682380	5.77470353	5.85938297	5.97019665	6.07468043	6.16104380	6.23471620	6.30018770	6.39740321	6.54912265	6.71811910	6.83572724	6.94242184	7.09305966	7.23068321	7.30428846	7.33310697	7.35483548	7.37715540	7.43347251	7.48264135	7.47608820	7.41272020	7.31477914	7.08470789	6.79676297	6.52999901	6.27763197	6.15143957	6.06709565	5.99647729
	6.26370784	6.33677909	6.41613655	6.48852787	6.53674253	6.57078614	6.59597856	6.64233860	6.68533054	6.71764841	6.72799897	6.73043270	6.73780938	6.73672139	6.66222567	6.17874019	5.77125833	5.68326610	5.76047125	5.83834364	5.91086203	6.01768883	6.10813580	6.18409098	6.25399482	6.31741735	6.41410895	6.57855378	6.74168252	6.85716761	6.96622793	7.13416806	7.29184751	7.36515419	7.39650547	7.42230554	7.44827236	7.50433873	7.55063387	7.53748359	7.46637995	7.36600041	7.19173058	6.88043318	6.64398434	6.37896264	6.22599455	6.13313534	6.06382105
	6.26333937	6.33628065	6.41609255	6.49071564	6.54730815	6.59178965	6.61777112	6.65715628	6.69887447	6.73212673	6.74257584	6.74346990	6.74794529	6.74605755	6.66922127	6.27369532	6.08751841	5.93889697	5.92078129	5.95812214	6.01961114	6.09873898	6.16763930	6.23321706	6.29975033	6.37037378	6.48355710	6.65295240	6.79713847	6.90996859	7.03362804	7.24295940	7.39458006	7.46666891	7.50638161	7.54048012	7.57429853	7.63212261	7.67909747	7.65635130	7.56773924	7.45447148	7.32260734	7.03118206	6.77338237	6.54320517	6.34615009	6.23303337	6.15718253
	6.26203976	6.33491215	6.41569325	6.49408414	6.55655348	6.60844552	6.62754887	6.67009566	6.70951028	6.74376107	6.75654615	6.75894265	6.76351229	6.76422173	6.70736417	6.41146455	6.16892372	6.10930645	6.09462792	6.11147136	6.14661795	6.18951799	6.23625554	6.29108559	6.35467697	6.43260429	6.55888435	6.71770868	6.85244221	6.97687583	7.13243343	7.36179354	7.50855315	7.59385751	7.64774211	7.69331930	7.73627593	7.79533994	7.83556637	7.80062940	7.68987825	7.55836140	7.41810569	7.19046355	6.91315161	6.70855889	6.51777409	6.37271423	6.27167065
	6.26219710	6.33513155	6.41654027	6.49673111	6.56335803	6.61730938	6.63527261	6.67829857	6.71689818	6.75183453	6.76544793	6.76789595	6.77163042	6.77271998	6.72284368	6.47585101	6.22806751	6.17575844	6.16477343	6.18156818	6.20977911	6.24149645	6.27861833	6.32936269	6.39439855	6.47900116	6.61288180	6.76261610	6.89289806	7.02729108	7.20516212	7.43125585	7.57888210	7.67519785	7.74021207	7.79426369	7.84227223	7.89969834	7.93540214	7.89782044	7.77683074	7.62964119	7.48388974	7.28547691	7.00119360	6.78905401	6.61328370	6.45619031	6.33741538
	6.26273084	6.33593975	6.41788361	6.49887628	6.57051412	6.62439097	6.64342038	6.68516889	6.72392523	6.76011442	6.77347261	6.77414754	6.77492622	6.77389172	6.72413656	6.51629425	6.27957549	6.22836652	6.22600722	6.25124075	6.28097259	6.30940313	6.34354578	6.39677997	6.47360655	6.57011914	6.70303688	6.82908892	6.95551733	7.10755022	7.30136877	7.50332374	7.65429664	7.76301688	7.84106739	7.90034309	7.95196539	8.00380472	8.03571906	8.00093797	7.88044312	7.71346359	7.55661088	7.38196843	7.11139302	6.87529094	6.71321770	6.56261574	6.42504862
	6.26205230	6.33523644	6.41769508	6.50060819	6.57892569	6.63378816	6.65548206	6.69799409	6.73833869	6.77542589	6.79025338	6.79174969	6.79211818	6.79138244	6.74914178	6.58603292	6.35492671	6.27369189	6.26048038	6.27641238	6.29659616	6.31718389	6.34691360	6.39880829	6.48603764	6.58129614	6.69922052	6.82609096	6.96021613	7.13144836	7.33344863	7.54624537	7.71602793	7.84918633	7.94572826	8.01151014	8.05279096	8.08884429	8.11537771	8.09054549	7.98828273	7.79103678	7.61152140	7.43066323	7.18704737	6.92261891	6.74728402	6.59930285	6.45389547
	6.26280888	6.33610445	6.41970727	6.50556911	6.59194998	6.64542265	6.66950775	6.71285479	6.75044500	6.78710045	6.80253566	6.80338234	6.80215536	6.80068841	6.76318736	6.63032313	6.41070665	6.33539512	6.32680746	6.34685697	6.37252761	6.39988346	6.44143289	6.51845663	6.62480982	6.70500287	6.79600214	6.90066521	7.03822451	7.25978008	7.43229535	7.61416957	7.79838347	7.95691055	8.03971586	8.08523038	8.11802854	8.15138128	8.17708401	8.15600494	8.07596158	7.91355230	7.70583183	7.51888049	7.31768771	7.04386988	6.85518801	6.72356084	6.59811311
	6.26234546	6.33554992	6.41951308	6.50694113	6.59812413	6.65245779	6.67814117	6.72218350	6.75980682	6.79624381	6.81246696	6.81385159	6.81267419	6.81170041	6.77868990	6.65946094	6.44684044	6.35946108	6.34686211	6.36436804	6.38883123	6.41564415	6.45764687	6.54015849	6.63932747	6.71017574	6.79466295	6.89995922	7.04332672	7.27538771	7.44009716	7.62768273	7.82561473	7.99512792	8.06948948	8.11235536	8.14544053	8.17820488	8.20440721	8.18464937	8.10479940	7.96121434	7.73918161	7.54647143	7.34580697	7.08107392	6.88146554	6.74436608	6.62725112
	6.26162425	6.33474038	6.41891849	6.50749288	6.60221722	6.65772539	6.68481958	6.72869941	6.76642812	6.80256641	6.81914879	6.82055549	6.81888937	6.81762073	6.78680744	6.67381067	6.47026213	6.37612745	6.36117962	6.37741215	6.40041626	6.42563665	6.46732585	6.55002641	6.64840457	6.71489180	6.79482204	6.89772551	7.04172337	7.28367195	7.44460407	7.63437591	7.84170188	8.01895445	8.08879740	8.13088308	8.16417471	8.19682535	8.22387732	8.20550133	8.12647154	7.99319368	7.76294325	7.56675025	7.36801790	7.10871751	6.90062760	6.76090443	6.64697255
	6.25988036	6.33267412	6.41706401	6.50751225	6.60480971	6.66472699	6.69410933	6.73873141	6.77684320	6.81214924	6.82987347	6.83224109	6.83084695	6.83006056	6.80456362	6.70690262	6.51976646	6.41422962	6.39425662	6.40556974	6.42319663	6.44464192	6.49090208	6.56089444	6.65418172	6.72247156	6.79596983	6.89553621	7.04698590	7.29269245	7.45431749	7.64878594	7.87650525	8.04921309	8.11677434	8.15829453	8.19113996	8.22295832	8.25045454	8.23335371	8.15493790	8.02237041	7.80222538	7.59822279	7.40174075	7.16898062	6.94103386	6.79286376	6.67167571
	6.26174248	6.33481571	6.42062458	6.51442966	6.61652018	6.67676315	6.70882566	6.75392834	6.79206052	6.82664435	6.84556450	6.84929712	6.84886992	6.84963641	6.83053398	6.74964257	6.58206173	6.46817779	6.44673177	6.45549565	6.46880389	6.48598439	6.53722528	6.61553022	6.68964593	6.75386489	6.82297355	6.92357292	7.09130126	7.33198786	7.48312067	7.67776160	7.92658631	8.08626443	8.15294758	8.19365550	8.22592744	8.25655037	8.28386767	8.26784079	8.19080329	8.06531259	7.85202448	7.63873660	7.44512646	7.25195949	7.00176594	6.84385708	6.72058762
	6.26325275	6.33660679	6.42335984	6.51964375	6.62306277	6.68534252	6.71971750	6.76451243	6.80150422	6.83562266	6.85442692	6.85739084	6.85529818	6.85413890	6.83479182	6.75725837	6.60447623	6.50014432	6.48688493	6.50477573	6.52765648	6.54479973	6.59057435	6.65701122	6.72827606	6.79538236	6.86695523	6.97454307	7.15856125	7.37013850	7.51857405	7.71744586	7.97452494	8.12130300	8.18677520	8.22643547	8.25791664	8.28739652	8.31435337	8.29941772	8.22424963	8.10187147	7.91601106	7.69185630	7.49237532	7.30886817	7.07428491	6.90184047	6.77132287
	6.26339079	6.33663534	6.42369827	6.52122761	6.62621342	6.69023438	6.72678100	6.77088933	6.80783155	6.84220139	6.86118556	6.86403797	6.86132993	6.85940023	6.84075930	6.76797600	6.63250510	6.53426902	6.52924313	6.55477830	6.58190677	6.59751893	6.63814666	6.69665104	6.76594634	6.83867809	6.91513932	7.03294568	7.23111386	7.41199263	7.55694189	7.75802708	8.02054750	8.15395332	8.21832055	8.25724203	8.28820173	8.31675136	8.34314995	8.32843833	8.25371526	8.13344079	7.96047955	7.73504772	7.53108888	7.35039338	7.13628945	6.95173547	6.86647959
	6.26223842	6.33478911	6.42148032	6.51955237	6.62738308	6.69546100	6.73528891	6.78079360	6.81852717	6.85278749	6.87268994	6.87645945	6.87441726	6.87345887	6.85943154	6.79896744	6.68336050	6.58651323	6.57968651	6.53419485	6.55448783	6.56947632	6.60871851	6.66055021	6.72749181	6.88488350	6.96829807	7.09003872	7.27973832	7.45571793	7.60316053	7.80468243	8.06214046	8.18896308	8.25261637	8.29104996	8.32169977	8.34954228	8.37577579	8.36213864	8.28856851	8.17074507	8.00712127	7.78790362	7.58853011	7.40869450	7.22127590	6.93774587	6.79271069
	6.26243685	6.33474079	6.42165851	6.52161858	6.63217876	6.70367578	6.74711494	6.79335947	6.83145947	6.86584054	6.88622308	6.89043562	6.88856537	6.88788247	6.87695186	6.82539600	6.72539281	6.63677164	6.44269203	6.11789058	6.14182567	6.16481716	6.20320049	6.25483696	6.31910185	6.78141318	7.03549993	7.13984171	7.31366501	7.50173953	7.65536567	7.85961535	8.10532270	8.23064114	8.29467351	8.33356438	8.36473516	8.39291320	8.41996178	8.40742410	8.33323154	8.21506276	8.06224711	7.85120181	7.65630392	7.46932645	7.29596320	6.67763714	6.37127126
	6.26109119	6.33270011	6.41930841	6.52012033	6.63290178	6.70805789	6.75435502	6.80225350	6.84277195	6.87722250	6.89949236	6.90673108	6.90854800	6.91283654	6.91173554	6.87808849	6.79569025	6.69973229	5.94702972	5.43209879	5.46021976	5.50004827	5.55297190	5.61508403	5.67526504	5.75431396	6.48221188	7.11312007	7.31669078	7.46498238	7.61989423	7.85656387	8.11086892	8.23819847	8.30298645	8.34224383	8.37405883	8.40305046	8.43131491	8.41961317	8.34251687	8.21785866	8.06135308	7.82659223	7.60317907	7.42280369	7.24979631	7.06529956	5.61966326
