	2.63274180	2.70274643	2.76913852	2.83319633	2.89632034	2.95795103	3.01517992	3.07129457	3.12845082	3.17974963	3.21944881	3.25202809	3.27786389	3.29125475	3.29331480	3.29297562	3.29635703	3.30430186	3.31578665	3.30605569	3.25045592	3.15608570	3.03565806	2.90089648	2.75937724	2.61689119	2.47728686	2.34136639	2.21006818	2.08408030	1.96172291	1.84566889	1.73760289	1.63708853	1.54362460	1.45503723	1.37419268	1.30607760	1.24732384	1.19656972	1.15207183	1.11253851	1.07682394	1.04323947	1.01010406	0.97683240	0.94211061	0.90597978	0.87013355
	3.18088698	3.28060185	3.37563918	3.46716186	3.55689311	3.64452136	3.72647825	3.80633592	3.88728604	3.95995261	4.01713432	4.06269301	4.09788406	4.11441108	4.11551169	4.11436440	4.11884206	4.13100088	4.14872725	4.14362265	4.07632802	3.95429174	3.79084736	3.60417413	3.40653531	3.20843309	3.01609421	2.83466193	2.66604222	2.50857938	2.36084618	2.22284666	2.09515280	1.97739058	1.86782035	1.76508833	1.66959077	1.58304740	1.50650914	1.43962717	1.38109434	1.32922146	1.28255504	1.23803390	1.19405833	1.15015510	1.10599610	1.06190222	1.01852880
	3.31395318	3.42557489	3.53129527	3.63130971	3.72709593	3.81889147	3.90386025	3.98554292	4.06726344	4.14175625	4.19991022	4.24482342	4.27985789	4.29671320	4.29782146	4.29660231	4.30116263	4.31334214	4.33114889	4.32829597	4.26703731	4.14742572	3.98485941	3.79649907	3.59490415	3.39117833	3.19213638	3.00243089	2.82487442	2.65911317	2.50330154	2.35721028	2.22144498	2.09573019	1.97853629	1.86857008	1.76615717	1.67300899	1.59031556	1.51785732	1.45437172	1.39823559	1.34806755	1.30042539	1.25352258	1.20709606	1.16080547	1.11494090	1.07012163
	3.35965451	3.47621595	3.58643178	3.69004756	3.78836527	3.88170192	3.96775500	4.05018095	4.13231663	4.20731105	4.26585720	4.30917639	4.34462221	4.36114388	4.36219443	4.36081989	4.36631760	4.37953796	4.39883944	4.39661001	4.33879265	4.22040432	4.05865790	3.87018126	3.66774000	3.46254038	3.26161412	3.06969892	2.88970757	2.72137032	2.56284401	2.41381836	2.27494550	2.14603692	2.02570083	1.91271613	1.80742021	1.71152570	1.62627861	1.55147499	1.48583053	1.42777231	1.37603372	1.32697162	1.27863528	1.23083438	1.18324324	1.13614161	1.09016741
	3.37800391	3.49825881	3.61204228	3.71815369	3.81782078	3.91117839	3.99712072	4.07924234	4.16132089	4.23640574	4.29513122	4.33760764	4.37224093	4.38808747	4.38893351	4.38772947	4.39510602	4.41066008	4.43272843	4.43509200	4.38142660	4.26778231	4.11000386	3.92439968	3.72389853	3.51973927	3.31888182	3.12623580	2.94498256	2.77517387	2.61501773	2.46393594	2.32259173	2.19106811	2.06820032	1.95283787	1.84528295	1.74722229	1.66000572	1.58347480	1.51630210	1.45696173	1.40428853	1.35427571	1.30473079	1.25556740	1.20652388	1.15786955	1.11032355
	3.41521627	3.54061342	3.65912671	3.76887131	3.87085756	3.96513914	4.05151025	4.13363070	4.21544090	4.29016845	4.34818846	4.39050065	4.42362998	4.43860478	4.43939119	4.43881643	4.44659945	4.46326190	4.48645347	4.49186107	4.43876931	4.32739659	4.17161014	3.98732130	3.78738794	3.58305099	3.38117497	3.18682183	3.00336373	2.83115534	2.66849829	2.51474745	2.37052491	2.23611927	2.11053058	1.99267370	1.88282490	1.78262531	1.69346609	1.61518460	1.54646896	1.48585149	1.43224046	1.38133263	1.33072099	1.28039246	1.23018569	1.18041765	1.13187164
	3.37616506	3.50075658	3.61904977	3.72843976	3.82990999	3.92339485	4.00907609	4.09071948	4.17258738	4.24835082	4.30766945	4.35107413	4.38461218	4.40003151	4.40149113	4.40128873	4.40939565	4.42688529	4.45137415	4.45966943	4.41042152	4.30282599	4.15048793	3.96943783	3.77260751	3.57115843	3.37182276	3.17956668	2.99781908	2.82712361	2.66583014	2.51306093	2.36935525	2.23522098	2.10987814	1.99228059	1.88261528	1.78247194	1.69328508	1.61497743	1.54625576	1.48566783	1.43213366	1.38120421	1.33038617	1.27971526	1.22905403	1.17870691	1.12943822
	3.41779782	3.54720687	3.66941173	3.78156692	3.88433796	3.97749681	4.06198531	4.14280486	4.22432596	4.29917793	4.35741859	4.39961436	4.43266822	4.44595187	4.44704287	4.44777545	4.45764404	4.47743793	4.50473116	4.51284301	4.46412303	4.35694112	4.20516671	4.02418062	3.82685685	3.62490732	3.42486275	3.23128398	3.04759904	2.87465234	2.71094862	2.55577314	2.40941567	2.27262385	2.14486570	2.02518766	1.91370599	1.81211575	1.72177120	1.64249153	1.57308348	1.51219499	1.45872244	1.40774948	1.35639188	1.30477906	1.25292908	1.20132318	1.15084722
	3.40646310	3.53545859	3.65676766	3.76760026	3.86850992	3.95911238	4.04072047	4.11943767	4.19981266	4.27404032	4.33206048	4.37489901	4.40785687	4.42179173	4.42260105	4.42378311	4.43497442	4.45614152	4.48500638	4.49416510	4.44795930	4.34321125	4.19451185	4.01627275	3.82135576	3.62177895	3.42407740	3.23229819	3.04982667	2.87774281	2.71467912	2.56010196	2.41395753	2.27717728	2.14947586	2.02997886	1.91866120	1.81731628	1.72727946	1.64834350	1.57944221	1.51921523	1.46652148	1.41620121	1.36519591	1.31363365	1.26160373	1.20964441	1.15871433
	3.37625997	3.50280308	3.62097497	3.72838943	3.82552860	3.91177626	3.98876809	4.06399242	4.14245911	4.21559249	4.27399774	4.31802756	4.35182432	4.36679281	4.36808743	4.37017673	4.38261761	4.40569037	4.43651734	4.44728739	4.40234357	4.30082671	4.15660823	3.98300252	3.79249767	3.59731890	3.40424807	3.21647941	3.03714919	2.86763248	2.70674714	2.55418395	2.40958397	2.27385556	2.14717869	2.02875206	1.91838015	1.81793525	1.72879720	1.65076168	1.58291100	1.52387663	1.47245625	1.42325469	1.37301079	1.32186518	1.26995342	1.21783925	1.16657498
	3.39737210	3.52518824	3.64317608	3.74997589	3.84590334	3.92996831	4.00420058	4.07747464	4.15479079	4.22616671	4.28322922	4.32801776	4.36071986	4.37451374	4.37562544	4.37911193	4.39281590	4.41785643	4.45074750	4.46075445	4.41249739	4.31121496	4.16765157	3.99464352	3.80421553	3.60895767	3.41612244	3.22867307	3.04905250	2.87886165	2.71719437	2.56396232	2.41876176	2.28240130	2.15526718	2.03665260	1.92617305	1.82585083	1.73706050	1.65953474	1.59243483	1.53442342	1.48414330	1.43591801	1.38629332	1.33543733	1.28360553	1.23146479	1.18016875
	3.39731899	3.52476589	3.64163662	3.74716247	3.84162583	3.92384604	3.99593476	4.06769702	4.14407959	4.21490319	4.27203669	4.31697630	4.35019409	4.36423202	4.36531593	4.36936130	4.38377108	4.40968243	4.44342201	4.45277617	4.40481042	4.30383702	4.16151389	3.99005507	3.80075036	3.60644153	3.41458167	3.22816038	3.04919647	2.87931703	2.71783429	2.56477893	2.41979884	2.28359314	2.15664743	2.03828676	1.92804301	1.82803268	1.73966212	1.66263759	1.59613444	1.53882728	1.48926476	1.44161698	1.39236811	1.34171261	1.28995796	1.23783610	1.18652299
	3.43231179	3.56163568	3.67917119	3.78508185	3.87949724	3.96091294	4.03167530	4.10263157	4.17806211	4.24781258	4.30483315	4.34744923	4.38060062	4.39338686	4.39342996	4.39813064	4.41373250	4.44119102	4.47613867	4.48463642	4.43634308	4.33283067	4.18917311	4.01679176	3.82571342	3.62936496	3.43562296	3.24744173	3.06674159	2.89502195	2.73166667	2.57697230	2.43065111	2.29334720	2.16551349	2.04649171	1.93574515	1.83551706	1.74722006	1.67049768	1.60450673	1.54792358	1.49915600	1.45215222	1.40330039	1.35282973	1.30115156	1.24911090	1.19794643
	3.44014611	3.56955348	3.68644646	3.79145881	3.88479636	3.96478896	4.03392384	4.10380172	4.17844034	4.24723259	4.30496392	4.34710621	4.38012921	4.39272610	4.39196554	4.39687873	4.41303543	4.44124535	4.47687930	4.48682978	4.43759567	4.33283165	4.19015227	4.01839437	3.82760386	3.63135826	3.43774696	3.24966901	3.06899794	2.89717568	2.73355861	2.57866840	2.43223838	2.29490209	2.16709556	2.04815523	1.93749660	1.83745864	1.74949907	1.67323562	1.60782140	1.55192963	1.50388818	1.45749318	1.40910219	1.35896609	1.30752888	1.25570069	1.20473911
	3.46509333	3.59530781	3.71206721	3.81666812	3.90913536	3.98765212	4.05499035	4.12349530	4.19756571	4.26554336	4.32222300	4.36420682	4.39569445	4.40765347	4.40696606	4.41247190	4.42971659	4.45936717	4.49639721	4.50652355	4.45511400	4.35029658	4.20642407	4.03415678	3.84276339	3.64535575	3.45062150	3.26151997	3.07987910	2.90696544	2.74208958	2.58616262	2.43895418	2.30105980	2.17280663	2.05352468	1.94261326	1.84258690	1.75494663	1.67923918	1.61455412	1.55954911	1.51242517	1.46675349	1.41888449	1.36910189	1.31791522	1.26634419	1.21568240
	3.48543137	3.61580558	3.73176598	3.83538295	3.92658309	4.00350002	4.06890268	4.13582250	4.20917138	4.27714091	4.33218564	4.37368645	4.40455109	4.41575995	4.41602128	4.42207879	4.44052350	4.47163985	4.51015052	4.51939953	4.46718775	4.36219039	4.21712393	4.04492488	3.85338940	3.65530553	3.45992058	3.27025340	3.08795604	2.91426023	2.74845528	2.59173612	2.44398865	2.30575538	2.17726473	2.05779319	1.94673178	1.84681204	1.75959313	1.68454372	1.62067695	1.56660287	1.52041185	1.47548531	1.42815967	1.37875665	1.32784413	1.27654879	1.22618837
	3.52196884	3.65329387	3.76909113	3.87241655	3.96313542	4.03939205	4.10370736	4.16955440	4.24211388	4.31028579	4.36320441	4.40287460	4.43302011	4.44235431	4.44228993	4.44965045	4.46946839	4.50223318	4.54242811	4.55043688	4.49828016	4.39106676	4.24385495	4.07046342	3.87737495	3.67722770	3.47982989	3.28830545	3.10412667	2.92859308	2.76094746	2.60259450	2.45357970	2.31437238	2.18512065	2.06496889	1.95334368	1.85319491	1.76612599	1.69149463	1.62823357	1.57487441	1.52941391	1.48503684	1.43808813	1.38892802	1.33819273	1.28713281	1.23708720
	3.53311083	3.66348576	3.77802156	3.87922884	3.96784642	4.04194898	4.10377248	4.16827850	4.24022354	4.30732049	4.36076113	4.39926235	4.43009057	4.43892224	4.43930254	4.44751880	4.46761855	4.50146962	4.54296572	4.55265105	4.49897521	4.39149063	4.24597879	4.07325884	3.88082406	3.68125519	3.48423797	3.29303328	3.10884508	2.93306565	2.76507795	2.60638710	2.45717935	2.31788191	2.18865329	2.06851100	1.95686315	1.85690311	1.77032121	1.69640853	1.63403246	1.58163639	1.53713118	1.49355001	1.44719410	1.39848491	1.34810961	1.29739655	1.24769943
	3.55474635	3.68454923	3.79764115	3.89773319	3.98456966	4.05686637	4.11656023	4.18005048	4.25206931	4.31749311	4.37100774	4.40893434	4.43852040	4.44684896	4.44662233	4.45555039	4.47673363	4.51142327	4.55402734	4.56589457	4.50976899	4.40259228	4.25811054	4.08435917	3.89146986	3.69183148	3.49441033	3.30270126	3.11782367	2.94118268	2.77230395	2.61279939	2.46298648	2.32324498	2.19370534	2.07328995	1.96139977	1.86145017	1.77520542	1.70186128	1.64020968	1.58858974	1.54482535	1.50185383	1.45594443	1.40759036	1.35753915	1.30719028	1.25791884
	3.56794258	3.69709959	3.80751558	3.90579366	3.99084091	4.06163529	4.11905981	4.18120632	4.25339373	4.31841008	4.37128931	4.40993869	4.43839215	4.44629635	4.44619880	4.45569425	4.47829966	4.51399364	4.55703934	4.56897479	4.51283690	4.40661164	4.26148488	4.08773157	3.89553388	3.69650021	3.49941087	3.30775828	3.12271111	2.94564206	2.77622886	2.61626041	2.46613430	2.32619926	2.19653803	2.07604942	1.96409418	1.86429684	1.77846895	1.70574823	1.64486174	1.59402797	1.55100842	1.50866940	1.46323089	1.41527904	1.36560803	1.31566679	1.26685365
	3.60417254	3.73453896	3.84464512	3.94145672	4.02537210	4.09651378	4.15269760	4.21488156	4.28715988	4.35231944	4.40254944	4.44052569	4.46647220	4.47375580	4.47400941	4.48375305	4.50728096	4.54471609	4.58833875	4.59873421	4.54451508	4.43696990	4.28904717	4.11445753	3.92141313	3.72078344	3.52219699	3.32858989	3.14142330	2.96210659	2.79044600	2.62851677	2.47678201	2.33557605	2.20486173	2.08347940	1.97076362	1.87058264	1.78475851	1.71231550	1.65186073	1.60144496	1.55879083	1.51676328	1.47157746	1.42388308	1.37452036	1.32500213	1.27676537
	3.63714413	3.76774373	3.87679888	3.97224811	4.05550661	4.12458239	4.17931685	4.24160837	4.31267451	4.37724227	4.42640835	4.46253936	4.48817100	4.49459361	4.49458988	4.50359186	4.52802533	4.56707197	4.61204688	4.62218820	4.56903034	4.45981867	4.31265466	4.13759645	3.94325086	3.74134198	3.54205929	3.34707601	3.15803265	2.97663154	2.80284567	2.63910844	2.48598322	2.34367830	2.21207444	2.08996064	1.97661869	1.87617456	1.79050490	1.71849961	1.65863429	1.60877837	1.56657946	1.52491952	1.48001663	1.43258544	1.38354593	1.33445747	1.28679859
	3.67599919	3.80583055	3.91300418	4.00779761	4.09106673	4.15772929	4.21022429	4.27312067	4.34339847	4.40540076	4.45427807	4.48728629	4.51341658	4.51667929	4.51598058	4.52541692	4.55119197	4.59196580	4.63790478	4.64937922	4.59593898	4.48659093	4.34071657	4.16410235	3.96793123	3.76491554	3.56460315	3.36807388	3.17684703	2.99302035	2.81675314	2.65096562	2.49631867	2.35278605	2.22019156	2.09724563	1.98321800	1.88248750	1.79698156	1.72543612	1.66617308	1.61687687	1.57509747	1.53373270	1.48905062	1.44182716	1.39307107	1.34439209	1.29731324
	3.68911266	3.81839957	3.92267892	4.01380685	4.09481042	4.16017677	4.21117710	4.27177394	4.34264682	4.40335886	4.45194348	4.48467752	4.51069424	4.51283033	4.51247513	4.52365134	4.54904555	4.59020286	4.63563926	4.64839224	4.59414146	4.48818476	4.34267056	4.16618638	3.97118786	3.76939291	3.56952677	3.37356253	3.18198353	2.99743565	2.82030559	2.65391543	2.49894981	2.35522777	2.22248247	2.09942770	1.98532567	1.88477353	1.79972901	1.72883524	1.67031699	1.62177606	1.58065738	1.53978753	1.49552923	1.44871073	1.40040523	1.35222145	1.30572914
	3.72843732	3.85849082	3.96287737	4.05337973	4.13182121	4.19689297	4.24859737	4.30757818	4.37761960	4.43761795	4.48298318	4.51543697	4.53656505	4.53800145	4.53706501	4.54900768	4.57447654	4.61615512	4.66315106	4.67601759	4.62129148	4.51738858	4.37057023	4.19453823	3.99840939	3.79451742	3.59328871	3.39568646	3.20163197	3.01428328	2.83431533	2.66559034	2.50882671	2.36374217	2.22986227	2.10586815	1.99102640	1.89012945	1.80514532	1.73454976	1.67640130	1.62820254	1.58723070	1.54640943	1.50226840	1.45566811	1.40773971	1.36007872	1.31429411
	3.75995262	3.88777525	3.99017279	4.07950172	4.15528375	4.21689082	4.26645529	4.32561305	4.39293590	4.45285875	4.49556369	4.52834303	4.54638992	4.54668755	4.54722834	4.55887956	4.58502730	4.62720402	4.67380737	4.68623812	4.63461005	4.53148559	4.38635601	4.21273440	4.01579944	3.81120880	3.61009384	3.41137724	3.21591041	3.02646701	2.84427403	2.67384438	2.51591085	2.36996806	2.23540823	2.11083074	1.99551812	1.89456255	1.80995425	1.73996504	1.68250619	1.63498494	1.59450173	1.55396578	1.51007267	1.46381075	1.41637090	1.36933151	1.32431540
	3.78730669	3.91407539	4.01313713	4.10045237	4.17520181	4.23510065	4.28133639	4.33986194	4.40605249	4.46365532	4.50543950	4.53434624	4.54990018	4.55130257	4.55283120	4.56349172	4.58958410	4.63136191	4.67806536	4.69214980	4.64272863	4.53964564	4.39805510	4.22504755	4.02746680	3.82440497	3.62230836	3.42229467	3.22610873	3.03497787	2.85095111	2.67913654	2.52032358	2.37375408	2.23874830	2.11380794	1.99822296	1.89734731	1.81316842	1.74374790	1.68690594	1.63990709	1.59974061	1.55933265	1.51552030	1.46946388	1.42238486	1.37585071	1.33147357
	3.81955304	3.94657087	4.04415577	4.12955938	4.20271421	4.26223484	4.30764900	4.36348324	4.42950150	4.48365084	4.52476957	4.54906429	4.56290354	4.56501266	4.56427704	4.57313018	4.59751252	4.64096738	4.69040875	4.70596758	4.65722316	4.55586676	4.41598173	4.24258023	4.04686139	3.84346634	3.63907633	3.43809158	3.24028481	3.04705852	2.86078130	2.68716187	2.52706513	2.37949997	2.24370805	2.11820103	2.00218257	1.90122066	1.81726229	1.74813989	1.69166036	1.64486557	1.60467593	1.56410729	1.52017377	1.47420056	1.42740693	1.38134990	1.33760309
	3.84005304	3.96581383	4.06124042	4.14381745	4.21419485	4.27096672	4.31530412	4.36952488	4.43454155	4.48677037	4.52603657	4.54820365	4.56412081	4.56431555	4.55928528	4.56566275	4.59021331	4.63731481	4.68698019	4.70292275	4.65433012	4.55724148	4.41921876	4.24761606	4.05472487	3.85162275	3.64711455	3.44588809	3.24712963	3.05270338	2.86491010	2.69019867	2.52946449	2.38146363	2.24537069	2.11974513	2.00364740	1.90292018	1.81949747	1.75098106	1.69512235	1.64879598	1.60885757	1.56834949	1.52447365	1.47875029	1.43241847	1.38700809	1.34403672
	3.86674972	3.98981070	4.08418721	4.16553398	4.23396409	4.28784350	4.32953149	4.38378226	4.44579216	4.49629261	4.52940598	4.54822558	4.56551557	4.56072885	4.55039390	4.55729822	4.58516216	4.63324344	4.68226843	4.69807829	4.65209291	4.55927214	4.42350734	4.25652517	4.06476467	3.86169257	3.65867124	3.45546401	3.25504110	3.05914399	2.86936072	2.69311962	2.53139982	2.38270889	2.24614261	2.12028836	2.00412389	1.90364694	1.82073968	1.75279497	1.69737503	1.65122805	1.61115073	1.57031731	1.52618504	1.48046026	1.43443905	1.38962903	1.34745354
	3.88465436	4.00800077	4.09918554	4.17952677	4.24657686	4.29900520	4.33763299	4.39155843	4.45083707	4.50066747	4.53028065	4.54686653	4.56242773	4.55227799	4.54237352	4.54942901	4.57690798	4.62482048	4.67424412	4.68928145	4.64828238	4.55777003	4.42531258	4.26161461	4.07141073	3.87044142	3.66769293	3.46277782	3.26151506	3.06469446	2.87339933	2.69595299	2.53341050	2.38411047	2.24712656	2.12103330	2.00479097	1.90445350	1.82185852	1.75426161	1.69907960	1.65297960	1.61271589	1.57158088	1.52723102	1.48150310	1.43572666	1.39139499	1.34984747
	3.89443418	4.01819892	4.10822857	4.18711562	4.25345040	4.30490696	4.34233549	4.39527448	4.45314088	4.50141195	4.52922762	4.54411797	4.55773008	4.54508186	4.53554203	4.54197905	4.56885507	4.61605338	4.66545188	4.68148598	4.64311679	4.55503395	4.42545851	4.26442432	4.07585170	3.87691986	3.67447336	3.46895683	3.26730047	3.06972802	2.87749816	2.69924080	2.53612038	2.38638577	2.24911139	2.12286592	2.00657104	1.90626981	1.82380108	1.75633951	1.70118809	1.65494421	1.61435352	1.57285642	1.52823999	1.48239813	1.43668548	1.39259035	1.35139531
	3.89410384	4.01718965	4.10666489	4.18306020	4.24766630	4.29744534	4.33402051	4.38480868	4.44114634	4.48658380	4.51320095	4.52595259	4.53649444	4.52363330	4.51368508	4.51831402	4.54400152	4.58883575	4.63682684	4.65599606	4.62058477	4.53718113	4.41234837	4.25624597	4.07221509	3.87620506	3.67588461	3.47135174	3.26959017	3.07174155	2.87906146	2.70031128	2.53690278	2.38701772	2.24974515	2.12364649	2.00757320	1.90744557	1.82519762	1.75793928	1.70281949	1.65634453	1.61525914	1.57328033	1.52834562	1.48237793	1.43677300	1.39300690	1.35229706
	3.91093709	4.03541942	4.12605076	4.20397878	4.26943491	4.31993227	4.35646237	4.40688534	4.46136166	4.50364826	4.52769806	4.53740229	4.54328951	4.52941424	4.52016933	4.52366357	4.55071152	4.59546139	4.64456352	4.66514367	4.62988114	4.54769561	4.42349944	4.26813212	4.08432026	3.88810859	3.68692870	3.48127027	3.27839625	3.07915292	2.88520101	2.70522677	2.54085503	2.39027564	2.25250850	2.12607012	2.00977106	1.90942812	1.82697419	1.75946119	1.70393186	1.65682999	1.61491336	1.57219056	1.52669473	1.48031872	1.43448181	1.39063990	1.34996808
	3.91316401	4.03696846	4.12804513	4.20522580	4.27003570	4.31999115	4.35640150	4.40586397	4.45936220	4.49981430	4.52300074	4.53094482	4.53505602	4.52181768	4.51174776	4.51443253	4.54102398	4.58490773	4.63341287	4.65569555	4.62161652	4.54157130	4.41932128	4.26625636	4.08441173	3.88931006	3.68898717	3.48381019	3.28054523	3.08098502	2.88668222	2.70633009	2.54170129	2.39096260	2.25312473	2.12670133	2.01046514	1.91015715	1.82776139	1.76028606	1.70468967	1.65737222	1.61509343	1.57203693	1.52631404	1.47981730	1.43399019	1.39027432	1.34981754
	3.89105774	4.01469913	4.10572527	4.18224649	4.24485574	4.29370143	4.32933138	4.37725456	4.42968467	4.46727801	4.49025144	4.49660150	4.49526759	4.48326239	4.47421784	4.47710966	4.50108613	4.54144867	4.58768966	4.61303045	4.58137900	4.50650820	4.39047912	4.24214530	4.06722987	3.87556759	3.67889127	3.47697655	3.27499673	3.07610740	2.88253253	2.70251353	2.53817810	2.38778134	2.25038065	2.12448447	2.00877383	1.90868160	1.82636420	1.75885983	1.70301023	1.65515500	1.61207556	1.56833844	1.52219722	1.47546541	1.42961758	1.38607609	1.34595185
	3.88873461	4.01377670	4.10552294	4.18173999	4.24445777	4.29309391	4.32845412	4.37554588	4.42600449	4.46128042	4.48218298	4.48610782	4.48088431	4.46638221	4.45751372	4.46226152	4.48587427	4.52474963	4.57060541	4.59679706	4.56754208	4.49523334	4.38292332	4.23684237	4.06539739	3.87539817	3.67988869	3.47887035	3.27682568	3.07763759	2.88369642	2.70317224	2.53844779	2.38784306	2.25039292	2.12457054	2.00900698	1.90889540	1.82646289	1.75875516	1.70248696	1.65394414	1.60992848	1.56534677	1.51861926	1.47149504	1.42546208	1.38192817	1.34197062
	3.89459252	4.02063901	4.11327886	4.19027767	4.25310533	4.30182744	4.33697896	4.38353523	4.43219026	4.46491761	4.48313912	4.48480215	4.47603047	4.45931058	4.44965479	4.45548020	4.47959491	4.51885752	4.56426127	4.59105274	4.56328622	4.49309439	4.38336452	4.23887458	4.06974713	3.88066618	3.68566235	3.48475205	3.28215924	3.08235369	2.88765926	2.70630816	2.54090178	2.38983860	2.25211718	2.12615832	2.01056619	1.91031654	1.82766392	1.75966540	1.70291549	1.65363778	1.60865563	1.56318941	1.51581010	1.46821854	1.42191375	1.37829034	1.33839376
	3.88528841	4.01225801	4.10425012	4.18125666	4.24326518	4.29151315	4.32681638	4.37185828	4.41859532	4.44921982	4.46438072	4.46500093	4.45415117	4.43383520	4.42294256	4.42843329	4.45498873	4.49410506	4.53916898	4.56473209	4.53983933	4.47245231	4.36701888	4.22593998	4.06104604	3.87541487	3.68219182	3.48311248	3.28134958	3.08179006	2.88722568	2.70574308	2.54019161	2.38914193	2.25159248	2.12593445	2.01070303	1.91056256	1.82781012	1.75958890	1.70239012	1.65236564	1.60636084	1.55996025	1.51189421	1.46379914	1.41718106	1.37343496	1.33358088
	3.87876750	4.00693184	4.09899207	4.17598602	4.23730270	4.28512704	4.32036701	4.36403814	4.40945443	4.43811568	4.45054990	4.44967278	4.43720769	4.41377425	4.40172043	4.40651431	4.43441972	4.47437181	4.51970739	4.54406736	4.52161156	4.45660049	4.35484058	4.21657959	4.05523040	3.87258525	3.68062098	3.48300130	3.28191009	3.08233342	2.88771873	2.70597276	2.54015581	2.38901254	2.25154256	2.12607953	2.01113011	1.91108293	1.82821404	1.75976001	1.70211718	1.65135937	1.60437382	1.55703525	1.50825660	1.45961857	1.41263432	1.36869890	1.32881565
	3.84714693	3.97458083	4.06640821	4.14228429	4.20299929	4.24995978	4.28495328	4.32712395	4.37009984	4.39830561	4.40869401	4.40572687	4.39304922	4.36950889	4.35456806	4.35753647	4.38392675	4.42438185	4.47033492	4.49292134	4.47423351	4.41314068	4.31616953	4.18315568	4.02720939	3.85100710	3.66183108	3.46798220	3.26939037	3.07148348	2.87827432	2.69747209	2.53232237	2.38186609	2.24517927	2.12057868	2.00649877	1.90695706	1.82419142	1.75560750	1.69756566	1.64606421	1.59803904	1.54971413	1.50022454	1.45108398	1.40381052	1.35979116	1.32000840
	3.85098293	3.97949738	4.07270828	4.14955148	4.21068160	4.25776678	4.29280065	4.33388346	4.37465224	4.40008771	4.40668586	4.40041565	4.38475729	4.35876323	4.34291088	4.34513859	4.37156766	4.41273031	4.46033739	4.48301972	4.46666694	4.40745970	4.31285725	4.18234107	4.02843156	3.85425477	3.66546397	3.47177854	3.27285289	3.07434665	2.88036440	2.69871355	2.53286229	2.38200608	2.24517962	2.12060528	2.00668836	1.90719737	1.82426423	1.75533664	1.69666072	1.64414603	1.59480102	1.54520762	1.49473801	1.44486752	1.39713074	1.35288981	1.31309448
	3.86186089	3.99190771	4.08673794	4.16470556	4.22639399	4.27402929	4.30891539	4.34935332	4.38858043	4.41176264	4.41521766	4.40602070	4.38703497	4.35931898	4.34288776	4.34500178	4.37173086	4.41378419	4.46190817	4.48581101	4.47058854	4.41241117	4.31908470	4.18963835	4.03664112	3.86265461	3.67367177	3.47932886	3.27951027	3.07998358	2.88488412	2.70213875	2.53538532	2.38391132	2.24671320	2.12192238	2.00792284	1.90832115	1.82514491	1.75584921	1.69656941	1.64315723	1.59268382	1.54201513	1.49068924	1.44017104	1.39201065	1.34755175	1.30770461
	3.84671038	3.97609065	4.07118971	4.14883892	4.21029574	4.25811751	4.29245437	4.33220307	4.37019219	4.39239347	4.39541902	4.38463583	4.36368014	4.33623641	4.31969068	4.32108028	4.34660505	4.38793266	4.43531820	4.45999188	4.44673018	4.39042434	4.29920948	4.17267177	4.02188570	3.85078509	3.66373837	3.47089487	3.27230195	3.07365557	2.87922677	2.69692685	2.53049365	2.37937314	2.24260034	2.11827854	2.00474885	1.90543752	1.82231859	1.75292034	1.69335969	1.63946085	1.58833105	1.53704079	1.48523904	1.43438512	1.38603297	1.34151054	1.30170711
	3.84838515	3.97786539	4.07377130	4.15196631	4.21351932	4.26191208	4.29555809	4.33462345	4.37135254	4.39111217	4.39264372	4.37994279	4.35594627	4.32667623	4.31081477	4.31238898	4.33748451	4.37871743	4.42606730	4.45192349	4.43966115	4.38469980	4.29479465	4.17022337	4.02042357	3.85048796	3.66461279	3.47165759	3.27307807	3.07423027	2.87943891	2.69669425	2.52989703	2.37860901	2.24184589	2.11763423	2.00427094	1.90505150	1.82188008	1.75228382	1.69232200	1.63778067	1.58580905	1.53370448	1.48124085	1.42988041	1.38119224	1.33648401	1.29662218
	3.83931826	3.96914080	4.06616831	4.14493345	4.20605507	4.25384475	4.28769148	4.32489315	4.35823061	4.37551864	4.37393320	4.35680979	4.32850704	4.29679349	4.28030533	4.28169658	4.30454311	4.34504430	4.39328572	4.42045492	4.41115588	4.35987898	4.27392766	4.15416360	4.00836402	3.84351260	3.65945545	3.46832769	3.27062304	3.07188285	2.87686915	2.69357027	2.52625842	2.37483191	2.23830447	2.11453979	2.00170022	1.90275860	1.81947266	1.74940043	1.68849209	1.63247447	1.57860041	1.52464080	1.47069322	1.41821805	1.36880623	1.32373720	1.28380653
	3.84928227	3.98033942	4.07846283	4.15818010	4.21984672	4.26783558	4.30205493	4.33842942	4.37004350	4.38498784	4.38132324	4.36164660	4.33052108	4.29683790	4.28053910	4.28201001	4.30501768	4.34584986	4.39447197	4.42261225	4.41411920	4.36391857	4.27877170	4.15993896	4.01492063	3.85019791	3.66645934	3.47469836	3.27628619	3.07671246	2.88073467	2.69648859	2.52843223	2.37654496	2.23979271	2.11593452	2.00307999	1.90411221	1.82070953	1.75036408	1.68894596	1.63216259	1.57731634	1.52240869	1.46767929	1.41460442	1.36479373	1.31950288	1.27948661
	3.83541943	3.96703747	4.06571548	4.14566011	4.20772175	4.25450058	4.28926169	4.32427994	4.35382879	4.36632479	4.36059963	4.33936517	4.30516759	4.26978002	4.25183479	4.25422763	4.27704140	4.31650648	4.36480378	4.39449276	4.38723223	4.34026021	4.25783713	4.14334021	4.00138450	3.84041679	3.65923392	3.46959032	3.27248308	3.07364271	2.87803536	2.69381768	2.52565942	2.37386234	2.23745083	2.11408900	2.00177569	1.90314668	1.81973111	1.74906816	1.68696792	1.62912179	1.57290206	1.51663127	1.46074812	1.40676186	1.35629520	1.31060205	1.27038777
	3.82328593	3.95502223	4.05445272	4.13487103	4.19657761	4.24321802	4.27739567	4.31134605	4.33913507	4.34946058	4.34208130	4.31871845	4.28264091	4.24531252	4.22603619	4.22878862	4.25123860	4.29055140	4.33793954	4.36854062	4.36255372	4.31844674	4.23821304	4.12749813	3.98811029	3.83046670	3.65180941	3.46372306	3.26778677	3.06961100	2.87434852	2.69018591	2.52201020	2.37036937	2.23433835	2.11148108	1.99970739	1.90143166	1.81804771	1.74711782	1.68438992	1.62556793	1.56811273	1.51061780	1.45370498	1.39891334	1.34788770	1.30187063	1.26151459
	3.80513687	3.93645725	4.03654390	4.11742562	4.17856377	4.22531211	4.25815670	4.29101001	4.31725886	4.32567109	4.31621036	4.29095003	4.25355833	4.21442097	4.19340135	4.19583796	4.21873413	4.25760498	4.30354330	4.33541536	4.33032311	4.28925977	4.21168146	4.10533711	3.96907560	3.81541471	3.64008554	3.45395769	3.25967942	3.06258280	2.86803651	2.68423659	2.51628273	2.36500173	2.22954444	2.10737740	1.99631854	1.89852532	1.81524851	1.74408367	1.68072233	1.62089570	1.56216165	1.50339607	1.44541367	1.38978307	1.33818086	1.29183788	1.25134719
	3.81081703	3.94252041	4.04293393	4.12398604	4.18532049	4.23253106	4.26532944	4.29807716	4.32397878	4.33214304	4.32190577	4.29620172	4.25828937	4.21889110	4.19775060	4.20006929	4.22333246	4.26225123	4.30842807	4.34054972	4.33550548	4.29435311	4.21671696	4.11023866	3.97374469	3.81979165	3.64417996	3.45756492	3.26284266	3.06533508	2.87037233	2.68619852	2.51794950	2.36645354	2.23083449	2.10854367	1.99738957	1.89951994	1.81616734	1.74489497	1.68137669	1.62135034	1.56238949	1.50340382	1.44522403	1.38943883	1.33772832	1.29131728	1.25078558
	3.80025611	3.93275168	4.03466020	4.11645175	4.17824095	4.22563819	4.25749249	4.28857351	4.31182293	4.31737709	4.30340308	4.27445164	4.23367888	4.19203181	4.16931375	4.17028999	4.19459395	4.23351821	4.28012574	4.31276386	4.30874668	4.27066336	4.19621842	4.09352310	3.96108933	3.81022393	3.63810679	3.45283007	3.25907031	3.06204651	2.86712860	2.68271159	2.51422458	2.36281163	2.22762352	2.10598519	1.99556901	1.89819960	1.81488150	1.74312231	1.67850790	1.61684726	1.55588845	1.49493466	1.43504971	1.37792399	1.32527895	1.27831708	1.23750345
	3.78528565	3.91780558	4.02002813	4.10177893	4.16431123	4.21051125	4.24223715	4.27235582	4.29442237	4.29853881	4.28377320	4.25319747	4.21078987	4.16876086	4.14546464	4.14550412	4.16900553	4.20887341	4.25565676	4.28768867	4.28443351	4.24854420	4.17619438	4.07581147	3.94651555	3.79787123	3.62828327	3.44458438	3.25213551	3.05600785	2.86173892	2.67772700	2.50953608	2.35850564	2.22384280	2.10282413	1.99303820	1.89612227	1.81294996	1.74103522	1.67592270	1.61347438	1.55153788	1.48961266	1.42888851	1.37109811	1.31798374	1.27075087	1.22979497
	3.77886010	3.91214524	4.01575167	4.09822278	4.16134879	4.20664459	4.23901828	4.26747250	4.28711261	4.28871832	4.27151350	4.23729118	4.19217443	4.14897589	4.12480741	4.12322735	4.14581227	4.18772083	4.23398636	4.26641231	4.26441119	4.23108502	4.16133288	4.06434069	3.93848701	3.79231276	3.62514798	3.44269419	3.25091869	3.05502858	2.86065509	2.67631422	2.50781979	2.35677883	2.22243282	2.10192848	1.99277414	1.89633465	1.81327149	1.74096900	1.67486924	1.61093046	1.54719798	1.48349223	1.42120295	1.36215484	1.30815240	1.26038295	1.21912153
	3.75013793	3.88339635	3.98770318	4.07090390	4.13426444	4.17838157	4.20965613	4.23614400	4.25361357	4.25321480	4.23421182	4.19798180	4.14999155	4.10457116	4.08030643	4.07816425	4.09758181	4.13897151	4.18658096	4.21834480	4.21841011	4.18777693	4.12302409	4.02922552	3.90960217	3.76696944	3.60453683	3.42544711	3.23592800	3.04186729	2.84883230	2.66538516	2.49757439	2.34739432	2.21418903	2.09497760	1.98718633	1.89179371	1.80917880	1.73665087	1.66960216	1.60415045	1.53857806	1.47303659	1.40912306	1.34875551	1.29382518	1.24549755	1.20391489
	3.74332530	3.87688291	3.98208010	4.06635502	4.13018449	4.17415185	4.20456813	4.22985776	4.24572935	4.24381481	4.22317157	4.18535732	4.13544359	4.08822936	4.06313317	4.06090191	4.07950718	4.12007286	4.16884678	4.20062427	4.20232315	4.17277519	4.11085847	4.01858463	3.90191758	3.76112425	3.60107551	3.42305418	3.23430569	3.04065252	2.84775537	2.66422674	2.49625311	2.34612248	2.21324386	2.09453172	1.98735263	1.89244921	1.80997547	1.73714615	1.66930327	1.60268006	1.53571069	1.46877001	1.40356274	1.34210942	1.28636901	1.23749400	1.19555015
	3.72595820	3.86044503	3.96713130	4.05208341	4.11625733	4.16028498	4.19033522	4.21420086	4.22803393	4.22420602	4.20144609	4.16158915	4.10957012	4.06098370	4.03360150	4.03115336	4.04981034	4.08817154	4.13660238	4.16888005	4.17265253	4.14469853	4.08640034	3.99701038	3.88414079	3.74698723	3.59017498	3.41449797	3.22712761	3.03453953	2.84233971	2.65917120	2.49137706	2.34165387	2.20954390	2.09184879	1.98582386	1.89183394	1.80971857	1.73655340	1.66763839	1.59941209	1.53052327	1.46169337	1.39476102	1.33186470	1.27506602	1.22549851	1.18312779
	3.70230180	3.83672212	3.94389728	4.02899553	4.09277912	4.13650808	4.16610025	4.18894321	4.20163180	4.19693468	4.17341238	4.13268187	4.07992023	4.03093323	4.00189757	3.99933554	4.01773254	4.05390038	4.10225005	4.13431113	4.13964347	4.11275278	4.05732333	3.97061306	3.86158617	3.72758005	3.57424806	3.40129028	3.21574948	3.02480534	2.83397446	2.65180399	2.48470250	2.33570218	2.20449296	2.08783055	1.98288824	1.88974060	1.80802095	1.73474486	1.66522198	1.59602692	1.52596073	1.45595487	1.38792584	1.32407520	1.26655409	1.21649267	1.17379084
	3.70278993	3.83881888	3.94779055	4.03419710	4.09842035	4.14258450	4.17198376	4.19383299	4.20485651	4.19839696	4.17290323	4.13020093	4.07501248	4.02451020	3.99401902	3.99064397	4.00887154	4.04399952	4.09203934	4.12433346	4.13067153	4.10491260	4.05117132	3.96614281	3.85946628	3.72691959	3.57508094	3.40262793	3.21693628	3.02579839	2.83459560	2.65191729	2.48443054	2.33539560	2.20445804	2.08826628	1.98391049	1.89117207	1.80947004	1.73561196	1.66489118	1.59411470	1.52229976	1.45061761	1.38112663	1.31610641	1.25778348	1.20723518	1.16426897
	3.67175373	3.80753017	3.91680205	4.00291171	4.06695023	4.11096379	4.13976510	4.16043673	4.17005732	4.16258447	4.13615515	4.09256625	4.03637592	3.98547946	3.95473003	3.94857733	3.96693550	4.00187341	4.04669526	4.07987009	4.08699448	4.06294916	4.01232769	3.93079367	3.82835907	3.70051014	3.55245714	3.38322935	3.20006352	3.01116968	2.82186307	2.64062195	2.47422191	2.32631124	2.19666780	2.08191623	1.97903303	1.88743004	1.80626953	1.73226483	1.66076411	1.58879873	1.51560478	1.44255933	1.37182858	1.30574542	1.24663856	1.19556211	1.15226304
	3.63344941	3.76855731	3.87748963	3.96330394	4.02647242	4.07043630	4.09823814	4.11790482	4.12674789	4.11894643	4.09237803	4.04889300	3.99285376	3.94169340	3.91039767	3.90308428	3.91986379	3.95468729	3.99791667	4.03119684	4.03835057	4.01701597	3.96864834	3.89159792	3.79267871	3.67020894	3.52653953	3.36126322	3.18131145	2.99533264	2.80858317	2.62936906	2.46445307	2.31784805	2.18956578	2.07632515	1.97499166	1.88461234	1.80417724	1.73031564	1.65842200	1.58568690	1.51151366	1.43744346	1.36568869	1.29862363	1.23868900	1.18697231	1.14318704
	3.63754511	3.77366442	3.88352132	3.96998218	4.03334848	4.07758572	4.10545699	4.12458336	4.13253179	4.12372372	4.09602122	4.05134447	3.99421107	3.94202535	3.91019775	3.90216358	3.91903745	3.95387844	3.99703691	4.03067980	4.03805169	4.01722659	3.96967093	3.89338280	3.79521355	3.67346324	3.53005643	3.36469086	3.18449301	2.99817111	2.81099420	2.63132983	2.46608177	2.31936804	2.19115593	2.07810616	1.97703988	1.88686475	1.80643756	1.73225609	1.65972093	1.58614868	1.51105971	1.43610906	1.36358637	1.29591179	1.23556120	1.18357906	1.13963527
	3.62815043	3.76462610	3.87474592	3.96182253	4.02530616	4.06901890	4.09684200	4.11519435	4.12221194	4.11235954	4.08359250	4.03789332	3.97971978	3.92672483	3.89398341	3.88587497	3.90122010	3.93613890	3.97923634	4.01254846	4.02009397	4.00044234	3.95446216	3.88075850	3.78399836	3.66541333	3.52356152	3.35951112	3.18032876	2.99488303	2.80835615	2.62909793	2.46421576	2.31801976	2.19045392	2.07814464	1.97787553	1.88829686	1.80808605	1.73359645	1.66028846	1.58567880	1.50944760	1.43337797	1.35984034	1.29131513	1.23031643	1.17786328	1.13358570
	3.62496153	3.76195924	3.87278413	3.96097524	4.02498382	4.06817629	4.09571981	4.11292427	4.11855679	4.10734112	4.07708062	4.02987187	3.97009075	3.91597310	3.88187083	3.87365714	3.88770048	3.92246516	3.96583017	3.99900607	4.00703311	3.98852722	3.94412933	3.87288105	3.77780354	3.66213852	3.52173918	3.35874216	3.18027620	2.99534005	2.80907183	2.62988712	2.46513782	2.31934203	2.19239198	2.08084007	1.98142157	1.89250228	1.81246644	1.73747565	1.66307053	1.58704173	1.50924703	1.43165885	1.35674612	1.28708439	1.22522531	1.17213845	1.12740765
	3.58699793	3.72226843	3.83258872	3.92051097	3.98385000	4.02678801	4.05293279	4.06898328	4.07405699	4.06273421	4.03272113	3.98598314	3.92654525	3.87278611	3.83779401	3.82885736	3.84117273	3.87441217	3.91793635	3.95020450	3.95883462	3.94322120	3.90080533	3.83403538	3.74274261	3.63278902	3.49709615	3.33831610	3.16336644	2.98161330	2.79811639	2.62115418	2.45803247	2.31363632	2.18814578	2.07813828	1.98031805	1.89270267	1.81337193	1.73841862	1.66348838	1.58658398	1.50773701	1.42905080	1.35302103	1.28227777	1.21945138	1.16554986	1.12015009
	3.57966430	3.71518797	3.82593154	3.91456791	3.97756452	4.02073781	4.04631826	4.06167295	4.06625420	4.05436028	4.02410305	3.97680079	3.91682798	3.86243928	3.82712828	3.81697653	3.82954785	3.86174326	3.90535543	3.93740764	3.94661810	3.93183595	3.89040626	3.82510392	3.73545700	3.62742326	3.49335499	3.33556455	3.16145049	2.98037366	2.79738619	2.62080161	2.45799710	2.31398770	2.18899430	2.07953849	1.98233243	1.89521970	1.81604429	1.74081134	1.66523432	1.58748646	1.50773015	1.42816334	1.35133038	1.27990897	1.21654696	1.16222802	1.11651591
	3.56432147	3.70016865	3.81130121	3.90030664	3.96364183	4.00662512	4.03152199	4.04593414	4.04991617	4.03724130	4.00638853	3.95834658	3.89764310	3.84235770	3.80629227	3.79472497	3.80704715	3.83788549	3.88095803	3.91275234	3.92308808	3.90995397	3.86997080	3.80748595	3.72070338	3.61597500	3.48453582	3.32873691	3.15618456	2.97644311	2.79450370	2.61874372	2.45664650	2.31344774	2.18940745	2.08098169	1.98489188	1.89865372	1.81972098	1.74399165	1.66733910	1.58822077	1.50701232	1.42606134	1.34798685	1.27552517	1.21133715	1.15637792	1.11017431
	3.53913728	3.67452548	3.78551070	3.87403052	3.93748890	3.98004009	4.00421446	4.01848127	4.02257556	4.01002018	3.97949004	3.93176456	3.87147870	3.81606944	3.77978431	3.76706448	3.77894005	3.80853519	3.85113087	3.88234201	3.89357645	3.88148542	3.84299202	3.78279141	3.69857692	3.59698161	3.46841738	3.31501383	3.14459123	2.96678648	2.78657418	2.61225172	2.45123652	2.30895984	2.18583797	2.07833820	1.98320326	1.89772441	1.81914672	1.74336297	1.66633971	1.58668059	1.50488695	1.42337191	1.34475586	1.27178215	1.20713277	1.15178809	1.10526948
	3.50605793	3.64027912	3.75052272	3.83828762	3.90133672	3.94319433	3.96725219	3.98125411	3.98562742	3.97353412	3.94358955	3.89657707	3.83713800	3.78182980	3.74526199	3.73191582	3.74302019	3.77200946	3.81344396	3.84434041	3.85624061	3.84496716	3.80842326	3.75015669	3.66913740	3.57043764	3.44521977	3.29467342	3.12700711	2.95175288	2.77388100	2.60156981	2.44213199	2.30115778	2.17925788	2.07293916	1.97896605	1.89443504	1.81640891	1.74079880	1.66367712	1.58376680	1.50167552	1.41987390	1.34095608	1.26765697	1.20267738	1.14703371	1.10025804
	3.49270994	3.62730409	3.73783880	3.82596594	3.88863337	3.93037906	3.95445694	3.96790842	3.97207508	3.95970432	3.92917227	3.88166996	3.82187139	3.76567938	3.72795794	3.71392669	3.72376067	3.75247683	3.79245255	3.82369411	3.83661723	3.82613628	3.79156341	3.73494293	3.65695372	3.56046185	3.43751146	3.28852700	3.12222391	2.94809988	2.77114483	2.59955927	2.44078313	2.30053408	2.17945101	2.07399536	1.98093868	1.89708668	1.81914099	1.74295638	1.66480277	1.58366955	1.50033293	1.41739543	1.33748882	1.26337532	1.19774164	1.14157814	1.09438798
	3.48665849	3.62119412	3.73203953	3.82023575	3.88310188	3.92461837	3.94864902	3.96144469	3.96501422	3.95209342	3.92119077	3.87305015	3.81274199	3.75536143	3.71656179	3.70225334	3.71111481	3.73973584	3.77904762	3.81064058	3.82383244	3.81413919	3.78120118	3.72565030	3.65007037	3.55502334	3.43359902	3.28568635	3.12026018	2.94684318	2.77042441	2.59924823	2.44093740	2.30128085	2.18088195	2.07614750	1.98385238	1.90054708	1.82262743	1.74587512	1.66675453	1.58449845	1.50002589	1.41604130	1.33523240	1.26039063	1.19418510	1.13756254	1.09000321
	3.46056797	3.59434144	3.70518925	3.79291025	3.85585440	3.89719416	3.92076943	3.93309710	3.93593655	3.92248426	3.89151026	3.84327724	3.78298485	3.72488775	3.68442743	3.66890566	3.67670655	3.70429078	3.74304405	3.77430137	3.78772300	3.77976743	3.74915936	3.69601792	3.62451965	3.53319320	3.41505398	3.26998802	3.10714318	2.93599534	2.76154375	2.59207860	2.43538314	2.29732590	2.17857238	2.07552937	1.98494304	1.90294474	1.82547322	1.74821324	1.66797240	1.58433647	1.49843999	1.41313038	1.33117624	1.25538333	1.18838259	1.13108161	1.08294626
	3.44924765	3.58354070	3.69396331	3.78182407	3.84528973	3.88640397	3.91044564	3.92216462	3.92454664	3.91072518	3.87950688	3.83106702	3.77050985	3.71171012	3.67012762	3.65361377	3.66037307	3.68772733	3.72580769	3.75693977	3.77020070	3.76312595	3.73405526	3.68260403	3.61371146	3.52417535	3.40773328	3.26392911	3.10216644	2.93190920	2.75820393	2.58943586	2.43354997	2.29641198	2.17865264	2.07666219	1.98716948	1.90594683	1.82862016	1.75083195	1.66964560	1.58490367	1.49788517	1.41157167	1.32880661	1.25239368	1.18491790	1.12722991	1.07877658
	3.43418964	3.56900790	3.67941755	3.76696499	3.83082532	3.87171824	3.89571714	3.90720622	3.90918385	3.89500720	3.86319150	3.81438067	3.75347621	3.69418919	3.65136314	3.63335705	3.63951847	3.66531663	3.70313068	3.73360898	3.74647724	3.74057856	3.71324378	3.66411517	3.59760377	3.51075116	3.39635049	3.25421038	3.09393214	2.92494399	2.75232040	2.58460857	2.43000731	2.29432134	2.17805746	2.07756626	1.98958300	1.90940646	1.83224134	1.75370795	1.67126597	1.58511997	1.49671092	1.40918277	1.32547925	1.24838824	1.18040260	1.12229278	1.07347908
	3.38466806	3.51811376	3.62823637	3.71499304	3.77738361	3.81874799	3.84122955	3.85247955	3.85438097	3.84071975	3.80923930	3.76086920	3.70051362	3.64108247	3.59665630	3.57614186	3.58027485	3.60399691	3.63976048	3.66915943	3.68323447	3.67995723	3.65596423	3.61152012	3.55074759	3.47009747	3.36144962	3.22451361	3.06905022	2.90434164	2.73549870	2.57122947	2.41986441	2.28730556	2.17413760	2.07676678	1.99192462	1.91406208	1.83768579	1.75841982	1.67438516	1.58634134	1.49599168	1.40670078	1.32149372	1.24310381	1.17393849	1.11474946	1.06494705
	3.35306736	3.48556521	3.59490502	3.68123579	3.74270267	3.78394537	3.80590234	3.81712496	3.81920316	3.80614460	3.77521799	3.72747050	3.66771228	3.60828745	3.56327085	3.54152378	3.54426243	3.56704288	3.60107884	3.63019164	3.64526646	3.64317583	3.62063865	3.57889116	3.52103057	3.44405657	3.33860697	3.20481116	3.05231662	2.89032187	2.72392236	2.56185601	2.41248020	2.28176023	2.17037380	2.07477445	1.99169662	1.91510908	1.83920369	1.75965910	1.67491032	1.58601838	1.49482847	1.40477978	1.31890749	1.23990819	1.17014899	1.11039820	1.06007422
	3.35028406	3.48386874	3.59331934	3.68096955	3.74259757	3.78414379	3.80623425	3.81751364	3.81955738	3.80655921	3.77527408	3.72716183	3.66682305	3.60648990	3.56051333	3.53704298	3.53871250	3.56054437	3.59332476	3.62226952	3.63774810	3.63640688	3.61466799	3.57476558	3.51820086	3.44289762	3.33866113	3.20562167	3.05372310	2.89215887	2.72602362	2.56430092	2.41555802	2.28570005	2.17528401	2.08072261	1.99875563	1.92274102	1.84646666	1.76577678	1.67949306	1.58900748	1.49631157	1.40496407	1.31807023	1.23829336	1.16790474	1.10760746	1.05679327
	3.30433369	3.43716203	3.54628982	3.63302224	3.69432094	3.73544941	3.75784968	3.76945160	3.77180836	3.75975384	3.72933909	3.68215913	3.62255226	3.56228787	3.51504913	3.49026941	3.48978209	3.50966838	3.54194262	3.56937201	3.58478308	3.58505099	3.56583518	3.52938912	3.47626131	3.40509959	3.30494544	3.17597190	3.02790856	2.86990024	2.70700604	2.54838681	2.40258391	2.27548292	2.16770296	2.07576227	1.99639688	1.92220237	1.84648953	1.76534858	1.67808668	1.58647204	1.49274071	1.40053726	1.31295321	1.23258021	1.16160001	1.10071302	1.04931606
	3.25530077	3.38689234	3.49482977	3.57995910	3.64065777	3.68091642	3.70325863	3.71490491	3.71748625	3.70609182	3.67636157	3.62997903	3.57108207	3.51083355	3.46239293	3.43649392	3.43413692	3.45167887	3.48223673	3.50831088	3.52408503	3.52581745	3.50900700	3.47616812	3.42754780	3.36061520	3.26489310	3.14041742	2.99670846	2.84279040	2.68368788	2.52867496	2.38642673	2.26274596	2.15816749	2.06928880	1.99288734	1.92064114	1.84534602	1.76352441	1.67514153	1.58232886	1.48752777	1.39449609	1.30630629	1.22546987	1.15403726	1.09266479	1.04075334
	3.26028937	3.39287707	3.50109599	3.58596712	3.64649963	3.68640444	3.70843701	3.71969950	3.72177941	3.70982894	3.67937965	3.63230937	3.57266672	3.51165598	3.46242348	3.43592322	3.43292662	3.45010904	3.48009969	3.50587422	3.52212325	3.52419792	3.50839881	3.47624857	3.42887137	3.36304740	3.26791140	3.14373672	3.00022619	2.84638336	2.68723035	2.53234396	2.39058455	2.26762393	2.16381934	2.07573177	2.00016015	1.92821440	1.85233923	1.76936390	1.67965367	1.58551574	1.48946957	1.39540365	1.30644705	1.22508394	1.15326027	1.09154700	1.03931659
	3.19567563	3.32588259	3.43225537	3.51418293	3.57322269	3.61198689	3.63347025	3.64432477	3.64647128	3.63511558	3.60557712	3.55973450	3.50133804	3.44081891	3.39063482	3.36262777	3.35861243	3.37362772	3.40071898	3.42558223	3.44265653	3.44680323	3.43382142	3.40578601	3.36356104	3.30293232	3.21326869	3.09487198	2.95707656	2.80868020	2.65461305	2.50453287	2.36723927	2.24834790	2.14829349	2.06372113	1.99147852	1.92171168	1.84648909	1.76323109	1.67295442	1.57825409	1.48175107	1.38745908	1.29839670	1.21692453	1.14493363	1.08293681	1.03034914
	3.19839436	3.32918360	3.43586834	3.51771215	3.57655795	3.61512676	3.63638523	3.64689905	3.64864135	3.63677722	3.60661626	3.56017097	3.50115043	3.44001893	3.38925929	3.36079582	3.35644597	3.37109792	3.39761783	3.42227825	3.43947820	3.44411306	3.43144128	3.40432491	3.36294246	3.30298300	3.21359991	3.09535009	2.95768312	2.80936771	2.65532018	2.50544303	2.36868577	2.25052183	2.15121961	2.06740765	1.99594025	1.92643538	1.85071088	1.76653025	1.67525359	1.57958378	1.48219200	1.38720276	1.29767994	1.21592522	1.14374074	1.08156157	1.02878809
	3.20280807	3.33403592	3.44089475	3.52277973	3.58149832	3.61993593	3.64102724	3.65129434	3.65272520	3.64044179	3.60977968	3.56283569	3.50331699	3.44175519	3.39068784	3.36202822	3.35753219	3.37206995	3.39839486	3.42292717	3.44016469	3.44497130	3.43238199	3.40566646	3.36470319	3.30493423	3.21549503	3.09710460	2.95930013	2.81083769	2.65661945	2.50672847	2.37022799	2.25247909	2.15361908	2.07026223	1.99926505	1.92989513	1.85380558	1.76899641	1.67705046	1.58073077	1.48273949	1.38727738	1.29745050	1.21551790	1.14321686	1.08093018	1.02804702
	3.21499255	3.34695338	3.45420870	3.53641308	3.59530327	3.63379611	3.65485110	3.66501565	3.66624406	3.65361510	3.62250841	3.57509489	3.51509870	3.45319902	3.40206883	3.37349924	3.36910447	3.38377667	3.41030632	3.43495202	3.45216898	3.45685382	3.44398590	3.41693720	3.37536098	3.31511016	3.22484721	3.10552685	2.96682007	2.81748019	2.66241426	2.51180360	2.37480354	2.25671378	2.15757964	2.07398457	2.00278314	1.93317933	1.85679002	1.77165619	1.67939798	1.58276935	1.48447345	1.38874842	1.29873515	1.21669685	1.14434215	1.08203117	1.02913372
	3.21048070	3.34228556	3.44894216	3.53075184	3.58917608	3.62726561	3.64801593	3.65788677	3.65886178	3.64596513	3.61463936	3.56706225	3.50695325	3.44495018	3.39371506	3.36505415	3.36062309	3.37516585	3.40149460	3.42604768	3.44336095	3.44816772	3.43574337	3.40907151	3.36837411	3.30868091	3.21896517	3.10019835	2.96206433	2.81327949	2.65872516	2.50870071	2.37241903	2.25508915	2.15668754	2.07379794	2.00327836	1.93402559	1.85753502	1.77206985	1.67943365	1.58244017	1.48381221	1.38784422	1.29770376	1.21560692	1.14321413	1.08085832	1.02790341
	3.19163674	3.32249756	3.42785458	3.50867714	3.56614115	3.60348935	3.62374153	3.63318810	3.63389330	3.62083127	3.58950584	3.54204406	3.48214118	3.42023727	3.36884419	3.33991182	3.33528612	3.34951399	3.37532054	3.39954749	3.41706214	3.42219281	3.41077103	3.38515568	3.34656380	3.28830477	3.20028518	3.08332619	2.94700390	2.79997627	2.64707541	2.49872969	2.36417216	2.24850466	2.15165993	2.07025231	2.00114520	1.93273555	1.85631923	1.77052637	1.67746460	1.58006668	1.48109226	1.38490317	1.29468570	1.21256618	1.14014202	1.07771544	1.02465960
	3.17933055	3.30978280	3.41425577	3.49416128	3.55076550	3.58740152	3.60715690	3.61622002	3.61667397	3.60341556	3.57199970	3.52455060	3.46473584	3.40288190	3.35145015	3.32247194	3.31780355	3.33188297	3.35726178	3.38124468	3.39874193	3.40406473	3.39320189	3.36833991	3.33092224	3.27388862	3.18685292	3.07094903	2.93577178	2.78987777	2.63804489	2.49083543	2.35755117	2.24316914	2.14753596	2.06726295	1.99922695	1.93141358	1.85494801	1.76880493	1.67535678	1.57762076	1.47837709	1.38204339	1.29182880	1.20980004	1.13747502	1.07511768	1.02209833
	3.16626362	3.29629126	3.39965170	3.47840971	3.53391820	3.56962456	3.58871717	3.59726396	3.59735513	3.58377446	3.55215946	3.50464918	3.44487599	3.38305669	3.33163141	3.30268648	3.29806549	3.31196246	3.33681908	3.36057796	3.37798535	3.38352866	3.37328781	3.34919814	3.31311482	3.25746606	3.17151092	3.05672507	2.92280363	2.77816142	2.62750795	2.48158573	2.34980602	2.23697123	2.14279913	2.06388539	1.99712606	1.92999933	1.85342813	1.76682360	1.67288271	1.57471913	1.47513439	1.37862009	1.28841920	1.20652861	1.13436056	1.07212783	1.01919049
	3.15217334	3.28158617	3.38421556	3.46189259	3.51659393	3.55163167	3.57022943	3.57838849	3.57826013	3.56455786	3.53297123	3.48560091	3.42604927	3.36438117	3.31290937	3.28384398	3.27925269	3.29277212	3.31717015	3.34076123	3.35827951	3.36420508	3.35460729	3.33142961	3.29660685	3.24227969	3.15755863	3.04408545	2.91153002	2.76821230	2.61880349	2.47411280	2.34357406	2.23190962	2.13882271	2.06092876	1.99512960	1.92857976	1.85206564	1.76527082	1.67108689	1.57270392	1.47294290	1.37633619	1.28613350	1.20427927	1.13213236	1.06989255	1.01692518
	3.14653626	3.27573370	3.37818196	3.45540224	3.50982179	3.54462539	3.56303895	3.57104992	3.57084861	3.55712088	3.52557281	3.47827893	3.41883054	3.35722104	3.30569592	3.27653715	3.27195469	3.28525431	3.30946928	3.33300813	3.35061798	3.35674938	3.34742379	3.32466928	3.29034159	3.23660042	3.15240462	3.03949754	2.90751523	2.76474325	2.61584340	2.47163600	2.34155304	2.23029756	2.13758779	2.06005317	1.99459587	1.92826004	1.85177740	1.76492491	1.67065607	1.57219025	1.47235740	1.37570201	1.28547383	1.20359836	1.13141888	1.06913684	1.01612236
	3.14373213	3.27283621	3.37515237	3.45208780	3.50630228	3.54093121	3.55923001	3.56716521	3.56693053	3.55318460	3.52163745	3.47436089	3.41493932	3.35333536	3.30180406	3.27265177	3.26805510	3.28129444	3.30542753	3.32893388	3.34652424	3.35268293	3.34346592	3.32090434	3.28676408	3.23338823	3.14938740	3.03672761	2.90502573	2.76252879	2.61388841	2.46995319	2.34017639	2.22922491	2.13679991	2.05952922	1.99432165	1.92812391	1.85161883	1.76468338	1.67032613	1.57178322	1.47188313	1.37518481	1.28494474	1.20307532	1.13089856	1.06861287	1.01558685
	3.15825880	3.28733726	3.38948802	3.46582796	3.51935301	3.55321488	3.57076614	3.57794103	3.57690620	3.56213058	3.52950819	3.48124346	3.42091953	3.35882056	3.30740055	3.27867519	3.27438827	3.28794043	3.31238829	3.33603697	3.35350030	3.35949840	3.35019573	3.32768560	3.29364868	3.24003948	3.15548284	3.04207845	2.90977902	2.76671166	2.61750182	2.47336509	2.34398184	2.23372459	2.14203469	2.06549125	2.00100056	1.93498849	1.85789941	1.77005899	1.67474952	1.57525768	1.47443581	1.37699450	1.28629591	1.20418991	1.13187623	1.06947953	1.01633445
	3.16718201	3.29554475	3.39667725	3.47150994	3.52354245	3.55594284	3.57223183	3.57824981	3.57612907	3.56010322	3.52630149	3.47706082	3.41594700	3.35354318	3.30246185	3.27439173	3.27063246	3.28442344	3.30905817	3.33282754	3.35015282	3.35613488	3.34708642	3.32512439	3.29186300	3.23867419	3.15413303	3.04061300	2.90842454	2.76549266	2.61638636	2.47277127	2.34459583	2.23582162	2.14557939	2.07041886	2.00724931	1.94176432	1.86411523	1.77530453	1.67895049	1.57841984	1.47656968	1.37831763	1.28715396	1.20483793	1.13240705	1.06990620	1.01663502
	3.16218470	3.28950205	3.38926384	3.46253217	3.51311680	3.54421953	3.55949425	3.56468099	3.56189239	3.54522874	3.51095196	3.46143777	3.40022449	3.33795321	3.28723507	3.25962681	3.25625293	3.27005855	3.29457609	3.31832301	3.33557132	3.34170764	3.33315480	3.31200125	3.27979694	3.22763125	3.14382462	3.03107964	2.89984174	2.75786510	2.60966141	2.46714200	2.34038803	2.23309427	2.14422946	2.07035444	2.00838684	1.94351498	1.86571735	1.77649687	1.67967706	1.57869132	1.47638196	1.37779560	1.28648794	1.20415317	1.13172475	1.06921107	1.01589984
	3.17197142	3.29947977	3.39906973	3.47235002	3.52286853	3.55380056	3.56890000	3.57386146	3.57077468	3.55366480	3.51889680	3.46889575	3.40722088	3.34467981	3.29402384	3.26663136	3.26329629	3.27742637	3.30212939	3.32598901	3.34314614	3.34905522	3.34032885	3.31901027	3.28634906	3.23391230	3.14945337	3.03609676	2.90428700	2.76176420	2.61303613	2.47016026	2.34330759	2.23605145	2.14724435	2.07342489	2.01150494	1.94654089	1.86846138	1.77890730	1.68174561	1.58042971	1.47779394	1.37893923	1.28747084	1.20505607	1.13259745	1.07007070	1.01674431
	3.16768954	3.29392469	3.39175847	3.46257748	3.51114571	3.54014753	3.55370790	3.55732810	3.55308277	3.53481890	3.49916950	3.44859092	3.38659486	3.32418238	3.27406888	3.24739428	3.24456391	3.25895973	3.28354262	3.30738596	3.32438899	3.33043954	3.32223939	3.30206515	3.27110807	3.22000036	3.13640060	3.02411536	2.89358297	2.75232822	2.60478997	2.46343889	2.33863281	2.23350480	2.14667287	2.07470700	2.01451294	1.95037552	1.87198036	1.78173088	1.68378015	1.58168063	1.47826315	1.37883182	1.28710747	1.20462567	1.13212724	1.06953351	1.01609354
	3.17254363	3.29891717	3.39688604	3.46768657	3.51630200	3.54526883	3.55877528	3.56230023	3.55792755	3.53947268	3.50361316	3.45282550	3.39062799	3.32809495	3.27798635	3.25137096	3.24857611	3.26305902	3.28769835	3.31162664	3.32862444	3.33460541	3.32631118	3.30601950	3.27493802	3.22363469	3.13977776	3.02721176	2.89640470	2.75487730	2.60707309	2.46550896	2.34057591	2.23536726	2.14846822	2.07644436	2.01619938	1.95199671	1.87350271	1.78314412	1.68507678	1.58285339	1.47929998	1.37974303	1.28792130	1.20536764	1.13281418	1.07017575	1.01669512
	3.18150735	3.30735107	3.40452850	3.47414300	3.52188643	3.54984068	3.56248943	3.56519816	3.55995497	3.54048261	3.50367345	3.45205641	3.38914035	3.32633473	3.27651770	3.25046649	3.24799281	3.26284114	3.28785047	3.31171772	3.32848843	3.33436725	3.32607179	3.30617599	3.27566178	3.22435590	3.14007353	3.02745799	2.89661255	2.75506252	2.60722350	2.46599636	2.34195169	2.23779616	2.15191330	2.08083770	2.02146306	1.95747081	1.87841017	1.78728695	1.68841779	1.58541427	1.48110063	1.38097382	1.28888824	1.20623643	1.13363534	1.07094985	1.01739550
	3.17762569	3.30210499	3.39760945	3.46514925	3.51125418	3.53758409	3.54894633	3.55057471	3.54434800	3.52390554	3.48633477	3.43418834	3.37093524	3.30821677	3.25893872	3.23362398	3.23158226	3.24671386	3.27204408	3.29560918	3.31211187	3.31809389	3.31021102	3.29135073	3.26225508	3.21179777	3.12790972	3.01619943	2.88635272	2.74582964	2.59896123	2.45907275	2.33691355	2.23472364	2.15067967	2.08132140	2.02351968	1.96016165	1.88064251	1.78876684	1.68909418	1.58533017	1.48031564	1.37972217	1.28753708	1.20496164	1.13246347	1.06984846	1.01631455
	3.17116220	3.29465622	3.38900084	3.45544123	3.50049748	3.52593706	3.53656978	3.53763232	3.53093281	3.51009406	3.47226647	3.42000331	3.35675850	3.29424640	3.24536143	3.22048385	3.21870349	3.23392869	3.25943949	3.28269921	3.29909955	3.30521949	3.29771402	3.27947002	3.25124004	3.20131815	3.11783448	3.00683347	2.87775858	2.73803436	2.59192386	2.45296763	2.33199106	2.23098100	2.14803189	2.07969594	2.02282424	1.95987127	1.88017554	1.78797963	1.68796257	1.58388719	1.47861253	1.37788664	1.28576486	1.20333770	1.13099348	1.06850682	1.01507086
	3.19333302	3.31709243	3.41114736	3.47786173	3.52268979	3.54795193	3.55819062	3.55876292	3.55134307	3.52950916	3.49059983	3.43723222	3.37292352	3.30983183	3.26104856	3.23654610	3.23500903	3.25066428	3.27647112	3.29978183	3.31614306	3.32203557	3.31425847	3.29559340	3.26692527	3.21575190	3.13102659	3.01909571	2.88890974	2.74806208	2.60085020	2.46116422	2.33997110	2.23894790	2.15606292	2.08777991	2.03096082	1.96771519	1.88737328	1.79448917	1.69375252	1.58895116	1.48292559	1.38159787	1.28909681	1.20642942	1.13391618	1.07129937	1.01773574
	3.18360637	3.30607472	3.39843376	3.46302511	3.50679638	3.53070173	3.53989836	3.53977147	3.53170068	3.50937748	3.47016435	3.41666922	3.35239683	3.28954676	3.24120865	3.21719398	3.21583743	3.23161628	3.25749969	3.28056060	3.29662366	3.30261628	3.29517040	3.27758220	3.25032649	3.20031145	3.11633597	3.00565004	2.87679724	2.73729095	2.59135990	2.45315810	2.33371833	2.23438144	2.15305258	2.08620805	2.03070591	1.96805994	1.88757886	1.79438225	1.69328562	1.58813256	1.48177796	1.38025968	1.28777345	1.20518243	1.13273098	1.07013367	1.01654255
	3.19143716	3.31371584	3.40572059	3.46976340	3.51326029	3.53674118	3.54550814	3.54496304	3.53637320	3.51343665	3.47361399	3.41954849	3.35478432	3.29176737	3.24367825	3.21999866	3.21880969	3.23490745	3.26080889	3.28388430	3.29979890	3.30563267	3.29811964	3.28058068	3.25339906	3.20301597	3.11854059	3.00754832	2.87846194	2.73872902	2.59256628	2.45439000	2.33532287	2.23643579	2.15555500	2.08912580	2.03400192	1.97136645	1.89051566	1.79688849	1.69533683	1.58973531	1.48293949	1.38109930	1.28847556	1.20584266	1.13338391	1.07078583	1.01717953
	3.20331574	3.32553018	3.41648292	3.48002012	3.52317849	3.54600144	3.55413648	3.55292620	3.54358203	3.51979969	3.47918773	3.42439125	3.35900654	3.29576684	3.24798809	3.22472764	3.22400735	3.24051355	3.26665750	3.28991655	3.30575085	3.31135494	3.30362605	3.28614357	3.25900266	3.20789912	3.12300664	3.01168918	2.88222100	2.74211279	2.59558254	2.45731352	2.33850309	2.23993647	2.15941284	2.09331216	2.03848765	1.97584563	1.89468217	1.80069679	1.69873526	1.59270392	1.48544930	1.38324907	1.29042094	1.20766600	1.13512574	1.07245517	1.01876890
	3.20352902	3.32476053	3.41354032	3.47513449	3.51621477	3.53752605	3.54412739	3.54165761	3.53105601	3.50604386	3.46447964	3.40892231	3.34302412	3.27982006	3.23265956	3.21016725	3.20991942	3.22660893	3.25278300	3.27587259	3.29164668	3.29729013	3.28986828	3.27334536	3.24737604	3.19652835	3.11226038	3.00149273	2.87291568	2.73372914	2.58806849	2.45115384	2.33423202	2.23752318	2.15880050	2.09437514	2.04109233	1.97897525	1.89739859	1.80281496	1.70018074	1.59349245	1.48558209	1.38300794	1.29015973	1.20749805	1.13504972	1.07243382	1.01874079
	3.21336713	3.33467892	3.42315687	3.48388803	3.52417117	3.54499947	3.55107088	3.54809892	3.53682643	3.51104154	3.46874955	3.41249798	3.34598286	3.28253923	3.23559109	3.21342981	3.21328684	3.23031070	3.25651253	3.27949104	3.29517450	3.30067769	3.29315005	3.27673747	3.25088772	3.19982617	3.11516149	3.00397465	2.87522039	2.73583081	2.58995933	2.45313149	2.33664176	2.24042381	2.16217953	2.09820181	2.04532460	1.98318266	1.90122243	1.80620674	1.70310760	1.59594333	1.48754915	1.38463372	1.29163413	1.20889778	1.13640436	1.07374908	1.02000039
	3.24876216	3.37129208	3.46125409	3.52251634	3.56308176	3.58418366	3.59051000	3.58746355	3.57552032	3.54867325	3.50511123	3.44747115	3.37953258	3.31527373	3.26837104	3.24628546	3.24655548	3.26447935	3.29067670	3.31376661	3.32922821	3.33418685	3.32578745	3.30797173	3.28069805	3.22818896	3.14099069	3.02756336	2.89687732	2.75533315	2.60735403	2.46876370	2.35095425	2.25367202	2.17443906	2.10954483	2.05580152	1.99282526	1.91018185	1.81458575	1.71087675	1.60304531	1.49395209	1.39041973	1.29694732	1.21386066	1.14113232	1.07831912	1.02444680
	3.28128100	3.40426588	3.49494264	3.55595113	3.59570866	3.61642891	3.62229711	3.61862839	3.60564356	3.57729659	3.53222075	3.47305255	3.40364258	3.33870341	3.29211015	3.27040423	3.27132779	3.29018670	3.31651899	3.33959958	3.35487663	3.35936197	3.35029635	3.33150545	3.30340055	3.24995963	3.16052794	3.04536631	2.91338140	2.77029680	2.62079112	2.48116007	2.36286289	2.26529668	2.18582868	2.12072588	2.06677853	2.00325798	1.91991573	1.82363429	1.71915560	1.61049134	1.50051590	1.39627380	1.30233071	1.21890761	1.14594661	1.08296124	1.02893758
	3.29554115	3.41824055	3.50815340	3.56860231	3.60753492	3.62723854	3.63213145	3.62777807	3.61398919	3.58456401	3.53852215	3.47845556	3.40824458	3.34308485	3.29685070	3.27559713	3.27722028	3.29611488	3.32280883	3.34569144	3.36078333	3.36512877	3.35591471	3.33704294	3.30901529	3.25525623	3.16492591	3.04929647	2.91723662	2.77391918	2.62414190	2.48461259	2.36677735	2.26972846	2.19077061	2.12615239	2.07264006	2.00904375	1.92529661	1.82853413	1.72349738	1.61424978	1.50366654	1.39899826	1.30484135	1.22129170	1.14824742	1.08519654	1.03110018
	3.28316777	3.40414531	3.49238109	3.55134729	3.58785039	3.60659078	3.60992880	3.60464264	3.59030728	3.56007098	3.51365353	3.45339873	3.38319001	3.31830397	3.27262156	3.25177833	3.25352346	3.27253286	3.29897967	3.32150584	3.33647336	3.34095693	3.33244843	3.31428423	3.28754633	3.23512745	3.14546573	3.03110657	2.90071720	2.75903247	2.61080115	2.47317832	2.35748893	2.26251101	2.18549546	2.12268982	2.07084310	2.00790612	1.92410656	1.82713510	1.72183249	1.61233430	1.50147988	1.39679075	1.30285086	1.21952861	1.14666175	1.08373652	1.02971067
	3.30722499	3.42894478	3.51699575	3.57639280	3.61318942	3.63188276	3.63436648	3.62865824	3.61352252	3.58245622	3.53500362	3.47372139	3.40251328	3.33725132	3.29175543	3.27146094	3.27406065	3.29307385	3.32013999	3.34289400	3.35762674	3.36147892	3.35226609	3.33326954	3.30557254	3.25171221	3.16068227	3.04471257	2.91298597	2.77001567	2.62050571	2.48192737	2.36562926	2.27019301	2.19277209	2.12960345	2.07740078	2.01398513	1.92972418	1.83229709	1.72649484	1.61649197	1.50511412	1.40003013	1.30586029	1.22240484	1.14947531	1.08653635	1.03250973
	3.35152552	3.47417746	3.56147699	3.62080572	3.65741969	3.67545818	3.67734894	3.66984034	3.65334582	3.61996034	3.57032468	3.50681237	3.43341673	3.36727004	3.32223653	3.30236541	3.30666326	3.32590183	3.35259305	3.37457254	3.38885299	3.39193131	3.38158093	3.36133636	3.33242939	3.27637291	3.18341338	3.06481028	2.93129981	2.78672117	2.63549618	2.49601233	2.37955227	2.28415314	2.20677885	2.14364139	2.09136724	2.02708385	1.94178938	1.84324546	1.73620094	1.62491127	1.51221128	1.40621038	1.31153680	1.22776435	1.15466177	1.09161458	1.03748023
	3.36145115	3.48406176	3.57053225	3.62761009	3.66342070	3.68082913	3.68140191	3.67231640	3.65426856	3.61961748	3.56871765	3.50393303	3.42935756	3.36282886	3.31806786	3.29832595	3.30326642	3.32210431	3.34754789	3.36854154	3.38212187	3.38496190	3.37442451	3.35433867	3.32582833	3.26905750	3.17703479	3.05833615	2.92525378	2.78169148	2.63123628	2.49326445	2.37871154	2.28518509	2.20961555	2.14818718	2.09742214	2.03324508	1.94747129	1.84817830	1.74020634	1.62796274	1.51428216	1.40779039	1.31300494	1.22916585	1.15601287	1.09289899	1.03863868
	3.38697124	3.50961093	3.59577498	3.65264982	3.68766310	3.70443281	3.70457945	3.69437449	3.67475914	3.63846058	3.58628372	3.52008700	3.44418351	3.37719629	3.33267542	3.31378966	3.31905839	3.33781787	3.36271730	3.38374772	3.39662343	3.39856816	3.38734367	3.36664563	3.33756221	3.28003599	3.18713012	3.06698564	2.93299172	2.78918613	2.63812494	2.50006262	2.38572945	2.29247413	2.21717349	2.15597965	2.10528561	2.04060061	1.95430679	1.85434114	1.74560466	1.63258094	1.51811018	1.41114902	1.31613650	1.23216572	1.15896861	1.09584487	1.04155637
	3.42507717	3.54807747	3.63397668	3.69088629	3.72577600	3.74140755	3.74119487	3.72981608	3.70811258	3.66960564	3.61528957	3.54739335	3.46960416	3.40201571	3.35762323	3.34029427	3.34560598	3.36429484	3.38819328	3.40958947	3.42136501	3.42161150	3.40909442	3.38706341	3.35668060	3.29791122	3.20301547	3.08127495	2.94556787	2.80115372	2.64905729	2.51055118	2.39611208	2.30284365	2.22753690	2.16629625	2.11505287	2.04988351	1.96294721	1.86210306	1.75239525	1.63837098	1.52288893	1.41533005	1.31998501	1.23582598	1.16257705	1.09944938	1.04515200
	3.43969302	3.56362337	3.64915052	3.70580114	3.74041329	3.75567053	3.75501662	3.74305199	3.72049915	3.68074582	3.62528603	3.55655998	3.47780910	3.40972756	3.36544293	3.34873981	3.35363418	3.37148198	3.39533057	3.41581570	3.42667670	3.42589129	3.41300822	3.39023382	3.35933732	3.29988683	3.20402356	3.08266691	2.94655508	2.80217171	2.65022827	2.51214124	2.39817134	2.30538369	2.23053038	2.16967956	2.11803245	2.05332069	1.96617276	1.86488068	1.75465480	1.64007035	1.52402480	1.41618538	1.32066646	1.23639622	1.16309147	1.09991162	1.04553861
	3.45564072	3.58060853	3.66648278	3.72307382	3.75763552	3.77269681	3.77207285	3.75996884	3.73639802	3.69560929	3.63926672	3.56930888	3.48971930	3.42098160	3.37679685	3.36053508	3.36479020	3.38165682	3.40534343	3.42417246	3.43375386	3.43144679	3.41790244	3.39431548	3.36241466	3.30198943	3.20516420	3.08396354	2.94752890	2.80294214	2.65105974	2.51316119	2.39941383	2.30686865	2.23220268	2.17145396	2.11900571	2.05481919	1.96752601	1.86591193	1.75531184	1.64030348	1.52386062	1.41581772	1.32016080	1.23583462	1.16255260	1.09940525	1.04503954
	3.47079757	3.59772910	3.68369999	3.74040578	3.77489071	3.79016474	3.78958958	3.77766593	3.75304121	3.71124222	3.65306225	3.58229558	3.50184055	3.43252591	3.38828888	3.37198271	3.37580795	3.39109848	3.41398873	3.43005294	3.43760343	3.43334448	3.41829028	3.39358345	3.36028990	3.29868212	3.20140561	3.08059507	2.94464006	2.80040029	2.64909342	2.51163596	2.39818088	2.30588405	2.23131164	2.17050672	2.11743540	2.05353196	1.96637300	1.86466794	1.75385483	1.63855352	1.52182707	1.41352325	1.31758957	1.23308590	1.15973998	1.09655603	1.04211851
	3.47386880	3.60175861	3.68755501	3.74411284	3.77845977	3.79366816	3.79327857	3.78091083	3.75603433	3.71373023	3.65517260	3.58404634	3.50330597	3.43367718	3.38942780	3.37284171	3.37628003	3.39031071	3.41206163	3.42663925	3.43318774	3.42791450	3.41208778	3.38688441	3.35304457	3.29146827	3.19453098	3.07444669	2.93934717	2.79581837	2.64529284	2.50844641	2.39541773	2.30345918	2.22913358	2.16848573	2.11563064	2.05175111	1.96483784	1.86322928	1.75238631	1.63696521	1.52012587	1.41165200	1.31550825	1.23082991	1.15736813	1.09408275	1.03953173
	3.48454064	3.61409726	3.70013599	3.75689415	3.79149429	3.80711658	3.80718736	3.79436337	3.76936451	3.72659041	3.66742974	3.59582024	3.51450590	3.44432799	3.40004916	3.38309599	3.38587168	3.39879541	3.41920971	3.43253215	3.43785375	3.43133072	3.41433589	3.38847397	3.35379042	3.29114795	3.19415462	3.07419036	2.93933438	2.79604809	2.64581082	2.50907218	2.39601520	2.30400197	2.22960000	2.16883073	2.11604127	2.05196907	1.96516351	1.86351766	1.75249255	1.63678555	1.51967349	1.41087851	1.31436775	1.22938161	1.15568906	1.09220129	1.03744171
	3.50794958	3.63874970	3.72531909	3.78287911	3.81886487	3.83460965	3.83555454	3.82302410	3.79726318	3.75393064	3.69365141	3.62077467	3.53844497	3.46756970	3.42316940	3.40559063	3.40760073	3.41903910	3.43862208	3.45073599	3.45318920	3.44452352	3.42580570	3.39782159	3.36118211	3.29714011	3.19928469	3.07874090	2.94334275	2.79958639	2.64915866	2.51201771	2.39855960	2.30624482	2.23152184	2.17031441	2.11762514	2.05271298	1.96580655	1.86385344	1.75241609	1.63623944	1.51872996	1.40951198	1.31258965	1.22733019	1.15349495	1.08989441	1.03498743
	3.52295294	3.65516698	3.74141208	3.79957721	3.83626517	3.85235912	3.85364527	3.84132178	3.81477509	3.77086719	3.71011983	3.63620528	3.55291647	3.48170491	3.43734638	3.41966972	3.42098259	3.43151896	3.44991101	3.46094858	3.46184819	3.45163031	3.43137616	3.40148589	3.36362008	3.29898907	3.20063394	3.07983352	2.94440760	2.80045920	2.65007159	2.51283934	2.39928818	2.30695087	2.23218043	2.17082280	2.11827318	2.05288123	1.96594696	1.86374895	1.75196784	1.63540642	1.51757166	1.40802279	1.31079594	1.22535859	1.15144695	1.08778750	1.03279866
	3.52468532	3.65770665	3.74389991	3.80234826	3.83925952	3.85581418	3.85743178	3.84517995	3.81828972	3.77415826	3.71332151	3.63900637	3.55526775	3.48393683	3.43955206	3.42154802	3.42216804	3.43183873	3.44894568	3.45891071	3.45863758	3.44746058	3.42607875	3.39559967	3.35736604	3.29264642	3.19459653	3.07424852	2.93936524	2.79594395	2.64611654	2.50933960	2.39614654	2.30414551	2.22967574	2.16854727	2.11625605	2.05094731	1.96420240	1.86202605	1.75015448	1.63345655	1.51551645	1.40583380	1.30843818	1.22288020	1.14888849	1.08514835	1.03005579
	3.50970121	3.64336042	3.72933296	3.78805135	3.82483981	3.84203630	3.84380786	3.83200693	3.80511355	3.76122934	3.70074292	3.62690528	3.54344464	3.47223246	3.42767452	3.40904527	3.40886947	3.41733060	3.43293178	3.44157263	3.44039858	3.42875041	3.40688767	3.37682143	3.33919600	3.27512919	3.17846022	3.05947986	2.92612735	2.78421411	2.63567651	2.50012725	2.38791243	2.29673179	2.22300842	2.16256460	2.11111406	2.04622121	1.96004793	1.85829280	1.74668839	1.63017513	1.51241396	1.40280641	1.30534950	1.21966528	1.14552347	1.08161470	1.02632833
	3.50538028	3.63870256	3.72502533	3.78409705	3.82076938	3.83839348	3.84000806	3.82843691	3.80129183	3.75691623	3.69597791	3.62218446	3.53875539	3.46728749	3.42248017	3.40304883	3.40221488	3.40940185	3.42371725	3.43072545	3.42832832	3.41612967	3.39366249	3.36313214	3.32550944	3.26146895	3.16581415	3.04792700	2.91571718	2.77502910	2.62750555	2.49290547	2.38147557	2.29099953	2.21790930	2.15799786	2.10700614	2.04254062	1.95675845	1.85516417	1.74355736	1.62698922	1.50921498	1.39952336	1.30190450	1.21607177	1.14180137	1.07775082	1.02229583
	3.50708432	3.63915961	3.72554297	3.78420583	3.82085243	3.83813025	3.83994513	3.82766135	3.79981811	3.75453037	3.69286595	3.61856348	3.53487599	3.46321007	3.41846151	3.39880081	3.39698509	3.40375905	3.41629422	3.42190879	3.41866402	3.40546152	3.38193500	3.35058453	3.31278256	3.24900716	3.15422687	3.03741257	2.90606291	2.76650107	2.61986098	2.48610837	2.37543271	2.28564703	2.21314112	2.15365732	2.10293319	2.03877285	1.95321256	1.85159256	1.73983519	1.62309450	1.50523070	1.39542217	1.29768544	1.21182712	1.13756967	1.07351789	1.01802292
	3.51633805	3.64824348	3.73480627	3.79345506	3.82981971	3.84689303	3.84892420	3.83558909	3.80693069	3.76027093	3.69770622	3.62227568	3.53783882	3.46592742	3.42116674	3.40115694	3.39817164	3.40396910	3.41517837	3.41950173	3.41440384	3.39988111	3.37487498	3.34267395	3.30435776	3.24077593	3.14653722	3.03023960	2.89939079	2.76065156	2.61461328	2.48142404	2.37127864	2.28203331	2.20998338	2.15079656	2.10019860	2.03622798	1.95074165	1.84884240	1.73666727	1.61952582	1.50137305	1.39128320	1.29330082	1.20733998	1.13304533	1.06893992	1.01334180
	3.51793042	3.65075738	3.73765343	3.79672799	3.83320743	3.85038932	3.85245440	3.83892785	3.80992103	3.76246037	3.69954134	3.62354451	3.53856095	3.46652256	3.42162907	3.40111332	3.39728554	3.40218010	3.41265613	3.41608835	3.40945708	3.39409506	3.36817734	3.33559431	3.29723992	3.23385857	3.14009120	3.02431816	2.89390607	2.75574838	2.61025434	2.47749211	2.36768447	2.27875737	2.20699383	2.14803251	2.09756916	2.03382123	1.94849855	1.84653615	1.73416591	1.61681820	1.49852579	1.38828013	1.29012150	1.20404132	1.12965946	1.06545434	1.00973535
	3.49960095	3.63258217	3.71953333	3.77856456	3.81526388	3.83252213	3.83451030	3.82115556	3.79215573	3.74464080	3.68190640	3.60622521	3.52158845	3.44986360	3.40487130	3.38361614	3.37871440	3.38233811	3.39079340	3.39304248	3.38535273	3.36945356	3.34378843	3.31166299	3.27392660	3.21201139	3.11966125	3.00590584	2.87719340	2.74077566	2.59687972	2.46554879	2.35687164	2.26885826	2.19790440	2.13968737	2.08987877	2.02681102	1.94213003	1.84062654	1.72853710	1.61141412	1.49337903	1.38329287	1.28514913	1.19902437	1.12456101	1.06024416	1.00438531
	3.51390631	3.64717159	3.73486402	3.79421394	3.83018163	3.84741340	3.84903490	3.83523239	3.80490315	3.75593092	3.69217894	3.61521665	3.52937835	3.45726504	3.41241678	3.39029818	3.38478650	3.38757012	3.39530854	3.39647036	3.38744322	3.37003599	3.34353634	3.31092412	3.27222260	3.21011683	3.11772220	3.00407700	2.87545046	2.73907325	2.59533114	2.46407779	2.35552008	2.26769885	2.19691106	2.13875830	2.08883509	2.02573549	1.94083841	1.83879790	1.72608340	1.60839213	1.48990988	1.37943011	1.28101335	1.19480026	1.12032162	1.05597772	1.00005841
	3.52183358	3.65491059	3.74297823	3.80178314	3.83778829	3.85460621	3.85597801	3.84155589	3.81049767	3.76080133	3.69616491	3.61842554	3.53187904	3.45953752	3.41496784	3.39222567	3.38654974	3.38857688	3.39568334	3.39610112	3.38628246	3.36792920	3.34099057	3.30803560	3.26885738	3.20679392	3.11431723	3.00103761	2.87267061	2.73642023	2.59295039	2.46193091	2.35362107	2.26607751	2.19553350	2.13754020	2.08765141	2.02460974	1.93961558	1.83727042	1.72419350	1.60617590	1.48744304	1.37673466	1.27815964	1.19188544	1.11737875	1.05299222	0.99700090
	3.48792185	3.62020075	3.70754490	3.76541610	3.80143351	3.81739134	3.81858050	3.80351579	3.77261580	3.72345468	3.65879385	3.58167014	3.49600064	3.42414776	3.37928255	3.35628004	3.34928937	3.35067245	3.35559242	3.35428056	3.34383859	3.32532902	3.29857988	3.26686137	3.22957928	3.16983516	3.08023466	2.96971295	2.84416952	2.71088171	2.57006432	2.44146343	2.33507857	2.24907214	2.17985311	2.12301679	2.07415314	2.01218002	1.92824981	1.82680902	1.71444184	1.59707377	1.47901101	1.36880561	1.27050965	1.18435879	1.10987781	1.04545527	0.98938375
	3.43812714	3.56970674	3.65618399	3.71318071	3.74893905	3.76391661	3.76483572	3.74927611	3.71882243	3.67052368	3.60625323	3.53021769	3.44596940	3.37476332	3.32941452	3.30605899	3.29672650	3.29713835	3.29914453	3.29535806	3.28421517	3.26557822	3.23957185	3.20979875	3.17542342	3.11870413	3.03316072	2.92639374	2.80478670	2.67562748	2.53845124	2.41312994	2.30930597	2.22530520	2.15781224	2.10250217	2.05502323	1.99455665	1.91219474	1.81213536	1.70088607	1.58453927	1.46749895	1.35805266	1.26016663	1.17418353	1.09971821	1.03522803	0.97903064
	3.40487877	3.53460338	3.62095338	3.67768169	3.71258183	3.72733704	3.72736514	3.71178559	3.68094505	3.63278864	3.56868932	3.49324824	3.40981092	3.33868530	3.29289970	3.26891651	3.25789085	3.25662757	3.25591640	3.24980053	3.23759920	3.21851608	3.19287012	3.16460807	3.13225439	3.07757842	2.99476706	2.89099828	2.77243456	2.64627876	2.51198204	2.38922779	2.28742425	2.20502821	2.13891637	2.08480669	2.03836427	1.97910642	1.89791368	1.79881298	1.68831523	1.57267064	1.45635277	1.34740752	1.24980794	1.16396981	1.08952152	1.02495765	0.96861912
	3.39389217	3.52272363	3.60953250	3.66590076	3.70051603	3.71524109	3.71517578	3.69928949	3.66812980	3.61983335	3.55591935	3.48049603	3.39702752	3.32610334	3.28017093	3.25553565	3.24409741	3.24163645	3.23995126	3.23279919	3.22005219	3.20015523	3.17444243	3.14646340	3.11426298	3.06029509	2.97848080	2.87582182	2.75866716	2.63337091	2.50023216	2.37851315	2.27756165	2.19586952	2.13037350	2.07675745	2.03070014	1.97190804	1.89111451	1.79228978	1.68199929	1.56657759	1.45051822	1.34174967	1.24428964	1.15855974	1.08417150	1.01961368	0.96324020
	3.36086139	3.48774730	3.57501342	3.63071612	3.66500150	3.67979696	3.67928732	3.66356509	3.63271340	3.58459372	3.52158119	3.44691946	3.36433693	3.29386417	3.24775731	3.22243680	3.21017917	3.20568508	3.20277471	3.19425235	3.18080634	3.16069490	3.13554994	3.10823512	3.07707462	3.02460866	2.94544380	2.84511989	2.73064994	2.60776013	2.47708755	2.35752462	2.25821469	2.17778229	2.11335997	2.06067896	2.01545336	1.95765610	1.87796745	1.78016900	1.67076112	1.55617090	1.44093831	1.33281565	1.23579820	1.15032681	1.07607183	1.01157289	0.95520858
	3.32865656	3.45533656	3.54320242	3.59931172	3.63344027	3.64826726	3.64769017	3.63184030	3.60092104	3.55302247	3.49060777	3.41650818	3.33472244	3.26454570	3.21777980	3.19109189	3.17781782	3.17054867	3.16538362	3.15474306	3.14008302	3.11931769	3.09459770	3.06733984	3.03716970	2.98677117	2.91031206	2.81248491	2.70121154	2.58096807	2.45301608	2.33572872	2.23800259	2.15871494	2.09527686	2.04345652	1.99897965	1.94220347	1.86368370	1.76691537	1.65829971	1.54443365	1.42993297	1.32236074	1.22563824	1.14025085	1.06594984	1.00133666	0.94482203
	3.25821636	3.38414287	3.47158703	3.52745812	3.56203138	3.57695585	3.57685461	3.56123379	3.53130518	3.48482520	3.42361962	3.35138640	3.27144800	3.20239272	3.15508749	3.12706432	3.11267570	3.10223722	3.09470348	3.08211922	3.06594980	3.04520272	3.02136705	2.99592380	2.96763576	2.92053234	2.84804806	2.75433751	2.64843123	2.53238041	2.40896373	2.29556366	2.20066014	2.12341139	2.06167814	2.01141609	1.96843017	1.91350346	1.83731554	1.74300138	1.63662458	1.52483655	1.41229730	1.30633303	1.21071117	1.12596921	1.05202144	0.98762059	0.93124988
	3.23509387	3.36217311	3.45044454	3.50645480	3.54131592	3.55668945	3.55677496	3.54149174	3.51165991	3.46556951	3.40470145	3.33297220	3.25359355	3.18475359	3.13695088	3.10797098	3.09260445	3.08030488	3.07108197	3.05723930	3.03980966	3.01842697	2.99450174	2.96948682	2.94169282	2.89547170	2.82454525	2.73228009	2.62841231	2.51386845	2.39211851	2.28006382	2.18605865	2.10940853	2.04816373	1.99834480	1.95576664	1.90146051	1.82608408	1.73260783	1.62697756	1.51589707	1.40404540	1.29863458	1.20338163	1.11884042	1.04498054	0.98061427	0.92425000
	3.23356008	3.36236820	3.45234923	3.50956298	3.54536111	3.56180228	3.56245966	3.54761179	3.51761176	3.47131990	3.41029143	3.33816842	3.25831616	3.18881461	3.14012000	3.10991997	3.09321557	3.07945362	3.06856416	3.05338560	3.03458007	3.01202740	2.98732425	2.96203954	2.93379228	2.88721505	2.81674868	2.72456785	2.62121179	2.50687632	2.38544768	2.27352115	2.17944692	2.10265455	2.04127564	1.99132778	1.94858532	1.89431716	1.81905580	1.72567587	1.62011340	1.50915382	1.39747572	1.29220646	1.19705650	1.11258064	1.03873797	0.97435481	0.91794624
	3.19539370	3.32327171	3.41395449	3.47229285	3.50834074	3.52574770	3.52730400	3.51348385	3.48402381	3.43816127	3.37774011	3.30665056	3.22748369	3.15852902	3.10953900	3.07764085	3.05913913	3.04458255	3.03151480	3.01462792	2.99457395	2.97114997	2.94561897	2.92036823	2.89254781	2.84679887	2.77827726	2.68830631	2.58712587	2.47513555	2.35617031	2.24636130	2.15390523	2.07840498	2.01815991	1.96922645	1.92736662	1.87422248	1.80030434	1.70832851	1.60408599	1.49441682	1.38397986	1.27976238	1.18538389	1.10142728	1.02790828	0.96372755	0.90744985
	3.16324663	3.29258887	3.38441230	3.44452015	3.48147414	3.49953336	3.50183661	3.48870875	3.45978898	3.41405184	3.35401584	3.28334950	3.20484544	3.13611127	3.08587500	3.05236828	3.03152905	3.01501445	2.99958523	2.98075194	2.95923913	2.93443252	2.90822225	2.88223451	2.85475354	2.81114672	2.74382346	2.65620886	2.55728343	2.44729398	2.33045968	2.22221081	2.13061761	2.05562846	1.99580787	1.94725994	1.90573460	1.85335955	1.78061657	1.68987887	1.58676219	1.47820293	1.36887807	1.26559417	1.17187109	1.08832584	1.01504439	0.95100444	0.89481252
	3.12943204	3.25873854	3.35021663	3.41050729	3.44772053	3.46600577	3.46847252	3.45577878	3.42732392	3.38223181	3.32261294	3.25268713	3.17515777	3.10702527	3.05680680	3.02259943	3.00092369	2.98320079	2.96685921	2.94705356	2.92494217	2.89975294	2.87352512	2.84776071	2.82092248	2.77859333	2.71252725	2.62695986	2.52979263	2.42171874	2.30685098	2.20026002	2.10988324	2.03583928	1.97683016	1.92901366	1.88814438	1.83662513	1.76494783	1.67536617	1.57338565	1.46594319	1.35769551	1.25535093	1.16235214	1.07933282	1.00643270	0.94267896	0.88670936
	3.09710244	3.22580919	3.31725241	3.37733643	3.41475581	3.43320463	3.43577933	3.42350421	3.39545835	3.35093633	3.29183079	3.22255365	3.14597549	3.07848411	3.02841519	2.99381426	2.97123715	2.95251850	2.93538846	2.91470100	2.89197677	2.86661901	2.84043290	2.81493356	2.78860232	2.74711866	2.68203382	2.59830168	2.50263545	2.39630939	2.28326951	2.17827545	2.08915314	2.01615029	1.95807307	1.91110501	1.87101100	1.82041800	1.74982727	1.66139938	1.56055711	1.45421936	1.34702825	1.24560137	1.15332750	1.07084959	0.99834802	0.93489028	0.87914700
	3.02697505	3.15294250	3.24382322	3.30253620	3.33968673	3.35772004	3.36024778	3.34869041	3.32133230	3.27798390	3.22046890	3.15308880	3.07892532	3.01320366	2.96378337	2.92875713	2.90427342	2.88467234	2.86612365	2.84372920	2.82007125	2.79493932	2.76965613	2.74521013	2.72020842	2.68054533	2.61728344	2.53777343	2.44537695	2.34279436	2.23367608	2.13214720	2.04584828	1.97521521	1.91925819	1.87421850	1.83593791	1.78742432	1.71920894	1.63329188	1.53494553	1.43101421	1.32611011	1.22665549	1.13594644	1.05465390	0.98303387	0.92025144	0.86504756
	2.98746790	3.11397162	3.20499107	3.26385223	3.30008254	3.31862511	3.32181251	3.31065224	3.28376573	3.24049126	3.18386093	3.11745408	3.04463534	2.97980052	2.93043009	2.89450947	2.86807820	2.84710620	2.82681644	2.80310785	2.77848864	2.75277897	2.72777147	2.70399895	2.67992016	2.64149778	2.58025811	2.50340048	2.41305815	2.31279656	2.20600769	2.10622165	2.02104156	1.95115880	1.89582133	1.85135413	1.81364121	1.76607301	1.69915880	1.61464655	1.51766212	1.41504149	1.31142530	1.21307800	1.12321010	1.04251613	0.97131108	0.90883271	0.85387564
	2.96033771	3.08682026	3.17849395	3.23809079	3.27461771	3.29361631	3.29708610	3.28608191	3.25973750	3.21682488	3.16050852	3.09504039	3.02325854	2.95907872	2.90965360	2.87317495	2.84534779	2.82281659	2.80118740	2.77602249	2.75017510	2.72355182	2.69866193	2.67483823	2.65068592	2.61204554	2.55146954	2.47594496	2.38652703	2.28739913	2.18199795	2.08343863	1.99917178	1.93005340	1.87543990	1.83164878	1.79458198	1.74783074	1.68187535	1.59835210	1.50237088	1.40075672	1.29813703	1.20068461	1.11156847	1.03148078	0.96074937	0.89863164	0.84395399
	2.93037700	3.05647205	3.14789525	3.20816472	3.24531427	3.26483594	3.26902542	3.25833542	3.23274834	3.19017534	3.13452073	3.06961667	2.99845622	2.93461807	2.88496966	2.84820421	2.81986206	2.79567910	2.77294361	2.74713864	2.72023709	2.69313574	2.66796818	2.64420990	2.62008222	2.58133679	2.52206181	2.44777004	2.35998269	2.26257271	2.15882004	2.06158461	1.97831814	1.91002347	1.85618070	1.81310253	1.77672263	1.73081315	1.66588762	1.58344792	1.48855118	1.38799257	1.28640228	1.18986885	1.10150643	1.02200995	0.95173204	0.88996176	0.83556110
	2.88087133	3.00647401	3.09787852	3.15850619	3.19602042	3.21571291	3.22003384	3.21048575	3.18546859	3.14420014	3.08967242	3.02652414	2.95713890	2.89451748	2.84517942	2.80773006	2.77816061	2.75235345	2.72795881	2.70070189	2.67290137	2.64516853	2.61987506	2.59593701	2.57220208	2.53360661	2.47636055	2.40401613	2.31843080	2.22342334	2.12218448	2.02706276	1.94532221	1.87823797	1.82553420	1.78355089	1.74824608	1.70373529	1.64058218	1.56005438	1.46704135	1.36832571	1.26853435	1.17358897	1.08649714	1.00797262	0.93842877	0.87723495	0.82330227
	2.82749729	2.95184405	3.04344818	3.10437172	3.14238125	3.16278337	3.16771898	3.15895016	3.13449956	3.09470844	3.04155706	2.97997618	2.91244398	2.85107760	2.80192774	2.76417607	2.73355284	2.70643917	2.67980009	2.65098735	2.62201156	2.59346563	2.56744649	2.54319523	2.51957320	2.48220460	2.42654186	2.35590091	2.27248780	2.17992379	2.08127693	1.98838614	1.90829502	1.84258694	1.79118180	1.75044382	1.71636509	1.67340822	1.61220494	1.53377357	1.44284705	1.34619030	1.24839780	1.15520964	1.06952976	0.99211686	0.92343242	0.86291380	0.80951829
	2.74285791	2.86411677	2.95421549	3.01427827	3.05199793	3.07292016	3.07816302	3.07030270	3.04699583	3.00944822	2.95924999	2.90059793	2.83627075	2.77717146	2.72881240	2.69123316	2.65978479	2.63161985	2.60357361	2.57353009	2.54391476	2.51551210	2.48951988	2.46585128	2.44370520	2.40883020	2.35662884	2.28943115	2.20997470	2.12162100	2.02728498	1.93815322	1.86089141	1.79745772	1.74812110	1.70938917	1.67732792	1.63680689	1.57869178	1.50367048	1.41606810	1.32254814	1.22770968	1.13703720	1.05327071	0.97726012	0.90960511	0.84988769	0.79715065
