	7.84966620	8.03436981	8.19917596	8.36228582	3.48077611	3.65570121	3.83652806	4.00399773	4.12086303	4.19141908	4.24578421	3.49685496	3.35312981	3.43451201	4.40682246	4.40068518	4.60261089	4.59856586	4.60053666	4.61627374	4.63343109	4.67431445	4.66049073	4.60006524	4.49041067	4.32351164	4.12958342	3.95506884	2.99820175	3.34479864	3.63672094	4.39635525	2.37952855	2.62019128	2.74380012	2.77225938	2.76543483	2.75245884	2.73940267	2.73435482	2.73756935	2.73686015	2.72429647	2.70219758	2.67514404	2.58997254	2.40856441	2.10279150	1.82079006
	9.09926059	10.57984298	10.79618323	10.95314679	10.53825476	10.73336000	10.93258900	11.11978592	11.32138979	11.54814265	11.77147185	11.93289858	12.30193853	12.37697733	12.48210330	12.43439640	11.98734310	11.87228292	11.75604774	11.66273580	9.65482768	5.80780853	5.78687678	5.73234277	5.62912164	11.26740974	11.08114128	10.65504981	11.06956361	8.17239504	4.23601277	5.25477123	1.88041734	0.43518611	0.57096004	0.60045664	0.59011375	0.57372482	0.55855045	0.55468694	0.56104370	0.56568994	0.56887075	0.56396225	0.56009767	0.48782745	0.29202769	-0.03952398	-0.33345053
	6.47022727	10.97840536	11.13772958	11.27519042	11.46860125	11.68029864	11.87930987	12.07102440	12.28725019	12.51450768	12.70118801	12.85586408	12.94798370	13.00744997	13.00584850	12.95733580	12.91143577	12.80961486	12.68162946	12.58966996	8.97274090	8.59248601	8.54987080	8.48343235	8.38921667	12.11857085	11.97048060	11.67728083	11.50985718	7.51109333	3.95176602	5.10481217	3.68225575	0.92154716	1.04183325	1.07343545	1.07124654	1.06236386	1.05355302	1.05409382	1.06048154	1.06303999	1.05926047	1.05403643	1.04845903	0.97260163	0.77717837	0.46423843	0.16363633
	7.78428428	11.14297417	11.31891007	11.40759619	11.57246403	11.75949090	11.94904466	12.11700234	12.29410699	12.50056185	12.69146325	12.86095290	13.00569930	13.07244336	13.08846355	13.06302733	13.01303147	12.94413412	12.85524333	12.76604636	12.00885726	11.94402551	11.88973607	11.82682078	11.73340786	12.32994482	12.20714428	12.03126074	11.88743758	11.03334256	6.47494339	2.81884837	1.56475986	0.87672456	0.98704985	1.01848977	1.01591425	1.01161920	1.00715969	1.01076201	1.01709145	1.01823965	1.01313200	1.00769083	1.00029326	0.91516550	0.69328172	0.38550144	0.06950498
	8.00098278	8.15009434	11.30288781	11.45912657	11.69844646	11.88147448	12.05590539	12.20230210	12.34150359	12.49871861	12.67843564	12.84821297	12.99432891	13.06278812	13.08639936	13.07162230	13.03591635	12.98327079	12.91299982	12.83547373	12.76303076	12.70391883	12.65880217	12.60879017	12.54505630	12.47127207	12.38624567	12.29165127	12.19046943	12.09742519	12.02100860	0.34044756	0.66700452	0.91041168	1.02234847	1.06267646	1.07591802	1.08209367	1.08763037	1.09701321	1.10296432	1.10163494	1.09384105	1.08739317	1.07666058	0.97538396	0.72363611	0.42820780	0.11088242
	8.60359343	8.73069756	11.04965979	11.33262515	11.59243786	11.77257646	11.93882130	12.09181053	12.22799517	12.36746365	12.52458202	12.66505241	12.79668962	12.87338424	12.90499398	12.89961373	12.87457453	12.83550687	12.78750491	12.73403427	12.68105220	12.63698407	12.60430213	12.56912075	12.51822125	12.45421465	12.37586206	12.28500630	12.17546973	12.06809899	11.98613101	0.24885238	0.65609113	0.88706431	1.00884161	1.05918645	1.07931641	1.09146393	1.10246278	1.11426521	1.11909350	1.11567511	1.10547084	1.09901181	1.08513190	0.96405482	0.71399797	0.40774244	0.10538415
	7.42444367	7.56922228	8.81903821	11.33217964	11.81725558	11.97706386	12.11976981	12.25417359	12.39213433	12.54833431	12.72150898	12.87388284	13.01237762	13.08690014	13.11678059	13.10819283	13.07843461	13.03234042	12.97281733	12.90586851	12.84172754	12.78385644	12.74045923	12.69821727	12.63853133	12.56951715	12.49161336	12.40679306	12.31909768	12.23317155	12.27889767	0.27004518	0.77548251	0.97650188	1.10196907	1.16290723	1.18967073	1.20857694	1.22714400	1.24296152	1.24764410	1.24232617	1.22875682	1.22219551	1.20745094	1.07355848	0.84805662	0.52294579	0.21362578
	8.17436836	10.07943139	10.33581014	10.58483668	11.79056666	11.84888875	11.98786249	12.11178258	12.23374195	12.36874523	12.51226112	12.66109949	12.81416639	12.90076926	12.93951058	12.93895952	12.91945444	12.88409276	12.83750409	12.78575171	12.74155461	12.70584910	12.67779243	12.65310098	12.60782740	12.55120406	12.48259724	12.40493644	12.32186424	12.52421724	1.09501606	0.40597958	0.86080847	1.07982563	1.17685113	1.22917383	1.26123613	1.28672678	1.31133436	1.32707795	1.32754051	1.31766287	1.29997357	1.30236012	1.28527188	1.15982476	0.92176137	0.59716284	0.29327804
	5.47386807	7.69449714	9.87480402	10.11096806	10.24615375	11.83223277	11.97638301	12.10469238	12.23431580	12.38051578	12.52810290	12.68435689	12.84436289	12.92919977	12.96459574	12.96357813	12.94365064	12.90707653	12.85717921	12.79904000	12.74522141	12.70049805	12.66348404	12.63209375	12.58000789	12.51983229	12.44958844	12.37192803	12.31271113	3.96718977	0.22941452	0.69339404	1.16886613	1.41000993	1.51311884	1.56059950	1.59187203	1.61783200	1.64146624	1.65343036	1.65235567	1.64315483	1.62821224	1.63708204	1.62260093	1.50374366	1.24545721	0.92921179	0.68081790
	5.52503129	5.67460202	7.53310056	7.74767028	11.83661579	11.87242756	12.01741007	12.15584009	12.30004392	12.47025570	12.65465105	12.82579696	12.99085164	13.08063599	13.11690419	13.11856170	13.09925051	13.06187691	13.00967547	12.94768816	12.88662795	12.83361345	12.78520847	12.74897527	12.68918249	12.61609916	12.53440824	12.44978749	2.67132585	0.08843753	0.29854427	0.64987160	1.05236896	1.34474907	1.47451668	1.55408320	1.59092512	1.61956173	1.64361247	1.65400356	1.65308776	1.64493004	1.63271967	1.64670547	1.63158906	1.49464070	1.21678717	0.91318226	5.56553214
	5.07980562	5.22700987	8.72776155	8.96118871	11.14071718	11.75628618	11.90213945	12.04295522	12.19029187	12.36190187	12.55066445	12.73541456	12.89533759	12.98469284	13.02321443	13.02919422	13.01685526	12.98887044	12.94875606	12.89928546	12.85007482	12.80520902	12.76154535	12.73136288	12.68334490	12.62167971	12.54808013	9.63903432	0.30000337	0.45635790	0.66311122	0.89766934	1.19123646	1.46628160	1.60780957	1.70951280	1.76466099	1.80047577	1.82532058	1.83340656	1.83040563	1.81997263	1.80661002	1.82662463	1.79916852	1.62386074	1.34948383	1.08838402	8.58724045
	3.98625908	5.48636888	9.25736470	9.49760207	11.56846036	11.71669429	11.86482180	12.01089326	12.16778723	12.35276001	12.54483558	12.73777640	12.89090882	12.97651112	13.01567335	13.02570057	13.01632405	12.99225297	12.95754865	12.91433421	12.86977918	12.82813483	12.78598845	12.75579189	12.71093703	12.65924312	12.60036672	3.29551251	0.49673586	0.63855356	0.83370245	1.02112581	1.23015533	1.44986504	1.58535876	1.70090398	1.78422222	1.85014063	1.90018046	1.91435884	1.90923205	1.88950560	1.86911750	1.90809424	1.86804809	1.68561152	1.40395735	1.17760353	10.32937034
	5.97832819	8.08833357	9.82725469	11.01089182	11.45670643	11.60882034	11.75090940	11.88792012	12.03123430	12.19645125	12.37765180	12.55828564	12.71310456	12.80719670	12.84916798	12.86301169	12.86073273	12.84662162	12.82479398	12.79530425	12.76682184	12.74082360	12.71371959	12.69766674	12.66850130	12.63445986	12.59367328	0.47818283	0.73581347	0.87876491	1.07499113	1.23822479	1.40960876	1.56737216	1.67583185	1.77584842	1.86496721	1.94028796	1.99645527	2.00911231	2.00564319	1.98893641	1.96887430	2.02168176	1.96580835	1.77084116	1.47956864	1.25676232	10.36260159
	7.51128578	9.24640189	9.97878995	11.30248354	11.41795980	11.56762594	11.70690752	11.84123656	11.98135752	12.14183363	12.32355246	12.51079325	12.66562297	12.75465134	12.79701927	12.81370759	12.81437287	12.80403739	12.78706367	12.76280533	12.74012424	12.71982601	12.69798888	12.68578596	12.66294476	12.63489546	12.64078965	0.71302082	0.83395153	0.99123620	1.17498696	1.34338183	1.47185700	1.58750363	1.67490593	1.75728234	1.83513137	1.90554725	1.95742498	1.97134819	1.96925310	1.95756460	1.94112290	2.00069903	1.94395410	1.74746727	1.45632939	1.21712948	10.40030978
	9.42096313	10.12385758	10.32941167	11.14814585	11.33757703	11.48068854	11.61031674	11.73242695	11.85673186	11.99378633	12.15005247	12.31550909	12.46907270	12.56698862	12.61982168	12.64367683	12.65028194	12.64720771	12.63924380	12.62427698	12.61257157	12.60340678	12.59307359	12.59168308	12.58150175	12.56477693	10.81217311	0.87187654	1.01765149	1.17255480	1.36245514	1.52236818	1.64718010	1.73007899	1.79026054	1.84430530	1.89424295	1.94261111	1.97733797	1.98970557	1.98800653	1.98112264	1.96884354	2.02160268	1.95550202	1.74731145	1.44919994	1.19149855	10.50682753
	9.13132127	10.58517459	10.79556678	11.08977783	11.29198954	11.42953494	11.55194423	11.66503657	11.77784416	11.89890995	12.04107133	12.18384510	12.32234034	12.42115667	12.48003723	12.50929244	12.51991378	12.52127175	12.51864892	12.50989232	12.50501671	12.50284144	12.50051857	12.50744400	12.50720573	12.49819056	6.57102304	0.97868115	1.13000598	1.28436592	1.46340172	1.62858293	1.74656033	1.81614573	1.86298910	1.90337273	1.93722265	1.97128449	1.99283971	1.99869394	1.99468969	1.98629590	1.97530982	2.00578123	1.92458859	1.68483722	1.38790209	1.13428788	10.61295225
	10.43816327	10.53750679	10.71649921	11.01405485	11.24601287	11.38111036	11.49692778	11.59868915	11.69513930	11.79306718	11.90223434	12.02357496	12.15324311	12.25488088	12.31765196	12.35212234	12.36743780	12.37353657	12.37655782	12.37414162	12.37712956	12.38351664	12.39189439	12.41201071	12.42620719	12.42765731	3.05796448	0.92732079	1.08305855	1.24511080	1.42767075	1.58470260	1.69238000	1.75452471	1.79405853	1.82281730	1.84850077	1.87511369	1.89000923	1.89190522	1.88625583	1.87646474	1.86557070	1.87064553	1.76340297	1.50490914	1.20864095	0.95059010	10.74881514
	10.39231806	10.54039560	10.71542204	10.99768822	11.25225299	11.38744125	11.50286784	11.60277442	11.69570361	11.78857763	11.89108836	12.00388274	12.12100765	12.21517717	12.27432211	12.30906134	12.32533852	12.33178170	12.33511583	12.33420111	12.33779652	12.34483051	12.35457397	12.37632227	12.39329772	12.39626787	0.52133448	0.80959462	0.96353852	1.13314772	1.30568545	1.46610973	1.56451937	1.61282896	1.64613896	1.67458465	1.70335511	1.72635322	1.73558551	1.73235710	1.72310112	1.70906841	1.69207671	1.66533933	1.52362915	1.23905382	0.94544317	0.69291575	10.84188860
	10.38595562	10.53004636	10.69350921	10.95249227	11.25799697	11.39784231	11.51536906	11.61439214	11.70337843	11.78989484	11.88267289	11.98404599	12.08611929	12.17230608	12.23150081	12.26699054	12.28357958	12.28960881	12.29255241	12.29258445	12.29581892	12.30218839	12.31189956	12.33251841	12.34833602	12.37976788	0.25797080	0.52080756	0.68565715	0.85487817	1.03223979	1.18732202	1.28152009	1.32135004	1.34958545	1.37494475	1.40141437	1.42131947	1.42509556	1.41739181	1.40426813	1.38739635	1.36770164	1.32032484	1.13358100	0.83820722	0.54188113	0.26824039	10.93552458
	10.38634886	10.52928276	10.68537728	10.92282827	11.24539530	11.41466006	11.53561541	11.63688371	11.72563349	11.81040971	11.89941756	11.99674898	12.09293973	12.17558820	12.23392574	12.26894711	12.28495825	12.28964395	12.29101684	12.29053301	12.29166954	12.29541148	12.30239519	12.31850338	12.50395446	10.20889576	0.07457453	0.22171847	0.37851439	0.56529570	0.73245846	0.90586037	0.98452220	1.02200081	1.04923487	1.07179999	1.09250238	1.11076862	1.11186307	1.10145410	1.08581438	1.06583320	1.04410010	0.98638534	0.77235846	0.46225945	0.16012727	-0.13644492	11.14909087
	10.37337538	10.50811624	10.64621744	10.84559498	11.14629817	11.39801432	11.54599321	11.65231978	11.74072638	11.82272864	11.90634462	11.99791257	12.08626618	12.16451803	12.22155760	12.25549648	12.27042860	12.27235506	12.27051737	12.47830172	12.47551711	12.47509466	12.47923118	12.49083495	10.63990549	3.89565309	-0.31890010	-0.17497660	0.00658184	0.19388033	0.38198007	0.56635470	0.63564367	0.67454622	0.70305348	0.72604108	0.74520852	0.76169057	0.76082001	0.74915636	0.73196315	0.70903319	0.68315602	0.61557900	0.37623699	0.04262015	-0.28999991	-0.59728331	9.45652173
	10.36307873	10.49481362	10.62170199	10.79732918	11.04881348	11.34822427	11.54664300	11.67077034	11.76207299	11.84446757	11.92710984	12.01754227	12.10385173	12.18225071	12.24047631	12.27457811	12.28933872	12.28891058	11.60289264	6.56750461	6.54392134	6.50767880	6.45952792	6.41543279	5.83568675	-0.93994304	-0.69424899	-0.53345070	-0.34385032	-0.14991489	0.04845002	0.21143161	0.29673035	0.34814160	0.37935092	0.40037823	0.41669710	0.42897747	0.42519364	0.41114569	0.39039678	0.35402509	0.31634038	0.22620072	-0.00692923	-0.35720631	-0.69897085	-1.02506178	4.67999478
	10.34942441	10.47847262	10.59400713	10.74640262	10.95863916	11.24816915	11.52709178	11.67991168	11.77560867	11.85951177	11.94281799	12.03352969	12.11952917	12.19948858	12.25980935	12.29441568	12.30913925	12.30610562	7.00399451	-0.92640177	-0.97966871	-1.06886232	-1.17083271	-1.27573910	-1.38918629	-1.15642087	-1.04344171	-0.86621636	-0.68200596	-0.45333158	-0.27835136	-0.08775469	-0.00635410	0.03709025	0.05690283	0.06903468	0.08123529	0.08948698	0.08253829	0.06580545	0.04263420	0.00381883	-0.03242003	-0.12484069	-0.37685031	-0.71944314	-1.07443479	-1.42384853	-0.99269138
	10.34240186	10.47162570	10.58267033	10.72569359	10.92178850	11.18340899	11.45959461	11.63534137	11.74802483	11.83063385	11.91469113	12.00499257	12.09080287	12.17139869	12.23311640	12.26834904	12.27288111	12.39325444	0.40818025	-0.69857785	-0.75079340	-0.84469626	-0.94026997	-1.04219283	-1.15772048	-1.19940102	-1.08303729	-0.90935479	-0.71303177	-0.48551417	-0.30792104	-0.12103702	-0.04573306	-0.01121624	0.00344273	0.01413680	0.02526169	0.03226569	0.02400012	0.00634718	-0.01760487	-0.05419621	-0.08953294	-0.19725644	-0.45071633	-0.79977465	-1.15941777	-1.51482512	-0.80868817
	10.32604036	10.45195143	10.55240581	10.67613297	10.84000580	11.05120915	11.29931498	11.52305933	11.68727235	11.77274142	11.86081198	11.95281507	12.04024148	12.12251983	12.18622725	12.22231565	12.18391740	7.77237296	-0.69982978	-0.69183651	-0.73969937	-0.83035081	-0.94171681	-1.04219580	-1.15608128	-1.18323125	-1.07356299	-0.89173306	-0.68711295	-0.48099152	-0.26995127	-0.10985296	-0.05027463	-0.02779631	-0.01791488	-0.01070132	-0.00273266	0.00229588	-0.00727392	-0.02588663	-0.04987200	-0.08153790	-0.11283103	-0.21669455	-0.48584959	-0.80743985	-1.18720980	-1.56111124	-1.91289972
	10.29657938	10.42652598	10.52399625	10.63956046	10.78927012	10.97900831	11.20284737	11.44845702	11.64893966	11.74554750	11.83838140	11.93314671	12.02204200	12.10631095	12.17267247	12.19857235	8.76756196	0.01377972	-0.84162613	-0.84085387	-0.89165965	-0.97950459	-1.10093962	-1.20986463	-1.30121532	-1.32862313	-1.24086845	-1.03296550	-0.82197738	-0.64217004	-0.40953548	-0.27977840	-0.23662873	-0.22027922	-0.21316820	-0.20817587	-0.20168047	-0.19851966	-0.21068401	-0.23149501	-0.25680109	-0.28492384	-0.31299890	-0.41419538	-0.69821427	-0.99546469	-1.37915998	-1.76262187	-2.15030849
	10.28781754	10.41692093	10.50898014	10.61440670	10.74944285	10.91927317	11.11781548	11.33604301	11.52497832	11.63212480	11.74024670	11.85318127	11.95803646	12.04454079	12.11240070	10.85083831	1.84377641	-0.63549733	-0.58143612	-0.57926159	-0.62779124	-0.70777228	-0.82231372	-0.92217856	-1.00725107	-1.04179449	-0.94728244	-0.74783819	-0.54819946	-0.36199303	-0.15736645	-0.03381231	0.01496228	0.02859176	0.03376488	0.03701282	0.04250330	0.04432565	0.02915769	0.00020361	-0.03160514	-0.06183073	-0.09015845	-0.18674645	-0.44670282	-0.76032828	-1.11880890	-1.49937175	-1.89106350
	10.25022090	10.39112151	10.47722290	10.57153399	10.69058250	10.83894986	11.01030280	11.19618947	11.37132465	11.50558583	11.65433551	11.78213599	11.89072489	11.97853638	12.04687154	2.70799681	0.01570152	-0.29938945	-0.25035124	-0.24887906	-0.29411048	-0.35607450	-0.43995333	-0.53008729	-0.65245954	-0.68480465	-0.56408751	-0.38418451	-0.20566017	0.02082876	0.16502509	0.26613494	0.31578267	0.33226474	0.33616138	0.33780070	0.34274234	0.34283053	0.31835962	0.28317197	0.24843645	0.21788202	0.19181251	0.12271377	-0.11697366	-0.41643130	-0.78409705	-1.16053610	-1.54900583
	10.19977647	10.35971625	10.44243338	10.53063361	10.64101878	10.77835368	10.93577200	11.10599059	11.26857325	11.40998401	11.56970232	11.71064614	11.83668312	11.93312269	12.00003893	0.78730548	-0.19506488	-0.14746860	-0.08733024	-0.08953262	-0.14480235	-0.20968798	-0.27872631	-0.35577194	-0.45609582	-0.48799795	-0.38473145	-0.23099470	-0.02410797	0.17799982	0.29157912	0.39632046	0.44898756	0.46371059	0.46425811	0.46374645	0.46622040	0.46310633	0.43460956	0.39323757	0.35426304	0.32109766	0.29434665	0.22664296	0.01130271	-0.28776500	-0.64378879	-1.00704113	-1.39939617
	9.99500930	10.29130801	10.39021067	10.46853238	10.56505908	10.68272056	10.81822219	10.96542028	11.10569147	11.23269753	11.38314136	11.51861606	11.64296430	11.78340293	11.38272457	0.08455593	0.10020225	0.15451708	0.21734521	0.21075364	0.15744265	0.08781852	0.01263730	-0.06598120	-0.15629631	-0.18631972	-0.09074377	0.06124142	0.26309255	0.44567213	0.56211842	0.66873492	0.70989721	0.71896306	0.71636620	0.71359766	0.71218041	0.70632925	0.68121451	0.64469072	0.61072492	0.57909028	0.54647313	0.47289603	0.26643775	-0.01536055	-0.35199858	-0.71042982	-1.10530932
	9.84026701	10.26192126	10.35140300	10.43008314	10.52260627	10.62959717	10.75303785	10.88780313	11.01665967	11.13211674	11.26669365	11.41657260	11.57478813	11.74137732	8.33945846	0.20390813	0.27043680	0.34123526	0.40861408	0.40171272	0.34259145	0.25883497	0.18518788	0.12001550	0.04437342	0.01644318	0.09903602	0.22799219	0.44989241	0.60796158	0.71384683	0.82812909	0.87854227	0.88636506	0.88147176	0.87519200	0.86999171	0.86004136	0.82834440	0.78425765	0.74555711	0.71184714	0.68419161	0.61847542	0.42899591	0.14666762	-0.17690431	-0.51514549	-0.91125277
	9.73129494	10.20185085	10.33080693	10.41179232	10.49423055	10.59198008	10.70569988	10.83042583	10.95012405	11.05728371	11.17890217	11.33035297	11.49050308	11.65949827	8.93250318	0.55186661	0.41659621	0.48503560	0.54769196	0.54331283	0.48650485	0.40512886	0.31467158	0.24860341	0.19109662	0.16397895	0.23307867	0.35984755	0.58573479	0.72149981	0.82502789	0.95889646	1.00501907	1.01147923	1.00612224	0.99928497	0.99269145	0.98246839	0.95198846	0.89935709	0.85252587	0.81310543	0.78221739	0.72229699	0.55515962	0.26111208	-0.03227489	-0.36846876	-0.76207608
	9.62189849	10.10867138	10.28266583	10.37358436	10.45523851	10.54823104	10.65441099	10.77158780	10.88574183	10.98908787	11.10579738	11.25345839	11.39878756	11.54076876	10.78438298	1.32266874	0.58853069	0.64300220	0.69150243	0.69254050	0.64290022	0.57901983	0.49354003	0.42216316	0.36193531	0.33555007	0.40169815	0.53091965	0.72526490	0.86972161	0.97367280	1.09235941	1.12286326	1.12674943	1.12224170	1.11636020	1.10953230	1.10130031	1.07838222	1.03199511	0.98611729	0.94733954	0.91659955	0.85915391	0.67678455	0.41819804	0.13645365	-0.19620816	-0.57804331
	9.47097068	9.98349375	10.20513168	10.30673990	10.38632310	10.46854406	10.55580019	10.64909784	10.74041988	10.82458921	10.91697380	11.03217168	11.17072510	11.34595804	9.36570187	2.91379837	0.62378449	0.68611585	0.73870616	0.74252592	0.69291472	0.61374276	0.52076323	0.43665394	0.37518339	0.35444396	0.41023084	0.55889646	0.76584678	0.87046365	0.99014816	1.13384357	1.17157225	1.17530040	1.16933670	1.16104125	1.15209122	1.14169259	1.11446153	1.06079101	1.00374280	0.95654274	0.92038708	0.86016323	0.71745888	0.42277391	0.16635605	-0.16118942	-0.54985114
	9.42099542	9.91655740	10.15612826	10.26672997	10.35061714	10.43255887	10.51540840	10.60291372	10.68892541	10.76950483	10.85759755	10.96839496	11.09589630	11.24806855	11.41986450	3.61050016	0.71716652	0.76609679	0.81342042	0.81938365	0.77209635	0.70832045	0.63061453	0.54678763	0.47872024	0.45397839	0.51667845	0.65956587	0.83987314	0.96015354	1.08513650	1.20683650	1.23387470	1.23680086	1.23150598	1.22444751	1.21628812	1.20786292	1.18642813	1.14217964	1.09031807	1.04589051	1.01043679	0.94471626	0.78444353	0.52279032	0.25619653	-0.07202208	-0.45392276
	9.32555078	9.83055002	10.09837811	10.22870776	10.31861242	10.39983589	10.47131849	10.54792912	10.62487981	10.69822673	10.77709022	10.87622251	11.00171463	11.16724850	11.32982261	6.26117808	0.74087717	0.79961853	0.85054451	0.85814596	0.81295345	0.73469751	0.66084191	0.58537726	0.52232392	0.50033473	0.55245207	0.67797081	0.87442213	0.99347862	1.09443762	1.19783364	1.23110322	1.23476688	1.22781071	1.21853831	1.20882310	1.19869728	1.17395585	1.13570643	1.09097086	1.05237215	1.02126963	0.96788365	0.80635771	0.54918703	0.29057057	-0.01377645	-0.38124457
	9.25124135	9.74632481	10.01674828	10.15969520	10.25988713	10.34206443	10.40634930	10.47245272	10.53651440	10.60045679	10.66918903	10.75603331	10.87009793	11.02348222	11.17932326	7.70397319	0.77272658	0.83707642	0.89075731	0.89677915	0.85933813	0.77339704	0.69341374	0.62757019	0.56914373	0.54344768	0.59135710	0.70224090	0.90733780	1.02701859	1.11961746	1.21438241	1.25043296	1.25435594	1.24625877	1.23572078	1.22490910	1.21384433	1.18823973	1.15016936	1.11103175	1.07703483	1.04875858	0.99655666	0.83603529	0.58188737	0.32547890	0.02451673	-0.34214725
	9.17614961	9.65772070	9.92755884	10.08158513	10.19283757	10.27646786	10.33416232	10.38875242	10.43878077	10.49124124	10.54894034	10.62140612	10.71962563	10.85426570	10.99731076	10.89454222	0.80772452	0.86601701	0.91187785	0.91510717	0.88866692	0.81315109	0.73195782	0.64014493	0.56532572	0.53419314	0.58576766	0.73649272	0.91732839	1.00823586	1.11647461	1.24206055	1.28471789	1.28817956	1.27910456	1.26570804	1.25006409	1.23474704	1.20278519	1.15314758	1.10194397	1.05992520	1.02755375	0.97887179	0.85666787	0.56952125	0.35272457	0.02519299	-0.34658205
	9.11199855	9.60185207	9.88055707	10.03961941	10.15349337	10.23732333	10.29517296	10.34571745	10.39078336	10.43774796	10.49098221	10.55762970	10.65137522	10.78292647	10.92879916	11.11544314	1.83102275	0.78315489	0.83585168	0.84219902	0.81390920	0.74807001	0.67114097	0.57896413	0.50778638	0.47516291	0.52491561	0.66710539	0.83859420	0.93708106	1.04508760	1.15794435	1.19855314	1.20118364	1.19248181	1.17894222	1.16242623	1.14637786	1.11491671	1.07066285	1.02617693	0.98530187	0.94993537	0.89855119	0.75668679	0.49843119	0.27280452	-0.04730729	-0.41452864
	9.05747600	9.56435945	9.85166267	10.01367084	10.12614920	10.20941119	10.26668133	10.31645709	10.36015439	10.40270711	10.45204388	10.51327058	10.60450819	10.73429897	10.88287765	11.03401120	3.34687979	0.77478710	0.82177514	0.83013980	0.80554667	0.74725336	0.66556652	0.57624559	0.49975116	0.46216793	0.51642164	0.65549967	0.82253192	0.91056633	1.01904351	1.13652714	1.17893921	1.18138140	1.17161556	1.15680055	1.13885993	1.12127845	1.08775169	1.03664679	0.99014348	0.94931663	0.91548443	0.86926695	0.73737357	0.47141056	0.26464901	-0.06537169	-0.59903718
	8.99737704	9.52065007	9.81682533	9.98269362	10.09577906	10.17931299	10.23520223	10.28301206	10.32428886	10.36352314	10.40883929	10.46591873	10.55530269	10.68486273	10.83993773	10.94648917	7.07295888	0.79465508	0.82858072	0.84565990	0.81859734	0.77041957	0.69465075	0.60554664	0.53003126	0.49320010	0.54399790	0.67302698	0.82889638	0.92903731	1.02762472	1.13105453	1.16872093	1.17060135	1.16025976	1.14622423	1.13046735	1.11438506	1.08442305	1.03756588	0.99419745	0.95632995	0.92372126	0.87063163	0.72799236	0.48663556	0.28208692	-0.03510232	1.03619599
	8.93846816	9.48717564	9.78954949	9.95653406	10.06827758	10.15010894	10.20379164	10.24937007	10.28895671	10.32595237	10.36497057	10.41360706	10.49276946	10.61009030	10.75938987	10.86799193	8.24387857	1.10324506	0.88495920	0.90492965	0.88085945	0.83673206	0.77659046	0.70516173	0.63034919	0.58979283	0.64305320	0.75137372	0.88565707	0.99688198	1.11343236	1.20921796	1.23832214	1.23958639	1.22940571	1.21719278	1.20489784	1.19163748	1.16671794	1.11781537	1.07007487	1.02501882	0.98633121	0.92607142	0.78733214	0.56518929	0.34256892	0.03263755	2.05827003
	8.88826003	9.45563660	9.76422083	9.93224152	10.04309650	10.12298824	10.17457270	10.21837910	10.25639092	10.29241527	10.32639813	10.36731449	10.43230708	10.53216032	10.67072166	10.77459868	8.30890580	3.32755688	0.87753267	0.89310652	0.87693197	0.84289837	0.80071743	0.73483510	0.66049974	0.61533262	0.67104278	0.77619198	0.87592707	0.97743389	1.13021759	1.23715765	1.26497863	1.26570705	1.25541922	1.24255583	1.22904793	1.21393240	1.18562696	1.12867982	1.07069831	1.01208172	0.96367040	0.90473614	0.79422901	0.56485252	0.33796613	0.01089538	4.76557658
	8.83031836	9.42021273	9.74034729	9.91242966	10.02503653	10.10565833	10.15723308	10.20094604	10.23889789	10.27538834	10.30924108	10.34882441	10.40853135	10.50478805	10.64370191	10.75022210	10.60169543	6.15664653	0.73223308	0.74820061	0.73347568	0.69822107	0.65295875	0.57964972	0.51224847	0.47311235	0.51669280	0.62130868	0.72975837	0.83420536	0.97314779	1.06929355	1.09951237	1.10013285	1.08836693	1.07401186	1.05967037	1.04244258	1.01323350	0.96493132	0.91323327	0.85941231	0.81391233	0.75452646	0.63130549	0.40609223	0.18066976	-0.14248262	7.43864884
	8.77892911	9.38718549	9.71891025	9.89496396	10.00885598	10.08964337	10.14084451	10.18435520	10.22227201	10.25915002	10.29301534	10.32916014	10.38112343	10.46808760	10.60223355	10.70820789	10.74846448	8.64858903	0.45643117	0.58072667	0.56638849	0.53296957	0.49392945	0.43602448	0.37251731	0.32647212	0.37447105	0.46723378	0.56174164	0.67557414	0.82145906	0.92822560	0.95648209	0.95665447	0.94538733	0.93111392	0.91369377	0.89234660	0.85943046	0.80778373	0.75298267	0.69684895	0.65006495	0.58735016	0.46548998	0.23998790	0.00317838	-0.31793869	9.91273595
	8.69805438	9.33979125	9.69493754	9.87884173	9.99536582	10.07785077	10.12932773	10.17304164	10.21216464	10.24999442	10.28403995	10.31839590	10.36511642	10.43964580	10.56631624	10.67047621	10.71520228	10.79393943	2.65011390	0.30077299	0.28737451	0.25660022	0.22175537	0.18098596	0.12971807	0.08272634	0.12918194	0.19768240	0.27721557	0.41002982	0.57795533	0.68721202	0.71166237	0.71158652	0.70158897	0.68823426	0.66907821	0.64652491	0.61121713	0.55597294	0.49128301	0.41300820	0.35268042	0.28473723	0.18440491	-0.02440052	-0.29513217	-0.59433946	9.73932931
	8.68865211	9.34473297	9.70738224	9.89232000	10.00877691	10.09174778	10.14315755	10.18712773	10.22740498	10.26659229	10.30091490	10.33430610	10.38112276	10.45546995	10.57799966	10.67921771	10.72257877	10.69339263	4.91240489	0.21251574	0.19432345	0.15523608	0.11241192	0.06899123	0.02028055	-0.02238252	0.01734785	0.08463432	0.18872453	0.33188350	0.48556638	0.57904432	0.60329800	0.60285558	0.59261435	0.57880181	0.55912329	0.53722376	0.50641501	0.46440708	0.41011905	0.33248339	0.27054977	0.19770194	0.06846929	-0.11755113	-0.40770321	-0.69539238	9.73149265
	8.64950393	9.32833983	9.70725824	9.89570254	10.01285632	10.09709645	10.14880967	10.19313129	10.23486051	10.27553355	10.31039703	10.34240510	10.38884651	10.46770993	10.58742193	10.68658147	10.72941923	10.70092200	9.68835755	-0.00244438	0.12080238	0.08132630	0.03773682	-0.00448941	-0.04649996	-0.07848616	-0.05270166	0.00549531	0.11096940	0.27020443	0.41916670	0.50080962	0.52244570	0.52168371	0.51150376	0.49794954	0.48165298	0.46150866	0.43068648	0.39074568	0.33594658	0.25305813	0.18394568	0.10883533	-0.01973799	-0.18629900	-0.49037124	-0.75116161	9.71839471
	8.62041180	9.32793616	9.72578042	9.91799911	10.03613172	10.12237374	10.17463974	10.21934222	10.26265662	10.30517618	10.34055773	10.37094470	10.41832814	10.50016618	10.61692308	10.71343189	10.75519115	10.72621866	10.93336410	1.89203940	0.02868546	0.04969830	-0.00011141	-0.04790891	-0.09194743	-0.12543592	-0.10176740	-0.04210111	0.07223443	0.22482712	0.35933788	0.44162248	0.46444019	0.46385099	0.45282929	0.43789483	0.42050889	0.39789726	0.36649418	0.32566974	0.27203325	0.19511333	0.12969422	0.05865028	-0.07862055	-0.24667638	-0.53082219	-0.79445526	9.71273428
	8.58732289	9.32759703	9.74782109	9.94457060	10.06383340	10.15231399	10.20514967	10.25011327	10.29502584	10.33953135	10.37556391	10.40428189	10.45274198	10.53500645	10.64822223	10.74217854	10.78322170	10.75408490	10.66152309	5.38664027	-0.21836974	0.00570750	-0.04574210	-0.09636438	-0.14148694	-0.17656965	-0.15489835	-0.09573192	0.01479212	0.16599008	0.29296178	0.37640348	0.40010408	0.39976898	0.38803055	0.37195918	0.35351496	0.32784199	0.29533504	0.25255971	0.19698141	0.12262292	0.05602005	-0.01213602	-0.14518414	-0.31426686	-0.58338398	-0.84571392	9.70895087
	8.60184164	9.34359567	9.76299620	9.95843247	10.07678514	10.16490163	10.21751297	10.26233779	10.30745942	10.35226472	10.38842517	10.41730685	10.46551238	10.54633405	10.65774071	10.75018614	10.79017427	10.76121756	10.76712225	5.65271627	0.94343922	0.03804271	-0.01733750	-0.07120638	-0.11774382	-0.15181201	-0.13166867	-0.07094656	0.04830899	0.20467904	0.32746869	0.40097736	0.42337439	0.42324119	0.41202458	0.39665624	0.37975196	0.35792223	0.32903435	0.28943919	0.23432012	0.16019757	0.08999841	0.01519341	-0.12346933	-0.27881752	-0.55446266	-0.81337834	9.71545533
	8.58063571	9.34628007	9.79504549	9.99728120	10.11711432	10.20665838	10.25943588	10.30333698	10.34875367	10.39337170	10.42837057	10.45389883	10.49687509	10.56756394	10.66718104	10.75123179	10.78755133	10.76061244	10.63730772	8.10204461	5.54524302	0.08875885	0.03603573	-0.01772718	-0.06805214	-0.10949613	-0.09007514	-0.02354476	0.09036532	0.24350960	0.35020276	0.41668904	0.44094576	0.43929359	0.42643660	0.40927278	0.39160809	0.37145955	0.34476612	0.30790523	0.25560783	0.18548827	0.10949193	0.02720248	-0.10273184	-0.25558805	-0.52147697	-0.77834481	9.72086650
	8.55840160	9.33245615	9.79866920	10.00575801	10.12688529	10.21679871	10.26943594	10.31235592	10.35717333	10.40015321	10.43393194	10.45751196	10.49680808	10.56260756	10.65693787	10.73747334	10.77259852	10.74698415	10.67639546	8.22118489	8.13123347	0.04043768	0.06361321	0.01328986	-0.03762189	-0.08220453	-0.06321085	0.00548426	0.10677137	0.25417753	0.36471631	0.42882399	0.45388410	0.45156591	0.43808282	0.41990687	0.40125439	0.38195985	0.35614947	0.31393918	0.25624000	0.18631307	0.11195546	0.03351424	-0.08755883	-0.24081259	-0.50464360	-0.75747249	9.71902322
	8.47394867	9.21714925	9.72357099	9.95059605	10.08102077	10.17410052	10.22820713	10.26970840	10.31123152	10.35045338	10.38003380	10.39700505	10.42509249	10.47538175	10.55437387	10.62413490	10.65575511	10.63349940	10.56488702	10.36210409	6.90082731	2.48984634	0.09076758	0.07782381	0.00963524	-0.04277060	-0.02548837	0.06004295	0.17915261	0.30797571	0.38378405	0.44261660	0.46771497	0.46725620	0.45237079	0.43233026	0.41393146	0.39540901	0.37338697	0.34378034	0.30524988	0.24392635	0.17182628	0.07553060	-0.07765727	-0.21827968	-0.44143800	-0.73089345	9.68555090
	8.36252818	9.07517001	9.61806939	9.86862370	10.01092926	10.10765876	10.16377493	10.20362604	10.24136454	10.27531074	10.30155633	10.31614743	10.33858846	10.37877386	10.44309073	10.50198539	10.53064192	10.51392141	10.45481346	10.38708289	8.99259132	5.21596726	0.93338201	-0.04588466	-0.10324807	-0.15693316	-0.13959188	-0.06888284	0.04147778	0.14849292	0.22739394	0.28944115	0.31712150	0.31820115	0.29853061	0.27657256	0.25590643	0.23519120	0.21103485	0.17924306	0.13623422	0.07626967	0.01018422	-0.08189650	-0.23030114	-0.38342833	-0.58669637	-0.88327380	9.63890332
	8.32127054	8.97375146	9.53572818	9.80368562	9.95527976	10.05474420	10.11267382	10.15164616	10.18613355	10.21617097	10.23889715	10.25085029	10.26779763	10.29975132	10.35246497	10.40253616	10.42774666	10.41362796	10.36105261	10.28781301	10.00594924	4.82943724	2.45261122	0.10223051	0.04494799	-0.01279716	0.00460775	0.07526132	0.18399207	0.26522766	0.33230868	0.39158833	0.41820574	0.41968972	0.39885539	0.37775317	0.35666808	0.33584767	0.31289382	0.28422803	0.24896352	0.20498736	0.14075476	0.05086126	-0.11756154	-0.27363387	-0.44248191	-0.75468302	9.62288131
	8.27624020	8.84163888	9.39124149	9.67643845	9.83980886	9.94232383	10.00212995	10.03929121	10.06858832	10.09174908	10.10913340	10.12023773	10.13486498	10.16226469	10.20253976	10.24285768	10.26420838	10.25352881	10.21052293	10.14626973	10.08805704	4.42150263	2.23219703	0.30385286	0.25643986	0.20396164	0.21733258	0.27322156	0.34794720	0.41638926	0.48756207	0.55679832	0.58829523	0.59115952	0.56548651	0.53798631	0.51045106	0.48456670	0.45803074	0.42801893	0.39366521	0.35385262	0.30036584	0.23795372	0.08498453	-0.10389941	-0.25716062	-0.53910937	9.58179115
	8.27293361	8.77748996	9.31351030	9.60428161	9.77155856	9.87451006	9.93440719	9.97007371	9.99607697	10.01498155	10.02850740	10.03787928	10.04995252	10.07379389	10.10713950	10.14113893	10.15913588	10.14877712	10.10979858	10.05067969	9.98546342	7.51336954	3.89875927	0.58097320	0.58312954	0.53783365	0.54457434	0.59242780	0.65520390	0.71791246	0.79016556	0.86378214	0.89618710	0.89816777	0.87427732	0.84434559	0.81382156	0.78573519	0.75786470	0.72785562	0.69383389	0.65509334	0.60591354	0.54883407	0.41343677	0.22511656	0.07732447	-0.17057328	9.56055682
	8.25267262	8.67755991	9.17287024	9.46984620	9.64499826	9.75157613	9.81383751	9.84974915	9.87354028	9.88914796	9.89970238	9.90803728	9.91896112	9.93894016	9.96447586	9.99070523	10.00413690	9.99374318	9.95838312	9.90396817	9.84053745	9.75658720	5.40345237	0.67766547	0.81092402	0.77689973	0.77960780	0.81613785	0.86510258	0.92484208	1.00273946	1.09035067	1.12854969	1.13067799	1.10356819	1.06411720	1.02531230	0.99141805	0.95986654	0.92717952	0.89214777	0.85564714	0.81455121	0.77124197	0.66119860	0.45431667	0.29575927	0.10099137	9.51131194
	8.17201389	8.56666467	9.04887084	9.35853450	9.54253299	9.65390518	9.71870774	9.75538982	9.77852856	9.79301727	9.80226738	9.81016816	9.82052458	9.83874475	9.86095034	9.88420308	9.89627087	9.88650015	9.85238712	9.79872272	9.73578112	9.66978547	9.47344008	2.61781965	0.69436303	0.74519698	0.74485873	0.77938201	0.82895105	0.89611998	0.98373597	1.05703842	1.09300387	1.09541410	1.07088103	1.03793480	1.00564765	0.97204729	0.92948579	0.88918788	0.84900303	0.80757340	0.76348765	0.71926784	0.60762880	0.43594863	0.26387801	0.08359351	9.43848383
	8.14115887	8.51743616	8.98786857	9.30715490	9.49715454	9.61198120	9.67859117	9.71585257	9.73861935	9.75251506	9.76083268	9.76809458	9.77772461	9.79470660	9.81537976	9.83727497	9.84880813	9.83985406	9.80684424	9.75404270	9.69177729	9.62614570	9.57345663	5.21884837	4.97675116	0.83168915	0.82124839	0.85034355	0.89054501	0.94535898	1.01806559	1.09792990	1.14540478	1.15099309	1.12132059	1.08163845	1.04511405	1.01070482	0.97415748	0.93902444	0.90365951	0.86786497	0.83042979	0.79485533	0.69940808	0.50200301	0.34463957	0.19575020	9.41557310
	8.14483852	8.49790380	8.94005857	9.26260473	9.45510403	9.57185395	9.63978286	9.67807712	9.70169086	9.71639627	9.72513514	9.73255293	9.74195378	9.75778067	9.77673594	9.79677838	9.80704513	9.79790632	9.76530199	9.71303667	9.65115694	9.58576171	9.52266390	7.40473073	5.23064461	0.57125718	0.90484145	0.93237421	0.97300891	1.03712558	1.12957322	1.21385089	1.26023177	1.26549450	1.23665846	1.19647821	1.15785350	1.11734273	1.06720107	1.02290571	0.98153213	0.94376364	0.90606819	0.87395997	0.79697333	0.61783186	0.43197692	0.08216322	9.39296431
	8.06527875	8.40537451	8.82414125	9.16589358	9.36914861	9.49286380	9.56495131	9.60580797	9.63111144	9.64716715	9.65647727	9.66388515	9.67277997	9.68743063	9.70459830	9.72287610	9.73185346	9.72228329	9.68930186	9.63625772	9.57306717	9.50574993	9.44074836	8.49086326	7.31280817	2.44040880	0.72785022	0.75409821	0.79627631	0.86290657	0.96665146	1.06123731	1.11038651	1.11676401	1.08862047	1.04761939	1.00553158	0.95362617	0.89496512	0.84352721	0.79700984	0.75681107	0.71653561	0.68749543	0.62272898	0.46854226	0.26046153	1.15987120	9.32749514
	7.97417631	8.29508104	8.67350602	9.03752056	9.25472931	9.38776141	9.46564738	9.51024947	9.53834324	9.55668142	9.56721032	9.57454270	9.58239930	9.59482684	9.60867710	9.62368720	9.63039687	9.61966124	9.58581202	9.53152619	9.46619478	9.39580510	9.32748632	9.27172288	9.36267550	6.08424257	0.53021048	0.55783940	0.60992416	0.68198163	0.78974447	0.88677038	0.93648180	0.94307959	0.91746689	0.87772150	0.83372783	0.78050785	0.71805643	0.65780676	0.60209173	0.55052567	0.50597701	0.47607402	0.41497252	0.29020384	0.07529459	5.48412118	9.23582168
	7.89033778	8.21230626	8.58305398	8.96293398	9.19300150	9.33387141	9.41618393	9.46299203	9.49208541	9.51093053	9.52134613	9.52781402	9.53433609	9.54488364	9.55670931	9.56997722	9.57595481	9.56503186	9.53104754	9.47617852	9.40942190	9.33693469	9.26599160	9.20485761	9.15977504	9.12994355	0.35613389	0.39268416	0.43974943	0.51105572	0.61750934	0.72185331	0.78276821	0.79146704	0.76664638	0.72273668	0.67242863	0.62253483	0.56236552	0.49628347	0.43757861	0.38825415	0.34809359	0.32165950	0.26333573	0.13904526	-0.07564202	9.05595557	9.18701115
	7.86195219	8.17288514	8.51995342	8.90308382	9.14219901	9.28903591	9.37504752	9.42406693	9.45467572	9.47465196	9.48560881	9.49158925	9.49692247	9.50525815	9.51468873	9.52558669	9.53001273	9.51827533	9.48402647	9.42892844	9.36120636	9.28727129	9.21444288	9.15107327	9.10427040	9.11618226	1.74646086	0.37201291	0.42208439	0.49940102	0.61079894	0.72278303	0.77863045	0.78513461	0.76534412	0.72668701	0.67829703	0.62327810	0.55852980	0.48609561	0.42074360	0.36481752	0.32374117	0.29872806	0.24401969	0.13564097	-0.07946421	9.30612234	9.15145017
	7.78953711	8.09232868	8.41951382	8.80347504	9.05811104	9.21509408	9.30741064	9.35999779	9.39286471	9.41440600	9.42606066	9.43114368	9.43453621	9.43965714	9.44588052	9.45371300	9.45613570	9.44317776	9.40832113	9.35250037	9.28273307	9.20604774	9.12928490	9.06082367	9.00883263	8.97620683	4.84685742	0.21514533	0.31473700	0.39622963	0.50011910	0.60679844	0.65432697	0.65957818	0.64137350	0.60882216	0.56810272	0.51588830	0.45708381	0.38673374	0.31817359	0.25044826	0.19548206	0.16597847	0.10977198	0.00882988	-0.17964889	9.18488667	9.08268445
	7.72199531	8.02423015	8.34531715	8.73075675	8.99800856	9.16253634	9.25947411	9.31460647	9.34894665	9.37142262	9.38347916	9.38803514	9.39035778	9.39391172	9.39851898	9.40489796	9.40643729	9.39295279	9.35772747	9.30127748	9.23005306	9.15140254	9.07187206	8.99992136	8.94443429	8.90380278	7.60284699	0.13161470	0.16631866	0.24908708	0.35858237	0.47052555	0.51830377	0.52369045	0.50575840	0.47476130	0.43618293	0.38403758	0.32145900	0.24607354	0.17502475	0.10106573	0.04797652	0.02063037	-0.03124128	-0.12712416	-0.30994539	9.13293100	9.03482979
	7.66264258	7.96864323	8.29077490	8.67838416	8.95671281	9.12707404	9.22738601	9.28419186	9.31929459	9.34215678	9.35427758	9.35829781	9.35978036	9.36235881	9.36594651	9.37154522	9.37278735	9.35920438	9.32385194	9.26691303	9.19458106	9.11443556	9.03288652	8.95850904	8.90051627	8.86475631	8.90236218	2.16320152	0.06439250	0.14292613	0.24663886	0.36165241	0.41711138	0.42365828	0.40520995	0.37040858	0.32800382	0.27621461	0.21479766	0.14599171	0.07809586	0.00599707	-0.04786218	-0.07525499	-0.12492598	-0.22014926	-0.40552036	9.10758431	9.00083494
	7.63406117	7.93512090	8.24619331	8.61766641	8.91230657	9.09023418	9.19552565	9.25514765	9.29187406	9.31572841	9.32823141	9.33130480	9.33079393	9.33073675	9.33147315	9.33429017	9.33360201	9.31904809	9.28364089	9.22685866	9.15391926	9.07218843	8.98751652	8.90856294	8.84544785	8.80563994	8.79927859	5.99892470	0.09861974	0.17353042	0.27704868	0.37455781	0.42332994	0.42734804	0.40839258	0.37414982	0.33482344	0.29338698	0.24156208	0.17735548	0.10392522	0.02676988	-0.03769103	-0.06926261	-0.11881168	-0.20777243	-0.35385007	9.07719261	8.96624974
	7.60681659	7.90419355	8.20629141	8.56618299	8.87408002	9.05886532	9.16865080	9.23081506	9.26901202	9.29376676	9.30662675	9.30888666	9.30670297	9.30428176	9.30264746	9.30303092	9.30052628	9.28501632	9.24938520	9.19250995	9.11882432	9.03540946	8.94765579	8.86455239	8.79676763	8.75204957	8.74026712	8.28935338	-0.05191435	0.06067873	0.17837923	0.37755335	0.41919700	0.42117875	0.40235875	0.37149865	0.33432977	0.29376051	0.24733947	0.19200137	0.11981092	0.03495831	-0.03932360	-0.07551841	-0.12721672	-0.21133793	-0.48821690	9.04860810	8.93512010
	7.53211815	7.83063841	8.12746463	8.47423721	8.80027130	8.99498064	9.11116275	9.17698064	9.21731176	9.24349411	9.25720266	9.25910397	9.25529522	9.25033406	9.24660531	9.24448889	9.24012606	9.22357810	9.18749780	9.13002514	9.05482098	8.96873270	8.87678055	8.78712819	8.71280072	8.66229192	8.68528727	8.67613155	2.54372434	2.52486342	0.12176596	0.26069465	0.29894472	0.29862564	0.27791387	0.24548120	0.20689388	0.17024581	0.12844096	0.07689409	0.01128239	-0.06872085	-0.14581316	-0.18705490	-0.24265161	-0.32981333	2.28891742	8.99200045	8.87122454
	7.51942315	7.81552626	8.10822489	8.44754607	8.77515305	8.97123814	9.08869457	9.15543326	9.19644790	9.22328651	9.23763652	9.23972635	9.23526689	9.22920638	9.22470088	9.22129301	9.21589394	9.19863211	9.16208788	9.10396743	9.02755996	8.93963096	8.84525912	8.75243439	8.67471891	8.62050753	8.58650971	8.55504757	6.68895928	4.66981920	0.26303279	0.17704233	0.21056141	0.20737596	0.18420192	0.14945065	0.18041841	0.14521202	0.10764233	0.06253594	0.00523420	-0.06495039	-0.13949461	-0.18074345	-0.24654808	-0.34381766	4.69874641	8.96544425	8.84079810
	7.49831321	7.79390046	8.08418518	8.41759235	8.74523519	8.94237707	9.06082330	9.12825154	9.16975516	9.19724870	9.21238230	9.21494564	9.20962481	9.20254593	9.19669330	9.19152753	9.18467807	9.16628105	9.12874322	9.06923080	8.99055137	8.89937619	8.80124944	8.70377511	8.61990975	8.54475780	8.48678887	8.44218824	7.55061359	6.86752418	3.86082980	1.49163670	1.52600907	1.53050542	1.51868964	1.49696826	0.03837051	0.15327548	0.12057045	0.03764569	-0.00332567	-0.05541143	-0.12005307	-0.16142349	-0.23075742	-0.34468322	7.23583132	8.92654884	8.79582940
	7.47290963	7.76817789	8.05335702	8.37698733	8.70758979	8.90909414	9.03013418	9.09903639	9.14111536	9.16886735	9.18443401	9.18732114	9.18066499	9.17208491	9.16431329	9.15725031	9.14884693	9.12921683	9.09079799	9.03004015	8.94893059	8.85380273	8.74993950	8.64466715	8.53996012	8.43252700	8.35944382	8.30755136	8.41599057	8.41688894	8.62427395	5.38431663	5.47670186	5.52533836	5.55686192	5.58205382	5.29883559	2.79879141	2.38254484	0.08376588	0.06345616	0.10240022	0.06124821	0.02869348	-0.03272840	-0.23103179	9.13242143	8.88122980	8.74562085
	7.48374201	7.77663811	8.05548644	8.36869607	8.69753217	8.90004258	9.02149851	9.09052001	9.13241256	9.15979889	9.17517375	9.17831112	9.17121929	9.16161907	9.15273290	9.14492426	9.13539410	9.11514161	9.07678964	9.01629908	8.93513173	8.83916956	8.73300994	8.62432657	8.49742685	8.38493334	8.30640764	8.25120356	8.21872818	8.27787670	8.32328529	7.38234484	7.50639767	7.61518249	7.67524094	7.73051991	8.03778997	5.48443093	3.00201124	2.39931224	2.38509299	0.58414446	0.23012721	0.19983324	0.14760182	2.23638877	9.02738959	8.87016361	8.73438974
	7.49053433	7.78139201	8.05723517	8.36535554	8.69112520	8.89297717	9.01354718	9.08161223	9.12239830	9.14892572	9.16397581	9.16737191	9.16011101	9.14932954	9.13927461	9.12984534	9.11828973	9.09628235	9.05663037	8.99490658	8.91192472	8.81300225	8.70218549	8.58546890	8.43448840	8.31723529	8.23167290	8.17104540	8.13646696	8.21059726	8.25800237	8.46205899	8.60189990	8.77671292	8.86518795	8.94579819	6.69322899	6.74448203	4.42369853	4.41896613	4.41904108	0.10326187	0.35742597	0.33073554	0.28581944	2.09715732	9.02004505	8.84389977	8.70298105
	7.49616373	7.78653967	8.06031984	8.36487140	8.68745792	8.88891080	9.00867363	9.07537482	9.11447426	9.13970428	9.15435337	9.15733217	9.14966621	9.13780805	9.12691048	9.11602174	9.10351547	9.08088500	9.04115628	8.97969514	8.89681313	8.79734114	8.68501501	8.55961320	8.40256246	8.28110116	8.19014901	8.12470520	8.08759873	8.14373125	8.19070327	8.28089863	8.41713450	8.60297114	8.70790222	8.78769160	8.30655186	8.35975218	8.43939227	7.14459602	7.16019893	4.01722672	0.52461012	0.49601027	0.45475177	2.53323129	8.97994825	8.82355839	8.68187034
	7.47926905	7.77021420	8.04148490	8.33962995	8.66181035	8.86612725	8.98685712	9.05307803	9.09088402	9.11492796	9.12928515	9.13197731	9.12326495	9.11028647	9.09743889	9.08424429	9.07016570	9.04696920	9.00703112	8.94581080	8.86281560	8.76238615	8.64789882	8.50332263	8.34229044	8.21654891	8.11926643	8.04736387	8.00648970	8.00708581	8.05281319	8.14167901	8.27511409	8.45768416	8.61418083	8.69588810	8.78757787	8.84860742	8.89542812	8.69784476	8.71799131	8.45373030	2.08675155	2.07452217	2.03780283	3.87334049	8.88457249	8.78898489	8.64631156
	7.50032124	7.79119235	8.06350508	8.36399897	8.68505017	8.88898986	9.00888883	9.07410774	9.11094000	9.13400327	9.14770991	9.14976892	9.14022244	9.12673489	9.11248466	9.09816031	9.08295302	9.05830287	9.01721170	8.95485959	8.87061433	8.76840020	8.65118407	8.49992869	8.33737765	8.20929762	8.10932981	8.03530700	7.99316410	7.99326736	8.03925105	8.12840495	8.25438119	8.43838430	8.60833379	8.69206827	8.76574343	8.82853134	8.87594999	8.90871325	8.92911556	8.94169199	2.94264799	0.63830312	0.58821693	2.76891797	8.87783280	8.78927306	8.64322800
	7.43687647	7.73333801	8.00887238	8.31136225	8.63704833	8.84553265	8.96750575	9.03298597	9.06897493	9.09093253	9.10373250	9.10483173	9.09418419	9.07927673	9.06365152	9.04820238	9.03198944	9.00634451	8.96461949	8.90200095	8.81724901	8.71371545	8.59397149	8.43343519	8.26669434	8.13357234	8.02761198	7.94780912	7.90098718	7.89838818	7.94356073	8.03303869	8.16602509	8.35112185	8.55167296	8.63822304	8.71407969	8.77618569	8.82504877	8.85796913	8.87827902	8.89019464	7.07676308	4.76848483	2.97143619	4.93809461	8.82421839	8.73032822	8.58288342
	7.51901878	7.81154617	8.08483436	8.38628621	8.70633759	8.91014881	9.02876567	9.09183725	9.12559607	9.14582769	9.15729743	9.15730678	9.14590674	9.13010041	9.11403981	9.09801675	9.08110755	9.05506783	9.01330184	8.95124778	8.86739954	8.76482005	8.64588714	8.48560959	8.31939669	8.18619828	8.07941531	7.99847434	7.95038967	7.94654572	7.99072043	8.07945941	8.21218420	8.39792448	8.60193713	8.68935991	8.76494416	8.89027562	8.93937178	8.97218558	8.99197996	9.00299088	6.24775010	5.18533042	2.69272375	4.97293722	8.93480099	8.77347831	8.62621675
	7.58022090	7.87024329	8.14232788	8.44376205	8.75971280	8.95967599	9.07553553	9.13668839	9.16877175	9.18768398	9.19810690	9.19730507	9.18537611	9.16905309	9.15278818	9.13646053	9.11917008	9.09308108	9.05141236	8.98983942	8.90671793	8.80500849	8.68701357	8.52810432	8.36211958	8.22884034	8.12163651	8.04005245	7.99115030	7.98639162	8.02981900	8.11782207	8.25043145	8.43696686	8.64112920	8.72890114	8.80402731	8.94868378	8.99744390	9.02996068	9.05581416	9.06610058	4.93961119	4.98227637	2.58635821	4.87394743	8.99569531	8.80675873	8.66023167
	7.59553505	7.88594160	8.15970155	8.46452552	8.78041557	8.97868041	9.09343832	9.15376171	9.18531390	9.20374296	9.21370662	9.21242431	9.20004564	9.18344380	9.16712519	9.15081149	9.13353503	9.10728294	9.06531910	9.00342569	8.91998015	8.81797455	8.69974638	8.54213779	8.37470888	8.24048570	8.13270397	8.05074968	8.00166454	7.99692522	8.04071568	8.12892612	8.26311043	8.45252792	8.65374968	8.74041166	8.81543383	8.89620047	8.94400907	8.97582849	9.12154686	9.13158656	3.71017678	3.73527303	1.38682005	3.59829735	9.06096684	8.81313098	8.66681241
	7.61138782	7.90188263	8.17606202	8.48206451	8.79726130	8.99451313	9.10824860	9.16757433	9.19825054	9.21582689	9.22506737	9.22317036	9.21030823	9.19332915	9.17669260	9.16012835	9.14259510	9.11614703	9.07404611	9.01220697	8.92888515	8.82692948	8.70865511	8.55035659	8.38237999	8.24744527	8.13879986	8.05583555	8.00569215	7.99995191	8.04301141	8.13148962	8.26535347	8.45489700	8.66146579	8.74813507	8.82309500	8.88549294	8.93289624	8.96296370	8.67220275	8.68020080	3.48024762	3.43323816	1.76335940	3.28783752	8.58824192	8.81671751	8.66777677
	7.63368913	7.92361937	8.19679093	8.50165690	8.81507243	9.01153054	9.12411380	9.18223999	9.21170179	9.22810067	9.23640002	9.23380412	9.22050568	9.20311062	9.18598320	9.16898285	9.15100847	9.12442817	9.08244148	9.02111677	8.93847443	8.83708591	8.71918955	8.55916010	8.39156366	8.25626227	8.14662048	8.06220520	8.01034557	8.00280286	8.04425804	8.13110474	8.26308691	8.45047478	8.66766133	8.75537034	8.83017480	8.89238004	8.93953936	8.96259538	8.01915419	8.02437724	3.94205283	3.90243879	3.72371218	3.76441533	7.90330438	8.82107006	8.67086246
	7.66722847	7.95511311	8.22659303	8.53012043	8.84110298	9.03540206	9.14635011	9.20313622	9.23153725	9.24694716	9.25441675	9.25114202	9.23728037	9.21944963	9.20203253	9.18481528	9.16661854	9.13999553	9.09815395	9.03732425	8.95538339	8.85472843	8.73753850	8.57737269	8.41030483	8.27506121	8.16509271	8.07993176	8.02699987	8.01817775	8.05837518	8.14389925	8.27148043	8.45740411	8.67792533	8.76794241	8.84218160	8.90380338	8.95040326	9.14060263	7.94032699	7.94446795	3.62750402	3.58467843	3.74071798	3.43703769	7.81727655	8.82799089	8.67788510
	7.70815398	7.99310230	8.26221067	8.56383537	8.87167597	9.06323611	9.17215022	9.22726079	9.25435920	9.26858191	9.27504972	9.27093238	9.25630320	9.23789542	9.22011229	9.20258755	9.18402979	9.15724837	9.11548301	9.05515596	8.97396960	8.87410872	8.75767460	8.59679848	8.43077887	8.29595476	8.18592153	8.10010991	8.04602638	8.03567151	8.07418928	8.15776857	8.28605582	8.46972633	8.69549733	8.78865942	8.86232679	8.92328409	8.96919956	9.08437336	7.44601595	7.44755022	3.39443042	3.35030635	3.29732694	3.19625654	7.29544503	8.84102237	8.67786976
	7.72597565	8.00895742	8.27549820	8.57356950	8.88018157	9.07132038	9.17984590	9.23455109	9.26122244	9.27501444	9.28114244	9.27679802	9.26193549	9.24326858	9.22521678	9.20742458	9.18857370	9.16184077	9.12039549	9.06067348	8.98023125	8.88110106	8.76529022	8.60305617	8.43854250	8.30445770	8.19462504	8.10850057	8.05364114	8.04212032	8.07915548	8.16076399	8.28617092	8.46605695	8.70006369	8.79417817	8.86756215	8.92821799	8.97384512	8.02656251	7.43034503	7.43180311	3.64756685	3.60602301	3.55719748	3.45958007	7.27816430	8.84495595	8.67208390
	7.73317915	8.01519293	8.28029759	8.57616738	8.88239123	9.07364103	9.18224487	9.23699565	9.26364635	9.27739312	9.28349717	9.27917162	9.26430398	9.24557644	9.22742341	9.20951201	9.19054116	9.16388480	9.12266276	9.06328230	8.98323803	8.88449724	8.76901798	8.60610132	8.44248168	8.30888958	8.19927823	8.11313536	8.05802819	8.04604341	8.08239381	8.16301381	8.28693073	8.46465418	8.70239546	8.79716726	8.88346208	8.94429729	8.99001541	7.38523290	7.61158122	7.61805815	3.71953968	3.71845312	3.72186192	3.57546499	7.47217209	8.84832490	8.67010148
	7.75751519	8.03723494	8.29997663	8.59299126	8.89709566	9.08720711	9.19513699	9.24952067	9.27595634	9.28953895	9.29552805	9.29116703	9.27631268	9.25760314	9.23945499	9.22153885	9.20257141	9.17605196	9.13513449	9.07624316	8.99685496	8.89886412	8.78419647	8.62176855	8.45960714	8.32706805	8.21819873	8.13249000	8.07748492	8.06521044	8.10087573	8.18040525	8.30273362	8.47827316	8.71297332	8.81167847	8.92885734	8.98990875	9.03567634	7.50967160	7.66178807	7.70765115	3.63479132	3.68507812	3.74920220	3.54067176	7.56432684	8.86165381	8.68048213
	7.86319299	8.13538364	8.39239713	8.68073039	8.97729321	9.16159956	9.26547332	9.31697856	9.34129129	9.35314896	9.35774216	9.35231915	9.33671184	9.31757124	9.29910184	9.28085337	9.26141898	9.23472875	9.19415805	9.13626587	9.05845571	8.96239270	8.84990657	8.68952951	8.53122200	8.40169612	8.29513088	8.21071202	8.15573461	8.14199295	8.17486670	8.25035378	8.36740243	8.53660512	8.76608338	8.87223996	8.51386561	8.56328494	8.70960948	5.94006312	5.99123814	5.63793244	2.88549794	2.92784593	2.91304593	2.77489499	5.39764258	9.00845752	8.68952492
	7.98217334	8.24474854	8.49378733	8.77470658	9.06311558	9.24167674	9.34139736	9.38982401	9.41178574	9.42166851	9.42461782	9.41791410	9.40139179	9.38168148	9.36275511	9.34408177	9.32404309	9.29714744	9.25714237	9.20055573	9.12473592	9.03104872	8.92117600	8.76268126	8.60963211	8.48407044	8.38035401	8.29732980	8.24202743	8.22607379	8.25512484	8.32122035	8.43109128	8.59140423	8.81025159	8.93186952	7.95707449	7.98987039	7.43070566	4.04003253	4.02438672	3.54592382	2.60910680	2.60658896	2.55739746	2.46179988	3.21705554	8.37099154	8.68781848
	8.03946797	8.29640141	8.54011680	8.81528856	9.10011358	9.27673137	9.37489173	9.42201351	9.44288580	9.45178288	9.45387180	9.44647650	9.42944539	9.40936292	9.39011191	9.37117269	9.35076929	9.32378257	9.28424360	9.22850846	9.15390598	9.06160937	8.95319063	8.79511243	8.64541419	8.52222508	8.42002851	8.33752349	8.28164158	8.26403137	8.29057025	8.38796788	8.49428567	8.65099390	8.86383928	9.00232024	7.53072612	7.55089516	5.93358681	3.16788736	3.15752244	2.84017618	2.93563327	2.90468267	2.86798011	2.77861905	2.49013549	7.40949053	8.67676670
	8.05296512	8.30826880	8.55080588	8.82506051	9.10984090	9.28639805	9.38425484	9.43094002	9.45137457	9.45985191	9.46154614	9.45378090	9.43644744	9.41614208	9.39674220	9.37768568	9.35711340	9.32996984	9.29046535	9.23488317	9.16055590	9.06859804	8.96056894	8.80293363	8.65348730	8.53047596	8.42835616	8.34573501	8.28947761	8.27125494	8.29707177	8.39192990	8.49747645	8.65315257	8.86445405	9.00389475	6.27460949	6.26739732	4.61698096	3.16088449	3.15022249	2.99047879	2.96725164	2.94132398	2.90826241	2.82471473	2.65956164	7.21920891	8.66046589
	8.11926116	8.36677777	8.60170613	8.86752216	9.14874195	9.32428157	9.42076874	9.46600593	9.48505958	9.49218576	9.49270697	9.48405208	9.46606571	9.44539066	9.42568932	9.40645548	9.38556113	9.35860949	9.32014551	9.26611923	9.19388072	9.10418826	8.99848778	8.84218060	8.69576469	8.57478766	8.47370473	8.39063709	8.33217795	8.31028500	8.33155893	7.59625998	7.67418204	7.77254421	7.90493699	8.00568849	5.07783603	5.03658401	3.41543556	3.24866517	3.23730646	3.22130738	3.20007982	3.17872483	3.15267075	3.08263072	2.93592751	4.66019119	8.63298676
	8.12972359	8.37616112	8.61024786	8.87534839	9.15589119	9.33088849	9.42697492	9.47192260	9.49078133	9.49773991	9.49811626	9.48935298	9.47131216	9.45063100	9.43093328	9.41171992	9.39082518	9.36391097	9.32557050	9.27173295	9.19976240	9.11039028	9.00505577	8.84930517	8.70322199	8.58253914	8.48170861	8.39880662	8.34059841	8.37415126	8.39458450	7.38255620	7.53564410	7.62463011	7.74721866	7.84313339	4.78704421	4.74712872	3.24067087	3.26920981	3.25781886	3.24251928	3.22160970	3.20117510	3.17632731	3.10836706	2.96453603	4.25659855	8.63238999
	8.16132952	8.40295378	8.63248271	8.89229336	9.17203120	9.34826069	9.44445755	9.48904752	9.50728733	9.51359698	9.51341905	9.50423471	9.48584846	9.46509429	9.44535213	9.42609679	9.40496830	9.37807653	9.34019159	9.28701370	9.21598571	9.12759209	9.02320799	8.86795779	8.72270196	8.60247255	8.50155566	8.41743905	8.36131145	7.90513184	7.92642032	6.89391922	6.33356534	6.34932517	6.34741538	6.33862441	3.99378337	3.97549845	3.41877541	3.39411169	3.38207900	3.36593354	3.34359255	3.32445004	3.30263526	3.24086738	3.11303101	3.46393539	8.59316313
	8.16586537	8.40559246	8.63285169	8.88958990	9.17209471	9.35230481	9.44998082	9.49476958	9.51248767	9.51812673	9.51734458	9.50762361	9.48863055	9.46751962	9.44747559	9.42794930	9.40635517	9.37921586	9.34143775	9.28839602	9.21757551	9.12919047	9.02455650	8.86751573	8.72152776	8.60031222	8.49790325	8.41114060	8.40640526	7.48753240	7.50867942	6.06863858	4.85707050	4.79301987	4.63586167	4.49169689	3.42674434	3.41048156	3.49159153	3.46670661	3.45307906	3.43470642	3.41013172	3.39107624	3.37163014	3.31570149	3.20368477	2.85700491	8.53090466
	8.12684737	8.37017565	8.60050282	8.86027263	9.14914807	9.33471770	9.43500648	9.48084244	9.49871283	9.50423294	9.50325628	9.49320047	9.47366152	9.45209310	9.43166028	9.41174253	9.38960738	9.36187320	9.32342145	9.26939818	9.19728376	9.10720127	9.00044643	8.83963344	8.69061451	8.56668764	8.46161405	8.37185543	8.22742938	7.00259452	7.02572955	5.35650562	4.14110121	4.04764266	3.82237410	3.60624245	3.51218396	3.48125309	3.41425734	3.38663512	3.37186461	3.35203416	3.32546040	3.30486892	3.28487170	3.22833342	3.11949985	2.92955094	8.47146716
	8.10397212	8.34785467	8.57902663	8.83921695	9.13375331	9.32538424	9.42897639	9.47645373	9.49494305	9.50055304	9.49943585	9.48897223	9.46887505	9.44693801	9.42620654	9.40583898	9.38285283	9.35429203	9.31504449	9.25994384	9.18654901	9.09481038	8.98590723	8.82150634	8.66957672	8.54308474	8.43540105	8.34220725	7.42075468	5.06762494	5.10192620	5.23680984	4.22670740	4.13500604	3.93637052	3.72540536	3.53543199	3.41984713	3.35385053	3.32512616	3.31309275	3.29554238	3.26806014	3.24717198	3.22623294	3.16416671	3.05561094	2.87732124	8.39064421
	7.98834443	8.24199479	8.48117656	8.74903506	9.05897855	9.26539267	9.37706722	9.42827874	9.44799906	9.45372944	9.45231677	9.44107512	9.41958975	9.39625183	9.37423367	9.35264211	9.32820100	9.29800290	9.25689149	9.19918628	9.12236097	9.02613477	8.91149305	8.73703402	8.57724280	8.44379555	8.32942369	8.22886885	7.54161856	4.87794203	4.90682843	4.76897400	4.00262703	3.93033642	3.71884619	3.48354487	3.27323772	3.14194076	3.06933455	3.04064320	3.03138840	3.01674982	2.98894580	2.96702212	2.94524723	2.87755292	2.76279063	2.58313716	8.25407078
	7.93919666	8.19660274	8.43921490	8.71051850	9.02838536	9.24217560	9.35781728	9.41087809	9.43120474	9.43698091	9.43540582	9.42374310	9.40158682	9.37768216	9.35518950	9.33307903	9.30786323	9.27678135	9.23468408	9.17560599	9.09704559	8.99860811	8.88118151	8.70246982	8.53837926	8.40127860	8.28347378	8.17902051	7.10869360	3.96631404	3.99917040	4.03265371	3.89077247	3.82553347	3.62790096	3.37963957	3.16139937	3.02239993	2.94460165	2.91323482	2.90457351	2.89054054	2.86196730	2.84000695	2.81833287	2.74702340	2.63030556	2.45112144	8.17468900
	7.82590907	8.09322687	8.34506275	8.62631429	8.96025310	9.18747317	9.31041782	9.36673507	9.38816124	9.39397884	9.39203362	9.37951350	9.35601880	9.33083597	9.30723088	9.28404233	9.25740474	9.22466589	9.18058324	9.11872230	9.03657048	8.93356851	8.81047686	8.62332910	8.45057124	8.30625774	8.18194327	8.14815038	5.68437192	3.53204769	3.56314585	3.58568212	3.60471614	3.53762832	3.33524336	3.07130516	2.84079659	2.69823983	2.61863685	2.58996249	2.58613485	2.57617849	2.54708226	2.52378638	2.50045032	2.42102155	2.29764273	2.03667995	8.03573790
	7.69390687	7.97031495	8.22841871	8.51443594	8.86186667	9.11306491	9.24918581	9.31178759	9.33554287	9.34191536	9.33991811	9.32668327	9.30186521	9.27536031	9.25042251	9.22594856	9.19762437	9.16275839	9.11614505	9.05096009	8.96462372	8.85624742	8.72621440	8.52666155	8.34372068	8.19027648	8.05674693	7.41344135	3.77296792	3.29059360	3.31930063	3.34609950	3.34992021	3.28693294	3.12074429	2.84932693	2.58295543	2.41575510	2.32094080	2.28885060	2.28867330	2.28452812	2.25904798	2.23805025	2.21802959	2.12729813	1.98688328	1.72907668	7.85308328
	7.67018410	7.94609754	8.20256255	8.48552161	8.83322687	9.09377124	9.23517985	9.30059233	9.32561175	9.33258556	9.33093486	9.31778379	9.29291404	9.26635034	9.24119192	9.21643562	9.18762903	9.15205671	9.10459103	9.03843826	8.95100952	8.84127366	8.70940734	8.50594630	8.32073663	8.16501925	8.02881891	6.99072812	3.14981825	3.25246676	3.28204736	3.30991185	3.31646967	3.25799564	3.11356225	2.84297651	2.55597064	2.37256613	2.26921675	2.23496218	2.23677756	2.23734682	2.21738839	2.20180108	2.18780090	2.09303798	1.94270851	1.98576907	7.79387271
	7.71528789	7.98286295	8.23143257	8.50510285	8.84179128	9.10490372	9.24807181	9.31533591	9.34185960	9.35021685	9.34976997	9.33767728	9.31404139	9.28865580	9.26434857	9.24010453	9.21154645	9.17603199	9.12848975	9.06250556	8.97561816	8.86679024	8.73612461	8.53472810	8.35119254	8.19683221	8.06158459	7.48646491	3.31172317	3.33881731	3.36849291	3.39596682	3.40164594	3.34287502	3.19924210	2.93751720	2.65118371	2.45183856	2.33683806	2.29863394	2.30005692	2.30366509	2.29076050	2.28549825	2.28228857	2.19575876	2.04284621	3.85779396	7.79578318
	7.72805619	7.98851623	8.22900657	8.49181232	8.81389015	9.08971181	9.24047696	9.31295555	9.34275984	9.35358050	9.35512514	9.34458246	9.32246135	9.29833761	9.27482177	9.25088922	9.22225100	9.18623664	9.13783285	9.07104588	8.98354456	8.87420396	8.74295110	8.53961809	8.35519396	8.19959129	8.06236142	7.83864485	3.35019332	3.37956120	3.41032811	3.43855254	3.44574101	3.38657028	3.24797537	3.01072647	2.73374056	2.50180494	2.36105416	2.31125813	2.30885921	2.31324498	2.30575921	2.31006042	2.31904285	2.24521517	2.08703046	6.12066993	7.75214142
	7.71411589	7.97094048	8.20627032	8.46113735	8.77036813	9.06069414	9.22071972	9.29912751	9.33235864	9.34566053	9.34915023	9.34003221	9.31912299	9.29584176	9.27278542	9.24894964	9.22010039	9.18344394	9.13403445	9.06614691	8.97752279	8.86695530	8.73415230	8.52649292	8.33954264	8.18110343	8.04024222	7.20892452	3.35378434	3.38238610	3.41290293	3.44112629	3.45048330	3.39239797	3.25881845	3.04127323	2.78067394	2.53462708	2.36709452	2.30360674	2.29606810	2.29810243	2.28917199	2.29530010	2.30849514	2.24087901	2.08870353	6.53828306	7.70251253
	7.70323305	7.95699243	8.18675824	8.43260428	8.72544625	9.03166678	9.20223965	9.28681160	9.32327217	9.33865104	9.34380669	9.33596079	9.31618751	9.29366411	9.27108541	9.24746071	9.21861969	9.18164211	9.13163206	9.06311200	8.97385752	8.86256385	8.72875828	8.51695022	8.32761216	8.16615261	8.02100570	6.09338899	3.43817714	3.46748620	3.50123598	3.53448262	3.55308937	3.50844364	3.38006084	3.19573337	2.96423891	2.72642089	2.51369136	2.42194592	2.40005315	2.39173723	2.37610512	2.37746115	2.38872435	2.32890994	2.11270391	7.73232591	7.66428121
	7.73095874	7.97945395	8.20405671	8.44348777	8.72590018	9.03722089	9.21137959	9.29860398	9.33680010	9.35375581	9.36024432	9.35349289	9.33487270	9.31331076	9.29143457	9.26830682	9.23972450	9.20275274	9.15257186	9.08396840	8.99481902	8.88386397	8.75055631	8.53946770	8.34947804	8.18733756	8.04116709	4.64107129	3.48670267	3.51352343	3.54460079	3.57536199	3.59239469	3.54228783	3.40323387	3.22068355	3.01732803	2.79194848	2.57183832	2.47069002	2.44369304	2.43286671	2.41589793	2.41976660	2.43634075	2.37961791	2.19707874	7.77135705	7.66926069
	7.77190113	8.00882448	8.22120642	8.44456977	8.70269082	9.02012332	9.21057070	9.30782421	9.35181849	9.37360148	9.38375661	9.37960810	9.36374419	9.34421132	9.32387459	9.30160482	9.27345338	9.23616039	9.18507872	9.11566549	9.02589538	8.91446298	8.78059067	8.56479121	8.37052145	8.20316358	8.04969791	3.53430213	3.60646279	3.63318179	3.66731481	3.71087493	3.75631614	3.73432033	3.57913711	3.36416642	3.16298570	2.98331168	2.78611195	2.67365964	2.63580873	2.61744298	2.59092679	2.59224817	2.61322358	2.54457854	5.68261648	7.74892787	7.66318191
	7.77774489	8.00791985	8.21181357	8.42366791	8.66682578	8.98882450	9.20193003	9.31085561	9.36100861	9.38755149	9.40077121	9.39829696	9.38468923	9.36692079	9.34812663	9.32674400	9.29918983	9.26167558	9.20965124	9.13914021	9.04800049	8.93482508	8.79875918	8.57567473	8.36859051	8.18837812	8.01953398	3.92218750	3.71178878	3.74754257	3.80263675	3.88964487	3.99797429	4.03485058	3.89139436	3.60011995	3.32092915	3.14886602	3.00774679	2.91214622	2.87264307	2.84850448	2.81390561	2.80689715	2.83789891	2.75150172	7.89312642	7.71494880	7.63842888
	7.77504382	8.00052317	8.19952198	8.40563754	8.64248833	8.96613377	9.19463897	9.31169623	9.36729381	9.39800958	9.41373027	9.41271244	9.40120670	9.38540803	9.36832845	9.34783797	9.32077482	9.28293664	9.22993455	9.15806034	9.06511284	8.94976545	8.81106142	8.58305241	8.36253958	8.16941680	7.98568303	4.39028642	3.73613772	3.79664887	3.89546104	4.02947815	4.15902669	4.20055723	4.10847886	3.84108874	3.48063802	3.20353702	3.05647371	2.98837670	2.97585589	2.96998927	2.95152345	2.94886933	2.98625798	2.90259653	7.71776909	7.68344615	7.61174862
	7.78418407	8.00282160	8.19586459	8.39615006	8.62787364	8.95347065	9.19502048	9.31959945	9.38111840	9.41613112	9.43438176	9.43517846	9.42642533	9.41349070	9.39894555	9.37977701	9.35352019	9.31554746	9.26182781	9.18883435	9.09424709	8.97704686	8.83609561	8.60852897	8.36891320	8.15852490	7.95491877	3.69274022	3.84319125	3.95373890	4.10245503	4.23925019	4.33110202	4.35047566	4.30229994	4.17939426	3.87581887	3.38694691	3.15403807	3.08817524	3.08269178	3.08928685	3.08175827	3.10076611	3.14565131	4.45738385	7.69003432	7.66282935	7.59619007
	7.75927776	7.97731192	8.17033806	8.37161025	8.60645245	8.94294268	9.19174584	9.32061292	9.38473031	9.42100632	9.43999973	9.44144303	9.43401816	9.42277381	9.40965353	9.39135343	9.36556993	9.32751589	9.27316095	9.19901361	9.10249037	8.98283758	8.83883998	8.61448187	8.35439689	8.12677007	7.90425813	3.79295527	3.93934845	4.05525387	4.17028965	4.26696757	4.33493519	4.34708952	4.30191603	4.20768738	4.04803046	3.58779430	4.18840666	4.13418312	4.12576628	3.08121482	3.07322712	3.08159603	3.11297625	5.35386709	7.64620398	7.62429932	7.56129516
	7.75260639	7.96823963	8.16041910	8.36283024	8.60209391	8.94914867	9.19935880	9.33020846	9.39581735	9.43285346	9.45282015	9.45574137	9.45019788	9.44128979	9.43006049	9.41331595	9.38851034	9.35083933	9.29611224	9.22104093	9.12279564	9.00091940	8.85419328	8.63799242	8.35472233	8.10850387	7.86571797	5.04368024	4.06728261	4.15234953	4.23009214	4.29879624	4.35396488	4.36277280	4.31947938	4.23416983	4.10238480	3.83079587	5.83925473	6.54836253	5.77432544	3.07308176	3.06191647	3.06972855	3.10633549	6.51995815	7.61991541	7.60316464	7.54403175
	7.76283319	7.97555890	8.16695107	8.37145570	8.61784881	8.97680828	9.22276075	9.35305082	9.41818789	9.45480339	9.47589282	9.48161556	9.47803836	9.47136714	9.46226450	9.44820765	9.42482104	9.38769823	9.33249737	9.25629635	9.15570887	9.03076480	8.88000720	8.67085160	8.35651104	8.08581642	7.81568084	4.36865616	4.20466436	4.24833405	4.29548181	4.34665521	4.40095809	4.41645899	4.37671077	4.29626854	4.18575554	4.03460476	6.68288447	7.80341382	6.24701234	3.10400270	3.16554508	3.16277840	3.19597491	7.60011688	7.60696489	7.59818369	7.54528077
	7.75648763	7.96943697	8.16233675	8.37037429	8.62421154	8.99159187	9.23449342	9.36356404	9.42744641	9.46372159	9.48541293	9.49319164	9.49078368	9.48466317	9.47688320	9.46433518	9.44142485	9.40419196	9.34827517	9.27080349	9.16806517	9.04032666	8.88589428	8.67759256	8.34347818	8.05774400	7.77920922	4.18497324	4.20398947	4.24075735	4.28538781	4.33989817	4.40390734	4.42919080	4.39105726	4.30574621	4.19262039	4.05026327	6.73637433	7.74836213	6.00157086	3.63863056	3.20900585	3.19966076	3.23077018	7.56448819	7.58956752	7.58494788	7.53516710
	7.73416497	7.94887520	8.14450747	8.35738260	8.62074008	8.99693498	9.23776539	9.36568949	9.42823162	9.46456744	9.48728457	9.49753092	9.49690038	9.49150137	9.48588152	9.47512120	9.45291658	9.41570314	9.35909951	9.28027618	9.17516604	9.04432612	8.88584138	8.68198825	8.31955473	8.01220927	7.71549288	4.12783383	4.14608503	4.18240267	4.23068256	4.29445323	4.37245604	4.41011129	4.37452540	4.28243728	4.16043444	4.01587233	6.18424687	7.70418896	6.96353698	3.14336191	3.19225199	3.18201871	3.21714065	7.52640330	7.55759585	7.55799185	7.51164214
	7.69197836	7.90897752	8.10873979	8.32949119	8.60991550	8.99631392	9.23215403	9.35651185	9.41691609	9.45421950	9.47905955	9.49324883	9.49642981	9.49316868	9.49203977	9.48402698	9.46309170	9.42599562	9.36841619	9.28750941	9.17905660	9.04394414	8.88014446	8.68231204	8.27762538	7.92986785	7.30595612	4.03778506	4.05724221	4.09620833	4.15249103	4.23261402	4.33364105	4.39152856	4.36182637	4.26041935	4.12189107	3.96600034	6.70111301	7.59187401	7.25709724	4.90055054	3.12144024	3.13435458	3.16336412	7.46394630	7.50452617	7.51170246	7.46919727
	7.67211814	7.88820046	8.08878941	8.31328877	8.60562502	8.99090081	9.21877519	9.33766212	9.39601716	9.43485565	9.46183671	9.47905506	9.48632194	9.48652690	9.48900604	9.48271330	9.46268533	9.42564698	9.36748072	9.28547482	9.17556935	9.03880485	8.87305588	8.67233826	8.25171712	7.87973778	7.08668977	4.04541200	4.06432119	4.10486556	4.16683103	4.25959307	4.38304302	4.50328033	4.48722364	4.32854490	4.17155694	4.00214606	7.18803770	7.55735305	7.04260588	6.72281538	4.22407795	3.18315014	3.99383051	7.43726869	7.48303014	7.49398141	7.45365187
	7.66234929	7.87740548	8.07791046	8.30408962	8.60372629	8.98455307	9.20590013	9.32027922	9.37687908	9.41666868	9.44513443	9.46436949	9.47469217	9.47800436	9.48280830	9.47769010	9.45841373	9.42164903	9.36344275	9.28128512	9.17125857	9.03445419	8.86871305	8.66734256	8.24074941	7.85642026	7.51963030	4.08685684	4.10447942	4.14522326	4.21031394	4.31086756	4.46363977	4.63253366	4.63024317	4.43991475	4.24115681	4.06200241	7.45078308	7.54293851	7.61977302	7.07282382	4.89839185	3.25823504	4.49712416	7.42693689	7.47596656	7.48999703	7.45198752
	7.66072774	7.87429969	8.07325041	8.29811194	8.59842510	8.97315931	9.18937404	9.30011281	9.35471940	9.39454238	9.42396870	9.44438201	9.45687894	9.46244239	9.46864815	9.46447572	9.44591977	9.40983864	9.35236395	9.27117335	9.16249292	9.02732812	8.86354395	8.66394035	8.23616842	7.84807066	7.46875492	4.17464866	4.19110959	4.23172869	4.29888183	4.40382073	4.59770772	4.78695659	4.79642518	4.62215180	4.34932990	4.16271443	7.43612709	7.53890228	7.56307678	7.53870645	5.35505569	3.40272526	4.48041372	7.42742924	7.47905549	7.49660182	7.46198165
	7.68012179	7.89034660	8.08705017	8.31073947	8.61412075	8.97664074	9.18346530	9.28804239	9.33996494	9.37913915	9.40949414	9.43088570	9.44478261	9.45276926	9.45962472	9.45581333	9.43745603	9.40169843	9.34480372	9.26472685	9.15790686	9.02533033	8.86474266	8.66846468	8.23770254	7.84776792	7.47035647	4.52154730	4.53118574	4.36593286	4.43578047	4.57571623	4.78579391	4.98408578	5.00206873	4.83850303	4.65849601	4.60976854	7.45177682	7.55475512	7.58081016	7.55711940	6.42751962	3.60267993	4.37837253	7.44788357	7.50274323	7.52397533	7.49273171
	7.72004889	7.92579595	8.12001711	8.34310766	8.65239547	8.99863743	9.19394283	9.29133878	9.34074587	9.37922577	9.41034749	9.43246679	9.44682123	9.45696228	9.46374666	9.45937908	9.44046691	9.40422838	9.34722198	9.26756754	9.16196686	9.03136022	8.87335506	8.67904059	8.23791576	7.84967894	7.47593038	5.65879041	4.86579076	4.52594861	4.60083917	4.77634641	5.05549645	5.22613055	5.25627068	5.15845905	4.96983919	5.06924763	7.48524584	7.58475129	7.61119830	7.58802809	7.55357685	3.81375222	5.94831518	7.48184606	7.54151049	7.56741755	7.53979659
	7.76272628	7.96403116	8.15545900	8.37731701	8.69027721	9.01913751	9.20291775	9.29313627	9.34046077	9.37851958	9.41071370	9.43372293	9.44784123	9.45937763	9.46497845	9.45880793	9.43805766	9.40009695	9.34189832	9.26175348	9.15655769	9.02689663	8.87008839	8.66520105	8.20841450	7.83506947	7.47761893	6.61430739	5.40041123	4.84914559	4.91867059	5.07953466	5.32222800	5.40845733	5.44113248	5.44416932	5.34916140	6.30213768	7.51173170	7.60525013	7.63163872	7.63492509	6.58382716	4.40534412	5.62228155	7.50738624	7.57484329	7.60916032	7.58804704
	7.77983740	7.97928982	8.16921861	8.39009884	8.70264545	9.02344126	9.20134246	9.28770183	9.33360144	9.37076548	9.40263246	9.42538751	9.43854827	9.44945007	9.45286465	9.44433301	9.42134225	9.38136423	9.32158849	9.24039154	9.13455657	9.00428576	8.84646035	8.60553729	8.15569905	7.80203576	7.46176602	6.49345093	5.62771262	5.05795551	5.08056453	5.24796349	5.41613742	5.48606745	5.51563669	5.51961496	5.47795003	6.90307916	7.50440126	7.59363823	7.63054058	7.54455672	5.60962661	4.09585009	4.30041083	7.51160286	7.57479017	7.61703937	7.60224192
	7.78310248	7.98252134	8.17230412	8.39351903	8.70679823	9.02326725	9.19724047	9.28077518	9.32494870	9.36059667	9.39130843	9.41299368	9.42456290	9.43334603	9.43422365	9.42320287	9.39795882	9.35606523	9.29477215	9.21246449	9.10575231	8.97447200	8.81507151	8.53000600	8.10730319	7.77300895	7.45119268	6.54286520	5.77554213	5.47620817	5.40536275	5.43342604	5.52303944	5.57420863	5.60241822	5.61877308	5.66137312	7.08662879	7.48334197	7.57023124	7.14370448	7.10898264	5.22841767	4.26314286	4.26452542	7.01394424	7.55928051	7.60893692	7.60068130
	7.86305332	8.05824600	8.24606265	8.46831796	8.78706647	9.08400411	9.24530443	9.32176336	9.36247690	9.39450039	9.42141331	9.43957569	9.44719221	9.44980566	9.44452547	9.42770641	9.39724318	9.35096149	9.28625900	9.20134832	9.09256016	8.95906024	8.79191653	8.42537972	8.07040472	7.78018297	7.35663428	6.27409954	5.81125981	5.53453344	5.51574470	5.58726153	5.67264029	5.72572660	5.75111958	5.75480419	5.74824486	6.20873663	7.33906336	7.39915669	6.69216686	6.41725415	4.53261436	4.50180404	4.50647846	6.30010054	7.59718032	7.65913702	7.66183962
	7.88865204	8.08366503	8.27281269	8.49910124	8.82593313	9.11392475	9.26935897	9.34251934	9.38126800	9.41099225	9.43548846	9.45134353	9.45616989	9.45439588	9.44532581	9.42490311	9.39100513	9.34155737	9.27393800	9.18620190	9.07444526	8.93747914	8.75694847	8.35743169	8.03616693	7.76859032	7.08285401	5.98994959	5.76079477	5.60653007	5.59884590	5.64912846	5.73021314	5.78365797	5.80774656	5.80673094	5.78901935	5.75371805	6.96975486	6.99138329	6.27657991	5.46692191	4.63089397	4.59928978	4.60499063	5.35963509	7.59293324	7.66356481	7.67366394
	7.85839663	8.05772496	8.25153869	8.48531056	8.82550621	9.11374737	9.26849248	9.34098520	9.37868898	9.40697261	9.42987512	9.44394545	9.44654375	9.44199845	9.43074625	9.40824638	9.37219819	9.32051602	9.25050210	9.16012634	9.04533071	8.90483968	8.71560566	8.30784479	7.99399875	7.73276363	7.04137470	5.97080172	5.77795299	5.65360163	5.62953541	5.66339729	5.73318092	5.78278442	5.80639924	5.80661320	5.79270363	5.76866990	6.89792274	6.91803896	6.74290701	5.42288249	4.63799238	4.60341809	4.60532308	5.08095631	7.54222122	7.61956270	7.63605974
	7.82323925	8.02804625	8.22753911	8.47064957	8.82844749	9.11650885	9.27039774	9.34245714	9.37939849	9.40637256	9.42764290	9.43986196	9.44026827	9.43296454	9.41963883	9.39523882	9.35715892	9.30333404	9.23101572	9.13812971	9.02057553	8.87708562	8.69075894	8.27118927	7.96192536	7.70637114	7.34436255	6.00239848	5.82984872	5.72494799	5.68383060	5.69751798	5.75286033	5.79816954	5.82239502	5.82604760	5.82065581	5.82279418	7.25033050	7.32396981	7.34028419	5.87498271	4.66171535	4.62144705	4.61757145	4.57119145	7.48964596	7.57276143	7.59609225
	7.80529314	8.01625377	8.22353386	8.47999057	8.85832809	9.14132288	9.29247050	9.36415167	9.40044555	9.42602447	9.44564877	9.45652437	9.45546321	9.44624556	9.43149828	9.40558346	9.36543044	9.30903421	9.23367362	9.13721680	9.01568190	8.86787118	8.67764973	8.25425246	7.94795779	7.69762915	7.26949971	5.95978597	5.84317990	5.75790073	5.71828621	5.72675187	5.77808225	5.82386729	5.84947456	5.85282836	5.84458113	5.84236668	6.53798513	7.54592511	7.17781111	6.15077849	4.70252944	4.65671966	4.64843392	4.62443382	7.47108727	7.53923512	7.57249176
	7.79480066	8.00970585	8.22279102	8.48901753	8.88005370	9.15843769	9.30738766	9.37887746	9.41486445	9.43979133	9.45875173	9.46930018	9.46771353	9.45771579	9.44224082	9.41541071	9.37389566	9.31575608	9.23823458	9.13918318	9.01468974	8.86365071	8.66766356	8.24411355	7.93794155	7.68927930	7.05596116	5.88520518	5.79634342	5.72945660	5.70021493	5.71398177	5.76845316	5.81679777	5.84294731	5.84411766	5.82927887	5.81099133	6.09117056	7.46787116	6.82362950	6.11457579	4.70051813	4.65254064	4.64256435	4.61801377	7.41690228	7.51775844	7.55723315
	7.75864099	7.97907127	8.19877568	8.47524394	8.87957932	9.15662889	9.30500400	9.37711420	9.41331999	9.43842604	9.45760892	9.46834374	9.46633775	9.45562714	9.43972949	9.41205882	9.36941353	9.30951538	9.22972967	9.12788496	9.00019884	8.84570314	8.64694027	8.22044459	7.91056653	7.66070980	7.12452669	5.83069227	5.75604925	5.69874980	5.67406381	5.68977072	5.74560656	5.79704366	5.82502308	5.82517277	5.80615771	5.77934407	5.85222045	7.48158793	6.93787784	6.27271530	4.68434640	4.63118478	4.61708876	4.59035679	7.42468875	7.47050030	7.51662105
	7.73725717	7.96412666	8.19183438	8.48097359	8.89545219	9.16740200	9.31386449	9.38605370	9.42212336	9.44747976	9.46712097	9.47794051	9.47516278	9.46385108	9.44707044	9.41850691	9.37392486	9.31145654	9.22858123	9.12298323	8.99093556	8.83168442	8.61586527	8.19200068	7.88642441	7.64038404	7.28206714	5.78422803	5.73432610	5.69234594	5.67380561	5.69372646	5.75319503	5.80902045	5.83987122	5.83869887	5.81425556	5.75546706	5.69960107	6.75228082	7.20927802	5.77763537	4.66015972	4.60030518	4.59378119	4.55338049	7.08967300	7.42744865	7.48542260
	7.68807920	7.92130105	8.15407234	8.44851341	8.86913716	9.14335984	9.29104176	9.36377583	9.39990259	9.42543344	9.44554437	9.45654617	9.45382599	9.44240637	9.42571225	9.39717714	9.35192035	9.28859029	9.20481720	9.09828789	8.96533672	8.80520024	8.58808331	8.16441740	7.85625099	7.60954229	7.38444518	5.78067938	5.72059152	5.67420886	5.65433230	5.67081303	5.72815090	5.78466338	5.81655614	5.81356009	5.78439462	5.74285006	5.69945789	6.47902222	6.95480297	6.04822606	4.72564639	4.63875343	4.61313317	4.57668493	6.69927512	7.36774458	7.43462873
	7.68123742	7.91690587	8.15162991	8.44821122	8.86784586	9.14044491	9.28765091	9.35975893	9.39533807	9.42060023	9.44053385	9.45133656	9.44848872	9.43664301	9.42005258	9.39108588	9.34536051	9.28141126	9.19689672	9.08953848	8.95567656	8.79461335	8.57034445	8.14381063	7.84167943	7.59887915	7.39336561	5.80698313	5.71104425	5.67351903	5.66158935	5.68095546	5.73872762	5.79440060	5.82319716	5.81108272	5.77708969	5.73213142	5.68403291	6.39640555	6.62513575	6.07683839	4.80936000	4.64610119	4.60204309	4.55775220	6.20737194	7.34629523	7.42114595
	7.69688653	7.93461537	8.17359448	8.47826075	8.89615851	9.15978132	9.30373705	9.37354263	9.40732600	9.43111783	9.44980800	9.45961213	9.45600982	9.44302605	9.42581041	9.39554319	9.34849705	9.28301583	9.19675970	9.08752304	8.95141464	8.78800450	8.53770016	8.12169995	7.82979165	7.59338196	7.37698927	5.78170708	5.76023521	5.72166930	5.70947362	5.73159210	5.79461228	5.85576621	5.89100056	5.88696024	5.85142868	5.80261093	5.72672388	6.04321150	5.92792195	5.69970540	4.83130014	4.72575836	4.67359761	4.63940652	5.20366848	7.33063132	7.41813149
	7.66019294	7.90302874	8.14906211	8.46660594	8.88819003	9.14527198	9.28801527	9.35526496	9.38720386	9.40947253	9.42649523	9.43494484	9.43013931	9.41562058	9.39699195	9.36525987	9.31680395	9.24990414	9.16237849	9.05198320	8.91484531	8.75090571	8.49132052	8.08566416	7.79154486	7.55483409	7.33968493	6.06566578	5.77116742	5.73568645	5.72488304	5.74699423	5.80944244	5.87289505	5.91332356	5.91125458	5.87330034	5.82037540	5.82381370	5.97558912	5.86774249	5.67061733	5.40318752	4.90863050	4.79226102	4.71660151	5.07815286	7.26946007	7.36726609
	7.65855427	7.90405398	8.15413675	8.48038943	8.89758181	9.14480931	9.28555807	9.34934797	9.37823314	9.39698175	9.41109972	9.41712457	9.41029067	9.39422439	9.37367558	9.34078846	9.29098787	9.22282000	9.13436368	9.02332369	8.88562944	8.72129787	8.43836066	8.03954139	7.75675037	7.52728458	7.31734938	5.86122378	5.81238147	5.78002280	5.77405293	5.80142310	5.87238637	5.95082338	5.99759671	5.99857097	5.95582314	5.88951304	5.77802473	5.69733899	5.58046181	5.39878453	5.15723915	4.96604903	4.85299228	4.77460719	4.66667236	7.20298115	7.34038831
	7.64339869	7.89179677	8.14535619	8.47907198	8.89724201	9.14183437	9.28282682	9.34627155	9.37437311	9.39198559	9.40541868	9.41055447	9.40254633	9.38498661	9.36278333	9.32859628	9.27750884	9.20816338	9.11874459	9.00702086	8.86882598	8.70438930	8.42369871	8.02713585	7.74558206	7.51748416	7.30951502	6.02316825	5.84636301	5.80479767	5.79897535	5.82727938	5.90341578	5.98914490	6.04000522	6.04649241	6.00682657	5.93869664	5.84473883	5.75702217	5.65155309	5.49111862	5.27948543	5.05817538	4.94787372	4.87105009	4.77824393	7.14955928	7.31640026
	7.62775674	7.87965409	8.13841455	8.48315440	8.90354063	9.14474935	9.28557947	9.34848713	9.37536184	9.39136235	9.40376116	9.40778650	9.39842107	9.37928880	9.35552345	9.32001180	9.26753712	9.19694896	9.10652204	8.99408646	8.85535788	8.69076674	8.41714787	8.02281058	7.73864097	7.50992504	7.30285424	6.16193232	5.87075796	5.81693964	5.81104653	5.84047124	5.92201694	6.01224251	6.06493662	6.07573090	6.04090546	5.97423096	5.87521181	5.77201565	5.67141372	5.51940646	5.32096534	5.10835760	4.99417049	4.91381540	4.80956951	7.11783039	7.29331752
	7.58459629	7.84205086	8.10805999	8.46659728	8.89315358	9.13268748	9.27436621	9.33755366	9.36257763	9.37625073	9.38713903	9.38969224	9.37826434	9.35654217	9.33077728	9.29329104	9.23867761	9.16605772	9.07376415	8.95971324	8.81954538	8.65382035	8.38480403	8.00283003	7.71489891	7.48544467	7.27981728	6.38387938	5.94039178	5.85016091	5.83540626	5.86603342	5.94892936	6.03661482	6.08875598	6.10480193	6.08188119	6.02225456	5.93559574	5.82461729	5.67280130	5.53321010	5.35192362	5.18107463	5.05691855	4.97807730	4.89481916	6.96610887	7.23534070
	7.57318118	7.83328450	8.09959941	8.45665408	8.88372604	9.12529294	9.26911464	9.33572321	9.36186211	9.37629508	9.38742328	9.38965536	9.37674398	9.35162265	9.32233709	9.28141428	9.22400023	9.14878041	9.05411855	8.93780820	8.79537756	8.62717374	8.33604879	7.96467843	7.69486566	7.47591995	7.27784450	6.82046830	6.14625846	5.97917671	5.94409015	5.97602383	6.06163168	6.13722619	6.18416892	6.20755689	6.20979079	6.19935851	6.17406452	6.11648128	5.81350013	5.69446528	5.54061925	5.34425518	5.22687957	5.17172225	5.20449622	6.62218435	7.19418756
	7.55849874	7.82303702	8.09638915	8.46751852	8.89503764	9.13558728	9.28055905	9.34940359	9.37432540	9.38755368	9.39769406	9.39818929	9.38240974	9.35370277	9.32036127	9.27553543	9.21406547	9.13466552	9.03584795	8.91516218	8.76797091	8.59474441	8.28115729	7.91769297	7.65292087	7.43602901	7.23835107	6.80728998	6.19733158	6.01714198	5.97173853	5.99627694	6.06694160	6.13352608	6.17569789	6.19628128	6.19817134	6.19119080	6.19126574	6.17046675	5.76806396	5.64055138	5.48221617	5.27987567	5.16710844	5.10333720	5.10333030	6.09924816	7.13674220
	7.51172459	7.78258097	8.06375327	8.44920728	8.87924981	9.12226774	9.26959367	9.34164845	9.36659248	9.37965127	9.38972629	9.38940250	9.37179182	9.34044367	9.30393434	9.25572139	9.19072166	9.10756022	9.00498634	8.88043270	8.72919551	8.55177127	8.21918989	7.85706775	7.59148544	7.37200619	7.17101339	6.68659610	6.15602253	5.98847018	5.94100258	5.95814813	6.02031698	6.08153810	6.12148056	6.14222481	6.14334755	6.13192748	6.10775258	6.05215824	5.76938312	5.54450842	5.37938844	5.22494103	5.10412507	5.02615747	4.98503639	5.60812632	7.05542865
	7.50371199	7.77561663	8.05826359	8.44782897	8.87290124	9.11344695	9.26040827	9.33690011	9.36365362	9.37784657	9.38940058	9.38980263	9.37173052	9.33910798	9.30076458	9.25082187	9.18407529	9.09931981	8.99531422	8.86961710	8.71745793	8.53927501	8.20839710	7.85496892	7.59203220	7.37391450	7.17449173	6.77952856	6.28882068	6.09591946	6.03245350	6.03579390	6.08330991	6.13503193	6.17191281	6.19513151	6.20542376	6.21445887	6.23823024	6.32310797	6.28384290	5.67518355	5.51850805	5.30478418	5.18372075	5.10512310	5.07547755	5.64251683	7.01278797
	7.43909626	7.71710142	8.00732422	8.41073095	8.83117650	9.07104815	9.21866326	9.29914328	9.32623236	9.34157729	9.35439863	9.35488805	9.33507649	9.29863108	9.25575421	9.20118311	9.12973827	9.04025213	8.93151711	8.80113854	8.64382339	8.46008450	8.10600797	7.76503551	7.50786520	7.29122294	7.09081534	6.70783100	6.30839807	6.11648379	6.04312187	6.03317836	6.06608366	6.10828957	6.14172277	6.16551246	6.18042127	6.19894411	6.24352411	6.35624512	6.31694162	5.92723491	5.73482764	5.29760265	5.17624275	5.08935973	5.05545357	5.41707856	6.71800836
	7.37289166	7.65338137	7.94326879	8.34450612	8.76867493	9.00965290	9.15855345	9.24255513	9.27136166	9.28792415	9.30169786	9.30323080	9.28425705	9.24730649	9.20418583	9.14958982	9.07802142	8.98856262	8.87991704	8.74999891	8.59359855	8.41097835	8.06509499	7.73055271	7.47742093	7.26484934	7.06928282	6.76354672	6.36507050	6.16246560	6.08032031	6.06329360	6.08964715	6.12854481	6.16250767	6.18991311	6.21182264	6.24095103	6.29961522	6.42365640	6.44522317	6.19434840	5.79291126	5.38793713	5.26303951	5.18897432	5.19238848	5.58790402	6.61496067
