	34.65823705	34.86623659	35.73022433	37.49884552	41.08145480	46.99602389	54.11176547	59.49578434	63.10740101	66.69743218	70.63950094	74.25967980	77.01182736	78.40200756	78.94283586	79.22551869	79.67587738	80.18861398	80.64477987	80.93342059	81.01679994	81.04884391	81.03745834	81.01445220	80.99951353	81.00554561	81.08021753	81.25833448	81.49041601	81.72997825	81.97889404	82.19234471	82.28734174	82.28974421	82.22324427	82.09655604	81.97074273	81.82814467	81.68650583	81.57301518	81.49916889	81.47095301	81.51821306	81.60710240	81.75776804	81.93973542	82.10440286	82.24079336	82.36050995
	29.50100072	29.61594766	30.56865423	32.60640651	36.93548061	44.61160489	54.19735122	61.37424851	65.88633279	69.98555926	73.72605642	76.44211687	78.38901014	79.52566230	80.08719196	80.46449978	80.85819496	81.30483564	81.75925629	82.01686968	82.02801673	81.96564387	81.85875885	81.75078576	81.66561038	81.64982617	81.75507952	81.95976058	82.23465462	82.55047219	82.89710893	83.22672362	83.46650601	83.67631564	83.85851729	83.99422358	84.12741952	84.28240356	84.47495804	84.69514802	84.94321134	85.22800169	85.54518222	85.92181084	86.33073081	86.73377025	87.08859327	87.37112362	87.58678642
	29.88685915	29.95970438	30.85673584	32.81766785	37.05854461	44.79378429	54.68725252	62.14921045	66.84907935	71.02059109	74.92400317	77.84627651	79.96721581	81.32610634	82.05993971	82.55739507	83.03608413	83.54088044	84.07112532	84.39728936	84.46620975	84.40736363	84.28912707	84.15622347	84.04990044	84.00701869	84.06541485	84.23166283	84.49466275	84.81935766	85.15948363	85.46657916	85.71272242	85.91734147	86.08644686	86.22104663	86.33360847	86.47994936	86.66207041	86.87964173	87.13131734	87.42146283	87.74642283	88.13189447	88.55744249	88.97840931	89.35135826	89.65217351	89.88284435
	30.29187524	30.34830444	31.21843102	33.15100740	37.38791301	45.22562559	55.33693309	62.92527544	67.66445200	71.80617645	75.75574625	78.77978577	81.00381681	82.47125316	83.31470177	83.88243429	84.40824619	84.96114836	85.52478995	85.87422324	85.96828509	85.90227743	85.76760012	85.61806285	85.48002887	85.41106578	85.43126060	85.56594159	85.81452896	86.12656037	86.44889460	86.72507806	86.96048482	87.14153200	87.28910112	87.40320579	87.50134540	87.62630108	87.78701645	87.98470206	88.22592425	88.50714248	88.82737562	89.21010159	89.63661384	90.05770013	90.43064159	90.73224517	90.96270166
	31.31203818	31.35770101	32.17350147	33.99636111	38.07388681	45.89428200	56.28606316	64.12298870	68.97553004	73.01558066	76.94197872	80.03306356	82.32529871	83.83672066	84.72346903	85.30289921	85.82776726	86.38879472	86.94639386	87.32005986	87.43137099	87.37506032	87.23488995	87.08219512	86.93085665	86.84521808	86.83923815	86.96385994	87.19404718	87.49013102	87.79729151	88.05946137	88.28812435	88.46153222	88.59400758	88.70677058	88.80195679	88.91636911	89.06635324	89.25144535	89.48580082	89.76080384	90.07907590	90.46103965	90.88716721	91.30409610	91.67236278	91.96956759	92.19296160
	31.71532631	31.74388289	32.52438563	34.28376724	38.26698148	46.07145752	56.64198732	64.65974689	69.60686814	73.62107210	77.54850036	80.71442470	83.06516505	84.62080396	85.52581592	86.11430617	86.63426333	87.19185472	87.74460642	88.13719396	88.26938532	88.22770941	88.09600573	87.94388009	87.79681524	87.70103610	87.69044937	87.82015581	88.05307674	88.34943274	88.65493801	88.92855487	89.16575862	89.34670382	89.48971118	89.61242518	89.72230407	89.84021487	89.99389348	90.18513758	90.42511888	90.70751730	91.03668727	91.42886022	91.86216346	92.28113685	92.65063768	92.94764456	93.16887692
	32.81305917	32.84037044	33.57369642	35.23371211	39.04898032	46.75078631	57.43300048	65.59760615	70.59676429	74.46561643	78.28821295	81.44710689	83.76549285	85.27303925	86.10911053	86.64167018	87.10904894	87.62335353	88.14783575	88.53161888	88.67032187	88.63469627	88.50425636	88.35355274	88.20845295	88.10962395	88.09504643	88.22204744	88.45642493	88.74228826	89.04419561	89.31197879	89.55245713	89.73618603	89.88393276	90.00788514	90.12089404	90.23551142	90.38356062	90.57125881	90.80514367	91.08156450	91.40499432	91.79115975	92.21818447	92.62783427	92.98906163	93.27643134	93.48656238
	33.69903150	33.73203016	34.45277001	36.11220165	39.97882342	47.85847621	58.81441556	67.11314439	72.02463726	75.74498863	79.45468628	82.60324121	84.94158099	86.43177871	87.19621954	87.67614885	88.09286076	88.56550536	89.06862910	89.45165363	89.60158729	89.57524604	89.45121703	89.30791455	89.16250118	89.06174346	89.06364484	89.19325478	89.43430804	89.72751603	90.03022286	90.32148481	90.58044518	90.78337699	90.94611348	91.08787874	91.21589278	91.34422675	91.50709500	91.71305947	91.96415895	92.25891435	92.60067416	93.00527814	93.44372693	93.85679296	94.21713429	94.49921538	94.70282336
	34.92898801	34.97820555	35.66695068	37.25483436	40.98571213	48.76726479	59.82291677	68.24239494	73.12916022	76.72676041	80.30084041	83.42944011	85.77591997	87.21839375	87.92720176	88.35066944	88.71080800	89.15012809	89.62944864	90.00626978	90.15551084	90.13536820	90.01756440	89.87439256	89.74076092	89.64408218	89.64442936	89.77577454	90.01334872	90.30259178	90.60372323	90.90075293	91.16478166	91.37576787	91.54641042	91.69098994	91.82472622	91.95773391	92.12705727	92.34348540	92.59987338	92.90266106	93.25140638	93.66299175	94.10664225	94.52250340	94.88146647	95.16054699	95.35947899
	36.66897272	36.75521288	37.39030556	38.83021764	42.25196230	49.70449380	60.77651980	69.33540203	74.15839424	77.68494938	81.05283926	84.15549763	86.50933584	87.90728438	88.55196631	88.89825142	89.19142458	89.59093997	90.05121088	90.41891194	90.55871374	90.54713043	90.43671900	90.29486626	90.17051984	90.08340589	90.09426854	90.23402491	90.46683104	90.76072236	91.06676130	91.37154827	91.64637790	91.87208751	92.04934134	92.20886161	92.34861067	92.49056940	92.67212660	92.90539748	93.17441585	93.49160405	93.85328672	94.27657691	94.72915711	95.15116651	95.50982584	95.78669996	95.98142453
	37.52301390	37.63511923	38.26238963	39.68069004	43.09656002	50.65992879	61.98325913	70.61388018	75.32134583	78.73226714	81.95413702	84.98991255	87.34310219	88.72124760	89.32171219	89.63225692	89.87685530	90.25051274	90.68653119	91.03952876	91.17660300	91.16389988	91.06491506	90.92871560	90.81282241	90.73180668	90.74586624	90.88719274	91.11714446	91.40258360	91.70508974	92.01567566	92.29650091	92.52739080	92.70880444	92.86944118	93.01319891	93.16500767	93.35767252	93.60750765	93.89433924	94.22921515	94.60896058	95.04983285	95.51673756	95.94996883	96.31623108	96.60018813	96.80196977
	38.32693365	38.46671208	39.08826921	40.48077958	43.85135401	51.38969580	62.77398434	71.44049416	76.07037395	79.39412101	82.50575675	85.49370912	87.84772433	89.21523079	89.80215176	90.08500265	90.32273505	90.68287037	91.10676141	91.45787729	91.59386430	91.58123723	91.48504283	91.34895715	91.23774978	91.15732971	91.16763322	91.30236560	91.52670481	91.80764858	92.10620776	92.41268151	92.69362301	92.92127627	93.09837030	93.25825409	93.40285321	93.55397618	93.74596941	93.99753142	94.28841102	94.62750606	95.01222650	95.45815497	95.92929567	96.36588099	96.73478223	97.02197073	97.22740778
	38.37772209	38.51426250	39.13685681	40.54829612	43.97956687	51.64809002	63.21145645	71.92898945	76.55966327	79.83643450	82.96913401	86.00854752	88.43010688	89.81037200	90.39548878	90.69301074	90.93219749	91.30101725	91.71536877	92.06382685	92.20043320	92.18385872	92.08867547	91.94855679	91.83656417	91.75044467	91.76292999	91.89378009	92.10981652	92.37904001	92.66910204	92.97129486	93.24557672	93.46708244	93.64188591	93.79370143	93.93874706	94.08816665	94.28427011	94.53988274	94.83790198	95.18639679	95.58191420	96.03870858	96.51860007	96.96243422	97.33766200	97.63150611	97.84480824
	38.62205653	38.76064073	39.37592693	40.77754903	44.19663038	51.88810309	63.56524657	72.34580187	76.97464785	80.23453238	83.34950591	86.42120090	88.88443249	90.26850150	90.84596625	91.12780632	91.36443336	91.73178376	92.13973042	92.48283508	92.61782953	92.59713956	92.49989540	92.35789694	92.24097303	92.15098696	92.16153568	92.29288160	92.50358294	92.76912859	93.05350199	93.35040887	93.61781156	93.83572223	94.00677176	94.15626884	94.29456022	94.44324086	94.64224407	94.89998657	95.20268074	95.55746682	95.95990120	96.42365456	96.91027544	97.36078171	97.74248082	98.04329436	98.26486682
	38.63391286	38.76652336	39.38271296	40.80675400	44.29083772	52.11633364	63.97671835	72.80872573	77.45902794	80.68051360	83.79816334	86.93508734	89.47056683	90.86903283	91.44289844	91.73078426	91.98374015	92.33090414	92.73908643	93.06847556	93.20179461	93.18179708	93.07919401	92.94165017	92.81673589	92.72077022	92.72541796	92.85372372	93.05283955	93.30960000	93.58601003	93.87771334	94.13650559	94.34930128	94.51509003	94.65854552	94.79121136	94.93709649	95.14128613	95.40167630	95.70963621	96.07286931	96.48636860	96.96031460	97.45555216	97.91392417	98.30324030	98.61281176	98.84584857
	38.88577727	39.02204787	39.64052342	41.08152993	44.61141634	52.52044702	64.49667412	73.33923425	77.98817618	81.16318095	84.25518576	87.43243828	90.03192139	91.44369806	92.03107128	92.30773586	92.57723514	92.90593379	93.31587973	93.63387129	93.76423986	93.74400991	93.63521101	93.49805311	93.36795459	93.26739728	93.26362189	93.38408153	93.57562370	93.82216244	94.09265670	94.38105170	94.63397836	94.83781507	94.99937455	95.13562917	95.26423892	95.40779471	95.61179941	95.87348331	96.18375500	96.55250012	96.97509360	97.45718502	97.95822788	98.42150679	98.81589284	99.13201628	99.37516445
	38.69853265	38.82051560	39.44324604	40.91844407	44.53889675	52.60116627	64.73062531	73.57887598	78.21652638	81.40596892	84.52008833	87.75835084	90.42130023	91.86723290	92.47059486	92.75570372	93.03395449	93.35955757	93.77843113	94.09390368	94.22271111	94.19967563	94.08007275	93.93889445	93.80117920	93.69775960	93.69744462	93.81342230	94.00529969	94.24572567	94.50847083	94.79186171	95.04254194	95.23711738	95.39292657	95.52601608	95.65036639	95.79386166	95.99869402	96.26506998	96.57892925	96.95417902	97.38663437	97.87821867	98.38526927	98.85291244	99.25148294	99.57305488	99.82434350
	39.28929055	39.42462746	40.03880857	41.48760113	45.04849229	53.05788658	65.25842696	74.15010476	78.76648294	81.91106963	84.96035733	88.22015723	90.93790061	92.40612078	93.01078131	93.27145552	93.55013246	93.86913406	94.26598494	94.58196618	94.71302738	94.69221673	94.57156368	94.42772302	94.28575663	94.17217002	94.16830419	94.27556494	94.46778978	94.70621360	94.96340689	95.24239478	95.49377459	95.67905922	95.82951800	95.96229366	96.08141198	96.22618778	96.42641304	96.69228438	97.00772846	97.38849992	97.82738044	98.32474461	98.83490793	99.30580693	99.70867347	100.03725067	100.29983899
	39.62768167	39.77110481	40.38254382	41.83078681	45.40931447	53.49655858	65.82702965	74.72124627	79.27775145	82.36721502	85.37542230	88.65955757	91.41888307	92.91532967	93.51771810	93.76507390	94.03315910	94.34142373	94.71982411	95.04426320	95.17318805	95.15165603	95.02947872	94.87890173	94.73844952	94.62353484	94.61296206	94.71604648	94.90321225	95.13997775	95.39034918	95.66262235	95.91452465	96.09524237	96.23667241	96.36885556	96.48546717	96.62682954	96.82686886	97.08855782	97.40783584	97.79607134	98.24191850	98.74576357	99.25929034	99.73412963	100.14339850	100.48135516	100.75688981
	40.22656053	40.38731154	40.99000974	42.41466488	45.96353688	54.06200575	66.48262728	75.38365810	79.86582270	82.90040574	85.82858866	89.10554745	91.89939263	93.39069412	93.98975178	94.19843985	94.44604354	94.74569639	95.09958439	95.43063449	95.55378415	95.53057633	95.41520873	95.25758536	95.12163806	95.01502394	94.99432666	95.09270389	95.27655571	95.51271226	95.76231636	96.03055772	96.28153458	96.46703343	96.60276032	96.73406454	96.85363163	96.99262246	97.19647804	97.45765787	97.78361756	98.17806000	98.63198128	99.14233289	99.65931515	100.13873857	100.55572653	100.90567276	101.19477677
	40.09890695	40.23324902	40.83106640	42.28521074	45.94028967	54.25657508	66.91571745	75.84590649	80.30787562	83.32007510	86.25035760	89.57146864	92.40923067	93.89322969	94.49914739	94.68078335	94.90461993	95.20705310	95.52424147	95.85603697	95.97848156	95.95561176	95.84440759	95.67787764	95.54126058	95.43652489	95.40870328	95.50343984	95.68437632	95.91964180	96.17333572	96.43649063	96.68179953	96.87357094	97.00646371	97.13218778	97.25313461	97.39192392	97.59897291	97.86641183	98.19855024	98.60342444	99.07055694	99.58965225	100.11123382	100.59732421	101.02314073	101.38714896	101.69094740
	40.21367015	40.31086903	40.88350792	42.33901040	46.04829593	54.51084121	67.37857348	76.35261499	80.83395467	83.78972676	86.74723991	90.11793951	92.99093786	94.46427252	95.03950150	95.19824745	95.41464197	95.70561673	95.96359703	96.27887360	96.41363028	96.39225078	96.28577773	96.13196055	95.99590150	95.88567795	95.86535545	95.94617548	96.12582715	96.35972863	96.62427030	96.88657941	97.12752093	97.31807766	97.46104819	97.58156345	97.70129151	97.84881527	98.05514516	98.32924985	98.66737247	99.08376906	99.56254472	100.09053652	100.61659219	101.10891060	101.54389472	101.92287057	102.24165381
	40.26561991	40.32191120	40.87283418	42.33455786	46.09601075	54.69327926	67.76133972	76.77612069	81.29248945	84.21623349	87.23357160	90.66900707	93.56412190	95.02392971	95.57284251	95.73761721	95.92228151	96.20496188	96.42414344	96.73105022	96.87794517	96.85146489	96.74664154	96.59979926	96.45669024	96.35019364	96.33801294	96.41530079	96.58971915	96.82363781	97.08923636	97.36052372	97.59086409	97.77653600	97.93079305	98.04868669	98.16001286	98.31729156	98.52328818	98.80136401	99.14703018	99.57118028	100.05935503	100.59591897	101.12446035	101.62355415	102.06773160	102.46005975	102.79470978
	40.96143729	41.02925403	41.57057077	43.00528454	46.72478060	55.32229554	68.49347129	77.51999039	81.99098922	84.81704026	87.79801414	91.20803371	94.09214303	95.52049101	96.02227317	96.17105488	96.31415243	96.57335426	96.76693031	97.06510074	97.21709834	97.19107721	97.09007744	96.95254325	96.81113628	96.71243602	96.69750852	96.78192691	96.95132766	97.18553483	97.44976014	97.72951359	97.95536899	98.13903411	98.29636750	98.42694384	98.52754469	98.68787826	98.90391298	99.18132065	99.53695406	99.96494147	100.46102750	101.00312932	101.53534921	102.04325560	102.49747089	102.90047067	103.25536987
	41.04493225	41.07684293	41.60732713	43.06652767	46.88917618	55.70351639	69.08693355	78.08256421	82.54432148	85.28257785	88.33752279	91.76018641	94.62904323	96.01770878	96.46424122	96.60760704	96.72831117	96.93896660	97.11595061	97.40227859	97.54808624	97.53480273	97.44177703	97.31479451	97.17509416	97.08263962	97.06517284	97.15429452	97.32927538	97.55956079	97.82478665	98.10621380	98.34245543	98.52062397	98.67400568	98.81906497	98.92456061	99.07766359	99.30746458	99.58599663	99.95231306	100.39235787	100.90028688	101.44693288	101.98501048	102.49853113	102.95376145	103.37102856	103.74439762
	41.71242005	41.72002963	42.21335007	43.63610225	47.44258786	56.33028020	69.87949290	78.85705070	83.31271445	85.99512397	89.08659353	92.49152967	95.34186945	96.69034852	97.09103651	97.19847738	97.28871552	97.45954537	97.61064177	97.87833810	98.01892225	98.02727226	97.94238654	97.81055548	97.69274459	97.60200314	97.58491001	97.66955698	97.86130514	98.07604449	98.34054381	98.61568101	98.86640722	99.03910679	99.18915182	99.33557817	99.45904459	99.59830393	99.83621502	100.12348491	100.48777921	100.94116046	101.45133524	101.99656180	102.53787302	103.05582212	103.51862404	103.95566487	104.35206652
	42.18579314	42.15207032	42.60239935	43.99263972	47.79625399	56.76410485	70.46060104	79.43033746	83.87004204	86.54681254	89.68364641	93.07473142	95.90744150	97.23290698	97.59652909	97.66476363	97.76103719	97.89613614	98.02945754	98.27040270	98.43019322	98.43024728	98.34962649	98.22843424	98.12273969	98.03264772	98.01351812	98.09907974	98.28856438	98.50652862	98.76655606	99.03893608	99.28985672	99.48053988	99.61813080	99.75997084	99.88813711	100.03451726	100.26775055	100.56770803	100.92777178	101.38990377	101.90703158	102.44840551	102.99043112	103.51308553	103.99165284	104.44310895	104.86132298
	42.49820731	42.40229861	42.80592790	44.17958271	48.02902623	57.14862247	71.01280227	79.95437893	84.35672300	87.09609942	90.26444408	93.62674834	96.43760346	97.76665474	98.09180800	98.12774855	98.26694235	98.35374693	98.47898993	98.70449242	98.87651082	98.86785211	98.78652901	98.67815055	98.55798433	98.48575213	98.45868510	98.54379560	98.72635531	98.95331522	99.20672798	99.47078137	99.71415551	99.91298895	100.04822126	100.18015163	100.30263396	100.46413940	100.68583631	100.99052035	101.36044723	101.81668375	102.34618046	102.88641423	103.42787341	103.95384554	104.44468101	104.90498559	105.33346044
	43.29081430	43.16752575	43.52350923	44.85820133	48.72984075	57.98670152	71.98782161	80.84565483	85.07186574	87.89605832	91.01749942	94.32484801	97.10712752	98.43209714	98.72497132	98.74209258	98.87315449	98.93048021	99.03742650	99.25564972	99.42629159	99.41231740	99.33196061	99.23079823	99.12050445	99.05440763	99.02543196	99.10725864	99.28215752	99.51593969	99.75491369	100.01125340	100.24398088	100.43770453	100.59300622	100.69954896	100.81343657	100.98322053	101.20297791	101.50138615	101.88939962	102.33198498	102.87099255	103.41335699	103.95724361	104.48238037	104.98402204	105.45918755	105.90343093
	43.81597220	43.62843527	43.92490410	45.23028677	49.15622828	58.58343146	72.75191426	81.57151727	85.71775325	88.59284002	91.74094640	95.03612097	97.81278694	99.14003833	99.42896752	99.43365604	99.55258292	99.60054897	99.69669061	99.91207859	100.07361983	100.06022387	99.98720023	99.86880947	99.79750404	99.70922052	99.68928701	99.76337000	99.93447260	100.16758146	100.40007903	100.64574541	100.87252024	101.05512658	101.22152627	101.30926064	101.40561744	101.58173058	101.80124113	102.08812353	102.48259531	102.92913868	103.46476558	104.01183372	104.55187140	105.07456049	105.57992345	106.06281810	106.51107491
	44.30305399	44.06080224	44.29897393	45.55201415	49.44883334	58.91551979	73.21176278	82.06158535	86.23156690	89.16317107	92.33029891	95.64109800	98.40840208	99.74499713	100.02047217	100.02957883	100.13464269	100.19378706	100.28641154	100.50122009	100.65247615	100.65794836	100.56878432	100.44008812	100.38973010	100.29105259	100.27844778	100.33948135	100.50640606	100.73267435	100.97023376	101.19745082	101.41521839	101.59181678	101.74590209	101.83946162	101.91727778	102.09161052	102.30951840	102.59039878	102.98053727	103.44114534	103.96726866	104.51234932	105.04847394	105.57549770	106.08560729	106.56953706	107.02884038
	44.78103740	44.50388197	44.70174545	45.91753169	49.78896782	59.24810199	73.56540349	82.41424394	86.60995124	89.58030715	92.70938920	96.02651401	98.79970865	100.14259873	100.44597570	100.45584400	100.54316803	100.62698524	100.72031675	100.93608440	101.07852206	101.08940267	101.00031585	100.87169884	100.81988607	100.72542748	100.70858414	100.76382506	100.92601370	101.14455986	101.37966510	101.60053474	101.81176821	101.98507364	102.12795173	102.22304720	102.29612523	102.46491192	102.67467294	102.95730888	103.34251467	103.80967548	104.32750739	104.86857718	105.40030653	105.92642064	106.43777674	106.92309230	107.38898898
	45.75687942	45.44690924	45.58172806	46.72646575	50.53610451	59.95960044	74.27497655	83.10270926	87.31015435	90.26242501	93.35261278	96.63805339	99.41475902	100.75543777	101.12592431	101.14624842	101.17063406	101.32939224	101.40703270	101.62502893	101.74924951	101.76251684	101.66873899	101.57399965	101.49601555	101.41563264	101.37743074	101.44370552	101.59451899	101.79734435	102.02052754	102.24423542	102.44574437	102.61368071	102.72852894	102.82727075	102.90360889	103.06015083	103.25376693	103.54282941	103.92037829	104.38179828	104.89713631	105.42931486	105.95397075	106.47543549	106.98369276	107.47197793	107.94975711
	45.42922707	45.06753713	45.20725439	46.41789796	50.38917284	60.04903676	74.45573470	83.24984426	87.41562809	90.41338075	93.52788049	96.79833093	99.54536675	100.88616172	101.24566934	101.27405401	101.30672210	101.47063259	101.56354343	101.78454264	101.90220759	101.91670226	101.81796952	101.72051378	101.63773215	101.55953539	101.51496930	101.58709462	101.73807623	101.93158090	102.16454625	102.38535105	102.58336549	102.74723973	102.85779721	102.95287812	103.03023083	103.18031331	103.37602417	103.66246793	104.03881970	104.50243977	105.02137805	105.55165412	106.07088985	106.58825721	107.09172016	107.57587203	108.04996729
	45.78837449	45.40777868	45.52338651	46.71536357	50.68208802	60.34806533	74.75068445	83.52508479	87.69528793	90.67689992	93.79307997	97.05107878	99.80110901	101.14298557	101.52895400	101.56517271	101.56831507	101.77061121	101.85403278	102.07588428	102.18625138	102.19416170	102.09920236	102.01691595	101.92269205	101.85107360	101.79489655	101.87497065	102.02253358	102.21008917	102.43128484	102.66031658	102.85425025	103.01659501	103.11186944	103.20867555	103.29028405	103.43504780	103.62371513	103.91333709	104.28752655	104.74569191	105.26750086	105.79379681	106.31031777	106.82412745	107.32573019	107.81143228	108.28850236
	47.01848235	46.59653256	46.62509829	47.72418747	51.63207515	61.33121223	75.78436925	84.53304568	88.56625408	91.55269847	94.63384424	97.81647983	100.53413328	101.89906573	102.32761771	102.37101537	102.37297914	102.55109527	102.68029324	102.88944992	102.97422382	102.98071431	102.90434732	102.82357905	102.73330717	102.64490994	102.58299569	102.66509181	102.80537334	102.97120136	103.19136541	103.41831528	103.59911860	103.73917189	103.83245167	103.92917420	104.01096936	104.13619835	104.32063547	104.60236036	104.95614679	105.41390509	105.93694939	106.45520781	106.95677574	107.46141010	107.95173603	108.43797860	108.91317343
	47.29901280	46.83348110	46.82686350	47.92304894	51.91348855	61.79250859	76.34141015	85.05453883	89.03361473	92.04714231	95.09182731	98.25539932	100.95904383	102.34894689	102.81065095	102.85118063	102.87003275	103.01801425	103.18656868	103.39319013	103.46724255	103.46412597	103.40832513	103.30767982	103.22321035	103.12353869	103.07397400	103.14295098	103.27821772	103.44190299	103.65611983	103.87575420	104.04549955	104.16941958	104.27003071	104.35943435	104.43686285	104.54413958	104.73391734	105.00766513	105.35084880	105.81270132	106.33623403	106.85120899	107.34461443	107.84378639	108.32692482	108.81205356	109.28296250
	47.35541235	46.84943043	46.82811025	47.94639627	52.03870114	62.09681087	76.72220741	85.39536359	89.33201541	92.35814620	95.39042470	98.54093530	101.22976156	102.63901808	103.11881851	103.15643717	103.19404426	103.32138629	103.50990735	103.72285620	103.79038591	103.78178128	103.72939297	103.62240025	103.54426267	103.43494198	103.38809506	103.45494785	103.58581322	103.74815692	103.96195003	104.17537171	104.33440157	104.44944527	104.55476432	104.63777142	104.71175210	104.80848390	104.99859382	105.26772117	105.60555613	106.07176746	106.59757001	107.10938801	107.59940767	108.09638702	108.57391016	109.05785043	109.52505117
	47.90331444	47.35800189	47.29364852	48.38943049	52.51077040	62.64685363	77.29611184	85.94287748	89.83595052	92.88088016	95.87077131	99.00751120	101.66166337	103.12490921	103.61381777	103.65336579	103.72350161	103.81291573	104.02165802	104.22758588	104.30468201	104.30918722	104.24687083	104.14753931	104.06154225	103.96127540	103.90749883	103.97653125	104.07957005	104.24996323	104.45398195	104.65245623	104.79321358	104.91479610	105.01616067	105.08944334	105.14951056	105.23448081	105.42685218	105.68432328	106.02433365	106.48328521	107.00458769	107.50673789	107.99186900	108.48710502	108.96092710	109.44143146	109.90387526
	48.34782857	47.77306520	47.67915748	48.77066461	52.93878792	63.15521595	77.80718714	86.41007699	90.24034120	93.29012494	96.26383864	99.35571887	101.98179969	103.46829452	103.99087265	104.02564330	104.12357970	104.18449520	104.41372326	104.59850804	104.69363644	104.71540990	104.64058069	104.54714483	104.45801916	104.35708602	104.31073343	104.36723577	104.45959905	104.63011098	104.82952278	105.01514521	105.14780453	105.27478218	105.37111237	105.43825575	105.48338996	105.57112298	105.75872428	106.00365272	106.34907158	106.80461711	107.32174941	107.81494727	108.29634485	108.79364669	109.26144647	109.73796001	110.19763016
	49.25954289	48.64703431	48.47829867	49.49988590	53.62944088	63.87153251	78.56333053	87.17655690	90.96084263	93.99104013	96.92231723	99.99380517	102.62500435	104.17605262	104.70211215	104.82485075	104.85717422	104.97614134	105.13630767	105.33925195	105.46391847	105.48767116	105.41832955	105.33499569	105.24072503	105.13300781	105.09012357	105.12340331	105.21653921	105.38450406	105.55489246	105.72556763	105.86765644	105.98671391	106.07676900	106.11632729	106.15080951	106.24062595	106.40486124	106.64069591	106.98684190	107.42735628	107.94652475	108.42571043	108.89446742	109.38267710	109.84663106	110.32139364	110.77489969
	49.16991071	48.51207461	48.34535982	49.43622071	53.74643443	64.22921902	78.97759070	87.53070416	91.29105405	94.29819856	97.20308995	100.26871319	102.89447916	104.45190227	104.99788478	105.15600845	105.16911112	105.31569338	105.46671696	105.66824038	105.80002363	105.83051129	105.76288512	105.67894942	105.57893640	105.47239316	105.43145645	105.45070389	105.55018393	105.71760665	105.88248281	106.04068241	106.18907998	106.30232808	106.38562251	106.41652867	106.44226743	106.53532255	106.69084783	106.92189453	107.27348625	107.71294268	108.23621470	108.70996698	109.17559042	109.65675008	110.11523076	110.58279474	111.03366961
	48.69718006	47.99653566	47.84959376	49.02130531	53.50803120	64.22170579	79.05320126	87.57321099	91.34402468	94.33703949	97.26315258	100.35114979	102.99485410	104.55442565	105.12534097	105.29064705	105.31807097	105.47607650	105.61407679	105.82860610	105.96148611	105.99192460	105.92366814	105.83760143	105.73789966	105.62471059	105.57983004	105.59969340	105.70639176	105.87407747	106.03445841	106.19052704	106.33643694	106.44985092	106.53320851	106.55435327	106.58241596	106.67303584	106.82377593	107.05857378	107.41300635	107.85369102	108.38177661	108.85767094	109.32486117	109.79662124	110.25181773	110.71532071	111.16059841
	49.05193748	48.32189458	48.14392665	49.30357429	53.82732085	64.63818228	79.51244961	88.01760173	91.73782717	94.71137947	97.63938457	100.70920706	103.34999110	104.93847379	105.52032752	105.70961253	105.72955717	105.89917110	106.02035250	106.24269814	106.38348328	106.41011220	106.35126246	106.26667671	106.16052437	106.03899454	105.99424986	106.00918332	106.11893858	106.27262409	106.42286954	106.58115768	106.72367283	106.83429367	106.90462436	106.92092548	106.95009283	107.03448752	107.17252298	107.40887079	107.75638584	108.19387710	108.72487745	109.19856125	109.65979642	110.11790383	110.57025738	111.02824132	111.46670262
	49.01158912	48.25610704	48.08257116	49.29634190	53.96467673	64.97020459	79.87253780	88.31883521	91.97400436	94.93678929	97.87916468	100.92221649	103.53981989	105.12958036	105.73970988	105.91302960	105.96021059	106.09208984	106.24734265	106.46731255	106.60516803	106.63174826	106.57602604	106.48815118	106.38334615	106.25550886	106.21705348	106.22246683	106.34286057	106.47998086	106.63758775	106.79290270	106.92927705	107.03251507	107.09460192	107.11675500	107.14388225	107.21927262	107.35658298	107.59205349	107.93613304	108.37964167	108.91228694	109.38596571	109.84547776	110.29796665	110.74600617	111.19528683	111.63011161
	49.38308883	48.58527313	48.40944977	49.70847082	54.65532217	66.04292788	80.97937658	89.27127706	92.82438014	95.71678472	98.54377990	101.54868782	104.12734473	105.75088776	106.37776721	106.58841416	106.60290877	106.74762608	106.88716024	107.13418887	107.27359651	107.28825778	107.25183973	107.14980509	107.04746360	106.90378918	106.86774132	106.87007156	106.98889803	107.11810238	107.26096925	107.41344129	107.55011189	107.63180339	107.69760410	107.70247710	107.73413049	107.78810106	107.91677547	108.16052442	108.49757864	108.93789578	109.47752655	109.95219178	110.39502611	110.83698167	111.28128822	111.72327157	112.14865319
	49.23977423	48.43271770	48.28699987	49.68194917	54.82783665	66.41819660	81.32221816	89.50471215	93.01364857	95.89330449	98.68621837	101.66924854	104.23163102	105.82653088	106.47631313	106.68094399	106.70763844	106.83556629	106.99117295	107.23447055	107.37385757	107.38557494	107.35307623	107.24886784	107.14494884	107.00591531	106.97576541	106.97488738	107.09140408	107.21939873	107.36805410	107.51870384	107.65200598	107.73051105	107.79155085	107.80192510	107.83144400	107.88087897	108.01008269	108.25481317	108.59334566	109.04053856	109.58262332	110.06007677	110.50300069	110.94257104	111.38490867	111.81950775	112.24412284
	49.76781557	48.93409692	48.77676911	50.21513565	55.50166285	67.25016742	82.09088725	90.14973118	93.60070067	96.42621356	99.14545852	102.09150318	104.63341189	106.24962196	106.93926528	107.15315641	107.19948792	107.30412503	107.48294824	107.73004034	107.85970572	107.88097138	107.84300096	107.73949882	107.63070713	107.49684973	107.46001970	107.46201709	107.56967720	107.69046588	107.84080308	107.98878253	108.10829583	108.17968992	108.23396652	108.24941627	108.26828800	108.30779265	108.43665825	108.67677522	109.00737760	109.45797516	110.00296652	110.47819335	110.91326781	111.34299349	111.77363483	112.19805846	112.61919577
	50.08718420	49.23207275	49.07263788	50.56350619	56.00466282	67.93168594	82.74326613	90.71133553	94.07750061	96.87687416	99.55048271	102.47780512	105.01580638	106.64526297	107.35721474	107.59628859	107.64691352	107.73772064	107.91956842	108.16696248	108.30715946	108.32321068	108.29282067	108.18414869	108.07279443	107.94549882	107.90184070	107.89861603	108.01116973	108.11871925	108.27747736	108.41614625	108.53008116	108.59248698	108.63955483	108.65895695	108.66297797	108.69842132	108.82790920	109.05810005	109.38840359	109.84503018	110.39255912	110.86716440	111.29619211	111.71806947	112.13688198	112.55372964	112.97175604
	50.55677323	49.66931059	49.49753081	51.03105135	56.63136384	68.75705923	83.54017101	91.40034087	94.68296230	97.44490569	100.06254442	102.97020369	105.49397182	107.14350534	107.90806538	108.14990103	108.21492066	108.28918946	108.47254042	108.71608469	108.86984015	108.89346155	108.86122387	108.75383771	108.63960622	108.51816624	108.45413345	108.45230005	108.56187090	108.66770084	108.82874681	108.95984857	109.05867951	109.11791109	109.15719123	109.17673080	109.15820700	109.19281691	109.31846936	109.53447031	109.86762266	110.32868827	110.87755612	111.34982415	111.77111618	112.18305752	112.58832595	112.99686617	113.40737090
	50.46359052	49.58154386	49.42804623	50.99652415	56.65313589	68.81352677	83.56649880	91.37481881	94.68229607	97.41681867	100.04453822	102.94796611	105.46546042	107.10358864	107.87180271	108.10134389	108.17315748	108.24840179	108.42942895	108.67180439	108.83117505	108.85223181	108.81680897	108.71103475	108.59564986	108.47780321	108.41217230	108.41962413	108.52115046	108.63271641	108.78989025	108.92867338	109.02120063	109.08322377	109.12413991	109.14485320	109.12796336	109.16293682	109.28833319	109.50557325	109.84192589	110.30451420	110.85382513	111.32770247	111.74963404	112.16130271	112.56682667	112.97495285	113.38501655
	50.68509815	49.78316832	49.67110539	51.39272152	57.40448525	69.89223822	84.51760948	92.09845885	95.34429351	97.99904355	100.60002783	103.45576256	105.95319013	107.61039807	108.43023439	108.65935994	108.73842984	108.81965713	108.98401152	109.22334297	109.39056833	109.42737274	109.39225072	109.29410167	109.17679881	109.06388102	108.98960041	109.02123560	109.09606142	109.21510386	109.35300934	109.49470054	109.57120341	109.63359396	109.67229251	109.67902106	109.65983121	109.68753434	109.79685570	110.01001388	110.35506120	110.82140880	111.36721540	111.84163785	112.25332600	112.65523114	113.04735478	113.44565664	113.84357986
	50.96395877	50.04609816	49.94430031	51.73477122	57.93314163	70.60816152	85.15822753	92.65677516	95.76045622	98.43440693	100.96350153	103.79070083	106.29069298	107.98567332	108.81566819	109.08166190	109.14444687	109.24173461	109.38848833	109.63717904	109.79064300	109.83888765	109.81718675	109.71582611	109.60121689	109.47485296	109.41233849	109.43203906	109.51226689	109.62272619	109.75879567	109.87795365	109.96904631	110.02277984	110.05936292	110.04724263	110.03733576	110.05682486	110.15341875	110.36915840	110.71250231	111.18150898	111.72325764	112.19413363	112.59904416	112.99548861	113.37868757	113.77013321	114.16093791
	51.05988859	50.15023290	50.09487509	52.03787068	58.55287476	71.43054032	85.80211834	93.12741676	96.15608821	98.78859245	101.31652724	104.12073179	106.59584485	108.30640346	109.15815355	109.42490328	109.50273196	109.61864084	109.75165469	109.98693346	110.18447517	110.21595661	110.19523771	110.09519400	109.98214106	109.86568561	109.78934113	109.83352865	109.88749945	110.01039513	110.12662148	110.25042486	110.32947843	110.39964688	110.43494784	110.41573979	110.39486079	110.42130296	110.50674532	110.72586430	111.07348078	111.54981967	112.09366718	112.56969370	112.96645647	113.35279990	113.73066712	114.11474825	114.49286797
	51.59707367	50.66995844	50.62826323	52.73181351	59.68709645	72.93191892	87.09684407	94.16759405	97.01821965	99.65787978	102.10678028	104.83559616	107.26182288	108.99968433	109.86908565	110.18605098	110.22393697	110.33926232	110.49531739	110.70850531	110.90055025	110.95626477	110.92671935	110.82983284	110.72808893	110.61024657	110.54489073	110.56500247	110.63658444	110.74540921	110.84404508	110.96008235	111.03967809	111.10257860	111.11693784	111.09470936	111.07309814	111.09283170	111.16873311	111.39161538	111.74180296	112.21335259	112.75036867	113.22108308	113.60361646	113.98336649	114.35301761	114.72502951	115.09635847
	51.69824159	50.76871657	50.75472602	52.99778463	60.25381543	73.67069208	87.66029626	94.57304563	97.34826463	99.96686036	102.39361250	105.07147020	107.45899826	109.20137442	110.06463993	110.41500099	110.44143574	110.54717698	110.71670657	110.92200732	111.11052258	111.17182926	111.14734716	111.05482248	110.94943510	110.84160948	110.78145720	110.80036495	110.87455903	110.98489614	111.07598261	111.19556242	111.26898496	111.33578602	111.33700823	111.32491104	111.30183624	111.32200595	111.39988067	111.62527103	111.98429127	112.45430096	112.99459507	113.46268126	113.84590736	114.22257049	114.58836646	114.95555759	115.32499883
	51.80188936	50.85008718	50.85220436	53.27852906	60.93263891	74.57463687	88.37057535	95.09102453	97.87238713	100.41315245	102.83207338	105.46132232	107.83162624	109.60332027	110.45524631	110.81075478	110.85476956	110.93987190	111.09433473	111.30462762	111.49492651	111.55896708	111.54754220	111.46631461	111.35905154	111.27579418	111.21491754	111.24051138	111.30498196	111.41548267	111.51263763	111.63250080	111.70461863	111.76022419	111.76244876	111.75787329	111.73496855	111.74813342	111.83390278	112.06025154	112.42922889	112.89727094	113.44711685	113.91101455	114.28997883	114.66104966	115.01889132	115.38526012	115.75046972
	52.31656366	51.34861279	51.34657528	53.88565444	61.80673813	75.57267388	89.15943792	95.76159331	98.47316691	100.92739448	103.30462135	105.88749006	108.22328932	110.01614991	110.88201469	111.24422746	111.30570740	111.37205510	111.52064655	111.72940482	111.91344446	111.98456428	111.99125599	111.90676488	111.80886637	111.73525954	111.67100442	111.69939691	111.75349008	111.85111952	111.95754182	112.07536434	112.13483636	112.18148983	112.19123670	112.19018104	112.16120184	112.16574184	112.25937602	112.48351907	112.84832060	113.31351713	113.86926533	114.32645275	114.69532841	115.06187271	115.41241293	115.77804840	116.13893348
	52.38516796	51.46660246	51.53663101	54.33276723	62.72050304	76.67070629	89.97538114	96.36378869	98.99714156	101.35634021	103.69620262	106.22154589	108.51908706	110.28478617	111.15532178	111.48877403	111.53982107	111.61288653	111.75870223	111.95185029	112.13711835	112.23063770	112.23858700	112.15191336	112.07768576	112.01349343	111.94811162	111.98030084	112.02815306	112.11871817	112.23231666	112.34562236	112.40612990	112.44804007	112.47008644	112.47505238	112.44822947	112.45208227	112.55175337	112.78636883	113.15262693	113.62389393	114.19119082	114.64975166	115.01130883	115.37352740	115.71913715	116.08095829	116.43991711
	53.02164212	52.08826379	52.17167282	55.16938618	63.98325417	78.12370730	91.14692772	97.34071330	99.90373511	102.17122728	104.46226720	106.90659023	109.10029391	110.87848099	111.79717832	112.09730215	112.15149239	112.23962121	112.34485846	112.56312133	112.75276988	112.84321951	112.84891268	112.80100997	112.73020897	112.66263761	112.60180935	112.63764685	112.67634735	112.76718778	112.86582361	112.97024202	113.03485157	113.07377852	113.09276946	113.08884264	113.04921522	113.06383150	113.16728541	113.40340940	113.75217500	114.22539157	114.79946939	115.25199855	115.60034097	115.94547949	116.28405478	116.63796595	116.99265039
	53.64249637	52.68205209	52.74378200	55.83261221	64.88294812	79.13064183	91.97050525	98.04425767	100.58855792	102.80442341	105.07188572	107.46661611	109.62534818	111.43310711	112.38296863	112.69834611	112.76193988	112.83826326	112.97150556	113.17112288	113.35648982	113.46566259	113.48125495	113.44226308	113.35271115	113.30617345	113.24359505	113.27091074	113.29512142	113.39889422	113.47910271	113.57624243	113.63574041	113.67893879	113.68242514	113.67762816	113.64122575	113.66417169	113.75671527	113.97584299	114.32214724	114.80273931	115.37721428	115.82536569	116.16528695	116.50052190	116.83095816	117.17563622	117.52171577
	53.15698469	52.22883960	52.37156923	55.62879033	64.91108650	79.24315787	92.02144592	98.04418735	100.58511752	102.82989705	105.10937939	107.49486814	109.65034170	111.45857883	112.42041188	112.72935288	112.79617975	112.86990638	113.00557177	113.21001409	113.39444921	113.50420359	113.52459942	113.49738504	113.40676171	113.36309095	113.30751624	113.33180764	113.35909287	113.46553009	113.54398963	113.64189137	113.70123091	113.74996125	113.75231914	113.75003937	113.71515243	113.74347601	113.84198965	114.06125321	114.40972024	114.89662426	115.47609176	115.92587007	116.26406816	116.59780978	116.92694509	117.26966015	117.61273433
	53.22261561	52.33064493	52.56803321	56.08293123	65.78471606	80.24092876	92.76331480	98.61053907	101.19088497	103.34415092	105.55290491	107.86075721	109.98392639	111.75983509	112.72068424	113.03050648	113.07891219	113.13909522	113.27064334	113.48290727	113.67588504	113.78583350	113.80827269	113.79250011	113.71766354	113.66242129	113.62975614	113.62942919	113.66948450	113.76737178	113.84090814	113.93682843	113.99784507	114.04470817	114.04530578	114.04031783	114.01883104	114.04751328	114.14085682	114.35724805	114.71255768	115.20420384	115.78497248	116.23526795	116.56978479	116.89834567	117.22375594	117.55508406	117.89326276
	53.01793646	52.18159445	52.56142153	56.41516440	66.58790672	81.11385622	93.33969854	99.02315227	101.59058160	103.70990909	105.86480437	108.11365648	110.21682781	111.98490576	112.95176094	113.25874710	113.31015884	113.36770544	113.48737082	113.71340677	113.91598761	114.02524987	114.04827908	114.04229436	113.97938414	113.92542416	113.89722085	113.89229106	113.94427373	114.03101729	114.10385549	114.19154359	114.25649537	114.29841057	114.29805385	114.29164372	114.27986304	114.30869306	114.39446710	114.61074957	114.97589615	115.46965673	116.05390081	116.50473409	116.83498067	117.15698858	117.48000200	117.80194213	118.13596971
	53.88733615	53.02785689	53.43084931	57.48619276	68.00480530	82.50497599	94.33801577	99.85632758	102.34046075	104.41496473	106.53747834	108.70381712	110.72417521	112.50695300	113.52975044	113.85593639	113.91432338	113.98221975	114.07447940	114.29666624	114.52364541	114.62773058	114.65800934	114.65849810	114.60118407	114.54875834	114.51472255	114.50695006	114.56368516	114.63658010	114.70744070	114.78304542	114.84152607	114.86941143	114.87021438	114.85865157	114.85400530	114.87177589	114.93871895	115.14530183	115.50601924	115.99850652	116.57938131	117.02516048	117.34493118	117.65458212	117.96498431	118.28025374	118.60703716
	53.82769231	52.97935151	53.45345449	57.71372522	68.50057147	82.98998040	94.63080918	100.05784253	102.54695620	104.60704415	106.73341035	108.88401045	110.87093204	112.65881702	113.70513671	114.04555865	114.10757550	114.17421741	114.27483463	114.49711248	114.72509624	114.81465971	114.85902869	114.86529476	114.81474848	114.75340095	114.72573517	114.72019321	114.77920157	114.84216560	114.91868012	114.98102997	115.04093850	115.06251608	115.07063061	115.06283757	115.05676063	115.06422633	115.13381289	115.34348086	115.70346897	116.19690830	116.77909145	117.22505516	117.54064423	117.84544583	118.15140618	118.46371917	118.78790774
	54.00983919	53.17878113	53.76593597	58.38799546	69.62532480	84.06485967	95.33568205	100.59498566	103.07959670	105.08926815	107.16184536	109.26711627	111.19971743	112.98043732	114.05722066	114.41536973	114.47793672	114.55322161	114.65334956	114.87756755	115.10540505	115.20022572	115.25786353	115.26765060	115.22321273	115.15382512	115.13221044	115.12744989	115.18578982	115.24083501	115.31266800	115.36114296	115.42515909	115.44261936	115.45602353	115.44553007	115.44178325	115.43949193	115.50918519	115.71935726	116.08078534	116.57524656	117.15871131	117.60364237	117.91159681	118.20640275	118.50437474	118.81016490	119.12722213
	54.53659039	53.65825106	54.24175805	59.01106510	70.49697522	84.94691711	96.00161332	101.15508741	103.65408746	105.60227406	107.64050350	109.71345603	111.60787230	113.38438627	114.49354671	114.86526720	114.92789992	115.00238665	115.10937255	115.32886482	115.55713796	115.66040832	115.72207681	115.74024571	115.69317538	115.61692804	115.59462385	115.58632403	115.64018680	115.68901335	115.75634782	115.79291034	115.85433278	115.86861731	115.88766969	115.87118219	115.86120324	115.84656209	115.91380574	116.12288557	116.48145954	116.97306337	117.55415429	117.99586281	118.29765419	118.58472415	118.87662749	119.17662412	119.48858985
	55.06655337	54.11623224	54.68668462	59.58498612	71.30751972	85.79929148	96.67601527	101.73953365	104.29043791	106.17447753	108.18542713	110.21830501	112.07871803	113.85182665	114.99679018	115.38859569	115.44335272	115.50959633	115.63164775	115.84194068	116.06978119	116.18372233	116.24641235	116.26640043	116.22427787	116.15296021	116.12314263	116.11494230	116.15497887	116.20451060	116.26246417	116.29235093	116.34700399	116.36632750	116.37689171	116.35053576	116.32712136	116.30841930	116.37506834	116.57861692	116.93211478	117.41899640	117.99547462	118.43287678	118.72757151	119.00580374	119.29015328	119.58290634	119.88890408
	55.18822821	54.26018149	54.96664131	60.24986311	72.38925535	86.79423163	97.34733657	102.25625515	104.81675689	106.63441863	108.63098505	110.60540268	112.42833643	114.19738870	115.35809177	115.75512370	115.82356481	115.87846529	115.99427752	116.20352299	116.43168180	116.55956209	116.62873523	116.65522843	116.63453139	116.55869551	116.53505915	116.52445613	116.56191618	116.60490261	116.65739799	116.67949052	116.73403126	116.75874402	116.76681828	116.73451153	116.69552578	116.67824190	116.74959554	116.95141073	117.30454305	117.79171854	118.36741488	118.80164821	119.08832472	119.35565352	119.63115296	119.91620498	120.21597333
	55.24387429	54.36726669	55.24223074	60.96025841	73.52939853	87.79040589	97.97720190	102.72592945	105.23633924	107.07452266	108.97617301	110.90460585	112.67620881	114.42841750	115.59884886	116.00358874	116.07219703	116.13470312	116.25302439	116.46497998	116.69178682	116.81823059	116.89251688	116.92405073	116.90901165	116.83647950	116.81043867	116.79713381	116.83831991	116.86992128	116.91571287	116.94636105	116.99715387	117.01817665	117.01808091	116.98379213	116.94278691	116.93093307	117.00335594	117.20438726	117.55744957	118.04464918	118.61953263	119.05172860	119.33151035	119.58980977	119.85757087	120.13577316	120.43036032
	55.54040365	54.76464635	55.91336420	62.28530405	75.39874511	89.33082441	98.95152920	103.46818483	105.97278150	107.83123974	109.64694779	111.54014521	113.23805555	114.98243483	116.17718620	116.61728398	116.68776313	116.77046614	116.87544054	117.08707361	117.31184045	117.45801355	117.53819611	117.57333437	117.55688828	117.48634812	117.46340616	117.44453914	117.48491209	117.50325695	117.54252034	117.57750820	117.61012723	117.61580163	117.60633548	117.56536098	117.52012051	117.50952725	117.57634217	117.77128302	118.11956806	118.60289564	119.17367813	119.60052815	119.86865851	120.11129070	120.36485797	120.63009081	120.91502522
	55.42212246	54.78459198	56.15956354	62.95680466	76.34181038	90.02880448	99.34088492	103.75130168	106.31005551	108.17985139	109.99276500	111.83719667	113.52560029	115.27952881	116.48987418	116.94521522	117.02483863	117.10767636	117.21926180	117.43298470	117.65885077	117.81137397	117.89730445	117.93650432	117.92857910	117.85605262	117.83680551	117.81218171	117.86584457	117.86445325	117.90802806	117.94099251	117.97010940	117.96998696	117.95007717	117.90454068	117.86090940	117.85161764	117.91797564	118.11256991	118.46116873	118.94562861	119.51694396	119.94081147	120.20214840	120.43497605	120.67937708	120.93665349	121.21525091
	55.06519173	54.65252497	56.35498450	63.70360768	77.44043563	90.85892557	99.83489668	104.14181341	106.72777583	108.67172273	110.46163532	112.31910754	113.98844855	115.73431448	116.94352957	117.41142081	117.49106960	117.55946116	117.69361275	117.91075574	118.13856367	118.29576640	118.38813836	118.43270272	118.42875086	118.36915643	118.35331114	118.33365170	118.39011409	118.38790775	118.42371538	118.44667252	118.46698624	118.45826870	118.43383259	118.39110360	118.34410882	118.33103008	118.39687678	118.59189749	118.94233880	119.42912210	119.99983357	120.41984435	120.67272332	120.89425355	121.12784910	121.37504719	121.64463979
	55.51892855	55.39873734	57.54461251	65.66778853	79.77206246	92.58093732	100.87359723	104.95718538	107.61986935	109.61012132	111.40413008	113.18441691	114.82489138	116.54142891	117.78285648	118.28836088	118.39387335	118.46044960	118.59965305	118.82382207	119.05852194	119.22579755	119.32840447	119.38237746	119.38528519	119.35095128	119.32928898	119.31627687	119.37633647	119.37384346	119.38490636	119.38611418	119.39127271	119.37930208	119.35354448	119.30908604	119.25383187	119.23587900	119.29608019	119.48574037	119.83204072	120.31568901	120.87973092	121.29029329	121.52466178	121.72253461	121.93518274	122.16450096	122.41855531
	56.00233522	56.05797443	58.43174875	67.02072677	81.32899100	93.73873799	101.60235594	105.55005204	108.23450198	110.28305753	112.03253029	113.73946497	115.36404985	117.04940821	118.31279089	118.84403703	118.97523378	119.05073164	119.19291296	119.41660395	119.65596996	119.82797179	119.93495426	119.99275002	119.99783227	119.98102059	119.95839229	119.94808912	119.98515911	119.97800973	119.97623661	119.97247715	119.97074042	119.96235789	119.93322991	119.88264322	119.82061676	119.80028441	119.85689488	120.04085031	120.38171805	120.85809746	121.41303405	121.81500752	122.03831933	122.22236296	122.42253868	122.64038528	122.88355240
	55.18673819	55.39249870	58.07556999	67.28108040	81.95269801	94.20759604	101.87488206	105.80454917	108.56719892	110.68749653	112.39241733	114.06576281	115.65815181	117.32681304	118.60050774	119.14288155	119.29868733	119.37638852	119.51520604	119.73466960	119.97806222	120.15696892	120.27199862	120.33645984	120.34753108	120.35533548	120.33134213	120.33262291	120.35030283	120.34034418	120.33140288	120.32489832	120.32109455	120.31509699	120.28604137	120.23490236	120.17026737	120.15027545	120.20765028	120.39147089	120.73244949	121.20777585	121.75965539	122.15535593	122.36970944	122.54192770	122.73204720	122.94107873	123.17697412
	54.94473675	55.32136169	58.36970201	68.35108620	83.38591904	95.27733302	102.55861251	106.39121131	109.26637259	111.51849933	113.24483111	114.88481065	116.44672277	118.11132790	119.43829749	120.03860554	120.22718245	120.34557346	120.51257112	120.75250083	121.00529785	121.19357041	121.31497091	121.38667613	121.39751321	121.39674059	121.38096582	121.37581231	121.36426899	121.34772021	121.33566946	121.31932373	121.30630471	121.29033731	121.25114994	121.18970286	121.11245080	121.08519999	121.13684828	121.31079228	121.63758351	122.09702306	122.62944803	123.00466196	123.19560088	123.34264452	123.51055952	123.69901487	123.91601559
	54.37595618	54.94680335	58.44451355	69.31040331	84.84061893	96.46910024	103.40564325	107.18519649	110.17627826	112.56347573	114.30904571	115.89181084	117.41807523	119.06245347	120.41542126	121.05227749	121.26362010	121.42033656	121.62158103	121.88771140	122.15215356	122.35260883	122.48316990	122.55655846	122.56854804	122.57592990	122.55488741	122.53494003	122.51463569	122.49462559	122.47771296	122.45385506	122.43283458	122.40985250	122.36341864	122.29251052	122.20530583	122.17346453	122.22268390	122.39007040	122.70567113	123.14888206	123.65748612	124.00948521	124.17820509	124.30171525	124.44511048	124.60895276	124.80074452
	52.88790294	53.53359864	57.32206574	68.70490301	84.58329520	96.29560905	103.27150751	107.13347379	110.23964212	112.71024470	114.47859476	116.04757645	117.56870024	119.20433157	120.56227293	121.20891714	121.42934300	121.59754432	121.80925878	122.07869932	122.35030879	122.55726566	122.69445156	122.77385282	122.79100121	122.80278087	122.78541048	122.76311670	122.74252598	122.72160090	122.70173387	122.67618489	122.65402732	122.63080456	122.58396863	122.51266879	122.42561493	122.39389631	122.44335277	122.61009304	122.92450685	123.36557576	123.86907847	124.21363990	124.37297036	124.48518209	124.61784547	124.77300107	124.95762821
	52.69546871	53.47070486	57.47910576	69.61208380	86.00798252	97.53673397	104.20956634	108.06662892	111.34776850	114.01372674	115.85534672	117.38973849	118.88127117	120.50259228	121.90601483	122.62151739	122.89816679	123.11382293	123.36176173	123.64322697	123.91971550	124.13124097	124.26939642	124.34513502	124.35573948	124.36116862	124.34864751	124.31230414	124.28001359	124.24823243	124.21639430	124.17680044	124.14048891	124.10283694	124.04208026	123.95264325	123.84662270	123.80021944	123.83531366	123.98253922	124.27067841	124.67809395	125.14140780	125.45225579	125.58502593	125.66764887	125.76765785	125.88830387	126.03900965
	51.22807476	52.01115321	56.20080271	68.76162545	85.51268836	97.20413917	103.98525544	107.96301580	111.38098333	114.14871934	116.04473790	117.60410521	119.10758114	120.73809441	122.15914060	122.89601239	123.19054818	123.42047942	123.67846915	123.96637847	124.24450262	124.45764349	124.59677764	124.67316682	124.68369289	124.68903048	124.67655391	124.63746268	124.60284013	124.56806890	124.53230187	124.48834846	124.44847993	124.40646937	124.34183401	124.24902802	124.13932934	124.08977475	124.12094459	124.26333855	124.54560889	124.94598709	125.40181014	125.70296851	125.82397440	125.89315352	125.97908555	126.08736000	126.22878774
	50.17339719	50.96441137	55.29520003	68.13896223	85.10901279	96.91131048	103.77930804	107.84664483	111.35499206	114.18577931	116.11947870	117.70077561	119.21569941	120.85480681	122.28772779	123.03831489	123.34431024	123.58282862	123.84635454	124.13763497	124.41630365	124.62964266	124.76862931	124.84503105	124.85517361	124.86043182	124.84752707	124.80732382	124.77152254	124.73515741	124.69719057	124.65066834	124.60858329	124.56371529	124.49642993	124.40190948	124.28999533	124.23836909	124.26707541	124.40657621	124.68558929	125.08216947	125.53445386	125.82983343	125.94292480	126.00291891	126.07922502	126.17928182	126.31495118
	49.73385597	50.55875835	54.95779793	67.84590339	84.82887219	96.66954038	103.58907096	107.68732732	111.20782308	114.02297857	115.94919387	117.53168746	119.04818947	120.68814701	122.11482268	122.85488740	123.15380141	123.38747323	123.64706717	123.93671394	124.21541803	124.42926764	124.56919609	124.64733643	124.65934984	124.66641765	124.65513229	124.61698985	124.58337551	124.54875167	124.51234300	124.46772465	124.42786995	124.38492938	124.31957005	124.22734591	124.11801076	124.06825541	124.09859840	124.24087494	124.52424091	124.92584833	125.38325327	125.68213335	125.79679543	125.85874865	125.93718343	126.03931670	126.17746723
	49.12802131	49.97080554	54.51212408	67.66402534	84.78555757	96.63464277	103.56129484	107.71140776	111.30004830	114.16314750	116.11599392	117.70844624	119.22717185	120.87154307	122.31041601	123.06514745	123.37640358	123.61947941	123.88521595	124.17704447	124.45593673	124.66914759	124.80814697	124.88519439	124.89583102	124.90191167	124.88985446	124.85123899	124.81605533	124.77999873	124.74225221	124.69559068	124.65322178	124.60763362	124.53914596	124.44401806	124.33137683	124.27877109	124.30643917	124.44514253	124.72418922	125.12035855	125.57184020	125.86448338	125.97149657	126.02477390	126.09370045	126.18695994	126.31776721
	48.38971105	49.23038169	53.96081540	67.54419501	84.91210750	96.75632180	103.66107939	107.88325111	111.58777869	114.55701931	116.56897139	118.18128717	119.70576534	121.35882580	122.82730089	123.62009574	123.96117678	124.22619997	124.50725286	124.80492730	125.08429315	125.29596228	125.43235645	125.50573068	125.51201555	125.51454624	125.49953588	125.45777023	125.41777731	125.37733642	125.33549507	125.28307188	125.23396359	125.18166228	125.10559357	125.00313009	124.88210760	124.82256259	124.84376546	124.97318534	125.24003835	125.62142789	126.05730723	126.33491511	126.42592192	126.46074556	126.50972532	126.58456568	126.69951773
	47.67993968	48.52885496	53.41918047	67.33473512	84.89038914	96.75950614	103.68074446	107.97615127	111.78935743	114.84361895	116.90288323	118.53861024	120.08057399	121.75249699	123.24497670	124.06140149	124.42281738	124.70325590	124.99499291	125.29718018	125.57703819	125.78678058	125.92010970	125.98959731	125.99103379	125.98995899	125.97250765	125.92892004	125.88622506	125.84290925	125.79858516	125.74249715	125.68877113	125.63168570	125.55011958	125.44178883	125.31416252	125.24878735	125.26429504	125.38655236	125.64497912	126.01659391	126.44114075	126.70674137	126.78501443	126.80619594	126.84017318	126.90062155	127.00298527
	46.77797761	47.64379592	52.74349329	67.06205902	84.83140683	96.72945416	103.67676197	108.06295061	112.00784597	115.16110385	117.27629826	118.94247167	120.50760288	122.20429548	123.72323409	124.56407123	124.94820220	125.24636041	125.54968465	125.85671599	126.13703269	126.34410742	126.47359309	126.53828240	126.53395475	126.52867885	126.50829616	126.46329020	126.41797727	126.37174956	126.32503505	126.26541636	126.20673226	126.14441586	126.05682187	125.94157167	125.80632118	125.73407019	125.74283500	125.85714283	126.10652097	126.46775240	126.87996073	127.13183036	127.19533741	127.20094708	127.21764966	127.26124705	127.34906130
	46.51426588	47.38871744	52.62477025	67.22450002	85.10634172	96.94581375	103.83655355	108.24798388	112.26439040	115.47935524	117.62515315	119.29705239	120.86695261	122.57198165	124.11113911	124.97539791	125.37908350	125.69159319	126.00480514	126.31547596	126.59583912	126.80096508	126.92749803	126.98828429	126.97968824	126.97109142	126.94797420	126.90127457	126.85335995	126.80393820	126.75423270	126.69069297	126.62713883	126.55984318	126.46676982	126.34528905	126.20349643	126.12513477	126.12757257	126.23405998	126.47393531	126.82425166	127.22475200	127.46550010	127.51810107	127.51127384	127.51466252	127.54553654	127.62254057
	46.51397024	47.39578060	52.68295339	67.38353920	85.28963721	97.08273510	103.93136339	108.34057040	112.37778837	115.61152068	117.76394291	119.43224538	121.00053291	122.70668893	124.25398363	125.12841666	125.54004888	125.85814595	126.17523880	126.48729754	126.76770824	126.97217238	127.09764851	127.15691935	127.14670232	127.13688775	127.11273523	127.06534399	127.01636970	126.96547472	126.91435090	126.84901439	126.78337772	126.71393491	126.61868982	126.49467087	126.35028881	126.26940466	126.26915337	126.37228974	126.60799638	126.95358422	127.34921151	127.58553247	127.63404108	127.62223544	127.62043215	127.64644877	127.71946624
	46.35114641	47.24669826	52.59765408	67.39193509	85.32527571	97.10408272	103.94457203	108.36638699	112.42936537	115.68015555	117.84011228	119.51190576	121.08290748	122.79453135	124.34874818	125.22971777	125.64706953	125.96903088	126.28917381	126.60264192	126.88325006	127.08710130	127.21172262	127.27004120	127.25826638	127.24748684	127.22263926	127.17412371	127.12406516	127.07207595	127.01992753	126.95328015	126.88596235	126.81523409	126.71843032	126.59270165	126.44656059	126.36401351	126.36234970	126.46381115	126.69734033	127.04056252	127.43342757	127.66659217	127.71191626	127.69668493	127.69102205	127.71367869	127.78378354
	44.66692391	45.64153284	51.34570991	66.51839502	84.58988336	96.46523841	103.44144195	107.99410339	112.16951789	115.47485016	117.67915912	119.39314396	120.99394906	122.72346275	124.28541554	125.17348062	125.60235657	125.93214598	126.25427486	126.56724222	126.84574234	127.04622341	127.16880566	127.22643838	127.21445807	127.20485162	127.18086708	127.13511611	127.08711820	127.03498820	126.98228025	126.91505502	126.84669076	126.77509636	126.67805629	126.55131820	126.40518735	126.32112235	126.31693427	126.41724254	126.65103396	126.99627861	127.39202548	127.62124506	127.65671897	127.62888652	127.61170167	127.62567730	127.69117202
	42.62358052	43.70185843	49.94554104	65.73402007	83.98191932	95.89388904	102.96687332	107.67117284	111.99521307	115.37581503	117.63596375	119.39874802	121.03097603	122.78541605	124.36647939	125.27035832	125.71831654	126.06302048	126.39189011	126.70662028	126.98243492	127.17774045	127.29608289	127.35090667	127.33660468	127.32642367	127.30243137	127.25790676	127.21073490	127.15769832	127.10310183	127.03304979	126.96051952	126.88444175	126.78233418	126.65111108	126.50075698	126.41062990	126.39952653	126.49448269	126.72456986	127.06777175	127.46320040	127.68502001	127.70580651	127.66004505	127.62549022	127.62629825	127.68321603
	41.49051282	42.62797846	49.25426558	65.52645994	83.90099314	95.77399275	102.84466812	107.63013293	112.05563434	115.49544913	117.79358019	119.58389574	121.23168180	123.00414694	124.60622467	125.52774133	125.99266991	126.35191291	126.68923334	127.00729619	127.28145976	127.47267310	127.58677069	127.63781161	127.61971896	127.60696371	127.58169370	127.53563036	127.48701439	127.43234756	127.37520284	127.30116262	127.22324658	127.14101542	127.03147066	126.89432058	126.73723034	126.63961486	126.62087543	126.70861812	126.93206263	127.26893985	127.65932014	127.87344745	127.88283649	127.82377088	127.77558024	127.76553386	127.81389554
	41.01626463	42.20651206	48.98916259	65.40155861	83.76542279	95.61522560	102.70492289	107.51853293	111.94876411	115.37278219	117.66348331	119.45260951	121.09951304	122.86983160	124.46269941	125.37533332	125.83658901	126.19396409	126.52896574	126.84605597	127.11951289	127.31093758	127.42589960	127.47841692	127.46200763	127.45125270	127.42773952	127.38363758	127.33673439	127.28355861	127.22789255	127.15615220	127.08031030	126.99979286	126.89222604	126.75737893	126.60307707	126.50720985	126.49029638	126.58053796	126.80739453	127.14801536	127.54211153	127.75741602	127.76627197	127.70666901	127.65851063	127.64889957	127.69858523
	39.36040409	40.64922926	47.94360950	64.93105681	83.44113849	95.28184289	102.42204842	107.37722470	111.94829764	115.46083588	117.81507133	119.65752620	121.34193998	123.14466438	124.76529572	125.70577963	126.19493060	126.57431812	126.91761321	127.23680660	127.50575425	127.68958563	127.79729628	127.84308008	127.82145250	127.80720475	127.78466625	127.74196129	127.69498444	127.64051947	127.58277142	127.50620132	127.42437466	127.33424676	127.21731686	127.07362281	126.91192781	126.80663980	126.77974201	126.85976174	127.07731876	127.41013338	127.79766128	128.00002632	127.98988879	127.90797615	127.83726283	127.81022247	127.84734500
	39.23330112	40.53922681	47.88046670	64.89281598	83.38191339	95.20951679	102.35308720	107.31045845	111.87375516	115.37500140	117.72358186	119.56517813	121.24908225	123.05118593	124.66863212	125.60564814	126.09299317	126.47101966	126.81268255	127.13139279	127.40038248	127.58459139	127.69283773	127.73952647	127.71907524	127.70594156	127.68453772	127.64296474	127.59701020	127.54320261	127.48612689	127.41019845	127.32928438	127.23987757	127.12377854	126.98108490	126.82088040	126.71661475	126.69061783	126.77188526	126.99118651	127.32629339	127.71624491	127.91995707	127.91029256	127.82909714	127.75915429	127.73326041	127.77186437
	38.01750607	39.45490200	47.19696981	64.49837479	82.96945715	94.78329181	102.00556912	107.08735145	111.72823999	115.26023699	117.63962938	119.51212690	121.22481708	123.05159211	124.67861056	125.62491325	126.12637109	126.51309795	126.85808005	127.17645572	127.44136867	127.62041730	127.72447212	127.76771263	127.74562921	127.73146417	127.71148977	127.67267444	127.62789161	127.57531516	127.51931074	127.44389309	127.36273271	127.27176143	127.15362589	127.00742908	126.84632480	126.73937453	126.71046950	126.78999813	127.00878296	127.34401386	127.73403301	127.93061894	127.90721558	127.81086066	127.72684667	127.69100403	127.72319624
	36.49415303	38.08935015	46.37894827	64.18537422	82.71898986	94.50272752	101.78969358	107.03998008	111.82440579	115.43490089	117.87044633	119.78759209	121.53721054	123.38962330	125.03631395	126.00588098	126.53279579	126.93711449	127.29123176	127.60987213	127.86832316	128.03853262	128.13417145	128.16951485	128.14114575	128.12233016	128.10137334	128.06298721	128.01728405	127.96370550	127.90640974	127.82859233	127.74325785	127.64636333	127.52155658	127.36733581	127.19976648	127.08473596	127.04723871	127.11859982	127.32963149	127.65660472	128.03737574	128.21879229	128.17338540	128.05304954	127.94678570	127.89218256	127.90987697
	35.74300218	37.45489080	46.08169825	64.18334237	82.72572324	94.45967593	101.76332037	107.10846135	111.98306501	115.64502380	118.11236528	120.05540542	121.82015984	123.67810427	125.33339764	126.31548444	126.85527634	127.26905881	127.62893088	127.94677818	128.20085477	128.36541169	128.45561901	128.48575338	128.45280915	128.43065371	128.40789437	128.36861000	128.32164467	128.26679405	128.20770459	128.12772882	128.03936963	127.93898148	127.80993694	127.65171683	127.47931139	127.35929855	127.31603894	127.38189293	127.58717298	127.90761815	128.28036677	128.45203562	128.39408950	128.26082659	128.14348594	128.07784766	128.08612685
	35.21412650	37.11429741	46.01131487	64.01950205	82.27490448	93.92081705	101.28852213	106.69607738	111.57262516	115.22081594	117.69462692	119.65838150	121.43386261	123.30954230	124.96250222	125.93611518	126.47407995	126.88486774	127.24150837	127.55690398	127.80904529	127.97196029	128.06284538	128.09483360	128.06531020	128.04594678	128.02596832	127.99038166	127.94587252	127.89411885	127.83663012	127.75849504	127.67346784	127.57705311	127.45066118	127.29601069	127.12714030	127.01082513	126.97068519	127.04253090	127.25529016	127.58545293	127.96831035	128.14232587	128.08226079	127.94688803	127.82922019	127.76572184	127.77809994
	34.89736221	36.95879674	46.27369666	64.54752261	82.66353014	94.11800778	101.40990386	106.86500926	111.80238936	115.49462086	118.00050352	119.97050125	121.76143549	123.64947453	125.31643046	126.30690752	126.86493598	127.29118080	127.65662408	127.97295531	128.22121534	128.37896413	128.46469867	128.49144437	128.45622150	128.43261954	128.41049221	128.37295320	128.32587567	128.27154162	128.21180564	128.13075744	128.04129096	127.94026663	127.80755433	127.64626099	127.46867602	127.34259216	127.29422564	127.35841740	127.56276832	127.88343621	128.25559680	128.41599874	128.34071773	128.18944083	128.05625031	127.97807063	127.98096433
	34.51617717	36.75636979	46.42154162	64.81524839	82.72594081	94.02536835	101.29670925	106.79112474	111.74576931	115.43278616	117.93650179	119.91639326	121.71050673	123.59595453	125.25628415	126.24223359	126.80184868	127.22884929	127.59520782	127.90965478	128.15512970	128.31072331	128.39542188	128.42200104	128.38704939	128.36414100	128.34203000	128.30569747	128.25952428	128.20576182	128.14561604	128.06450702	127.97629631	127.87714597	127.74484834	127.58518817	127.40900497	127.28310756	127.23439214	127.29956737	127.50547002	127.82811522	128.20071418	128.35763982	128.27676605	128.12083389	127.98488250	127.90380079	127.90584584
	34.27888002	36.67811510	46.54546841	64.83777026	82.48581712	93.68510133	100.98767978	106.52761892	111.48996088	115.18131867	117.69882450	119.70405385	121.50866142	123.40276676	125.05709066	126.03767398	126.59697723	127.02226306	127.38912052	127.70106492	127.94492907	128.09913082	128.18396377	128.21139162	128.17803137	128.15742122	128.13538966	128.10193525	128.05874008	128.00790775	127.95074442	127.87196761	127.78570779	127.68937892	127.56003980	127.40309740	127.22890702	127.10349210	127.05608175	127.12437360	127.33417694	127.66183107	128.03936755	128.19507236	128.10991583	127.95137745	127.81309270	127.73047047	127.73201084
	33.85006032	36.60954186	47.05171383	65.39175705	82.59915557	93.52192597	100.80884363	106.46592832	111.53688705	115.30525273	117.89731692	119.94580746	121.78244847	123.69530910	125.36128368	126.35830754	126.93975782	127.37540460	127.74371242	128.05072973	128.28527103	128.42845852	128.50302686	128.52229598	128.48257388	128.45891676	128.43594694	128.40304760	128.36008234	128.30680545	128.24685905	128.16346476	128.07188111	127.96949862	127.83250331	127.66775183	127.48475128	127.34945535	127.29326232	127.35283168	127.55389937	127.87390336	128.24266373	128.38257073	128.27773625	128.10078217	127.94574721	127.84899473	127.83875627
	33.74175818	36.72037104	47.44448516	65.71772610	82.61024735	93.35276545	100.62017969	106.30738698	111.39588498	115.17277695	117.78186939	119.83587973	121.69122482	123.61026514	125.27499275	126.27209110	126.85843892	127.29646181	127.66150025	127.96663806	128.19844808	128.33891546	128.41131092	128.42958185	128.38978523	128.36691256	128.34479266	128.31279228	128.27087132	128.21753724	128.15731629	128.07411880	127.98290318	127.87955289	127.74091073	127.57478456	127.39043653	127.25327630	127.19599010	127.25536039	127.45700543	127.77857798	128.14855628	128.28584847	128.17558369	127.99404729	127.83551248	127.73692924	127.72636840
	33.83706119	37.02994881	47.80392198	65.69069209	82.14887517	92.73839663	100.03229937	105.70729311	110.72357753	114.42571214	116.97513293	119.02030648	120.89854398	122.81043344	124.44351377	125.41363960	125.97817019	126.40483382	126.76043671	127.06423370	127.29988556	127.44741566	127.52868933	127.55673358	127.52767357	127.51383240	127.49419488	127.46584180	127.43016584	127.38330039	127.32883307	127.25441692	127.17338426	127.08015916	126.95175648	126.79725898	126.62583854	126.50048263	126.45533610	126.53047771	126.75060319	127.09242053	127.48402179	127.63586832	127.53660547	127.36786757	127.22189841	127.13824710	127.14221573
	33.79330033	37.30506597	48.24464102	65.70012628	81.60199454	91.97991738	99.31668265	105.03851641	110.05169206	113.72847171	116.26577143	118.32797628	120.24752663	122.16403214	123.77744383	124.73550645	125.29276790	125.71268101	126.06101374	126.36057254	126.59562907	126.74463448	126.82930094	126.86237464	126.84046260	126.83344657	126.81623881	126.79139919	126.76218747	126.71868555	126.66674173	126.59659361	126.52055230	126.43180379	126.30757402	126.15880546	125.99434151	125.87416118	125.83448046	125.91847843	126.15032569	126.50634998	126.91501818	127.07500756	126.97828559	126.81456838	126.67381867	126.60023041	126.61440217
	33.64627496	37.38682112	48.46123335	65.66774926	81.21989839	91.45056141	98.82480421	104.62633463	109.69823805	113.37713422	115.96789571	118.06649984	120.01060403	121.93883454	123.54766807	124.50962876	125.07355384	125.49001896	125.83709626	126.13381945	126.36608025	126.51293781	126.59638589	126.62909049	126.60854405	126.60205939	126.59067826	126.56822029	126.54519113	126.50052373	126.44911859	126.37934452	126.30393182	126.21486627	126.09001750	125.94060564	125.77689938	125.65642659	125.61673152	125.70202075	125.93660931	126.29670429	126.70997811	126.86871116	126.76736230	126.59940992	126.45522625	126.38177640	126.39747587
	33.59845832	37.70568009	49.21001010	66.37571906	81.54386811	91.51747148	98.85582711	104.77827450	109.98668065	113.73831870	116.38717265	118.49987626	120.49007878	122.43614153	124.06287149	125.04747016	125.63604948	126.06436730	126.41403829	126.70584738	126.92805345	127.06353774	127.13613462	127.15944259	127.13119246	127.12190266	127.10915914	127.07864452	127.05161472	127.00259555	126.94502069	126.86766302	126.78256480	126.68284391	126.54671599	126.38649430	126.21043234	126.07825380	126.02607223	126.09735941	126.31820628	126.66461094	127.06613546	127.20786729	127.08886886	126.90205718	126.74016531	126.65330112	126.65740849
	33.48970905	37.76129772	49.25420812	66.10355027	80.96976574	90.86049872	98.27133920	104.25396609	109.47533397	113.16784131	115.87617402	118.01971626	119.98496981	121.92089693	123.52042158	124.47453264	125.05393069	125.47820522	125.82265511	126.11110727	126.33293417	126.47067349	126.54738806	126.57585841	126.55432905	126.54353594	126.53815471	126.52813913	126.51566319	126.46649970	126.41451634	126.34414503	126.26683903	126.17184375	126.04355601	125.89197820	125.72548075	125.60247315	125.55899419	125.64134762	125.87483666	126.23492572	126.64892099	126.79798091	126.68324731	126.50137117	126.34595835	126.26692168	126.27877936
	33.06001060	37.90872824	49.66251829	66.01163918	80.19311045	89.79228724	97.30286461	103.44740843	108.70067740	112.29538861	114.98080367	117.19526991	119.15300086	121.08066576	122.64366543	123.57787303	124.16787988	124.57761268	124.91140144	125.19349005	125.41131542	125.54907937	125.62964544	125.66529710	125.65464455	125.65895865	125.64475390	125.64061994	125.65545242	125.60746872	125.56129630	125.49854072	125.43077712	125.34381579	125.22425063	125.08322041	124.92911115	124.81923968	124.78743237	124.88537064	125.13858890	125.51870789	125.94966307	126.10614230	125.99234189	125.81346124	125.66443164	125.59238201	125.61470567
	32.51107081	38.15070921	50.55210691	66.71233631	80.24601506	89.46449989	96.99974487	103.37427686	108.74548910	112.36880562	115.04844388	117.28401864	119.18226450	121.10671915	122.67085869	123.61625525	124.21727687	124.63759740	124.96940878	125.24459649	125.45105723	125.57646655	125.64953746	125.68202537	125.67717679	125.67194605	125.66079474	125.68419675	125.69699610	125.64094594	125.59105320	125.52776866	125.45906633	125.37089209	125.24849194	125.10443688	124.94920958	124.83725018	124.80205568	124.89905740	125.15298735	125.53107581	125.95814891	126.10202592	125.97071812	125.77780004	125.61771633	125.53819423	125.55472753
	32.18075407	38.29336464	50.95681909	66.86950852	79.96408107	88.98452542	96.59165672	103.09462601	108.41429919	112.00941335	114.67555082	116.88643713	118.72308474	120.60616635	122.13743029	123.05939563	123.63761217	124.05204628	124.38090651	124.65265749	124.85872954	124.98454014	125.06662833	125.10488351	125.11046487	125.10275156	125.10382861	125.15616120	125.17169220	125.12847348	125.08438652	125.03148930	124.97025217	124.88944262	124.77410893	124.64014253	124.49662645	124.39354289	124.36928003	124.47994499	124.74815305	125.13863300	125.57625732	125.72046731	125.58847421	125.39766530	125.24136453	125.16685410	125.18620063
	31.59521468	38.32582143	51.27593732	66.88716593	79.43527869	88.21682075	95.93718297	102.58099722	107.75970632	111.27279379	114.01791349	116.15795971	117.96512459	119.76604554	121.23383080	122.12603555	122.67960588	123.08280026	123.40493817	123.67427070	123.88393065	124.01411749	124.11298089	124.16174672	124.16914879	124.17898494	124.19732486	124.26827388	124.28647829	124.26355512	124.25699907	124.21677388	124.16419217	124.09813698	123.99845421	123.88435530	123.76220998	123.67619606	123.67066557	123.80262495	124.09371279	124.50585530	124.96132482	125.10851535	124.97764178	124.79122797	124.64303269	124.57582715	124.60316504
	31.11034996	38.36823407	51.62090982	67.09557510	79.28168905	87.87801172	95.66658209	102.41866947	107.52853311	111.06920841	113.81097088	115.87328548	117.65101562	119.40995184	120.86311711	121.74916418	122.30210995	122.70471481	123.03059814	123.30644848	123.51987351	123.65388385	123.75132573	123.80731799	123.81811013	123.82425618	123.84645433	123.91753892	123.95051146	123.92596934	123.94608406	123.91184320	123.86546905	123.80689355	123.71738133	123.61567964	123.50661907	123.43163696	123.43672801	123.57863960	123.87932167	124.29940626	124.75974268	124.90270070	124.76759804	124.58051712	124.43329775	124.36717100	124.39521294
	30.46405451	38.37573476	52.04195981	67.38043013	79.19955943	87.60867597	95.48351274	102.33880166	107.42287594	110.89133252	113.57710707	115.52686580	117.26865191	118.96367386	120.35991418	121.22002883	121.76670213	122.17067656	122.49989332	122.78384631	123.00657496	123.15031252	123.24498919	123.31190038	123.33198930	123.36415928	123.37547278	123.43476294	123.50467391	123.48919789	123.51709689	123.50882796	123.47859765	123.42844149	123.35536556	123.27307950	123.18434786	123.12729356	123.15031432	123.30927753	123.62613055	124.05810861	124.52566605	124.66910820	124.53464829	124.35170091	124.20901244	124.14606292	124.17835012
	29.82381937	39.05502146	53.75832295	68.98538927	80.22915908	88.26376732	96.08449036	102.85839698	107.68262887	110.85077936	113.39952477	115.21246548	116.84031075	118.45845416	119.76191850	120.58734918	121.12290505	121.52857758	121.86371869	122.15720676	122.39204966	122.54873221	122.64988129	122.73387149	122.76657186	122.81608117	122.87349646	122.91574936	122.97712173	123.02370770	123.06416363	123.07435490	123.07131242	123.04189589	122.99110551	122.93036425	122.86547768	122.83258884	122.87711256	123.05576209	123.38732386	123.82697682	124.29548521	124.43854207	124.30983327	124.13427775	123.99747843	123.93853204	123.96949926
	29.65810818	39.85995089	55.31184049	70.44823151	81.29810368	89.05996055	96.77843352	103.42767195	108.02688560	111.03700632	113.47976033	115.17386909	116.73039091	118.27828854	119.53193262	120.34093222	120.87160806	121.27755575	121.61777728	121.91859487	122.16117720	122.32630215	122.43440434	122.52786715	122.56643815	122.61353399	122.69116334	122.75520033	122.80803538	122.86801842	122.92617209	122.94066230	122.94580997	122.93280914	122.89563577	122.84839116	122.79788053	122.77698954	122.82961271	123.01400498	123.34833418	123.78629692	124.25009574	124.39217140	124.26798859	124.09759136	123.96445321	123.90726851	123.93231971
	29.76324799	40.93466069	56.99265469	71.91272554	82.31598736	89.79824661	97.40660849	103.88892576	108.20551619	111.10867277	113.43037714	115.00980418	116.48467939	117.95538227	119.15811488	119.93853098	120.46650959	120.87188551	121.21658146	121.52339896	121.77396316	121.94918667	122.07564273	122.17907322	122.22394474	122.27320176	122.34659802	122.43532135	122.49408605	122.56716207	122.64467073	122.67286826	122.68682155	122.69100824	122.66835512	122.63795124	122.60443059	122.59741513	122.65959063	122.84993057	123.18781417	123.62618149	124.08744712	124.23036654	124.11151503	123.94702567	123.81888925	123.76529182	123.79027802
	30.37731119	42.84762485	59.46150394	73.91999776	83.69129779	90.84252906	98.33762366	104.52726252	108.43890285	111.24943715	113.28481773	114.75261205	116.08788984	117.44920021	118.56706411	119.29690442	119.81529934	120.21938408	120.56778999	120.88302306	121.14300129	121.33067553	121.47551407	121.58224953	121.63802211	121.70705522	121.77836414	121.89739832	121.96724286	122.03336209	122.14767818	122.21335477	122.24828183	122.27445377	122.27168294	122.26371727	122.25632288	122.26868748	122.34523239	122.54675922	122.89341957	123.33591173	123.79615102	123.94276138	123.83347052	123.67818236	123.55770612	123.50979657	123.53952333
	30.92565875	44.49621739	61.48080001	75.51511885	84.79056153	91.69705796	99.08782425	105.03427553	108.69409471	111.29985098	113.13953716	114.49391016	115.74422890	117.01416601	118.06461171	118.74458219	119.24822984	119.65073815	120.00248392	120.32888208	120.59782665	120.80107696	120.94770171	121.06932153	121.14177966	121.22761066	121.32693396	121.43926882	121.53282409	121.62563492	121.75153617	121.82879859	121.89225914	121.93254568	121.94826591	121.95967064	121.97384278	122.00304289	122.09253061	122.30512166	122.66016587	123.10612166	123.56700650	123.71716767	123.61632490	123.46894088	123.35463753	123.30992331	123.34138333
	31.64832342	46.19009646	63.51414868	77.18367978	86.01750151	92.66951267	99.90336079	105.64790096	109.09969271	111.53172757	113.21237296	114.48730042	115.66767752	116.87708420	117.88423872	118.54491073	119.04641500	119.44935123	119.80575509	120.14036291	120.41633096	120.63040086	120.78120186	120.91532253	121.00211965	121.08790468	121.19632101	121.31401673	121.42566983	121.53018448	121.66479304	121.75828572	121.83089578	121.88008607	121.90874771	121.93342648	121.96062310	121.99915376	122.09358338	122.30921699	122.66438363	123.10657313	123.56288269	123.71079088	123.61201651	123.46608425	123.35235695	123.30608337	123.33370995
	32.49951837	47.97921762	65.55802307	78.87067668	87.30062919	93.68774518	100.73511837	106.33319992	109.67469330	111.93529208	113.52667809	114.75055640	115.86495305	117.03532528	118.03652441	118.70352079	119.21186482	119.61695287	119.98044615	120.32211397	120.60370895	120.82390606	120.98047786	121.12254852	121.21934675	121.29995767	121.40569766	121.53681687	121.66629099	121.76732776	121.90848438	122.00937384	122.08614591	122.14303784	122.18150234	122.21286887	122.24687499	122.28854552	122.38159674	122.59251296	122.93969970	123.37148485	123.81783610	123.95921486	123.85731913	123.70690265	123.58769586	123.53254137	123.54914135
	34.06912249	50.66918880	68.30159747	80.97675244	88.84158669	94.91582539	101.74340061	107.12143949	110.22860126	112.25838890	113.72848993	114.84979595	115.85775532	116.96714683	117.93185499	118.60268826	119.10400916	119.51672257	119.88986004	120.24221866	120.53115340	120.75819278	120.91928172	121.05639929	121.16924334	121.24964824	121.38233486	121.52285355	121.65778184	121.77782171	121.92651215	122.03880032	122.12678538	122.20594178	122.25710120	122.30200078	122.34973206	122.40134311	122.49850092	122.71068894	123.05481314	123.48020173	123.91789686	124.05509558	123.95310184	123.80125449	123.67910325	123.61882919	123.62191958
	36.11614807	53.89012122	71.40416170	83.28228561	90.51200342	96.25493773	102.83854189	107.93577895	110.76995632	112.51918940	113.83408715	114.82888095	115.74151003	116.77476379	117.69010409	118.33995537	118.83186981	119.24683475	119.63158608	119.98610788	120.28097122	120.52134073	120.69669134	120.84740687	120.97194656	121.06560265	121.22740789	121.35272941	121.50607438	121.65820853	121.80408192	121.93092516	122.04419336	122.13981580	122.20550252	122.26837949	122.33336851	122.39886828	122.50422514	122.72289611	123.06945622	123.49174418	123.92238491	124.05745386	123.95815273	123.80824419	123.68540036	123.62195584	123.62166132
	39.52938370	58.42610415	75.30451018	86.00198895	92.42821033	97.77052238	104.04055557	108.74727610	111.21879183	112.70746487	113.81191103	114.65525261	115.46263755	116.40825640	117.26030964	117.88206958	118.37255865	118.77393285	119.17067668	119.53965447	119.84944444	120.10487507	120.29022320	120.45310559	120.58004689	120.71282098	120.88131737	121.02846097	121.16890485	121.36264537	121.52088114	121.67029902	121.80727337	121.92177030	122.01094607	122.09644291	122.18420601	122.26755321	122.38641067	122.61532998	122.96788364	123.38930499	123.81441926	123.94862824	123.85389936	123.70815893	123.58561803	123.51983510	123.51343881
	42.35094451	61.50414979	77.59563966	87.48936568	93.44272727	98.55418504	104.64215750	109.11664942	111.37923361	112.74255952	113.76081237	114.54876033	115.29715035	116.19447665	117.01585811	117.62247896	118.12336524	118.51932824	118.92605178	119.31427924	119.64578946	119.90513379	120.10081122	120.26307237	120.38931719	120.55742709	120.71117487	120.88271550	121.03727058	121.23250446	121.40053558	121.56878996	121.71971432	121.84672366	121.94994023	122.04952062	122.15190504	122.24697667	122.37356260	122.60673190	122.96049479	123.37940114	123.79858071	123.93051669	123.83592966	123.69050814	123.56589137	123.49640510	123.48449803
	45.45595626	64.97136483	80.32165334	89.40115988	94.83586960	99.63510696	105.47357721	109.72906109	111.85874191	113.10684099	114.06592663	114.80007074	115.50627547	116.37115279	117.17325643	117.77923298	118.29124745	118.70536688	119.12327899	119.52777215	119.87894019	120.14322437	120.36205519	120.51777031	120.64527454	120.81661063	120.97007000	121.16679824	121.32699524	121.50718637	121.69342898	121.86717161	122.02759458	122.16732049	122.28025006	122.38941222	122.50147859	122.60258783	122.72921491	122.95738388	123.30280169	123.70968277	124.11361069	124.23653010	124.13684077	123.98644953	123.85497082	123.77730849	123.75095075
	50.86916958	69.64415323	83.33819693	91.23568634	96.03721988	100.53305544	106.09937887	109.98651303	111.82005077	112.94142858	113.80753378	114.42755648	115.08581389	115.89892066	116.65059191	117.24611071	117.75353982	118.16283723	118.58906339	119.01471228	119.37795569	119.63510582	119.87303898	120.02579994	120.16329156	120.37337461	120.52830857	120.71064932	120.91465802	121.10269105	121.30969625	121.50379734	121.68144207	121.83980937	121.97278062	122.10188631	122.23446549	122.35083645	122.49007096	122.72694573	123.07711157	123.48468557	123.88531062	124.01033254	123.91806655	123.77381083	123.64539125	123.56708148	123.53690505
	54.31881397	72.38637192	85.00500831	92.19184655	96.63273798	100.97847691	106.41890055	110.10533585	111.78207430	112.83742296	113.65429651	114.21920323	114.83442832	115.62038713	116.34642753	116.92580310	117.43104728	117.85200001	118.28347844	118.72148478	119.08881171	119.34807022	119.60406150	119.75373244	119.90450930	120.11732778	120.27742064	120.46597701	120.67893484	120.87278815	121.10147564	121.30596864	121.49366938	121.66295609	121.80827631	121.94997950	122.09475523	122.21994306	122.36574563	122.60668097	122.95814103	123.36438875	123.76138184	123.88640046	123.79755021	123.65540996	123.52705042	123.44616702	123.41191937
	59.14295557	76.15809964	87.45487307	93.81255075	97.81153939	101.93496471	107.21282464	110.77192037	112.42530224	113.42879125	114.22333335	114.75873339	115.32935779	116.10322732	116.84001771	117.43474354	117.95848497	118.40481853	118.86554612	119.31754247	119.67442537	119.94699678	120.20937798	120.37330254	120.53309977	120.74546277	120.90348006	121.07750780	121.30223840	121.49818267	121.72264902	121.93553493	122.13040942	122.30336880	122.45390947	122.60022470	122.74803549	122.87294111	123.01335794	123.24247732	123.57595011	123.95996608	124.33371047	124.44191934	124.34192754	124.19015632	124.05043722	123.95586109	123.90763536
	65.38048504	80.84835382	90.51763510	95.92207654	99.40784063	103.25068325	108.32548567	111.75334600	113.39846275	114.32518012	115.09086919	115.59076468	116.11985277	116.88183687	117.61701790	118.24876851	118.79140542	119.27624768	119.77163194	120.23011219	120.58224958	120.87011973	121.15193604	121.32882992	121.49169406	121.70015550	121.85512323	122.02102019	122.24519679	122.43384428	122.65570739	122.88040117	123.08219001	123.25831208	123.41355478	123.56421402	123.71466502	123.83818460	123.97035025	124.18365344	124.49320641	124.84699685	125.18832095	125.27438800	125.16021717	124.99614501	124.84196382	124.72990907	124.66298519
	71.70886985	85.17445520	93.22566841	97.76099698	100.78404166	104.39086955	109.27973319	112.52898962	114.10452966	114.91943134	115.61979185	116.08855592	116.57643785	117.31052119	118.05316697	118.68418000	119.24017589	119.78778454	120.29005099	120.74969800	121.12639031	121.43733435	121.74385041	121.93493000	122.08089004	122.27688126	122.43997998	122.65127585	122.82112543	123.02601522	123.25971636	123.49495438	123.70537852	123.88855574	124.05391795	124.21381674	124.37257035	124.49877355	124.62893045	124.83446850	125.12835835	125.45916101	125.77517112	125.84634430	125.72551246	125.55475113	125.39083378	125.26571900	125.18257104
	74.77962819	87.07479757	94.36346453	98.53334085	101.36450838	104.90063892	109.71511389	112.84987180	114.36910127	115.14100476	115.78225285	116.22040172	116.68957298	117.40138860	118.15524705	118.79096371	119.35689177	119.92444865	120.42844136	120.88314615	121.28823111	121.60221519	121.90884371	122.11102453	122.27086554	122.44568847	122.60304818	122.82848794	122.99533291	123.21099140	123.44927579	123.69084011	123.90661514	124.09489581	124.26726005	124.43358160	124.59821504	124.72708977	124.85792474	125.06126493	125.34827754	125.66881038	125.97342712	126.03937010	125.91777740	125.74647898	125.57987622	125.45058835	125.36076082
	77.79945955	89.10793939	95.74601087	99.55930480	102.20645194	105.65945403	110.40022571	113.46594275	115.01021662	115.78650452	116.38019137	116.81564277	117.26731431	117.98718239	118.75784832	119.40814599	120.00585802	120.60450277	121.12230961	121.61719435	122.03210822	122.34286021	122.63410390	122.82324086	123.00692238	123.18645634	123.32949998	123.53054232	123.70750842	123.92766258	124.16678301	124.40959572	124.62682378	124.81613733	124.99067376	125.15879287	125.32440733	125.45105714	125.57449860	125.76499879	126.03304700	126.32979123	126.60939054	126.65932815	126.52954377	126.35116169	126.17679635	126.03801579	125.93708216
	81.39502942	91.51985648	97.30416074	100.70728725	103.11162449	106.44884504	111.07453026	113.99858486	115.51027972	116.24660979	116.75735672	117.15961620	117.59184249	118.29600531	119.07536317	119.74565783	120.37882803	120.99943858	121.52785489	122.06409489	122.47927887	122.82027510	123.13148145	123.30442717	123.49312143	123.65441253	123.82635607	124.00468080	124.19101179	124.42021292	124.67083161	124.92467328	125.15481262	125.35664270	125.54660634	125.73047321	125.91080502	126.04653662	126.17104087	126.35720926	126.61203784	126.88789214	127.14475942	127.18134334	127.04621717	126.86308006	126.68293816	126.53428619	126.41913097
	83.60157483	93.21712290	98.61831445	101.83403755	104.12322726	107.46491475	112.15013573	115.05535392	116.75303840	117.60839089	118.12190702	118.51516407	118.97120681	119.68659471	120.49197310	121.24325060	121.90615073	122.57955479	123.14059878	123.67237224	124.09552571	124.43762289	124.72688480	124.91752297	125.08756091	125.23349053	125.39232406	125.56467815	125.74732343	125.96891397	126.21615105	126.46409487	126.69012925	126.88947877	127.07789097	127.26044509	127.43778172	127.56592037	127.67483152	127.83705495	128.05711299	128.28943239	128.50044150	128.50621879	128.35253628	128.15346077	127.95662023	127.78808602	127.65089809
	85.06338009	94.29044683	99.41078743	102.37255109	104.60531004	107.97665162	112.67944828	115.52673358	117.23276732	118.09760313	118.57943100	118.94779568	119.40075992	120.12944333	120.94085890	121.71272185	122.39187373	123.08726743	123.64906246	124.18636677	124.63141002	124.97783620	125.24800240	125.44130540	125.60690061	125.75519593	125.91265990	126.08301523	126.26674206	126.48926133	126.74026591	126.99116652	127.22138616	127.42627105	127.62069678	127.80927925	127.99109061	128.12188777	128.23004917	128.38755787	128.59739292	128.81406216	129.00727372	129.00251695	128.84402953	128.64035326	128.43783337	128.26084433	128.11288636
	87.06583080	95.62242047	100.29985244	102.88748935	105.03327487	108.41720121	113.07663791	115.80345581	117.37556063	118.14784081	118.55379867	118.87239046	119.29933492	120.01353506	120.81920217	121.59000513	122.28396898	122.99178018	123.54497397	124.08516767	124.55829956	124.91305543	125.16903828	125.36729638	125.54278811	125.70332731	125.86681652	126.04266850	126.23592606	126.46876549	126.73368147	126.99807050	127.24297978	127.46386335	127.67481550	127.87967954	128.07564474	128.21823708	128.33548933	128.49975359	128.71258049	128.92778885	129.11748087	129.11435476	128.95978199	128.75800537	128.55536703	128.37481929	128.21933693
	89.90716233	97.77405019	101.99245652	104.33765314	106.40727804	109.81439151	114.37492894	116.75291500	118.26837612	119.07944993	119.49041421	119.81350817	120.24790125	121.00023815	121.83639968	122.60929464	123.35011248	124.02835835	124.60143598	125.11670259	125.58494055	125.93592595	126.19213709	126.38453729	126.55355694	126.70912849	126.86724543	127.03445580	127.22627787	127.45651215	127.71945540	127.98047415	128.22278504	128.44196985	128.65141371	128.85196870	129.04280759	129.17714698	129.28136143	129.42494315	129.60850516	129.78872131	129.94455898	129.92286774	129.76209557	129.55634493	129.34898495	129.16062390	128.99350354
	94.39080660	100.88354611	104.42372110	106.40276334	108.28773987	111.49219941	115.67823806	117.69898456	119.06003303	119.79644963	120.12041997	120.44497170	120.91492507	121.68270094	122.54137601	123.35189687	124.12183388	124.79941845	125.38938229	125.91880339	126.36060045	126.71030030	126.97398220	127.17226056	127.34100319	127.49414253	127.65097208	127.81222834	128.00305563	128.23823267	128.50759357	128.77475069	129.02671594	129.25816015	129.48079899	129.69413570	129.89538486	130.03670838	130.14279141	130.28047663	130.44838793	130.60375592	130.73035353	130.69357155	130.52967252	130.32137556	130.11010311	129.91242204	129.72996010
	97.80734925	103.30938383	106.34539268	108.04438815	109.75218575	112.74633723	116.67770211	118.48091996	119.76505727	120.52863481	120.84809435	121.21224795	121.72031942	122.55626451	123.45262845	124.26743625	125.04789357	125.73591550	126.33957882	126.87341802	127.30368064	127.64682515	127.90818768	128.10380001	128.26957766	128.41658447	128.56835331	128.72441651	128.91025693	129.14184140	129.40707207	129.66869934	129.91564084	130.14291035	130.36064367	130.56901386	130.76414489	130.89798647	130.99219006	131.11307497	131.25753419	131.38574480	131.48547575	131.43194045	131.26008538	131.04680675	130.83041714	130.62510490	130.43372847
	100.78327715	105.36207335	107.94361923	109.41324733	110.98616855	113.82176882	117.55702324	119.21489716	120.41467954	121.19437038	121.53083161	121.90830048	122.45279966	123.33598141	124.26722012	125.09784079	125.88195576	126.57592692	127.19138819	127.72623388	128.15230904	128.49054865	128.74835349	128.94102332	129.10533922	129.24862151	129.39764291	129.55163904	129.73497332	129.96525953	130.22850445	130.48637170	130.72944378	130.95356407	131.16735423	131.37040083	131.55907804	131.68434966	131.76548537	131.86848702	131.99087753	132.09509496	132.17234844	132.10612235	131.92900453	131.71278844	131.49277136	131.28190299	131.08387735
	104.54626846	107.62601238	109.59051089	110.90560951	112.49013786	115.32978513	119.00666333	120.55324542	121.72171694	122.60212266	123.02547308	123.41418375	124.01922762	124.95707357	125.94870132	126.83955402	127.64021546	128.35931384	128.98601393	129.51632853	129.94173439	130.27560436	130.52620327	130.71300948	130.87496284	131.01114784	131.15197940	131.30159418	131.48059006	131.70858796	131.96800137	132.21933426	132.45482108	132.67244653	132.87735961	133.06737479	133.24071444	133.34614738	133.40047442	133.46718486	133.54561595	133.60224225	133.63643494	133.54731576	133.36098800	133.14036213	132.91486340	132.69654244	132.48770646
	104.79490708	107.06580481	108.76962437	110.14259784	112.07964884	115.38081932	119.33668498	120.75853143	121.98090825	122.96945664	123.43541578	123.89656022	124.54879919	125.53397123	126.56728892	127.47779292	128.29595946	129.03058273	129.67502151	130.21109959	130.64128479	130.97982912	131.23026127	131.41615653	131.57644408	131.70810547	131.84226265	131.99057919	132.17239913	132.40812695	132.67470457	132.93384745	133.17873187	133.40824673	133.62471487	133.82499877	134.00965480	134.12743385	134.19318334	134.26275470	134.33247794	134.36900458	134.37950943	134.27950128	134.09201079	133.87450026	133.65051310	133.42963429	133.21340828
	105.58643700	108.05238436	109.39051727	110.38670461	112.11411650	115.36217457	119.40779694	120.91119335	122.22277619	123.22975317	123.74130902	124.21498095	124.88499350	125.89129421	126.91674193	127.84290957	128.67764677	129.41482997	130.06866467	130.60752033	131.03937597	131.38093767	131.63284937	131.82017180	131.98267806	132.11879806	132.25907188	132.41537357	132.60984578	132.86222663	133.14419658	133.41908574	133.68072406	133.92856109	134.16148558	134.37560859	134.57169122	134.69609737	134.76342069	134.82742241	134.88547154	134.90618457	134.90146581	134.79579082	134.60915303	134.39445316	134.17184635	133.94840295	133.72678055
	107.95262003	110.28146504	111.32571620	112.01199493	113.34212216	116.11856424	119.87863361	121.29019079	122.46130871	123.47022424	124.03005745	124.53147376	125.20474845	126.21973970	127.24389730	128.18148588	129.01711059	129.75803972	130.42081835	130.96303191	131.39629429	131.74086684	131.99551653	132.18204401	132.34303791	132.48180261	132.62877698	132.79096407	132.99455993	133.25902905	133.55206264	133.83913920	134.11398787	134.37706812	134.62495223	134.85275392	135.06017624	135.19285174	135.26509571	135.32779219	135.37700456	135.38523636	135.36826962	135.25788737	135.07314208	134.86210077	134.64280458	134.41853970	134.19343740
	109.35226975	111.23094311	112.09791630	112.75224793	114.01129399	116.65748843	120.36531913	121.76134307	122.99973493	124.06116400	124.68327553	125.18068723	125.87917314	126.92779247	127.95414623	128.86408441	129.69978089	130.45774542	131.12910299	131.68078986	132.12366211	132.47570727	132.73865621	132.92968273	133.09402712	133.23955155	133.39025926	133.55992359	133.77674840	134.05644065	134.36695146	134.67293578	134.97083697	135.26018888	135.53374367	135.78583022	136.01278191	136.16227701	136.24466067	136.30632784	136.34002920	136.32551366	136.28626136	136.16657149	135.98503474	135.78092394	135.56878577	135.34594961	135.11562790
	111.95131006	112.98837365	112.86738796	112.70480192	114.39945208	117.39866710	121.20606277	122.60962924	123.84631038	125.04979966	125.81194709	126.34867897	127.04900275	128.11550427	129.17471868	130.10286353	130.96186190	131.73223736	132.40986366	132.95846794	133.39628224	133.73989274	133.99491899	134.17988755	134.33731780	134.47924308	134.62786046	134.80032432	135.02342640	135.30851045	135.62280545	135.93219267	136.23610687	136.53212232	136.81119835	137.06615938	137.29398548	137.44038219	137.51227995	137.55031764	137.54982462	137.49899770	137.43181648	137.30161523	137.12272084	136.92558066	136.71991405	136.49816303	136.26564172
	117.88784974	118.25147703	117.73404636	117.19499958	118.54892252	120.95580342	123.93501905	124.97458259	125.83584786	126.99573791	127.97684000	128.66347440	129.33757965	130.45188008	131.54853136	132.51282040	133.40658234	134.19158032	134.87100586	135.41066302	135.83603765	136.17135766	136.41137714	136.58049791	136.71675916	136.83366816	136.95798126	137.10953596	137.31121101	137.57342457	137.86268543	138.14600284	138.42498404	138.69875431	138.95615377	139.18766993	139.39042809	139.51486429	139.56411303	139.56662776	139.51604646	139.41348125	139.30425153	139.15846059	138.98735323	138.80816990	138.62251745	138.41870006	138.20189637
