	1.13900901	1.15906231	1.17625460	1.20062849	1.25173700	1.35099148	1.49943176	1.72314275	2.02408557	2.40246477	2.86681109	3.40699052	4.00044138	4.55908110	5.00645202	5.34280144	5.60079402	5.80403322	5.95480062	5.98932086	5.90267842	5.74324550	5.55442407	5.34940576	5.14207483	4.96188580	4.83145756	4.73057410	4.63501241	4.53735068	4.43114181	4.30847952	4.17267501	4.02609959	3.87506496	3.72385585	3.57187120	3.42442574	3.28808796	3.16504502	3.05723907	2.96365085	2.88153695	2.80940564	2.75003325	2.70407042	2.67044969	2.64798186	2.63542723
	1.33282013	1.35208084	1.36633854	1.38677527	1.43396804	1.53441446	1.69610343	1.95226791	2.32864748	2.82633747	3.45314706	4.19034630	4.98532598	5.69502373	6.23240828	6.63275664	6.93696481	7.17130246	7.35055562	7.39620440	7.30679421	7.13474085	6.92913835	6.70798402	6.48438666	6.28795551	6.13711564	6.01308926	5.89441363	5.77119180	5.63660635	5.48113057	5.30750713	5.11340731	4.91079645	4.70480664	4.49717118	4.29353125	4.10366764	3.93090287	3.77868943	3.64622747	3.52968297	3.42767182	3.34331666	3.27789072	3.23058802	3.19937891	3.18220716
	1.31521773	1.33049412	1.34149202	1.35866059	1.40163213	1.49727875	1.65558808	1.90975915	2.28021893	2.77467649	3.39859086	4.13952745	4.94959170	5.68407647	6.24185182	6.65846043	6.97690036	7.22323386	7.41106948	7.46802145	7.38078840	7.20846369	7.00127763	6.77740413	6.55098393	6.35086015	6.19895981	6.07432792	5.95514675	5.83136056	5.69621737	5.54261256	5.36846143	5.17378592	4.96982176	4.76345762	4.55492482	4.34948102	4.15783854	3.98294829	3.82970953	3.69644874	3.57920658	3.47650909	3.39159501	3.32599303	3.27907378	3.24858345	3.23221388
	1.29950405	1.31140902	1.31979182	1.33468884	1.37530052	1.46857559	1.62529130	1.87849400	2.24590084	2.73714474	3.35859217	4.09935724	4.91467880	5.65984606	6.22701284	6.64941701	6.97415726	7.22587711	7.41780727	7.47987249	7.39242670	7.22070253	7.01273180	6.78824011	6.56190156	6.36117343	6.21002661	6.08670700	5.96637039	5.84161628	5.70646910	5.55441987	5.37937684	5.18545320	4.98147062	4.77539900	4.56612494	4.36025312	4.16849698	3.99353099	3.83990965	3.70642017	3.58892154	3.48594156	3.40088854	3.33538557	3.28891801	3.25902694	3.24328678
	1.26506497	1.27131873	1.27529762	1.28591730	1.32106344	1.40782158	1.55936142	1.80823747	2.16722076	2.64965418	3.26157750	3.99693608	4.81471266	5.57500599	6.15743040	6.59292944	6.92644811	7.18872038	7.39083542	7.45864290	7.37411648	7.20510559	6.99734813	6.77341182	6.54800201	6.34649273	6.19601772	6.07186776	5.95166572	5.82663467	5.69128882	5.54084459	5.36607050	5.17304744	4.97109764	4.76528870	4.55714939	4.35204961	4.16026102	3.98577401	3.83159531	3.69779505	3.57989182	3.47649676	3.39093068	3.32507988	3.27874641	3.24922000	3.23386870
	1.24687413	1.24976800	1.25111636	1.25915092	1.29092851	1.37339923	1.52108477	1.76717641	2.12226816	2.59991627	3.20630358	3.93801918	4.75747527	5.52511725	6.11601874	6.55968731	6.89707474	7.16612779	7.37448609	7.44364456	7.36315546	7.19622493	6.98967736	6.76694170	6.54242792	6.34155897	6.19133693	6.06632940	5.94644843	5.82142826	5.68684194	5.53722331	5.36275085	5.17111365	4.96973771	4.76466303	4.55709744	4.35253522	4.16052878	3.98611327	3.83168472	3.69771080	3.57947645	3.47580697	3.39004565	3.32422499	3.27819689	3.24913436	3.23420824
	1.21574196	1.21474329	1.21308651	1.21814972	1.24576380	1.32281412	1.46597745	1.70702346	2.05264622	2.52005585	3.11358192	3.83232344	4.64356033	5.41347448	6.00959343	6.45661823	6.79573267	7.06726687	7.27651103	7.34948362	7.27225874	7.10834317	6.90632973	6.68877987	6.46749412	6.26961987	6.12185075	5.99870409	5.88104908	5.75881445	5.62644404	5.48156479	5.31028503	5.12236875	4.92408962	4.72244021	4.51831513	4.31646977	4.12624853	3.95290744	3.79907354	3.66566889	3.54786350	3.44442648	3.35858133	3.29276317	3.24666452	3.21771092	3.20292044
	1.18668760	1.18095592	1.17583799	1.17814090	1.20307078	1.27718088	1.41741301	1.65495178	1.99614256	2.45527788	3.03970067	3.74801245	4.55185782	5.32231060	5.91846116	6.36658179	6.70152123	6.96865819	7.17919070	7.25251519	7.17779325	7.01864538	6.82307032	6.61047843	6.39717088	6.20624062	6.06022154	5.94149895	5.82634080	5.70589980	5.57821462	5.43530317	5.26757234	5.08279813	4.88972521	4.69224826	4.49263910	4.29397159	4.10618719	3.93518470	3.78323984	3.65117297	3.53408760	3.43134698	3.34683917	3.28293053	3.23888421	3.21207549	3.19926940
	1.15771858	1.14821443	1.14015657	1.13968254	1.16087599	1.22995868	1.36545536	1.59759497	1.93092656	2.37730707	2.94692106	3.63726111	4.42400928	5.18886700	5.78212702	6.22817386	6.55906532	6.81957239	7.03008374	7.10386021	7.03336011	6.88106772	6.69268384	6.48940671	6.28541133	6.10170383	5.96082315	5.84547184	5.73229587	5.61586027	5.49212434	5.35351250	5.19118911	5.01176062	4.82439754	4.63395709	4.44015071	4.24688762	4.06281744	3.89493638	3.74584623	3.61565099	3.49999415	3.39867470	3.31561315	3.25330605	3.21082805	3.18558494	3.17422862
	1.12405201	1.11037546	1.09890005	1.09486246	1.11062280	1.17163030	1.29933270	1.52369112	1.84720104	2.27560363	2.82472375	3.48838980	4.24974383	5.00458801	5.59628777	6.03852867	6.36232361	6.62743537	6.83946092	6.91499189	6.85137642	6.70588574	6.52533513	6.32832067	6.13217817	5.95934395	5.82555876	5.71485958	5.60746975	5.49336358	5.37208507	5.23887839	5.08356948	4.91007379	4.73149719	4.54722646	4.36195005	4.17565588	3.99672958	3.83307630	3.68755769	3.55981923	3.44601082	3.34670238	3.26565576	3.20552228	3.16506450	3.14170949	3.13197645
	1.10209098	1.08567999	1.07206661	1.06619810	1.08000032	1.13903073	1.26593150	1.48995841	1.81159372	2.23474648	2.77710957	3.43109119	4.18361626	4.93747973	5.53060096	5.97578736	6.30328231	6.56637559	6.78013569	6.85770546	6.79569098	6.65456802	6.47741405	6.28803600	6.09470307	5.92746549	5.79426539	5.68228369	5.57451255	5.46153678	5.34103956	5.20688775	5.05472191	4.88321837	4.70523127	4.52428292	4.34035070	4.15662832	3.97920169	3.81716878	3.67324429	3.54626894	3.43274632	3.33430695	3.25505356	3.19724600	3.15902928	3.13770911	3.12974842
	1.08474048	1.06662013	1.05165626	1.04459817	1.05695090	1.11409574	1.23952750	1.46205323	1.78166030	2.19987046	2.73672404	3.38384051	4.12985978	4.88258559	5.47965241	5.92582620	6.25681437	6.52348392	6.74215930	6.82242200	6.76152652	6.62244131	6.44669363	6.25881824	6.06835520	5.90123496	5.76825788	5.65566360	5.54867210	5.43730965	5.31826782	5.18484704	5.03368665	4.86285138	4.68540777	4.50577829	4.32269829	4.14043025	3.96402216	3.80290483	3.65958370	3.53281658	3.41926693	3.32116208	3.24275071	3.18610102	3.14897503	3.12862053	3.12147948
	1.08062583	1.06139546	1.04558829	1.03791253	1.04989300	1.10686889	1.23229359	1.45581696	1.77666455	2.19657850	2.73395755	3.38127739	4.12980697	4.88962080	5.49591260	5.94891346	6.28767695	6.55871429	6.78170045	6.86261360	6.80135874	6.66573331	6.48924332	6.30013825	6.10794664	5.93900020	5.80540591	5.69056642	5.57978693	5.46584759	5.34521570	5.20858823	5.05474066	4.88371440	4.70264801	4.52206432	4.33684976	4.15310174	3.97595782	3.81376284	3.66984427	3.54240445	3.42790028	3.32947934	3.25189478	3.19672540	3.16118297	3.14239630	3.13671378
	1.07140594	1.05100476	1.03427598	1.02579728	1.03684735	1.09260166	1.21700014	1.44016062	1.76029986	2.17739198	2.71223814	3.35581884	4.10189332	4.86262126	5.47452858	5.92851189	6.27051248	6.54759210	6.77381914	6.85745069	6.79657049	6.66198584	6.48566995	6.29662723	6.10277209	5.93402842	5.80081083	5.68672992	5.57577443	5.46151041	5.34122548	5.20406955	5.04865295	4.87860365	4.69748418	4.51584771	4.33226759	4.14791869	3.97104455	3.80903346	3.66488991	3.53759444	3.42287777	3.32462657	3.24777842	3.19365915	3.15918434	3.14138334	3.13657870
	1.06386723	1.04221002	1.02455106	1.01540253	1.02598334	1.08123144	1.20498938	1.42824249	1.74805325	2.16490749	2.69880124	3.34075973	4.08768807	4.85249374	5.47148623	5.93068296	6.27965760	6.55879338	6.78593504	6.87376408	6.81249982	6.67773641	6.50407621	6.31567305	6.12381122	5.95374640	5.81844954	5.70296496	5.59006550	5.47284494	5.34986984	5.21299617	5.05545705	4.88426341	4.70407538	4.52020549	4.33671385	4.15186238	3.97374585	3.81196910	3.66726318	3.53951553	3.42434033	3.32619280	3.25047916	3.19802122	3.16531268	3.14921201	3.14596643
	1.05429514	1.03135820	1.01276767	1.00295814	1.01301255	1.06748702	1.19003559	1.41242497	1.73087836	2.14609143	2.67736966	3.31605049	4.06185312	4.82834530	5.45178986	5.91506007	6.26904459	6.54946654	6.77787973	6.86950877	6.80907619	6.67318738	6.50207895	6.31463944	6.12665757	5.95647292	5.81960902	5.70114299	5.58734295	5.46930517	5.34420965	5.20788306	5.05076562	4.87870910	4.69969435	4.51612340	4.33192279	4.14761648	3.96930288	3.80772245	3.66334692	3.53512909	3.41980569	3.32198129	3.24760500	3.19696760	3.16619251	3.15193189	3.15033470
	1.05479179	1.03129206	1.01235378	1.00242008	1.01270394	1.06762311	1.19023139	1.41329510	1.73311041	2.15007806	2.68258404	3.32279499	4.07242965	4.84271873	5.47258316	5.94089710	6.29422332	6.57650467	6.80661866	6.89880000	6.83781158	6.70023040	6.53014820	6.34087295	6.15377577	5.98520073	5.84827101	5.72936286	5.61516624	5.49367426	5.36434497	5.22525181	5.06751347	4.89274943	4.71350569	4.52984599	4.34295257	4.15827583	3.97925872	3.81658103	3.67233891	3.54338185	3.42774853	3.33000307	3.25685811	3.20800286	3.17918477	3.16684034	3.16700213
	1.04119884	1.01617310	0.99608439	0.98510634	0.99394487	1.04655972	1.16663900	1.38776112	1.70562699	2.11837552	2.64503413	3.27723584	4.01990975	4.78809425	5.42116892	5.88860116	6.24399222	6.52944758	6.75854509	6.84951052	6.79204462	6.65803558	6.49262756	6.30705057	6.11962279	5.95336935	5.81683070	5.69861949	5.58431481	5.46472995	5.33579337	5.19586499	5.04150125	4.86915413	4.69096043	4.51051608	4.32517185	4.14097060	3.96453734	3.80220644	3.65894232	3.53034854	3.41466600	3.31753870	3.24594290	3.19908065	3.17233801	3.16189460	3.16367870
	1.03274747	1.00659452	0.98572884	0.97416920	0.98250723	1.03458822	1.15428029	1.37560475	1.69375273	2.10577792	2.62952619	3.25750090	3.99706307	4.76411510	5.39948515	5.86719186	6.21928445	6.50500264	6.73472740	6.82262854	6.76911302	6.63686246	6.47213918	6.28919459	6.10306497	5.94012290	5.80583071	5.68753348	5.57182466	5.45310468	5.32357764	5.18247788	5.02957867	4.85932474	4.68129882	4.50278478	4.31895764	4.13426767	3.95941466	3.79778552	3.65496110	3.52695930	3.41116968	3.31470468	3.24479708	3.20003409	3.17545705	3.16702855	3.17055521
	1.02008380	0.99262856	0.97083153	0.95850743	0.96594983	1.01678254	1.13536718	1.35609888	1.67359067	2.08297973	2.60182161	3.22338116	3.95589061	4.72078137	5.35479770	5.82115686	6.16998702	6.45373135	6.68557610	6.77127923	6.72196284	6.59127814	6.42719394	6.24865876	6.06537431	5.90559850	5.77391082	5.65613061	5.54030104	5.42201651	5.29406559	5.15456394	5.00224207	4.83628563	4.66054987	4.48343741	4.30273319	4.11929081	3.94547874	3.78595399	3.64343807	3.51649634	3.40094284	3.30534092	3.23718634	3.19445408	3.17191927	3.16530358	3.17043396
	1.01544729	0.98739880	0.96524368	0.95278650	0.96041439	1.01180976	1.13114583	1.35352493	1.67280495	2.08393310	2.60222123	3.22307773	3.95549471	4.72231516	5.35463517	5.82055748	6.16808208	6.44859269	6.68031399	6.76236175	6.71517163	6.58608142	6.42189407	6.24768869	6.06505544	5.90490689	5.77559796	5.65799283	5.54145674	5.42074760	5.29390213	5.15432301	5.00082457	4.83682532	4.66268493	4.48442592	4.30499244	4.12246664	3.94755672	3.78983365	3.64734373	3.52075392	3.40549845	3.31074114	3.24453836	3.20404194	3.18391932	3.17951611	3.18673369
	1.00691609	0.97806082	0.95535524	0.94251298	0.94982690	1.00078036	1.11955391	1.34232085	1.66170215	2.07364217	2.58806608	3.20457751	3.93397412	4.69847938	5.32903651	5.79222647	6.14211937	6.41619959	6.64565196	6.72553924	6.67622472	6.55375281	6.39476132	6.22629909	6.04865173	5.88771335	5.75578195	5.63902929	5.52192203	5.40069546	5.27474058	5.13713221	4.98473381	4.82123621	4.65092220	4.47400621	4.29499880	4.11516864	3.94121527	3.78452151	3.64396298	3.51708835	3.40276042	3.30928617	3.24546621	3.20763106	3.19034767	3.18825028	3.19796868
	0.99937913	0.96992202	0.94687958	0.93380503	0.94085189	0.99131565	1.10939210	1.33272906	1.65296975	2.06614705	2.57708862	3.18962715	3.91699370	4.68022084	5.30782893	5.76856515	6.11636630	6.38906714	6.61866722	6.69511906	6.64369367	6.52854000	6.37237753	6.20443102	6.03219186	5.87402043	5.74110460	5.62604049	5.50864297	5.38628514	5.25855117	5.12300966	4.97219536	4.80868988	4.64165302	4.46683015	4.28790535	4.10979739	3.93790137	3.78110039	3.64282215	3.51554070	3.40198537	3.30990135	3.24839945	3.21318886	3.19894494	3.19952123	3.21199906
	0.98072788	0.95025626	0.92658143	0.91290604	0.91888094	0.96767108	1.08428672	1.30686315	1.62621044	2.03679856	2.54150210	3.14685436	3.86563539	4.62285111	5.24751434	5.70389253	6.04816896	6.31925999	6.55027924	6.62618334	6.57520424	6.46407973	6.31149063	6.14655329	5.98124274	5.82748252	5.69765828	5.58214023	5.46715738	5.34550051	5.21765454	5.08375546	4.93738988	4.77700549	4.61195579	4.44126248	4.26576691	4.08889124	3.92039240	3.76501148	3.62769208	3.50184399	3.38806321	3.29742198	3.23814858	3.20508514	3.19314561	3.19633869	3.21057542
	0.97077430	0.94010866	0.91647123	0.90292487	0.90920169	0.95867279	1.07619606	1.30078007	1.62197236	2.03535431	2.53793352	3.14252635	3.86011938	4.61553312	5.23686153	5.68906587	6.03175679	6.30232286	6.52896442	6.60275661	6.55281095	6.44329695	6.29505240	6.13307539	5.97159426	5.81992485	5.69058232	5.57269044	5.45852165	5.33696001	5.20830795	5.07308456	4.92922326	4.77039604	4.60449316	4.43624481	4.26222002	4.08536099	3.91891975	3.76524738	3.62734111	3.50368800	3.38879675	3.29975303	3.24356320	3.21376244	3.20494676	3.21088878	3.22752309
	0.95084852	0.91947806	0.89539799	0.88135137	0.88689846	0.93521546	1.05162247	1.27639146	1.59772395	2.01002336	2.50701590	3.10561749	3.81671252	4.56770482	5.18493488	5.63339337	5.97460268	6.24652162	6.47344527	6.54461866	6.49685009	6.38750176	6.24752133	6.09045755	5.93047893	5.78363131	5.65562137	5.53872462	5.42267111	5.30360285	5.17502243	5.04081534	4.89783427	4.74349077	4.57973062	4.41312601	4.24243013	4.06942069	3.90368914	3.75335795	3.61568532	3.49351031	3.37939779	3.29233628	3.23902372	3.21265088	3.20698025	3.21581858	3.23519347
	0.93576375	0.90397346	0.87964875	0.86528761	0.87031690	0.91775330	1.03325979	1.25806423	1.57980606	1.99119904	2.48327426	3.07721671	3.78310168	4.52913793	5.14208256	5.58705049	5.92247694	6.19470878	6.42017606	6.49361123	6.44374142	6.33524008	6.20144892	6.05014715	5.89217367	5.75118606	5.62490331	5.50806583	5.39083101	5.27330114	5.14546954	5.01182153	4.86900649	4.71752111	4.55682413	4.39087029	4.22320330	4.05306538	3.88812424	3.74036384	3.60436177	3.48191203	3.36992143	3.28432777	3.23354357	3.21006649	3.20738207	3.21876427	3.24053960
	0.92256192	0.89077790	0.86654829	0.85221098	0.85725160	0.90473246	1.02046546	1.24632318	1.56957901	1.98054590	2.46997308	3.06276908	3.76700836	4.50950032	5.12029796	5.56356891	5.89147475	6.17242161	6.39956333	6.47267593	6.42143950	6.31500318	6.18063419	6.03317171	5.87658076	5.73498053	5.61136280	5.49391669	5.37626264	5.25771143	5.13064732	4.99727240	4.85499092	4.70286271	4.54485809	4.37975858	4.21265758	4.04334694	3.88045267	3.73295718	3.59859029	3.47562306	3.36539658	3.28115159	3.23285467	3.21178960	3.21153176	3.22557028	3.25065074
	0.89882935	0.86686819	0.84254771	0.82810181	0.83296812	0.88016587	0.99583414	1.22192675	1.54647615	1.95401473	2.43953779	3.02817480	3.72729325	4.46314893	5.07025191	5.51125662	5.83363417	6.11761771	6.34776342	6.41935206	6.36853323	6.26507346	6.13234368	5.98975803	5.83632736	5.69541798	5.57620874	5.45924685	5.34178573	5.22123213	5.09678760	4.96432449	4.82397372	4.67276837	4.51696330	4.35519749	4.18964476	4.02162175	3.86165567	3.71443512	3.58227029	3.46016550	3.35066479	3.26832653	3.22222312	3.20416840	3.20699892	3.22442397	3.25213180
	0.87955512	0.84787986	0.82376066	0.80942423	0.81429496	0.86135691	0.97669853	1.20270272	1.52801871	1.93384811	2.41581309	3.00124864	3.69594129	4.42436903	5.02536538	5.46340583	5.78226979	6.06452301	6.29362861	6.36467756	6.31431487	6.21365767	6.08314029	5.94582198	5.79582364	5.65827547	5.53986225	5.42432154	5.30626030	5.18464763	5.06146399	4.92980063	4.78988970	4.64067377	4.48443430	4.32593916	4.16226580	3.99494592	3.83751552	3.69173513	3.56083281	3.44088901	3.33122817	3.25157931	3.20884985	3.19503469	3.20203288	3.22307979	3.25353027
	0.86433258	0.83284303	0.80874023	0.79424163	0.79858036	0.84458696	0.95865440	1.18388533	1.50843420	1.91181855	2.39034566	2.97161581	3.66207702	4.38472111	4.98304269	5.41918674	5.73620323	6.01646400	6.24647794	6.31869541	6.26928010	6.16828303	6.04129322	5.90639285	5.75899891	5.62392059	5.50446830	5.39172137	5.27369847	5.15247591	5.02821184	4.89844737	4.75952655	4.61139520	4.45533831	4.29889630	4.13762328	3.97121659	3.81511035	3.67132284	3.54066999	3.42261982	3.31322262	3.23577843	3.19634698	3.18528239	3.19514423	3.21807335	3.25154257
	0.85324878	0.82196502	0.79797401	0.78349458	0.78760454	0.83301314	0.94619540	1.17051060	1.49383954	1.89563163	2.37310463	2.95131316	3.63837579	4.35862634	4.95345554	5.38927764	5.70614118	5.98213652	6.21253681	6.28596696	6.23808296	6.13787895	6.01243777	5.87897500	5.73362156	5.59976874	5.48032708	5.36898136	5.25135693	5.13057889	5.00562047	4.87678803	4.73852712	4.59075298	4.43553947	4.27989027	4.11958654	3.95401622	3.79895073	3.65622394	3.52613778	3.40893139	3.30031512	3.22403987	3.18633044	3.17694270	3.18826960	3.21347908	3.24919146
	0.83214349	0.80111579	0.77726906	0.76277801	0.76650390	0.81095276	0.92280429	1.14509080	1.46530331	1.86417814	2.33752208	2.90995814	3.58920144	4.30480316	4.89178060	5.32589289	5.64594286	5.90736818	6.13687529	6.21092058	6.16688627	6.07056486	5.95114886	5.81863313	5.67901587	5.54742743	5.43031975	5.31881075	5.20279948	5.08369152	4.95891713	4.83087893	4.69435454	4.54779182	4.39612009	4.24146168	4.08249461	3.91907967	3.76635911	3.62492791	3.49659396	3.38086202	3.27408922	3.19920694	3.16286277	3.15550838	3.16902978	3.19744406	3.23615556
	0.83435692	0.80386893	0.78049501	0.76661452	0.77149648	0.81792410	0.93191560	1.15587811	1.47818720	1.87867176	2.35408295	2.93014626	3.61315867	4.32891319	4.91450525	5.34573609	5.66328824	5.92322242	6.15082522	6.22523116	6.18161130	6.08419637	5.96393152	5.82981268	5.68989114	5.55859240	5.44209645	5.32952671	5.21326946	5.09428097	4.96795239	4.83892360	4.70102006	4.55310156	4.40004104	4.24385841	4.08336755	3.91947880	3.76642324	3.62517584	3.49718893	3.38187337	3.27571097	3.20129257	3.16566930	3.15893102	3.17363515	3.20347646	3.24329778
	0.82643234	0.79613018	0.77290730	0.75913845	0.76406313	0.81039638	0.92409499	1.14743129	1.46861526	1.86840099	2.34213406	2.91645775	3.59666197	4.31020418	4.89212867	5.32169487	5.64072872	5.89275243	6.11946270	6.19368468	6.15179837	6.05695934	5.93895659	5.80542492	5.66781283	5.53762595	5.42262321	5.30931723	5.19375881	5.07537381	4.94962287	4.82027011	4.68289900	4.53514397	4.38374543	4.22753668	4.06727915	3.90415954	3.75216868	3.61148431	3.48439594	3.36985332	3.26454392	3.19075664	3.15568852	3.14994986	3.16577980	3.19734749	3.23843747
	0.79821478	0.76830686	0.74525517	0.73142793	0.73594608	0.78143771	0.89428613	1.11516195	1.43337464	1.82728137	2.29403337	2.86083374	3.53075106	4.23493542	4.80831909	5.23476634	5.54913894	5.79582315	6.01160640	6.08906543	6.05345233	5.96434179	5.85008106	5.71979836	5.58582975	5.46155372	5.34914322	5.23581196	5.12209530	5.00707479	4.88248904	4.75459218	4.62005712	4.47618924	4.32728747	4.17264393	4.01461082	3.85536724	3.70530723	3.56676081	3.44234754	3.32915680	3.22626343	3.15354540	3.11945525	3.11468716	3.13274862	3.16586503	3.20876483
	0.78698555	0.75752705	0.73476179	0.72120925	0.72619404	0.77247957	0.88622917	1.10714189	1.42465347	1.81651933	2.28199284	2.84656442	3.51314565	4.21231434	4.77994858	5.20442861	5.51335450	5.75992556	5.96631791	6.04442746	6.01214239	5.92669813	5.81249548	5.68472605	5.55184131	5.43062165	5.31807352	5.20563230	5.09275433	4.97850214	4.85424991	4.72675630	4.59295940	4.45031447	4.30096962	4.14666289	3.98910266	3.83174044	3.68180178	3.54486363	3.42181705	3.30934547	3.20801291	3.13617235	3.10300534	3.09936432	3.11885212	3.15317805	3.19793109
	0.78172799	0.75264807	0.73016914	0.71698157	0.72263961	0.77008318	0.88511376	1.10668553	1.42458843	1.81611386	2.28170878	2.84622094	3.51202997	4.20799544	4.77208153	5.19507673	5.49927371	5.74576892	5.94728738	6.02594195	5.99537441	5.91142495	5.79676094	5.66935412	5.53626121	5.41753541	5.30529596	5.19280173	5.08033009	4.96621133	4.84178217	4.71412194	4.58037337	4.43775708	4.28746512	4.13283002	3.97535210	3.81835518	3.66856297	3.53248473	3.41022776	3.29825072	3.19804144	3.12690401	3.09433331	3.09161917	3.11222135	3.14771678	3.19394162
	0.76891542	0.74020746	0.71796454	0.70496026	0.71078063	0.75837493	0.87345576	1.09405242	1.41065234	1.79947524	2.26253400	2.82247183	3.48336466	4.17139020	4.73259432	5.15428443	5.45207239	5.69730922	5.88909877	5.96872637	5.94050860	5.85907283	5.74877836	5.62437025	5.49482448	5.37783229	5.26703770	5.15506358	5.04530558	4.93023280	4.80669058	4.68006116	4.54811774	4.40514180	4.25542565	4.10197900	3.94621679	3.79034300	3.64098987	3.50661058	3.38491320	3.27435640	3.17536439	3.10499976	3.07291373	3.07124414	3.09259881	3.12925909	3.17701667
	0.75843226	0.72999977	0.70798462	0.69520586	0.70129706	0.74924677	0.86457663	1.08452898	1.40059422	1.78752120	2.24806801	2.80543199	3.46229016	4.14481787	4.70190789	5.12299832	5.41595320	5.66058898	5.84593823	5.92793825	5.90073672	5.82010545	5.71267042	5.58963092	5.46264122	5.34730689	5.23679496	5.12634130	5.01769805	4.90228937	4.77932253	4.65378065	4.52244903	4.37922581	4.22998898	4.07773977	3.92321455	3.76744282	3.61874469	3.48581570	3.36436527	3.25495782	3.15685235	3.08716897	3.05555619	3.05435309	3.07650361	3.11425527	3.16303678
	0.73714056	0.70900272	0.68713751	0.67427900	0.67993943	0.72702972	0.84121187	1.05852437	1.37110909	1.75281742	2.20715572	2.75527019	3.39967420	4.07015526	4.62257765	5.03502507	5.32854782	5.55882088	5.74442155	5.82454985	5.79841331	5.72137450	5.61854211	5.50111626	5.37942086	5.26829539	5.16026295	5.05351768	4.94528407	4.83104096	4.71176585	4.58893601	4.45829567	4.31757456	4.17145606	4.02263070	3.87092837	3.71674296	3.57106098	3.43972933	3.31966051	3.21264303	3.11582913	3.04707689	3.01614677	3.01552530	3.03830815	3.07722776	3.12730018
	0.73305012	0.70534786	0.68388892	0.67157920	0.67825407	0.72701323	0.84270868	1.06070234	1.37363989	1.75565225	2.21038445	2.75762358	3.39976465	4.06668290	4.61469609	5.02213378	5.31398347	5.53735254	5.72042148	5.79875863	5.77389390	5.69770998	5.59563884	5.47964269	5.36054837	5.25010422	5.14299097	5.03750277	4.92861359	4.81438956	4.69521615	4.57302862	4.44095372	4.29979100	4.15364414	4.00473700	3.85294876	3.69841980	3.55356428	3.42297377	3.30350302	3.19764655	3.10171587	3.03386998	3.00373382	3.00402678	3.02790623	3.06832112	3.11972401
	0.73550664	0.70810636	0.68691759	0.67505812	0.68267112	0.73300484	0.85013129	1.06935110	1.38334280	1.76704545	2.22303112	2.77127149	3.41342055	4.07921299	4.62391469	5.02858640	5.31825543	5.53928068	5.72193741	5.79764686	5.77341444	5.69738951	5.59519618	5.47888159	5.35994979	5.24958426	5.14292483	5.03679530	4.92725504	4.81280245	4.69356969	4.57081521	4.43769423	4.29565153	4.14867956	3.99911162	3.84632762	3.69151637	3.54689059	3.41627087	3.29720888	3.19199702	3.09669673	3.02947359	2.99986645	3.00102366	3.02584538	3.06718678	3.11955869
	0.72547420	0.69829051	0.67720152	0.66538245	0.67305518	0.72349356	0.84063717	1.05888600	1.37127820	1.75248220	2.20495659	2.74915082	3.38532117	4.04450578	4.58499664	4.98550880	5.27328284	5.48923957	5.66915860	5.74262824	5.71938560	5.64634341	5.54654660	5.43306283	5.31658890	5.20811514	5.10281676	4.99737265	4.88825599	4.77563859	4.65794117	4.53545639	4.40332280	4.26292865	4.11764965	3.96910735	3.81740717	3.66423768	3.52107327	3.39112142	3.27349979	3.16918166	3.07502258	3.00842498	2.97925384	2.98073560	3.00595656	3.04776955	3.10104374
	0.72271640	0.69579363	0.67494954	0.66351418	0.67200692	0.72384019	0.84230498	1.06101156	1.37379819	1.75486626	2.20660566	2.75064644	3.38565140	4.04190553	4.57786384	4.97735280	5.26037220	5.47589210	5.64896530	5.72177646	5.69955383	5.62767022	5.52880738	5.41693854	5.30210691	5.19499617	5.08980890	4.98480617	4.87550674	4.76393399	4.64558467	4.52281012	4.39084416	4.25060776	4.10523488	3.95626173	3.80449259	3.65195275	3.50891395	3.37944712	3.26271825	3.15874936	3.06549082	2.99953584	2.97083090	2.97274819	2.99837173	3.04106007	3.09525129
	0.70762680	0.68098773	0.66040969	0.64956161	0.65934581	0.71342495	0.83398369	1.05263732	1.36393457	1.74247114	2.19214912	2.73098203	3.35826341	4.00396933	4.53266792	4.92341886	5.20331163	5.41046954	5.57948508	5.64859858	5.62855146	5.56012315	5.46174276	5.35390560	5.24256939	5.13899015	5.03610292	4.93228636	4.82359807	4.71327895	4.59701109	4.47433048	4.34277832	4.20424969	4.06016835	3.91259554	3.76146644	3.61098317	3.46977930	3.34105197	3.22629623	3.12409249	3.03266711	2.96802620	2.94070392	2.94385369	2.97047775	3.01487021	3.07134853
	0.70782430	0.68143131	0.66121877	0.65100552	0.66208935	0.71821590	0.84057278	1.06038944	1.37268643	1.75209346	2.20350340	2.74361707	3.37111115	4.01652337	4.54148885	4.93042160	5.20693871	5.41216189	5.57607471	5.64400572	5.62421963	5.55676794	5.45869890	5.35208706	5.24193931	5.13875996	5.03584406	4.93226043	4.82340845	4.71296931	4.59593384	4.47255917	4.34033991	4.20119380	4.05641340	3.90794495	3.75624424	3.60557574	3.46425312	3.33574377	3.22134860	3.11940183	3.02860546	2.96459593	2.93781378	2.94149480	2.96882337	3.01424874	3.07174872
	0.69597666	0.66981639	0.64989326	0.64010889	0.65195684	0.70911334	0.83201617	1.05087422	1.36113173	1.73808760	2.18674131	2.72170282	3.34156116	3.97872221	4.49669932	4.88143037	5.15250471	5.35496587	5.51182828	5.57861040	5.56197415	5.49653405	5.40111054	5.29679830	5.19008772	5.08925895	4.98812763	4.88528053	4.77796022	4.66896668	4.55242508	4.42973129	4.29964526	4.16197128	4.01828915	3.87096781	3.72146178	3.57224661	3.43171753	3.30451355	3.19140002	3.09028888	3.00107129	2.93807339	2.91169860	2.91567386	2.94360496	2.98968633	3.04841175
	0.68616610	0.66018259	0.64049526	0.63111315	0.64374648	0.70201251	0.82557214	1.04357682	1.35238100	1.72666304	2.17265759	2.70294203	3.31561544	3.94449816	4.45604893	4.83503098	5.10123004	5.29952006	5.45111480	5.51661089	5.50087305	5.43790811	5.34486437	5.24362421	5.14026733	5.04140488	4.94213719	4.84056745	4.73400171	4.62675460	4.51051922	4.38937502	4.26049004	4.12438110	3.98195993	3.83588143	3.68815170	3.54041039	3.40073596	3.27501204	3.16315861	3.06312366	2.97531880	2.91336738	2.88750362	2.89178496	2.92027204	2.96726520	3.02677397
	0.67289381	0.64712620	0.62766608	0.61867366	0.63202874	0.69130420	0.81541691	1.03219857	1.33861451	1.70916920	2.15150152	2.67564270	3.27999901	3.89873016	4.40165771	4.77547427	5.03568838	5.22942845	5.37589786	5.44043793	5.42564552	5.36421158	5.27462182	5.17651726	5.07699344	4.98057852	4.88410791	4.78374005	4.67879570	4.57282549	4.45764730	4.33867348	4.21170332	4.07720005	3.93662777	3.79243428	3.64732684	3.50112961	3.36283927	3.23911399	3.12844920	3.03000022	2.94365153	2.88291936	2.85758695	2.86229428	2.89136585	2.93897331	2.99921938
	0.67430943	0.64855856	0.62918739	0.62039485	0.63416421	0.69404414	0.81865301	1.03606392	1.34267831	1.71426443	2.15715142	2.68221244	3.28756560	3.90714856	4.40961322	4.78380529	5.04329647	5.23707690	5.38403042	5.44857902	5.43313067	5.37139631	5.28136700	5.18275873	5.08307614	4.98645108	4.89001833	4.78915100	4.68434759	4.57798946	4.46273976	4.34320234	4.21600363	4.08106307	3.94010257	3.79552677	3.65006883	3.50356832	3.36516669	3.24134063	3.13046266	3.03204757	2.94565166	2.88498022	2.85976272	2.86459074	2.89393642	2.94154822	3.00218452
	0.66281360	0.63741532	0.61857615	0.61080227	0.62653816	0.68911750	0.81543956	1.03255975	1.33713047	1.70662340	2.14597924	2.66649799	3.26420803	3.87312215	4.36588419	4.73395241	4.98667261	5.17308392	5.31455233	5.37692890	5.36221950	5.30182879	5.21514994	5.11973979	5.02427774	4.93069577	4.83641559	4.73618865	4.63334736	4.52737693	4.41401407	4.29525284	4.16929757	4.03499719	3.89556477	3.75263976	3.60860240	3.46318983	3.32676687	3.20449103	3.09429711	2.99781975	2.91312311	2.85380303	2.82944603	2.83508845	2.86554270	2.91415850	2.97644575
	0.65305875	0.62786060	0.60926367	0.60190872	0.61847947	0.68221301	0.80918866	1.02509604	1.32871780	1.69487754	2.13197848	2.64845901	3.23976284	3.84042683	4.32869056	4.69127571	4.94249625	5.12437383	5.26206031	5.32166711	5.30913682	5.25079793	5.16641917	5.07385787	4.98047510	4.88895621	4.79490516	4.69647449	4.59390604	4.48896248	4.37694891	4.25957087	4.13416405	4.00107012	3.86305584	3.72211181	3.57872916	3.43460188	3.29976124	3.17812891	3.06881567	2.97337611	2.88983270	2.83133408	2.80735656	2.81335680	2.84403062	2.89353628	2.95626450
	0.64533890	0.62037251	0.60239507	0.59611301	0.61455207	0.68051067	0.80836321	1.02328272	1.32562783	1.69009946	2.12439756	2.63678853	3.22168237	3.81345559	4.29430805	4.65307232	4.89907295	5.07571004	5.21054353	5.26957688	5.25481463	5.19854171	5.11553966	5.02512536	4.93515695	4.84503344	4.75301850	4.65504641	4.55365248	4.44906466	4.33844633	4.22185342	4.09708929	3.96436427	3.82769277	3.68816560	3.54562088	3.40237983	3.26894199	3.14783886	3.03955711	2.94514719	2.86299465	2.80538008	2.78192942	2.78853457	2.82007158	2.87024963	2.93400004
	0.62724236	0.60267013	0.58533544	0.58006478	0.60036705	0.66880286	0.79789774	1.01088891	1.31016176	1.66857377	2.09696431	2.60147237	3.17516012	3.75173244	4.22412558	4.57347908	4.81419199	4.98198018	5.10570834	5.16318892	5.15074639	5.09748589	5.02010130	4.93499195	4.84941575	4.76386150	4.67470597	4.57906431	4.47833193	4.37605517	4.26777960	4.15242122	4.02931973	3.89939270	3.76582932	3.62835875	3.48784868	3.34731543	3.21616513	3.09632090	2.99030949	2.89743921	2.81794732	2.76189291	2.73912636	2.74592396	2.77807565	2.82933656	2.89387212
	0.62103170	0.59670601	0.57984568	0.57535582	0.59708341	0.66723822	0.79693327	1.00891406	1.30712363	1.66360987	2.08955112	2.59047253	3.15869777	3.72813062	4.19706026	4.54212324	4.78062336	4.94585355	5.06427757	5.12016010	5.10906056	5.05756472	4.98193453	4.89823073	4.81454916	4.73048623	4.64261509	4.54703149	4.44672497	4.34534549	4.23749001	4.12212019	4.00012205	3.87126222	3.73874357	3.60169503	3.46241676	3.32298187	3.19224529	3.07297924	2.96779537	2.87557604	2.79716852	2.74211987	2.71941812	2.72637830	2.75893918	2.81084752	2.87606803
	0.61060223	0.58670848	0.57051009	0.56698215	0.59036999	0.66226451	0.79193717	1.00183646	1.29614371	1.64953065	2.07039351	2.56464449	3.12217564	3.67950621	4.14197412	4.48213676	4.71319728	4.87253027	4.98535118	5.03847765	5.02880247	4.97968309	4.90700863	4.82696822	4.74803856	4.66653429	4.58106307	4.48641291	4.38784003	4.28791133	4.18067222	4.06679375	3.94646170	3.82027039	3.68938374	3.55432743	3.41739557	3.28001143	3.15034205	3.03267079	2.92838607	2.83783773	2.76080798	2.70739053	2.68515494	2.69233678	2.72530336	2.77739075	2.84310952
	0.59735112	0.57374167	0.55790381	0.55486352	0.57914163	0.65200869	0.78157856	0.98877739	1.27939537	1.62931274	2.04496397	2.53226146	3.08069594	3.62766254	4.08404660	4.42049463	4.64693578	4.80397803	4.91247174	4.96417147	4.95629585	4.90876584	4.83787528	4.76087271	4.68456049	4.60502192	4.52144333	4.42819533	4.33121616	4.23320014	4.12672667	4.01481485	3.89684305	3.77316429	3.64398501	3.51133848	3.37698413	3.24165154	3.11310767	2.99692569	2.89390174	2.80477794	2.72880148	2.67657212	2.65473028	2.66169746	2.69465702	2.74650966	2.81230703
	0.58911595	0.56555595	0.55023799	0.54837990	0.57497848	0.65064005	0.78158803	0.98827458	1.27772139	1.62687533	2.04055636	2.52457298	3.06694675	3.60647073	4.05611689	4.38808939	4.61068702	4.76368446	4.86826825	4.91903190	4.91107511	4.86300310	4.79347454	4.71836697	4.64385119	4.56607123	4.48388884	4.39163018	4.29578345	4.19853805	4.09261892	3.98205115	3.86501166	3.74239025	3.61408608	3.48279140	3.34962734	3.21517933	3.08775719	2.97214264	2.87027194	2.78219918	2.70726182	2.65613873	2.63528500	2.64285827	2.67658417	2.72901488	2.79555691
	0.57147672	0.54825132	0.53333662	0.53211594	0.55998260	0.63705003	0.76805869	0.97182577	1.25604599	1.60025622	2.00676071	2.48175672	3.01388974	3.54065902	3.98059678	4.30802102	4.52513760	4.66950163	4.77028879	4.81729959	4.81065895	4.76613359	4.70135526	4.62923801	4.55910179	4.48518945	4.40468890	4.31501900	4.22194016	4.12556710	4.02235233	3.91428806	3.80006936	3.67996428	3.55495256	3.42700466	3.29680965	3.16491876	3.03957927	2.92572610	2.82595130	2.73938710	2.66599635	2.61614817	2.59577535	2.60395088	2.63772692	2.69017023	2.75675373
	0.55482098	0.53168320	0.51684170	0.51558492	0.54351718	0.62051417	0.75030716	0.95000397	1.22722981	1.56421493	1.96159538	2.42652817	2.94663383	3.46140667	3.89432059	4.21668025	4.43041948	4.57432391	4.67146985	4.71880047	4.71386020	4.67035749	4.60707359	4.53695519	4.47005523	4.39762669	4.31928275	4.23265857	4.14171590	4.04737776	3.94680697	3.84153897	3.73057198	3.61422695	3.49307334	3.36876635	3.24169053	3.11296315	2.99004198	2.87863657	2.78039475	2.69517715	2.62336531	2.57454476	2.55428392	2.56233749	2.59570493	2.64782411	2.71402559
	0.55569294	0.53239593	0.51765856	0.51702005	0.54613277	0.62412682	0.75384790	0.95318632	1.23037445	1.56688804	1.96375177	2.42768059	2.94539438	3.45725101	3.88777232	4.20864739	4.42054455	4.56280183	4.65751470	4.70342812	4.69843995	4.65535079	4.59278693	4.52337140	4.45749268	4.38592999	4.30757623	4.22161480	4.13077393	4.03641404	3.93615213	3.83100022	3.72017171	3.60397078	3.48329775	3.35930434	3.23227566	3.10376602	2.98091053	2.86974673	2.77169242	2.68673664	2.61532354	2.56692362	2.54697638	2.55541926	2.58915738	2.64162134	2.70831998
	0.54701487	0.52360971	0.50901548	0.50915905	0.54016079	0.62031546	0.75089986	0.94918613	1.22269572	1.55688650	1.95125260	2.41168553	2.92275801	3.42878558	3.85433619	4.17105649	4.37955175	4.51845153	4.60986437	4.65365859	4.64844725	4.60676919	4.54633628	4.47915475	4.41455932	4.34585025	4.26886995	4.18400799	4.09389656	4.00043197	3.90145680	3.79699831	3.68753839	3.57262998	3.45382239	3.33100832	3.20522740	3.07802475	2.95634947	2.84623824	2.74882240	2.66476186	2.59437815	2.54678648	2.52726531	2.53600218	2.57002521	2.62308160	2.69016651
	0.54139553	0.51789982	0.50362964	0.50500128	0.53848051	0.62103076	0.75210060	0.94905184	1.22020667	1.55238088	1.94498988	2.40218578	2.90650639	3.40570071	3.82709385	4.14022022	4.34471625	4.48034233	4.56895154	4.60986023	4.60404380	4.56335240	4.50437853	4.43916481	4.37608240	4.30956167	4.23460465	4.14999512	4.06066347	3.96816844	3.86959611	3.76578677	3.65744520	3.54387730	3.42630288	3.30446160	3.17979473	3.05361279	2.93299591	2.82361956	2.72658403	2.64341350	2.57403386	2.52734180	2.50836795	2.51755751	2.55189853	2.60574837	2.67328781
	0.52254729	0.49933018	0.48529619	0.48709435	0.52149983	0.60476716	0.73489709	0.92711598	1.19172332	1.51733204	1.90114704	2.34844555	2.84158971	3.32956045	3.74503385	4.05499636	4.25692672	4.38817929	4.47490226	4.51452155	4.50904981	4.47113923	4.41480219	4.35252736	4.29247463	4.22883150	4.15634442	4.07405572	3.98669205	3.89665436	3.79968331	3.69887701	3.59389413	3.48415313	3.36960314	3.25128447	3.12995296	3.00677795	2.88882782	2.78091503	2.68514915	2.60306504	2.53500886	2.48918163	2.47018699	2.47883526	2.51272328	2.56595225	2.63280505
	0.51834285	0.49509320	0.48121779	0.48366519	0.51930622	0.60352848	0.73331126	0.92397341	1.18644927	1.51031998	1.89155191	2.33527462	2.82412376	3.30730721	3.71962020	4.02766367	4.22821514	4.35745013	4.44169206	4.48021312	4.47490345	4.43828068	4.38236070	4.32120309	4.26241054	4.20038397	4.12817198	4.04687336	3.96035331	3.87107362	3.77474896	3.67506133	3.57087215	3.46223383	3.34861756	3.23150091	3.11122361	2.98922877	2.87192151	2.76430646	2.66906401	2.58750633	2.52006754	2.47476840	2.45601310	2.46474390	2.49868193	2.55195793	2.61877014
	0.50843212	0.48522575	0.47170930	0.47520356	0.51284577	0.59865589	0.72805327	0.91601716	1.17438403	1.49482062	1.87211076	2.30958704	2.79035749	3.26564757	3.67279598	3.97754067	4.17534803	4.30072478	4.38120922	4.41778483	4.41295516	4.37769464	4.32325347	4.26436726	4.20797731	4.14808881	4.07703694	3.99741725	3.91229809	3.82443843	3.72951202	3.63155612	3.52906481	3.42243056	3.31072688	3.19574187	3.07742152	2.95736028	2.84126049	2.73442273	2.64007492	2.55948502	2.49316237	2.44877380	2.43039909	2.43922706	2.47322949	2.52650263	2.59334433
	0.49642178	0.47341226	0.45994647	0.46347356	0.50147802	0.58761344	0.71652948	0.90191562	1.15541991	1.47149812	1.84343474	2.27435112	2.74782482	3.21677022	3.61987664	3.92251908	4.11864008	4.24207044	4.32039167	4.35658905	4.35262576	4.31865376	4.26584917	4.20842613	4.15397185	4.09566486	4.02588440	3.94800031	3.86435183	3.77781384	3.68468644	3.58863216	3.48809639	3.38347199	3.27401498	3.16127985	3.04521537	2.92730106	2.81255295	2.70659354	2.61317118	2.53348439	2.46807353	2.42428523	2.40591661	2.41439290	2.44797376	2.50081703	2.56724798
	0.48375356	0.46100322	0.44749875	0.45090206	0.48897808	0.57512121	0.70338435	0.88594379	1.13364244	1.44452295	1.81008514	2.23392007	2.69929853	3.16129368	3.56003647	3.86004509	4.05472581	4.17661645	4.25259203	4.28859824	4.28560505	4.25296985	4.20205850	4.14639250	4.09343453	4.03641207	3.96863410	3.89221345	3.81027473	3.72534183	3.63419032	3.54004640	3.44170537	3.33933764	3.23261848	3.12253842	3.00905649	2.89335723	2.78006497	2.67540794	2.58313211	2.50451297	2.44012631	2.39699202	2.37861770	2.38666235	2.41968570	2.47192519	2.53775712
	0.47493805	0.45211264	0.43878730	0.44310825	0.48295816	0.57050614	0.69855859	0.87910153	1.12309400	1.43127558	1.79275616	2.21173111	2.66985746	3.12515279	3.52002820	3.81753282	4.00905206	4.12842951	4.20204232	4.23666179	4.23367839	4.20162287	4.15210241	4.09812207	4.04620829	3.99100304	3.92465780	3.84973760	3.76868280	3.68511255	3.59537756	3.50243612	3.40548135	3.30478206	3.20015827	3.09173752	2.98025160	2.86592040	2.75345127	2.64965201	2.55821316	2.48050613	2.41714749	2.37483623	2.35682984	2.36498846	2.39807834	2.45032499	2.51618450
	0.46827796	0.44538887	0.43238998	0.43789537	0.47991055	0.56927799	0.69758449	0.87681618	1.11903111	1.42471974	1.78520670	2.20098146	2.65426461	3.10437181	3.49595018	3.79112346	3.98068184	4.09710865	4.16817236	4.20126977	4.19801835	4.16659684	4.11801616	4.06530072	4.01469553	3.96067238	3.89524210	3.82116026	3.74117932	3.65836238	3.56934139	3.47707979	3.38114152	3.28153238	3.17827109	3.07110600	2.96061896	2.84685924	2.73503706	2.63182253	2.54097953	2.46395202	2.40138662	2.35976571	2.34217880	2.35060534	2.38391792	2.43631269	2.50231559
	0.45474787	0.43160707	0.41884688	0.42582254	0.47062059	0.56198492	0.68970391	0.86532823	1.10195098	1.40141321	1.75679696	2.16434858	2.60794518	3.04765697	3.43354337	3.72401700	3.91069671	4.02274350	4.09068130	4.12183172	4.11847958	4.08755371	4.04072771	3.99023818	3.94221788	3.89034676	3.82674140	3.75473788	3.67694580	3.59598868	3.50910756	3.41875210	3.32579683	3.22894176	3.12842354	3.02417414	2.91603052	2.80424798	2.69426091	2.59256733	2.50311368	2.42752127	2.36651916	2.32613575	2.30916235	2.31772774	2.35094890	2.40311110	2.46883850
	0.44895017	0.42530971	0.41273495	0.42097019	0.46775939	0.56016714	0.68696340	0.86002013	1.09282660	1.38901795	1.74096452	2.14457757	2.58165009	3.01469097	3.39669086	3.68433028	3.86853908	3.97808730	4.04324212	4.07297955	4.06941799	4.03894087	3.99311237	3.94387559	3.89702853	3.84666433	3.78409798	3.71323296	3.63672840	3.55734210	3.47137047	3.38253055	3.29129165	3.19620972	3.09730890	2.99480936	2.88787704	2.77728895	2.66837435	2.56761215	2.47904134	2.40437550	2.34442097	2.30492448	2.28852521	2.29739650	2.33075005	2.38292921	2.44863084
	0.44193009	0.41745083	0.40508267	0.41508865	0.46452183	0.55821207	0.68380321	0.85360150	1.08203667	1.37289985	1.72041164	2.11686041	2.54522591	2.96981894	3.34593985	3.62856251	3.80823627	3.91464245	3.97618783	4.00395594	3.99997152	3.97017880	3.92569283	3.87816086	3.83311888	3.78408534	3.72341554	3.65419060	3.57947721	3.50177574	3.41789205	3.33125475	3.24213589	3.14973616	3.05301051	2.95239154	2.84758181	2.73898666	2.63184208	2.53268525	2.44564237	2.37253556	2.31424278	2.27612401	2.26070334	2.27021311	2.30392517	2.35626192	2.42201727
	0.42196882	0.39663297	0.38454318	0.39679700	0.44956567	0.54442278	0.66704433	0.82882205	1.04579080	1.32490326	1.65928198	2.04076048	2.44988820	2.85727732	3.22216589	3.49763253	3.67089876	3.77218464	3.82894720	3.85375675	3.84979905	3.82221285	3.78089963	3.73691248	3.69548757	3.64944102	3.59294849	3.52765952	3.45693917	3.38336654	3.30454153	3.22275179	3.13852760	3.05153701	2.96006832	2.86442376	2.76472248	2.66096005	2.55782943	2.46203601	2.37794563	2.30768131	2.25225640	2.21640644	2.20215851	2.21184102	2.24517312	2.29688275	2.36180727
	0.40811446	0.38241437	0.37065581	0.38430824	0.43902927	0.53469168	0.65598654	0.81340506	1.02412633	1.29615610	1.62335312	1.99681512	2.39511501	2.79344625	3.15231105	3.42391457	3.59412858	3.69257407	3.74677161	3.77022293	3.76635331	3.74007821	3.70053789	3.65847390	3.61902180	3.57468484	3.52027607	3.45720655	3.38937530	3.31816714	3.24188429	3.16256071	3.08106821	2.99667285	2.90818894	2.81550995	2.71869277	2.61761687	2.51672372	2.42280292	2.34037907	2.27171475	2.21787874	2.18322900	2.16950198	2.17908019	2.21200048	2.26318843	2.32749150
	0.40336470	0.37724918	0.36621807	0.38186470	0.43890173	0.53520527	0.65506951	0.80962563	1.01723012	1.28621048	1.61094339	1.97990246	2.37151513	2.76321440	3.11749692	3.38552897	3.55224412	3.64777707	3.69954999	3.72134923	3.71687732	3.69093103	3.65225133	3.61134946	3.57315765	3.52974923	3.47665402	3.41471078	3.34914191	3.27939163	3.20464215	3.12678685	3.04699130	2.96402321	2.87714289	2.78602950	2.69067927	2.59097890	2.49131156	2.39849566	2.31714855	2.24963879	2.19707894	2.16354824	2.15063354	2.16074575	2.19399807	2.24539679	2.30983085
	0.38828445	0.36166615	0.35116119	0.36875383	0.42794437	0.52420480	0.64099404	0.78898156	0.98748896	1.24637210	1.55994171	1.91570923	2.29247397	2.66996883	3.01476543	3.27654672	3.43875498	3.52991419	3.57783271	3.59689085	3.59246180	3.56820103	3.53192410	3.49343772	3.45789553	3.41781550	3.36766550	3.30910129	3.24676001	3.18041154	3.10875619	3.03455036	2.95867925	2.87988678	2.79737214	2.71056413	2.61945278	2.52373416	2.42758562	2.33778251	2.25914886	2.19425811	2.14429326	2.11290200	2.10113855	2.11142341	2.14432465	2.19517620	2.25887774
	0.37082823	0.34373841	0.33406730	0.35412494	0.41563339	0.51163648	0.62501464	0.76571674	0.95419690	1.20162295	1.50226550	1.84340442	2.20379892	2.56577747	2.89873231	3.15167897	3.30742783	3.39300151	3.43663968	3.45279855	3.44845037	3.42610641	3.39265360	3.35745517	3.32506212	3.28820489	3.24186984	3.18717812	3.12823654	3.06552677	2.99767448	2.92763456	2.85619377	2.78214864	2.70456478	2.62264950	2.53636680	2.44527041	2.35340260	2.26742710	2.19230209	2.13079198	2.08413079	2.05537234	2.04514282	2.05598124	2.08883859	2.13934368	2.20241457
	0.37218874	0.34500924	0.33639329	0.35830572	0.42116325	0.51675821	0.62827875	0.76688251	0.95388658	1.20047825	1.50005943	1.83884713	2.19509352	2.55245283	2.88153634	3.13128033	3.28424550	3.36743949	3.40912975	3.42412784	3.41896800	3.39655675	3.36346354	3.32886834	3.29716363	3.26108200	3.21545593	3.16151545	3.10350361	3.04165372	2.97469787	2.90557150	2.83507608	2.76198990	2.68534809	2.60425118	2.51870673	2.42838024	2.33733713	2.25217986	2.17786635	2.11723993	2.07156895	2.04378781	2.03442913	2.04602074	2.07945572	2.13038157	2.19374255
	0.35023355	0.32322649	0.31609697	0.34005052	0.40399598	0.49842606	0.60611163	0.73662514	0.91229233	1.14589444	1.43058215	1.75304846	2.09236662	2.43370898	2.75127743	2.99322249	3.14036427	3.21868084	3.25669427	3.27049206	3.26593937	3.24575148	3.21565144	3.18423225	3.15563390	3.12306768	3.08071569	3.03027417	2.97605933	2.91800189	2.85501203	2.78995060	2.72386447	2.65555192	2.58388808	2.50777695	2.42724158	2.34180341	2.25529643	2.17415680	2.10349235	2.04636924	2.00414162	1.97903038	1.97103257	1.98280816	2.01576813	2.06597152	2.12834366
	0.35243208	0.32556418	0.31946247	0.34463517	0.40908434	0.50260045	0.60830936	0.73679572	0.91110132	1.14399384	1.42780065	1.74826715	2.08447557	2.42226215	2.73685220	2.97643612	3.12152605	3.19811354	3.23472724	3.24753881	3.24243273	3.22213335	3.19222150	3.16117731	3.13301892	3.10096213	3.05913069	3.00921969	2.95566909	2.89822358	2.83583976	2.77131802	2.70580461	2.63807283	2.56698294	2.49137368	2.41129966	2.32639903	2.24052276	2.16002572	2.09001746	2.03362408	1.99221376	1.96791352	1.96067509	1.97310698	2.00656487	2.05712706	2.11972364
	0.35537495	0.32858428	0.32312109	0.34908333	0.41383275	0.50669113	0.61108537	0.73844334	0.91232458	1.14536597	1.42925401	1.74902306	2.08374036	2.41963947	2.73253267	2.97070275	3.11453806	3.19009718	3.22588162	3.23803070	3.23246699	3.21195479	3.18201808	3.15108064	3.12308347	3.09120965	3.04958364	2.99989691	2.94662779	2.88943023	2.82728597	2.76294648	2.69762505	2.63007570	2.55915624	2.48367122	2.40369085	2.31895431	2.23332966	2.15311836	2.08342778	2.02741180	1.98644111	1.96261278	1.95587934	1.96879929	2.00265248	2.05350622	2.11629697
	0.35963721	0.33270495	0.32731418	0.35352912	0.41850032	0.51137796	0.61581078	0.74387648	0.91925276	1.15432864	1.44044225	1.76240006	2.09883584	2.43600628	2.74958103	2.98791874	3.13176074	3.20732275	3.24304348	3.25498049	3.24903264	3.22805251	3.19765672	3.16632680	3.13799353	3.10574322	3.06369104	3.01363444	2.96001966	2.90244922	2.83990233	2.77511732	2.70931005	2.64121432	2.56970918	2.49360485	2.41298327	2.32764578	2.24151264	2.16089149	2.09086014	2.03457258	1.99338049	1.96945117	1.96280953	1.97599404	2.01015865	2.06129657	2.12435390
	0.35976763	0.33296011	0.32804263	0.35490636	0.42013310	0.51245380	0.61570881	0.74239338	0.91663107	1.15080012	1.43570693	1.75577422	2.08981197	2.42436558	2.73582177	2.97256546	3.11515515	3.18975809	3.22474384	3.23616903	3.22998821	3.20902985	3.17884247	3.14781699	3.11981685	3.08793432	3.04627563	2.99668054	2.94349846	2.88637095	2.82428742	2.75993612	2.69458502	2.62698213	2.55597941	2.48035679	2.40020904	2.31538682	2.22980450	2.14971230	2.08020277	2.02446376	1.98384053	1.96042744	1.95422103	1.96772372	2.00208395	2.05330815	2.11635097
	0.35639320	0.32994566	0.32585336	0.35367514	0.41913883	0.51037295	0.61136940	0.73483043	0.90561631	1.13630932	1.41704013	1.73166706	2.05973724	2.38835168	2.69534742	2.92908428	3.06940968	3.14226160	3.17596879	3.18665720	3.18039690	3.15990689	3.13051687	3.10040143	3.07331098	3.04243704	3.00188453	2.95345339	2.90137332	2.84538308	2.78450033	2.72133434	2.65724887	2.59103009	2.52146551	2.44727300	2.36855776	2.28521025	2.20108339	2.12231465	2.05405351	1.99954605	1.96014899	1.93776837	1.93227712	1.94612648	1.98056652	2.03169858	2.09448401
	0.35488568	0.32874890	0.32537893	0.35398327	0.41952064	0.50969137	0.60873682	0.72976277	0.89813054	1.12646143	1.40422315	1.71479256	2.03825889	2.36232025	2.66563641	2.89652241	3.03476968	3.10619426	3.13894228	3.14912520	3.14283539	3.12270854	3.09392992	3.06451663	3.03811486	3.00795971	2.96814705	2.92053710	2.86927812	2.81412388	2.75414417	2.69189072	2.62875907	2.56355847	2.49504800	2.42188930	2.34421280	2.26196165	2.17895883	2.10127541	2.03405298	1.98056526	1.94216178	1.92063834	1.91580016	1.93008652	1.96475398	2.01592646	2.07859588
	0.35379364	0.32801547	0.32549337	0.35504896	0.42067707	0.50955815	0.60629411	0.72458998	0.89036349	1.11617438	1.39067339	1.69668995	2.01490232	2.33369955	2.63259508	2.85988343	2.99552566	3.06521113	3.09680127	3.10636169	3.09998733	3.08022635	3.05211494	3.02348892	2.99786525	2.96850694	2.92949219	2.88281192	2.83249236	2.77828457	2.71933291	2.65811945	2.59606317	2.53200421	2.46467294	2.39266177	2.31614305	2.23512927	2.15342249	2.07702055	2.01103419	1.95876710	1.92155095	1.90106147	1.89704719	1.91193555	1.94695573	1.99823545	2.06081066
	0.34986480	0.32443937	0.32253274	0.35279833	0.41861937	0.50682270	0.60212257	0.71827008	0.88162433	1.10492887	1.37638576	1.67867040	1.99278639	2.30754595	2.60346546	2.82872300	2.96289881	3.03148114	3.06231061	3.07149088	3.06515614	3.04578118	3.01825010	2.99026280	2.96528041	2.93660777	2.89830758	2.85242282	2.80290383	2.74947557	2.69136626	2.63100337	2.56984006	2.50675971	2.44044863	2.36946020	2.29397262	2.21401504	2.13334051	2.05787668	1.99276304	1.94135580	1.90499175	1.88521255	1.88165630	1.89675346	1.93180059	1.98297916	2.04533323
	0.34773951	0.32245102	0.32077048	0.35132625	0.41727264	0.50529489	0.60011979	0.71544372	0.87780891	1.10009947	1.37036434	1.67126813	1.98386130	2.29709278	2.59199204	2.81666464	2.95041659	3.01862891	3.04919028	3.05823821	3.05193215	3.03271782	3.00541352	2.97766980	2.95293758	2.92453615	2.88651944	2.84094765	2.79174884	2.73862071	2.68083591	2.62080050	2.55998307	2.49728786	2.43138021	2.36079929	2.28572049	2.20617392	2.12588376	2.05074953	1.98593446	1.93482467	1.89876534	1.87923921	1.87582083	1.89094751	1.92596037	1.97707013	2.03931888
	0.34730280	0.32209250	0.32058508	0.35137655	0.41736747	0.50513892	0.59949631	0.71422708	0.87598453	1.09767724	1.36719207	1.66708317	1.97853293	2.29058664	2.58447048	2.80831906	2.94149998	3.00933140	3.03966249	3.04860352	3.04232461	3.02322819	2.99610353	2.96856159	2.94401750	2.91580747	2.87798201	2.83261375	2.78363479	2.73073279	2.67319704	2.61342816	2.55289252	2.49049327	2.42488960	2.35459832	2.27980934	2.20056639	2.12058430	2.04574085	1.98120153	1.93035651	1.89454662	1.87523394	1.87197352	1.88721033	1.92228237	1.97339550	2.03560619
	0.35689269	0.33164200	0.33070488	0.36266412	0.42911120	0.51590912	0.60870059	0.72310202	0.88631180	1.11041938	1.38213758	1.68313524	1.99424747	2.30506299	2.59713710	2.81885715	2.95033258	3.01699841	3.04641810	3.05442185	3.04724317	3.02736385	2.99970579	2.97186877	2.94712763	2.91864656	2.88044184	2.83489935	2.78586280	2.73282341	2.67517619	2.61524408	2.55448721	2.49180819	2.42587601	2.35515222	2.27990402	2.20035696	2.12030654	2.04553639	1.98114841	1.93053982	1.89501725	1.87616688	1.87364222	1.88978461	1.92563540	1.97727461	2.03981345
	0.36603336	0.34095051	0.34093675	0.37456131	0.44160750	0.52705497	0.61754471	0.73063047	0.89435999	1.11993248	1.39254607	1.69295523	2.00187572	2.30949522	2.59786295	2.81581716	2.94447928	3.00932439	3.03745390	3.04435942	3.03631903	3.01581536	2.98789167	2.96007105	2.93539485	2.90690356	2.86862519	2.82324568	2.77452841	2.72179825	2.66453368	2.60495740	2.54453880	2.48214722	2.41643129	2.34582147	2.27065696	2.19137482	2.11183342	2.03768462	1.97395304	1.92403506	1.88919012	1.87112377	1.86960569	1.88686669	1.92360813	1.97574320	2.03844287
	0.36825459	0.34349092	0.34422902	0.37898908	0.44635645	0.53082255	0.61955501	0.73088399	0.89348063	1.11818838	1.38928700	1.68715063	1.99280139	2.29677813	2.58152723	2.79621463	2.92257666	2.98600257	3.01323525	3.01958260	3.01132224	2.99084382	2.96320155	2.93580562	2.91151092	2.88337892	2.84548720	2.80060907	2.75249125	2.70042977	2.64392027	2.58512138	2.52552105	2.46394878	2.39901236	2.32914919	2.25471987	2.17626562	2.09764129	2.02440872	1.96155047	1.91245555	1.87835349	1.86097191	1.86012654	1.87800671	1.91516063	1.96740981	2.02995466
	0.37216860	0.34739098	0.34840832	0.38367422	0.45135976	0.53576134	0.62443032	0.73643934	0.90056712	1.12709658	1.40001356	1.69951311	2.00624230	2.31085634	2.59560272	2.80977339	2.93562929	2.99873822	3.02569036	3.03167850	3.02296545	3.00199298	2.97393899	2.94623597	2.92168720	2.89323847	2.85498313	2.80982029	2.76145470	2.70911828	2.65231223	2.59316812	2.53320159	2.47121453	2.40582410	2.33547690	2.26055531	2.18168149	2.10275124	2.02932301	1.96634733	1.91720143	1.88308032	1.86576801	1.86516764	1.88342199	1.92093709	1.97347856	2.03626382
	0.37773025	0.35338166	0.35555195	0.39222327	0.45992000	0.54252137	0.62852571	0.73837553	0.90169317	1.12778785	1.39930283	1.69575516	1.99821072	2.29801583	2.57796916	2.78784355	2.91067153	2.97188261	2.99748873	3.00256274	2.99331153	2.97210458	2.94420869	2.91691740	2.89274435	2.86461558	2.82680803	2.78228748	2.73464192	2.68309245	2.62716119	2.56886861	2.50978735	2.44865898	2.38407848	2.31450753	2.24037983	2.16245622	2.08461596	2.01230244	1.95039748	1.90228734	1.86912692	1.85277575	1.85321622	1.87241757	1.91054789	1.96328430	2.02589468
	0.37952192	0.35513726	0.35735657	0.39418558	0.46201599	0.54466250	0.63073223	0.74091751	0.90490321	1.13183601	1.40426823	1.70157992	2.00467766	2.30490432	2.58501523	2.79487014	2.91765011	2.97881096	3.00432597	3.00926769	2.99983019	2.97840636	2.95031896	2.92287948	2.89857766	2.87029676	2.83233186	2.78768033	2.73991189	2.68823488	2.63216461	2.57370936	2.51445613	2.45313521	2.38834279	2.31854459	2.24417861	2.16604090	2.08802886	2.01557682	1.95355754	1.90535612	1.87211783	1.85574531	1.85624996	1.87557408	1.91383224	1.96667496	2.02937585
	0.38768704	0.36342635	0.36645102	0.40411873	0.47177560	0.55307415	0.63758060	0.74751511	0.91294338	1.14155206	1.41503326	1.71256015	2.01467822	2.31321767	2.59104925	2.79835551	2.91913983	2.97901507	3.00359604	3.00769229	2.99750122	2.97542521	2.94694669	2.91933066	2.89492105	2.86644559	2.82831656	2.78369959	2.73599616	2.68436651	2.62833183	2.56986754	2.51058392	2.44915550	2.38422478	2.31424821	2.23976480	2.16164901	2.08382578	2.01169244	1.95006286	1.90233637	1.86959817	1.85383249	1.85517674	1.87539678	1.91434473	1.96760668	2.03051036
	0.39280005	0.36898710	0.37332205	0.41212638	0.47939206	0.55864365	0.64058753	0.74893320	0.91432124	1.14291129	1.41525143	1.71039192	2.00897563	2.30356517	2.57734677	2.78089986	2.89893335	2.95709061	2.98055410	2.98377978	2.97301828	2.95062941	2.92215527	2.89474813	2.87057466	2.84229148	2.80441919	2.76028141	2.71311485	2.66201701	2.60655717	2.54866815	2.48994281	2.42902248	2.36458409	2.29507138	2.22112300	2.14367873	2.06666110	1.99541907	1.93468816	1.88790188	1.85610942	1.84129034	1.84364862	1.86476651	1.90427727	1.95774274	2.02057977
	0.39379791	0.37039617	0.37563774	0.41508711	0.48206160	0.56011691	0.64063393	0.74805085	0.91324194	1.14153353	1.41292494	1.70636184	2.00280494	2.29515917	2.56676131	2.76841020	2.88511458	2.94244454	2.96540837	2.96821263	2.95719697	2.93469921	2.90626553	2.87898192	2.85494463	2.82679900	2.78909891	2.74525156	2.69841855	2.64764051	2.59253158	2.53500398	2.47661511	2.41601741	2.35187775	2.28265084	2.20900898	2.13194460	2.05536699	1.98461470	1.92436924	1.87809528	1.84683589	1.83253473	1.83538537	1.85687332	1.89655874	1.95001153	2.01272977
	0.40504764	0.38168061	0.38739979	0.42733382	0.49428119	0.57177312	0.65206515	0.76122512	0.92995490	1.16207939	1.43734351	1.73408541	2.03272540	2.32620521	2.59784727	2.79860567	2.91447216	2.97113434	2.99344807	2.99535831	2.98327352	2.95960433	2.93019964	2.90215833	2.87749628	2.84861322	2.81018149	2.76580097	2.71842778	2.66706263	2.61128951	2.55298692	2.49377921	2.43229088	2.36714754	2.29686483	2.22216850	2.14423157	2.06699076	1.99577884	1.93523581	1.88883183	1.85751479	1.84342037	1.84686808	1.86915319	1.90957371	1.96358617	2.02676295
	0.40412380	0.38142677	0.38846034	0.42944042	0.49629948	0.57256532	0.65122160	0.75904851	0.92694272	1.15778383	1.43083813	1.72476582	2.01962815	2.30928099	2.57723001	2.77468880	2.88831115	2.94358563	2.96510104	2.96646556	2.95419388	2.93064023	2.90157609	2.87397866	2.84973187	2.82126626	2.78324843	2.73951350	2.69286272	2.64217882	2.58720113	2.52971324	2.47132733	2.41069404	2.34637013	2.27692452	2.20307098	2.12605973	2.04980442	1.97957923	1.92000400	1.87454738	1.84414808	1.83086738	1.83503142	1.85783150	1.89849054	1.95244069	2.01536375
	0.40821350	0.38595253	0.39393304	0.43572570	0.50266493	0.57832529	0.65648469	0.76505053	0.93487364	1.16773218	1.44267147	1.73784109	2.03313076	2.32273189	2.59000292	2.78636640	2.89916320	2.95384088	2.97481924	2.97554741	2.96259014	2.93835621	2.90876631	2.88079586	2.85624318	2.82741541	2.78907600	2.74515537	2.69835424	2.64745809	2.59225139	2.53447188	2.47575626	2.41476231	2.34998005	2.28004791	2.20568006	2.12828930	2.05180625	1.98148194	1.92190100	1.87653976	1.84630105	1.83331668	1.83795282	1.86125393	1.90230479	1.95647341	2.01954686
	0.41575304	0.39356503	0.40204395	0.44417254	0.51096669	0.58601790	0.66381004	0.77345923	0.94572678	1.18121444	1.45881015	1.75589802	2.05229958	2.34222124	2.60895101	2.80443779	2.91659829	2.97079669	2.99116532	2.99123768	2.97754661	2.95256006	2.92235329	2.89389913	2.86894236	2.83965298	2.80095192	2.75673950	2.70968448	2.65850860	2.60299266	2.54481674	2.48564656	2.42413680	2.35875111	2.28816409	2.21312818	2.13518439	2.05830717	1.98770345	1.92791378	1.88245177	1.85215474	1.83933754	1.84438362	1.86821279	1.90967982	1.96410382	2.02736014
	0.42110955	0.39988608	0.41020057	0.45346724	0.51972752	0.59284754	0.66879008	0.77852369	0.95253797	1.18964495	1.46808616	1.76493088	2.05952222	2.34687710	2.61042380	2.80290762	2.91314115	2.96587624	2.98503521	2.98388468	2.96916543	2.94330026	2.91251807	2.88373622	2.85853839	2.82900655	2.79013351	2.74617938	2.69943781	2.64842709	2.59309141	2.53499281	2.47583610	2.41430695	2.34876366	2.27798709	2.20278480	2.12489870	2.04829614	1.97808054	1.91875853	1.87392871	1.84429428	1.83232686	1.83832127	1.86299336	1.90491949	1.95941029	2.02251756
	0.42634438	0.40556997	0.41679243	0.46078914	0.52705261	0.59957383	0.67512227	0.78584708	0.96187799	1.20097055	1.48125599	1.77950201	2.07429102	2.36145191	2.62404628	2.81517274	2.92442838	2.97634791	2.99489682	2.99299372	2.97752708	2.95094373	2.91961418	2.89044443	2.86492895	2.83502130	2.79577972	2.75173963	2.70490360	2.65372330	2.59820252	2.53984773	2.48039330	2.41851034	2.35254093	2.28130080	2.20564551	2.12744771	2.05069918	1.98045495	1.92120325	1.87655501	1.84712742	1.83551706	1.84205064	1.86729817	1.90964694	1.96437534	2.02760301
	0.43978488	0.41915748	0.43074290	0.47521240	0.54190030	0.61487856	0.69168952	0.80606843	0.98739677	1.23214601	1.51906042	1.82296949	2.12189391	2.41290130	2.67739409	2.86853468	2.97759980	3.02915243	3.04721999	3.04443163	3.02769786	2.99965024	2.96699678	2.93670840	2.91021762	2.87912330	2.83885729	2.79396452	2.74612079	2.69390090	2.63723904	2.57760051	2.51677001	2.45336023	2.38576415	2.31279911	2.23538700	2.15562233	2.07759592	2.00634198	1.94631571	1.90107751	1.87113708	1.85935930	1.86631298	1.89231120	1.93544995	1.99089427	2.05477929
	0.45510769	0.43505356	0.44756060	0.49274290	0.55955720	0.63229125	0.70968039	0.82755634	1.01438829	1.26506675	1.55842408	1.86741772	2.16949239	2.46314646	2.72832846	2.91862131	3.02694117	3.07772657	3.09485615	3.09076735	3.07246334	3.04271052	3.00857809	2.97708303	2.94956421	2.91725991	2.87593704	2.83030713	2.78168987	2.72855196	2.67090265	2.61011584	2.54800354	2.48316195	2.41399416	2.33937456	2.26028180	2.17907981	2.09994114	2.02784435	1.96721184	1.92159549	1.89135541	1.87967878	1.88730930	1.91423871	1.95819314	2.01425259	2.07860878
	0.46459806	0.44534080	0.45884739	0.50452586	0.57106264	0.64302436	0.72012071	0.83963480	1.02932660	1.28336511	1.57911498	1.88944015	2.19207351	2.48569591	2.74999095	2.93881522	3.04602447	3.09606584	3.11230637	3.10720185	3.08788878	3.05712482	3.02219807	2.99011030	2.96209919	2.92924222	2.88724159	2.84146347	2.79261138	2.73919191	2.68123654	2.62003589	2.55744130	2.49204143	2.42220466	2.34689491	2.26710449	2.18539322	2.10594890	2.03369198	1.97302847	1.92751434	1.89741725	1.88611517	1.89439949	1.92200155	1.96641625	2.02270316	2.08713840
	0.46393809	0.44610698	0.46155919	0.50826961	0.57423205	0.64441591	0.71974281	0.83856032	1.02825253	1.28219799	1.57705076	1.88568221	2.18466545	2.47487983	2.73585429	2.92190803	3.02729686	3.07598840	3.09100533	3.08489398	3.06485189	3.03353246	2.99833467	2.96617809	2.93815175	2.90529910	2.86361904	2.81857165	2.77052872	2.71753586	2.66010760	2.59943893	2.53727308	2.47235844	2.40289928	2.32798637	2.24857973	2.16742985	2.08862707	2.01702239	1.95707127	1.91237883	1.88311372	1.87264327	1.88165292	1.90970045	1.95417214	2.01016186	2.07407849
	0.47581900	0.45866633	0.47473325	0.52159835	0.58741832	0.65744521	0.73342659	0.85515771	1.04927566	1.30889129	1.60780363	1.91969249	2.22272677	2.51562240	2.77796286	2.96454871	3.06986988	3.11821629	3.13269391	3.12572411	3.10450199	3.07185301	3.03546541	3.00230636	2.97339368	2.93962273	2.89686418	2.85069435	2.80157028	2.74794690	2.68953175	2.62773644	2.56435874	2.49811304	2.42721056	2.35078979	2.26984685	2.18736762	2.10750325	2.03503126	1.97439576	1.92918448	1.89949332	1.88895576	1.89836584	1.92698575	1.97194962	2.02832303	2.09258825
	0.49767720	0.48253891	0.50052849	0.54828245	0.61377481	0.68291938	0.75980861	0.88707667	1.08931317	1.35778683	1.66481343	1.98041603	2.28717175	2.58290029	2.84472617	3.02865763	3.13094804	3.17752066	3.18994228	3.18060156	3.15671659	3.12136742	3.08284229	3.04807315	3.01772069	2.98211435	2.93846545	2.89123916	2.84101437	2.78634613	2.72681728	2.66362476	2.59866707	2.53066359	2.45771852	2.37912318	2.29603056	2.21191799	2.13093896	2.05779044	1.99691327	1.95180656	1.92236309	1.91258334	1.92347154	1.95365976	1.99976804	2.05681423	2.12152497
	0.50579409	0.49377330	0.51490905	0.56418999	0.62880876	0.69562319	0.77148067	0.90115641	1.10775923	1.38000889	1.68999981	2.00474578	2.31106322	2.60489269	2.86330662	3.04359791	3.14289039	3.18693997	3.19667298	3.18478961	3.15838233	3.12072333	3.08056313	3.04479251	3.01332725	2.97699123	2.93307443	2.88559576	2.83562019	2.78104117	2.72139200	2.65801589	2.59258681	2.52423770	2.45063898	2.37129862	2.28756149	2.20329141	2.12248391	2.04970873	1.98957699	1.94555000	1.91733196	1.90903714	1.92147088	1.95277786	1.99928134	2.05609207	2.12026238
	0.51788525	0.50772170	0.53024868	0.58014019	0.64443698	0.71055801	0.78730068	0.92093127	1.13344239	1.41060745	1.72421938	2.04083885	2.34945185	2.64478629	2.90208782	3.08014667	3.17782586	3.22019594	3.22824137	3.21463777	3.18631729	3.14681214	3.10512540	3.06833739	3.03582516	2.99863140	2.95373897	2.90555498	2.85521698	2.79983554	2.73976112	2.67568995	2.60938778	2.54013403	2.46534303	2.38474664	2.29979840	2.21464952	2.13331066	2.06027578	2.00024130	1.95655609	1.92874486	1.92122362	1.93472464	1.96697338	2.01400439	2.07098990	2.13517489
	0.53660831	0.52931916	0.55341365	0.60355863	0.66731957	0.73269884	0.81107771	0.95085234	1.17266801	1.45812768	1.77575634	2.09635145	2.40775255	2.70619218	2.96263852	3.13768853	3.23311711	3.27324884	3.27901158	3.26293161	3.23176770	3.18956610	3.14564959	3.10726483	3.07352078	3.03459372	2.98860674	2.93969983	2.88845890	2.83194755	2.77047254	2.70544363	2.63790297	2.56715470	2.49046119	2.40787889	2.32101191	2.23442820	2.15216131	2.07858839	2.01848429	1.97504877	1.94760895	1.94105909	1.95596871	1.98941185	2.03705173	2.09415495	2.15825750
	0.54508803	0.54061914	0.56661265	0.61721967	0.68032779	0.74472766	0.82382234	0.96715151	1.19411925	1.48249604	1.80175762	2.12368369	2.43514952	2.73359161	2.98749304	3.15944702	3.25249517	3.29053148	3.29432122	3.27629796	3.24314587	3.19921348	3.15426138	3.11493050	3.08043170	3.04099376	2.99489272	2.94628082	2.89463139	2.83821267	2.77599747	2.71081929	2.64297238	2.57171882	2.49427479	2.41089529	2.32332295	2.23632537	2.15391091	2.08041553	2.02071282	1.97789430	1.95115412	1.94555900	1.96143808	1.99549796	2.04321970	2.09999409	2.16355729
	0.55351306	0.55236300	0.58031299	0.63151547	0.69376458	0.75721767	0.83757218	0.98531462	1.21730234	1.50943773	1.83053920	2.15365179	2.46439871	2.76238892	3.01348953	3.18148122	3.27157737	3.30724564	3.30879695	3.28865117	3.25339338	3.20768073	3.16175940	3.12144031	3.08603602	3.04554250	2.99959083	2.95147697	2.89963923	2.84347558	2.78103468	2.71538476	2.64731596	2.57587585	2.49773366	2.41358608	2.32533948	2.23793476	2.15543931	2.08212087	2.02295881	1.98092288	1.95501532	1.95043510	1.96728940	2.00191706	2.04959365	2.10583793	2.16844931
	0.55395329	0.55769936	0.58863647	0.64187105	0.70346567	0.76611133	0.84879147	1.00272608	1.24149943	1.53992351	1.86279414	2.18466896	2.49445819	2.78973828	3.03549079	3.19704455	3.28249020	3.31454479	3.31293842	3.29008660	3.25225446	3.20454144	3.15749009	3.11609645	3.07969386	3.03874890	2.99254408	2.94568324	2.89474089	2.83855252	2.77675334	2.71176208	2.64382336	2.57250923	2.49405713	2.40953561	2.32100803	2.23360080	2.15145803	2.07881784	2.02078926	1.98016727	1.95570656	1.95256463	1.97058677	2.00567282	2.05287027	2.10797387	2.16896339
	0.55001511	0.55688124	0.59002737	0.64473539	0.70597074	0.76819085	0.85241121	1.00993630	1.25276730	1.55403555	1.87735150	2.19839853	2.50630516	2.79947185	3.04153960	3.19920899	3.28187049	3.31163894	3.30813589	3.28369894	3.24441394	3.19563441	3.14793286	3.10595364	3.06905122	3.02840180	2.98265814	2.93630925	2.88610587	2.83051364	2.76919937	2.70492659	2.63764226	2.56635710	2.48797787	2.40340873	2.31491119	2.22769251	2.14587734	2.07370169	2.01637535	1.97664909	1.95313360	1.95081973	1.96937707	2.00447184	2.05110326	2.10524683	2.16521459
	0.54792019	0.55816269	0.59379981	0.64978916	0.71068063	0.77272162	0.85902771	1.02112395	1.26961239	1.57412640	1.89908492	2.22022198	2.52750773	2.81949693	3.05827409	3.21268371	3.29256045	3.32008901	3.31452112	3.28832683	3.24730414	3.19715138	3.14830661	3.10555017	3.06791882	3.02714203	2.98213254	2.93603361	2.88635675	2.83102121	2.76992650	2.70585435	2.63899740	2.56742356	2.48878366	2.40377025	2.31491734	2.22753248	2.14573897	2.07377447	2.01693302	1.97790985	1.95516867	1.95360136	1.97268294	2.00780406	2.05388517	2.10709310	2.16598253
	0.54675848	0.56184454	0.60142422	0.65878513	0.71927994	0.78175388	0.87228470	1.04252467	1.29973458	1.60790904	1.93763754	2.25845759	2.56713085	2.85862132	3.09309215	3.24291590	3.31891210	3.34343689	3.33506686	3.30636503	3.26282589	3.21064791	3.16032062	3.11672274	3.07795772	3.03612834	2.99140212	2.94561756	2.89664554	2.84174815	2.78021803	2.71540680	2.64846253	2.57620117	2.49676946	2.41062794	2.32087195	2.23287924	2.15089578	2.07915453	2.02301255	1.98499597	1.96331240	1.96278054	1.98266639	2.01797369	2.06349035	2.11560750	2.17313419
	0.54604403	0.56441667	0.60691059	0.66508601	0.72514083	0.78799687	0.88195830	1.05838463	1.32112309	1.63330306	1.96540961	2.28575488	2.59419351	2.88473991	3.11525609	3.26139160	3.33440616	3.35648350	3.34597572	3.31526814	3.26987988	3.21624767	3.16540128	3.12098598	3.08137867	3.03901092	2.99431134	2.94916673	2.90042026	2.84572758	2.78420613	2.71982138	2.65248956	2.58004739	2.50006011	2.41325867	2.32300237	2.23471230	2.15271254	2.08129752	2.02585040	1.98871778	1.96796597	1.96827969	1.98878453	2.02417956	2.06917597	2.12040948	2.17678188
	0.54061746	0.56167355	0.60640502	0.66518034	0.72473435	0.78753579	0.88345134	1.06318447	1.32871946	1.64255833	1.97501368	2.29317371	2.59968090	2.88778389	3.11450683	3.25723675	3.32772228	3.34792120	3.33589958	3.30397875	3.25761048	3.20335839	3.15244432	3.10765658	3.06765784	3.02558696	2.98149241	2.93702302	2.88884574	2.83475828	2.77392040	2.71015028	2.64336811	2.57135528	2.49151557	2.40484739	2.31482666	2.22687552	2.14531309	2.07448694	2.01983405	1.98359247	1.96374926	1.96480577	1.98571521	2.02103296	2.06545390	2.11582464	2.17119032
	0.52977914	0.55314326	0.59998853	0.65907015	0.71778391	0.77967209	0.87556580	1.05555621	1.32044605	1.63389909	1.96364645	2.27730307	2.57960400	2.86293711	3.08478025	3.22399315	3.29229832	3.31114378	3.29820127	3.26584571	3.21947136	3.16563547	3.11530021	3.07081309	3.03109639	2.98997662	2.94696011	2.90350297	2.85648528	2.80388619	2.74457422	2.68233112	2.61704408	2.54632687	2.46756709	2.38206476	2.29326912	2.20648508	2.12594880	2.05605428	2.00234973	1.96705475	1.94814460	1.94983833	1.97089954	2.00587484	2.04950360	2.09891371	2.15313620
	0.52086089	0.54798218	0.59720644	0.65667310	0.71467856	0.77652433	0.87455258	1.05738456	1.32428095	1.63882622	1.96644361	2.27660850	2.57627886	2.85532129	3.07190962	3.20640168	3.27191211	3.28854115	3.27407855	3.24069767	3.19373899	3.13998781	3.08979987	3.04566607	3.00593649	2.96536810	2.92291516	2.88050496	2.83453401	2.78293229	2.72481208	2.66382025	2.59957859	2.52940584	2.45124523	2.36637072	2.27827836	2.19224355	2.11245819	2.04343198	1.99077246	1.95659694	1.93881098	1.94132194	1.96272171	1.99744421	2.04025354	2.08855924	2.14178306
	0.51404801	0.54558945	0.59701621	0.65669809	0.71403665	0.77646473	0.87801452	1.06541870	1.33556995	1.65237064	1.97868046	2.28644171	2.58364724	2.85916164	3.07039584	3.20029671	3.26258687	3.27680730	3.26053120	3.22611872	3.17825359	3.12412270	3.07375696	3.02931904	2.98948966	2.94903028	2.90702227	2.86589764	2.82068836	2.76948094	2.71257599	2.65257035	2.58850690	2.51874611	2.44073404	2.35605215	2.26822420	2.18259526	2.10332396	2.03509675	1.98351615	1.95054380	1.93396425	1.93738042	1.95923376	1.99375497	2.03575608	2.08297277	2.13488514
	0.50843702	0.54508421	0.59900799	0.65895903	0.71574825	0.77953823	0.88631283	1.08048814	1.35584043	1.67535379	2.00137301	2.30728187	2.60283221	2.87507168	3.08038890	3.20493064	3.26298535	3.27459146	3.25597591	3.21971710	3.17029454	3.11519989	3.06462878	3.01992111	2.97992050	2.93910583	2.89799210	2.85730127	2.81337683	2.76221220	2.70637658	2.64685356	2.58304511	2.51334108	2.43501919	2.35014552	2.26223603	2.17672862	2.09777783	2.03029749	1.97989035	1.94828223	1.93307354	1.93757370	1.96001150	1.99434249	2.03546855	2.08151433	2.13205481
	0.50659944	0.54601854	0.60104375	0.66060346	0.71656423	0.78077764	0.89024369	1.08804909	1.36609349	1.68654179	2.01132115	2.31459914	2.60815822	2.87737227	3.07859159	3.19977261	3.25499169	3.26505306	3.24519409	3.20778148	3.15745074	3.10230433	3.05185528	3.00715509	2.96729523	2.92608928	2.88608211	2.84575854	2.80238734	2.75180976	2.69685919	2.63766862	2.57442635	2.50495429	2.42678838	2.34208874	2.25442806	2.16920638	2.09060916	2.02366310	1.97403982	1.94331879	1.92899985	1.93418302	1.95690978	1.99101242	2.03146913	2.07663650	2.12615568
	0.49713968	0.53926081	0.59534356	0.65434854	0.70903956	0.77258981	0.88264180	1.08115707	1.35827666	1.67682092	1.99732617	2.29522893	2.58296507	2.84616449	3.04229066	3.15977123	3.21245476	3.22078582	3.20037357	3.16267454	3.11262343	3.05835252	3.00831488	2.96445250	2.92529717	2.88499099	2.84637863	2.80705943	2.76507712	2.71639742	2.66274917	2.60537586	2.54373475	2.47547865	2.39866182	2.31533726	2.22909123	2.14517701	2.06772142	2.00184806	1.95335662	1.92377878	1.91058003	1.91646274	1.93928233	1.97287949	2.01236853	2.05631007	2.10459443
	0.49659786	0.54253056	0.60028434	0.65917121	0.71359007	0.77917597	0.89479818	1.10032669	1.38292039	1.70435448	2.02487329	2.32308915	2.61028558	2.87163204	3.06387874	3.17732362	3.22696551	3.23316467	3.21094854	3.17120405	3.11968855	3.06496214	3.01381143	2.96955617	2.92983615	2.88891930	2.85076172	2.81220844	2.76966920	2.72123361	2.66756370	2.61021840	2.54833803	2.47945169	2.40185899	2.31782902	2.23096794	2.14667555	2.06913489	2.00364306	1.95598586	1.92741638	1.91522201	1.92190131	1.94508768	1.97846338	2.01724820	2.06027989	2.10756010
	0.49714601	0.54537279	0.60409932	0.66287470	0.71717185	0.78427134	0.90361368	1.11352910	1.39931694	1.72218896	2.04218540	2.33979486	2.62660344	2.88609624	3.07517856	3.18607882	3.23360504	3.23802862	3.21462659	3.17374166	3.12128819	3.06611972	3.01437986	2.97005807	2.92979654	2.88909196	2.85116970	2.81290737	2.77052246	2.72249577	2.66849041	2.61129464	2.54936106	2.48017347	2.40216946	2.31779479	2.23064965	2.14622700	2.06875852	2.00363865	1.95663543	1.92880842	1.91733620	1.92455668	1.94796883	1.98116398	2.01945412	2.06183941	2.10839250
	0.48753768	0.53783388	0.59667767	0.65387573	0.70611578	0.77190014	0.89096971	1.09978849	1.38196265	1.70018307	2.01345979	2.30335367	2.58249513	2.83406082	3.01660245	3.12355683	3.16888664	3.17240050	3.14864024	3.10831424	3.05714350	3.00302253	2.95265176	2.90910399	2.86966210	2.83038147	2.79386729	2.75761251	2.71676835	2.67091869	2.61901234	2.56356299	2.50367932	2.43646799	2.36043009	2.27812030	2.19302591	2.11045517	2.03460083	1.97096361	1.92541757	1.89898533	1.88877408	1.89668737	1.92000901	1.95245968	1.98954635	2.03042092	2.07528219
	0.47316836	0.52575711	0.58437500	0.63912410	0.68830500	0.75168791	0.86929181	1.07538690	1.35176848	1.66345860	1.96775215	2.24720340	2.51535571	2.75647333	2.93150962	3.03334301	3.07654469	3.07900357	3.05546855	3.01624449	2.96693011	2.91441704	2.86565897	2.82346908	2.78532317	2.74799209	2.71347691	2.67963782	2.64128695	2.59849208	2.54938755	2.49636326	2.43935848	2.37495069	2.30174409	2.22235706	2.14014255	2.06012033	1.98641385	1.92467254	1.88091388	1.85617698	1.84750436	1.85618980	1.87924783	1.91062745	1.94606057	1.98488842	2.02746011
	0.46414199	0.51891012	0.57709187	0.62935530	0.67596407	0.73832551	0.85673313	1.06301439	1.33689106	1.64524179	1.94346600	2.21481908	2.47478382	2.70782838	2.87561342	2.97350021	3.01435682	3.01463640	2.99101206	2.95211028	2.90289107	2.85096023	2.80322284	2.76176883	2.72460186	2.68868182	2.65588070	2.62277624	2.58760346	2.54653604	2.49903381	2.44794145	2.39286401	2.33019234	2.25871172	2.18113075	2.10072288	2.02234924	1.95013487	1.88989913	1.84768345	1.82445709	1.81718672	1.82657569	1.84939169	1.87971617	1.91351127	1.95033636	1.99066938
	0.46331242	0.51900949	0.57666307	0.62743389	0.67295600	0.73566608	0.85591361	1.06388417	1.33790053	1.64520401	1.94136954	2.20990461	2.46685321	2.69660270	2.86045609	2.95620592	2.99546476	2.99475480	2.97054071	2.93154268	2.88153415	2.82988697	2.78251066	2.74116445	2.70389871	2.66871006	2.63670312	2.60394144	2.56944868	2.52882276	2.48188180	2.43143035	2.37687487	2.31456351	2.24345440	2.16630241	2.08635410	2.00845936	1.93678848	1.87725893	1.83584940	1.81342453	1.80686998	1.81661788	1.83934708	1.86914396	1.90211267	1.93794806	1.97718283
	0.45846820	0.51454609	0.57064510	0.61879106	0.66175246	0.72268833	0.84200109	1.04856836	1.31927167	1.62190839	1.91329458	2.17554137	2.42612436	2.64932139	2.80844720	2.90173611	2.93958768	2.93837034	2.91448324	2.87568173	2.82643480	2.77591522	2.72979811	2.68968514	2.65280027	2.61830345	2.58769396	2.55668309	2.52308404	2.48368796	2.43821248	2.38931023	2.33631700	2.27550726	2.20598043	2.13045302	2.05212801	1.97571564	1.90534384	1.84700663	1.80667912	1.78524059	1.77952593	1.78959004	1.81197733	1.84090152	1.87262389	1.90695662	1.94451393
	0.45648059	0.51263640	0.56664792	0.61113077	0.65104482	0.71055373	0.83013398	1.03686233	1.30567628	1.60458511	1.89127338	2.14703671	2.39037807	2.60625011	2.75983746	2.85005280	2.88625662	2.88414079	2.86044236	2.82120566	2.77286286	2.72281412	2.67735882	2.63812417	2.60189336	2.56885490	2.53870121	2.50947620	2.47691179	2.43871360	2.39467296	2.34723190	2.29567261	2.23612452	2.16792872	2.09377321	2.01684083	1.94171549	1.87247282	1.81524535	1.77601890	1.75563604	1.75085662	1.76126772	1.78316871	1.81089548	1.84091743	1.87321474	1.90852682
	0.44798070	0.50238032	0.55239534	0.59172050	0.62667639	0.68114582	0.79553200	0.99685189	1.25691810	1.54510849	1.82187087	2.06693265	2.29759613	2.50278084	2.65077600	2.73799441	2.77429751	2.77265423	2.75046339	2.71395833	2.66825648	2.62057709	2.57788155	2.53987091	2.50559348	2.47435365	2.44578719	2.41832439	2.38780464	2.35182689	2.31045506	2.26579563	2.21715950	2.16067372	2.09570189	2.02481933	1.95112275	1.87891135	1.81204893	1.75667920	1.71895329	1.69979571	1.69599095	1.70658492	1.72768363	1.75392835	1.78199423	1.81194455	1.84463628
	0.44565237	0.49898192	0.54692520	0.58426423	0.61718813	0.67031417	0.78400994	0.98450149	1.24211642	1.52645578	1.79914456	2.03970098	2.26525116	2.46539037	2.61068880	2.69649747	2.73226487	2.73047578	2.70892868	2.67319397	2.62807231	2.58120679	2.53961913	2.50227774	2.46874200	2.43805632	2.41015231	2.38340250	2.35370493	2.31853672	2.27816573	2.23454604	2.18694407	2.13146411	2.06753761	1.99774427	1.92514307	1.85392092	1.78790050	1.73329305	1.69629723	1.67780151	1.67455060	1.68530287	1.70606256	1.73159050	1.75869194	1.78750992	1.81894677
	0.44801824	0.50044659	0.54670883	0.58283541	0.61487725	0.66905254	0.78562489	0.98880938	1.24824163	1.53299593	1.80447758	2.04314762	2.26677869	2.46412670	2.60724016	2.69163581	2.72608073	2.72329304	2.70146151	2.66515362	2.61933608	2.57231823	2.53088123	2.49362228	2.46002656	2.42932460	2.40168773	2.37511984	2.34560316	2.31044703	2.27016030	2.22659942	2.17890695	2.12314755	2.05891600	1.98889108	1.91612556	1.84479647	1.77878857	1.72443621	1.68790648	1.66994150	1.66717649	1.67812627	1.69867432	1.72359847	1.74985542	1.77772877	1.80815046
	0.44523149	0.49576479	0.53878714	0.57144225	0.60097558	0.65446378	0.77187860	0.97621554	1.23312099	1.51237494	1.77716464	2.00944692	2.22670149	2.41729555	2.55595995	2.63880872	2.67210734	2.67021504	2.64844789	2.61284481	2.56805057	2.52241502	2.48159324	2.44510074	2.41203969	2.38222444	2.35549309	2.32966722	2.30095975	2.26668397	2.22746538	2.18501991	2.13837341	2.08360113	2.02048128	1.95172623	1.88032439	1.81032458	1.74557938	1.69253509	1.65730701	1.64048809	1.63857520	1.64970493	1.66970404	1.69355835	1.71842067	1.74471806	1.77340125
	0.43860627	0.48723632	0.52634550	0.55508398	0.58202046	0.63544600	0.75494395	0.96038394	1.21514520	1.48967274	1.74867263	1.97374285	2.18329665	2.36715374	2.50173180	2.58216102	2.61474933	2.61315720	2.59205802	2.55739579	2.51401431	2.46997007	2.42995537	2.39411094	2.36180194	2.33282606	2.30699825	2.28208478	2.25430096	2.22113181	2.18318466	2.14200705	2.09654843	2.04284608	1.98086796	1.91335268	1.84324324	1.77444128	1.71075372	1.65876006	1.62461688	1.60877185	1.60759746	1.61875826	1.63805835	1.66067025	1.68391720	1.70839358	1.73508359
	0.42842918	0.47629838	0.51334123	0.53991999	0.56531139	0.61824055	0.73752435	0.94163936	1.19322920	1.46245221	1.71611111	1.93540316	2.13925270	2.31742592	2.44875982	2.52806842	2.56057282	2.55963116	2.53935610	2.50589219	2.46395665	2.42135728	2.38242371	2.34743250	2.31590610	2.28766615	2.26252349	2.23837485	2.21141066	2.17928010	2.14253754	2.10260971	2.05841968	2.00602771	1.94546968	1.87946207	1.81087519	1.74350802	1.68110596	1.63026971	1.59711868	1.58202303	1.58132625	1.59247128	1.61129414	1.63313020	1.65541761	1.67880116	1.70428045
	0.41960620	0.46693376	0.50236951	0.52722538	0.55146170	0.60416465	0.72336779	0.92604990	1.17509181	1.44003502	1.68896061	1.90385534	2.10293321	2.27658227	2.40504208	2.48307028	2.51546688	2.51507774	2.49531243	2.46272797	2.42181822	2.38029054	2.34225264	2.30794896	2.27700401	2.24934697	2.22473841	2.20118010	2.17483967	2.14350623	2.10769498	2.06874264	2.02553441	1.97416623	1.91473757	1.84995547	1.78263127	1.71648143	1.65520646	1.60542471	1.57318270	1.55875657	1.55845643	1.56955041	1.58792613	1.60904472	1.63045262	1.65284140	1.67722114
	0.40361654	0.45069993	0.48372475	0.50541810	0.52702727	0.57778509	0.69427839	0.89193932	1.13375352	1.38860662	1.62692833	1.83319959	2.02277162	2.18854528	2.31177383	2.38708230	2.41930784	2.42017831	2.40209477	2.37168116	2.33309877	2.29386629	2.25784210	2.22508796	2.19545371	2.16907498	2.14561355	2.12332418	2.09835928	2.06877769	2.03498837	1.99818626	1.95720838	1.90824281	1.85144788	1.78945698	1.72497282	1.66151350	1.60268119	1.55509964	1.52465290	1.51146581	1.51181911	1.52270777	1.54019311	1.55998284	1.57980263	1.60039046	1.62276861
	0.39866080	0.44539826	0.47618106	0.49499537	0.51367709	0.56186773	0.67572282	0.87082916	1.10704425	1.35411504	1.58484214	1.78398876	1.96693984	2.12727427	2.24702410	2.32086686	2.35294085	2.35494481	2.33829531	2.30953731	2.27267329	2.23521085	2.20072547	2.16916853	2.14053016	2.11506996	2.09241380	2.07103599	2.04708152	2.01878277	1.98646371	1.95119989	1.91177524	1.86442728	1.80936136	1.74917030	1.68647048	1.62460619	1.56714993	1.52077864	1.49132102	1.47880548	1.47945075	1.49002878	1.50671812	1.52537760	1.54384347	1.56291350	1.58363954
	0.39748017	0.44004328	0.46883478	0.48693994	0.50605002	0.55604187	0.67110693	0.86489333	1.09770465	1.34057357	1.56585036	1.76048783	1.93915401	2.09534773	2.21266862	2.28455021	2.31560778	2.31778950	2.30165081	2.27341034	2.23722785	2.20073067	2.16710481	2.13626070	2.10819291	2.08322803	2.06097857	2.04001322	2.01648480	1.98873644	1.95708650	1.92251228	1.88365739	1.83684444	1.78240842	1.72296134	1.66109070	1.60008212	1.54356949	1.49827427	1.46982623	1.45804046	1.45901842	1.46944554	1.48558278	1.50333539	1.52069352	1.53856755	1.55800238
	0.39017454	0.42955647	0.45628714	0.47359447	0.49357526	0.54594173	0.66232179	0.85452120	1.08535317	1.32432259	1.54460831	1.73501001	1.91024689	2.06332824	2.17837584	2.24815643	2.27851031	2.28083171	2.26535217	2.23792598	2.20269213	2.16722716	2.13451307	2.10441598	2.07690997	2.05242367	2.03057696	2.01000836	1.98691071	1.95970984	1.92874282	1.89489177	1.85668911	1.81054436	1.75686906	1.69827852	1.63731749	1.57719977	1.52159502	1.47723701	1.44961823	1.43838796	1.43956179	1.44979313	1.46542042	1.48239705	1.49883283	1.51571140	1.53406050
	0.38178793	0.41786957	0.44119739	0.45617384	0.47561181	0.52890448	0.64483967	0.83301977	1.05740041	1.28884421	1.50085846	1.68500829	1.85397970	2.00178974	2.11305766	2.18096463	2.21101953	2.21379938	2.19968286	2.17380914	2.14028663	2.10657493	2.07543280	2.04664312	2.02008456	1.99650628	1.97546766	1.95571332	1.93352946	1.90743786	1.87784614	1.84545050	1.80864783	1.76396579	1.71190210	1.65506578	1.59587811	1.53743285	1.48341723	1.44058688	1.41428191	1.40390747	1.40534799	1.41522519	1.43001468	1.44579198	1.46081625	1.47617767	1.49287110
	0.36825220	0.40129892	0.42341007	0.43866713	0.45613416	0.50878025	0.62287368	0.80546086	1.02298754	1.24590556	1.44877024	1.62610549	1.78969360	1.93257822	2.03961532	2.10516444	2.13454765	2.13806163	2.12542527	2.10132460	2.06979863	2.03802821	2.00853974	1.98115621	1.95566685	1.93304999	1.91293233	1.89404811	1.87288782	1.84802934	1.81996402	1.78920304	1.75398507	1.71095841	1.66074574	1.60591547	1.54876508	1.49228581	1.44019726	1.39924638	1.37456389	1.36521742	1.36695390	1.37645843	1.39035744	1.40486566	1.41840219	1.43217820	1.44714225
	0.33718771	0.36680919	0.38613214	0.39997813	0.41615807	0.46597589	0.57470028	0.74723839	0.95529170	1.16839182	1.35997278	1.52812340	1.68565548	1.82273058	1.92660546	1.99080801	2.02080713	2.02643592	2.01667799	1.99571019	1.96734475	1.93824697	1.91106364	1.88561933	1.86177487	1.84064670	1.82198328	1.80457470	1.78521904	1.76254655	1.73702683	1.70902727	1.67677089	1.63697406	1.59020467	1.53887660	1.48518025	1.43182721	1.38235015	1.34345273	1.32025392	1.31167335	1.31345780	1.32230410	1.33505369	1.34817982	1.36016124	1.37221187	1.38526428
