	-2786.04652701	-2786.02907929	-2786.01351882	-2785.99039657	-2785.94160009	-2785.84689235	-2785.70516836	2.93409174	3.32033201	3.75787041	4.28363096	4.90971604	5.65201520	6.44248465	7.15407749	7.68562962	8.09001299	8.41271387	8.64497007	8.69120981	8.54040647	8.27523484	7.96224711	7.61897034	7.26798792	6.96627427	6.75797427	6.60360858	6.45948176	6.31481821	6.16003805	5.98606604	5.80153550	5.61113535	5.42145636	5.23631825	5.05330392	4.87779051	4.71742313	4.57347536	4.44773190	4.33852380	4.24275897	4.15875747	4.08924863	4.03517482	3.99470588	3.96714768	3.95110720
	2.71288846	2.73549123	2.75221431	2.77621110	2.83162787	2.94958445	3.13943001	3.44024243	3.88226349	4.46678662	5.20302840	6.06913106	7.00333681	7.83770225	8.46956574	8.94051801	9.29833131	9.57404307	9.78495740	9.83883622	9.73394060	9.53171604	9.29006489	9.03004654	8.76727325	8.53635653	8.35900336	8.21320403	8.07370641	7.92891706	7.77075308	7.58804703	7.38397125	7.15582858	6.91771454	6.67562329	6.43160565	6.19230089	5.96917593	5.76617856	5.58738564	5.43180800	5.29493140	5.17512635	5.07607478	4.99927154	4.94377143	4.90717748	4.88706583
	2.64039811	2.65921021	2.67274984	2.69395029	2.74703625	2.86511255	3.06037224	3.37382115	3.83082714	4.44060982	5.21021458	6.12437526	7.12373938	8.03008709	8.71847507	9.23293820	9.62607545	9.93030102	10.16240455	10.23276752	10.12535582	9.91259341	9.65691131	9.38040478	9.10110060	8.85410469	8.66658212	8.51271871	8.36554204	8.21283178	8.04606965	7.85644287	7.64154868	7.40130513	7.14959056	6.89494297	6.63756086	6.38407894	6.14764087	5.93192582	5.74298941	5.57867501	5.43412655	5.30752490	5.20289345	5.12209767	5.06436776	5.02688689	5.00681640
	2.57937414	2.59454580	2.60522504	2.62429451	2.67636425	2.79595347	2.99680822	3.32128781	3.79218765	4.42167031	5.21809099	6.16754512	7.21253738	8.16783681	8.89490770	9.43658724	9.85296130	10.17580263	10.42206596	10.50160491	10.38964516	10.16932875	9.90278507	9.61484253	9.32483489	9.06751542	8.87367089	8.71561380	8.56129215	8.40142282	8.22816058	8.03314452	7.80880924	7.56014253	7.29873212	7.03452421	6.76627264	6.50240138	6.25664055	6.03244042	5.83561471	5.66458011	5.51403688	5.38209779	5.27316105	5.18928883	5.12982314	5.09159926	5.07150530
	2.39645016	2.40515813	2.41068361	2.42557140	2.47500996	2.59719057	2.81074165	3.16156414	3.66758184	4.34768646	5.21035947	6.24719859	7.40043587	8.47278886	9.29442798	9.90884543	10.37926105	10.74936164	11.03460977	11.13031330	11.01130332	10.77306552	10.48009085	10.16437211	9.84653870	9.56237612	9.35023757	9.17503697	9.00561633	8.82928780	8.63844201	8.42630665	8.17988537	7.90771801	7.62296803	7.33279579	7.03931626	6.75011734	6.47966369	6.23362834	6.01621357	5.82753981	5.66126776	5.51546714	5.39479998	5.30193916	5.23661077	5.19498154	5.17334894
	2.36261577	2.36690448	2.36894460	2.38063022	2.42658034	2.54559801	2.75847190	3.11301745	3.62469389	4.31281919	5.18644378	6.24050581	7.42070899	8.52589751	9.37637309	10.01501360	10.50061013	10.88783422	11.18772808	11.28713915	11.17107562	10.93050821	10.63298519	10.31214976	9.98880865	9.69952894	9.48319306	9.30306059	9.13044816	8.95038156	8.75653910	8.54088582	8.28962537	8.01349107	7.72344657	7.42805920	7.12907876	6.83445048	6.55794529	6.30680815	6.08447343	5.89158213	5.72134988	5.57210081	5.44865387	5.35392281	5.28769411	5.24587598	5.22441661
	2.57364086	2.57241101	2.57028777	2.57696973	2.61320033	2.71427522	2.90207570	3.21829464	3.67170939	4.28495120	5.06360454	6.00649518	7.07067544	8.08052077	8.86252641	9.44887873	9.89377219	10.25002931	10.52451821	10.62021628	10.51894585	10.30391716	10.03886377	9.75340675	9.46307245	9.20345915	9.00952840	8.84800944	8.69360482	8.53321575	8.35952786	8.16945002	7.94470275	7.69821333	7.43808183	7.17351742	6.90572669	6.64091791	6.39137129	6.16396295	5.96213740	5.78711194	5.63256348	5.49686298	5.38423128	5.29785592	5.23734574	5.19932982	5.17989518
	2.73035084	2.72331028	2.71701045	2.71985068	2.75054849	2.84182000	3.01453129	3.30707241	3.72726062	4.29271720	5.01247988	5.88481274	6.87480261	7.82365408	8.55788041	9.10977436	9.52230531	9.85133618	10.11059519	10.20092770	10.10888866	9.91288907	9.67201921	9.41017652	9.14746210	8.91228082	8.73244903	8.58622348	8.44440747	8.29607298	8.13880409	7.96281269	7.75622629	7.52866855	7.29087309	7.04765836	6.80181582	6.55713528	6.32586871	6.11525875	5.92812448	5.76546732	5.62127280	5.49473566	5.39065561	5.31192734	5.25767638	5.22464927	5.20887013
	2.78751371	2.77620231	2.76659980	2.76605973	2.79142357	2.87403303	3.03600146	3.31346103	3.71187143	4.24542371	4.92625878	5.75139719	6.69172924	7.60578742	8.31476211	8.84776636	9.24321649	9.55454545	9.80610693	9.89429965	9.80996814	9.62792434	9.40271128	9.15971115	8.91585025	8.69626127	8.52786228	8.38998071	8.25469900	8.11554042	7.96764250	7.80194680	7.60790058	7.39344057	7.16947563	6.94182643	6.71016018	6.47915868	6.25915752	6.05851575	5.88032030	5.72472404	5.58650310	5.46541601	5.36614448	5.29167958	5.24091462	5.21073813	5.19716144
	2.97753196	2.96307147	2.95092767	2.94672960	2.96368290	3.02896279	3.16532512	3.40473274	3.74993199	4.20732386	4.79339046	5.50178994	6.31439388	7.11966123	7.75049092	8.22237978	8.56798544	8.85052097	9.07639087	9.15677338	9.08877866	8.93350717	8.74079611	8.53058314	8.32122973	8.13649117	7.99354426	7.87527267	7.76064654	7.63889073	7.50944914	7.36723346	7.20152498	7.01631958	6.82568880	6.62902457	6.43121663	6.23238026	6.04144318	5.86682219	5.71155886	5.57528933	5.45388348	5.34793696	5.26146353	5.19729176	5.15411470	5.12917842	5.11877479
	3.12313828	3.10711097	3.09381072	3.08811206	3.10172730	3.15973263	3.28423726	3.50396649	3.81940197	4.23455947	4.76648266	5.40789742	6.14593626	6.88513025	7.46648462	7.90286583	8.22413641	8.48192166	8.69132722	8.76720760	8.70620122	8.56793694	8.39415319	8.20847111	8.01875890	7.85465731	7.72395945	7.61406259	7.50827854	7.39755142	7.27939822	7.14772958	6.99845954	6.83025135	6.65560372	6.47814620	6.29771329	6.11752586	5.94352927	5.78464354	5.64355164	5.51906541	5.40776923	5.31126525	5.23358610	5.17694568	5.13951313	5.11864141	5.11086153
	3.14795002	3.13049466	3.11607394	3.10927247	3.12115190	3.17614919	3.29688116	3.51109358	3.81876732	4.22133020	4.73811998	5.36103585	6.07918430	6.80383815	7.37868341	7.80827065	8.12690992	8.38363743	8.59418346	8.67147285	8.61284469	8.47898030	8.30979564	8.12895400	7.94562978	7.78475162	7.65676709	7.54836726	7.44534639	7.33814357	7.22353400	7.09507977	6.94956331	6.78510871	6.61427820	6.44136203	6.26510878	6.08964684	5.91982818	5.76472417	5.62675475	5.50471786	5.39540069	5.30095836	5.22547762	5.17095319	5.13521844	5.11563200	5.10876163
	3.12884002	3.10990618	3.09434182	3.08679920	3.09866259	3.15492680	3.27867079	3.49913286	3.81557251	4.22981152	4.75982307	5.39826486	6.13655590	6.88587640	7.48371349	7.93047069	8.26461268	8.53166223	8.75141551	8.83106359	8.77055136	8.63691905	8.46292026	8.27650147	8.08694856	7.92023922	7.78848692	7.67522428	7.56586218	7.45343016	7.33442448	7.19959996	7.04774655	6.87908781	6.70045944	6.52232474	6.33964508	6.15838973	5.98370144	5.82375532	5.68183799	5.55617980	5.44327202	5.34623147	5.26975515	5.21539124	5.18037635	5.16188224	5.15630782
	3.10186043	3.08142088	3.06465833	3.05617395	3.06728561	3.12322990	3.24797860	3.47173053	3.79269801	4.21090707	4.74713572	5.39236575	6.14039623	6.90303962	7.51644873	7.97167619	8.31447308	8.59213573	8.81885549	8.90262903	8.84149942	8.70665454	8.52990771	8.34042476	8.14607597	7.97690744	7.84339523	7.72907829	7.61773193	7.50306172	7.38242619	7.24485718	7.08893073	6.91846864	6.73686533	6.55469601	6.37067313	6.18580806	6.00849277	5.84608634	5.70158225	5.57398928	5.45899189	5.36051223	5.28350421	5.22929044	5.19476445	5.17695527	5.17216810
	3.09133473	3.06938771	3.05148651	3.04222118	3.05298158	3.10906836	3.23464853	3.46115406	3.78561757	4.20856638	4.75022831	5.40152400	6.15932676	6.93518986	7.56307044	8.02897744	8.38288944	8.66590391	8.89621907	8.98524995	8.92303659	8.78636165	8.61020975	8.41913505	8.22451998	8.05201355	7.91479476	7.79767878	7.68307966	7.56409165	7.43929496	7.30039034	7.14050531	6.96683808	6.78402379	6.59745662	6.41131327	6.22375945	6.04306580	5.87895519	5.73215704	5.60257789	5.48573913	5.38618480	5.30938495	5.25617794	5.22300200	5.20667949	5.20339081
	3.10596068	3.08286953	3.06415207	3.05427461	3.06441953	3.11931974	3.24278600	3.46682973	3.78765008	4.20596913	4.74118961	5.38461169	6.13595492	6.90811158	7.53614065	8.00287942	8.35945685	8.64180831	8.87178590	8.96406307	8.90315500	8.76626327	8.59396089	8.40519559	8.21586936	8.04442858	7.90653831	7.78720816	7.67253207	7.55357002	7.42750340	7.29014978	7.13183985	6.95848619	6.77815003	6.59320833	6.40763325	6.22195807	6.04232180	5.87955249	5.73411480	5.60495921	5.48878471	5.39024876	5.31533272	5.26433136	5.23333696	5.21898486	5.21738462
	3.08943736	3.06530516	3.04585608	3.03564386	3.04619032	3.10254837	3.22838684	3.45736552	3.78569006	4.21371358	4.76033376	5.41752806	6.18706398	6.97783038	7.62449622	8.10526746	8.46801368	8.75789218	8.99415224	9.08876902	9.02618077	8.88492945	8.71037114	8.51607472	8.32393002	8.15087593	8.01032113	7.88826213	7.77103008	7.64631061	7.51353071	7.37070695	7.20881853	7.02941209	6.84539640	6.65688405	6.46501577	6.27542057	6.09166779	5.92464113	5.77658189	5.64418980	5.52548524	5.42514544	5.35006912	5.29993629	5.27037301	5.25772428	5.25790868
	3.06033064	3.03428428	3.01337468	3.00193383	3.01109250	3.06575106	3.19056098	3.42045896	3.75096907	4.18006414	4.72761983	5.38488747	6.15705521	6.95581694	7.61421365	8.10027397	8.46964963	8.76664741	9.00500718	9.09966062	9.03991796	8.90055446	8.72856613	8.53555562	8.34065080	8.16787151	8.02601110	7.90315845	7.78433971	7.65999777	7.52590000	7.38037825	7.21993060	7.04074425	6.85548052	6.66789540	6.47518883	6.28366707	6.10023159	5.93142678	5.78247318	5.64874561	5.52845715	5.42746524	5.35302321	5.30430032	5.27650802	5.26566218	5.26752483
	3.02618170	2.99840198	2.97623586	2.96394518	2.97276925	3.02801548	3.15503431	3.38996188	3.72768496	4.16499111	4.72095080	5.38753586	6.17257953	6.98686422	7.66141488	8.15786396	8.53155775	8.83505778	9.07911135	9.17256104	9.11570613	8.97526956	8.80036426	8.60605426	8.40845314	8.23548368	8.09300926	7.96751470	7.84474989	7.71874975	7.58124825	7.43149803	7.26921616	7.08849427	6.89954274	6.71005732	6.51492228	6.31888888	6.13327617	5.96168604	5.81006915	5.67417107	5.55124989	5.44883728	5.37460888	5.32706695	5.30096191	5.29199593	5.29572625
	2.98026629	2.95047682	2.92682652	2.91344941	2.92151602	2.97664750	3.10527026	3.34470944	3.68910313	4.13316685	4.69592595	5.37009891	6.16461882	6.99430331	7.68202259	8.18789155	8.56616409	8.87388302	9.12537963	9.21832338	9.16484556	9.02310953	8.84515410	8.65155418	8.45278763	8.27948668	8.13671852	8.00899717	7.88335293	7.75501509	7.61622292	7.46491366	7.29967882	7.11969663	6.92910700	6.73698970	6.54099289	6.34203409	6.15350034	5.98048767	5.82590842	5.68821662	5.56288017	5.45919243	5.38528886	5.33896460	5.31454928	5.30739802	5.31298675
	2.93789821	2.90675889	2.88216474	2.86834223	2.87684799	2.93399964	3.06661924	3.31371551	3.66845092	4.12531582	4.70115313	5.39096885	6.20477402	7.05667230	7.75906938	8.27664734	8.66281118	8.97417187	9.23148445	9.32260738	9.27010793	9.12671957	8.94437754	8.75094058	8.54811203	8.37014936	8.22638335	8.09566747	7.96614057	7.83199898	7.69107595	7.53600857	7.36543752	7.18321913	6.98975177	6.79166714	6.59230413	6.38951946	6.19519074	6.01997962	5.86169416	5.72105539	5.59302775	5.48777674	5.41425653	5.36929764	5.34697062	5.34211319	5.35015723
	2.95644940	2.92486264	2.90000759	2.88596834	2.89405948	2.95005289	3.08041203	3.32480555	3.67515655	4.12716863	4.69153624	5.36793246	6.16818085	7.00669479	7.69810728	8.20617554	8.58981960	8.89010271	9.14152879	9.22905843	9.17491473	9.04052386	8.86609268	8.68137746	8.48658856	8.31005903	8.16532470	8.03718763	7.90865089	7.77558191	7.63736841	7.48636530	7.31912275	7.13972928	6.95283687	6.75870626	6.56231207	6.36501241	6.17418778	6.00232429	5.84817209	5.70903305	5.58364742	5.48113683	5.41114854	5.36965363	5.35069245	5.34838964	5.35904956
	2.99541210	2.96389525	2.93924327	2.92527829	2.93292238	2.98716977	3.11388139	3.35341190	3.69681745	4.14000650	4.68799415	5.34497831	6.12516217	6.94352883	7.61617739	8.11000912	8.48301037	8.77532767	9.02114089	9.10300465	9.04774025	8.92428505	8.75680442	8.57662200	8.39185302	8.22211480	8.07948158	7.95601976	7.83011307	7.69887529	7.56191917	7.41650798	7.25470088	7.07927393	6.90009399	6.71255283	6.52060429	6.32958522	6.14524875	5.97713024	5.82888023	5.69244143	5.57070359	5.47198199	5.40604320	5.36830814	5.35302604	5.35361783	5.36700022
	3.01014448	2.97810370	2.95321366	2.93885238	2.94519573	2.99663616	3.11945611	3.35380125	3.69000030	4.12232793	4.65363199	5.29094626	6.04770473	6.84473737	7.50203189	7.98225393	8.34468733	8.62999234	8.87283710	8.95257845	8.89890250	8.78199169	8.62145329	8.44779140	8.27380298	8.11187730	7.97514166	7.85342759	7.73241249	7.60431788	7.46971714	7.32871333	7.17464131	7.00577665	6.83197330	6.65229497	6.46752845	6.28130567	6.10397578	5.94045309	5.79591016	5.66350085	5.54372746	5.44835424	5.38600604	5.35127793	5.33876257	5.34217660	5.35721104
	2.95375440	2.92057533	2.89500311	2.88036020	2.88719986	2.94082438	3.06812913	3.31135751	3.65919098	4.10686921	4.65107202	5.30579629	6.08287926	6.90081905	7.57338836	8.06286046	8.43387402	8.72696100	8.97219022	9.05198374	8.99790884	8.87934462	8.71887153	8.54340216	8.36846590	8.20418374	8.06409941	7.93642557	7.81280610	7.68119939	7.54187531	7.39543068	7.23964403	7.06766104	6.88797470	6.70579426	6.51735286	6.32583479	6.14563628	5.97928642	5.82995521	5.69612921	5.57172462	5.47534892	5.41456267	5.38236053	5.37287084	5.37935632	5.39741278
	2.96375253	2.93017058	2.90438964	2.88936133	2.89535142	2.94719823	3.07201055	3.31292681	3.65732821	4.09925303	4.63200887	5.27372557	6.03601200	6.84096259	7.50243459	7.98302290	8.34870335	8.64023984	8.88331471	8.95959150	8.90836582	8.79117204	8.64096558	8.47245049	8.30089534	8.14336296	8.00612293	7.88082912	7.75647546	7.62884124	7.49102473	7.34716790	7.19388810	7.02837684	6.85279867	6.67420240	6.49118877	6.30566858	6.12805099	5.96688359	5.81932296	5.68838855	5.56608247	5.47275947	5.41558878	5.38728080	5.38116821	5.39060270	5.41133075
	3.02663126	2.99382128	2.96871463	2.95390273	2.95913083	3.00817771	3.12752782	3.35975543	3.69210020	4.11706050	4.62540938	5.23898158	5.96815836	6.73871453	7.37176618	7.83124602	8.17759933	8.45887451	8.69162761	8.76748200	8.71598821	8.60388697	8.46566905	8.30926832	8.14600373	8.00034090	7.86990269	7.74922106	7.62815185	7.50673561	7.37470494	7.23662077	7.08908753	6.93258249	6.76655726	6.59510140	6.42189101	6.24612598	6.07575169	5.92313267	5.78266389	5.65619624	5.54053765	5.45213189	5.39967487	5.37542851	5.37265091	5.38440334	5.40687938
	3.07306209	3.04113760	3.01680082	3.00240382	3.00746661	3.05516122	3.17140983	3.39826621	3.72295334	4.13577920	4.62741969	5.22291313	5.93034466	6.67620609	7.28977381	7.73502884	8.06446780	8.34665651	8.57476965	8.64825322	8.59680489	8.48985429	8.35486372	8.20666255	8.04931841	7.90707710	7.78286110	7.66489280	7.54671823	7.42765291	7.30000389	7.16602516	7.02309129	6.87029865	6.71153045	6.54567690	6.37780855	6.20772858	6.04407862	5.89592438	5.76093577	5.63741365	5.52668232	5.44204414	5.39350105	5.37232028	5.37203887	5.38608978	5.41125070
	3.14309405	3.11259637	3.08939238	3.07561736	3.08028324	3.12537868	3.23582474	3.45167299	3.76148174	4.15052979	4.61406653	5.17603587	5.84347043	6.54594553	7.12545574	7.54637532	7.85402270	8.12520726	8.34487678	8.41312071	8.36459694	8.26579470	8.13907217	8.00287205	7.85633513	7.72175729	7.60794801	7.49628565	7.38415538	7.26908799	7.15028186	7.02381835	6.88981643	6.74541672	6.59669155	6.44221000	6.28413825	6.12373029	5.97101009	5.83048206	5.70431720	5.58775405	5.48323923	5.40462721	5.36061363	5.34334115	5.34600579	5.36262566	5.38905557
	3.20803418	3.17923459	3.15730618	3.14428847	3.14878384	3.19172633	3.29680494	3.50259794	3.79879282	4.16829757	4.60715403	5.14023989	5.77280393	6.43595872	6.98290889	7.38158556	7.67162022	7.92864783	8.13715111	8.20178353	8.15589382	8.06417459	7.94524860	7.82010950	7.68346866	7.55823235	7.45041746	7.34523686	7.23773192	7.12703421	7.01487050	6.89496328	6.76753288	6.63162601	6.48933347	6.34497361	6.19589095	6.04354545	5.90021502	5.76750898	5.64835573	5.53917496	5.43935541	5.36684195	5.32795682	5.31537286	5.32173574	5.34089487	5.36859650
	3.22704843	3.19894267	3.17742733	3.16449698	3.16840445	3.20955056	3.31147957	3.51269511	3.80262828	4.16295753	4.59041285	5.10968618	5.72650285	6.37197004	6.90629324	7.29580771	7.57881597	7.82917827	8.03459787	8.09910474	8.05493584	7.96467852	7.85116311	7.73063234	7.59892172	7.47826589	7.37157194	7.27086130	7.16542688	7.05715658	6.94614368	6.83020827	6.70608760	6.57373772	6.43431834	6.29454220	6.15044728	6.00179113	5.86235232	5.73392678	5.61723281	5.51179964	5.41409815	5.34492547	5.30972196	5.29984094	5.30865251	5.32915017	5.35903733
	3.19856906	3.17038394	3.14876642	3.13572656	3.13944390	3.18039557	3.28242775	3.48462403	3.77605837	4.13820590	4.56858137	5.08976275	5.70904752	6.35823387	6.89428458	7.28709151	7.57263939	7.82134633	8.02900147	8.09520270	8.05204763	7.96173409	7.84861874	7.72832833	7.59730119	7.47665387	7.36901947	7.26864692	7.16263100	7.05377927	6.94113558	6.82500052	6.70036875	6.56715666	6.42726337	6.28695035	6.14244060	5.99320227	5.85344382	5.72480412	5.60756597	5.50192653	5.40404665	5.33530217	5.30132120	5.29286746	5.30307609	5.32583616	5.35803796
	3.14243170	3.11412609	3.09236822	3.07915275	3.08256613	3.12315765	3.22526712	3.42816008	3.72042124	4.08448448	4.51650960	5.03898661	5.65892341	6.31204189	6.84766754	7.24384345	7.53596713	7.77435187	7.98380995	8.05141496	8.01127221	7.92339992	7.81443925	7.69347959	7.56610647	7.44602151	7.33918531	7.23738047	7.13150956	7.02281706	6.90890619	6.79202966	6.66741839	6.53362973	6.39522677	6.25404423	6.10893814	5.95979717	5.82042930	5.69135430	5.57424715	5.46863650	5.37121236	5.30288962	5.26974220	5.26306939	5.27544839	5.30145530	5.33684583
	3.12372582	3.09552065	3.07389229	3.06105542	3.06558175	3.10856075	3.21407054	3.42134639	3.71963916	4.09028455	4.53026843	5.06340020	5.69550101	6.35788987	6.89978105	7.29881874	7.59276520	7.83306869	8.04370217	8.11257988	8.07226277	7.98217778	7.87093924	7.74679566	7.61736837	7.49586277	7.38811203	7.28389091	7.17631076	7.06620564	6.94928387	6.82984564	6.70221930	6.56530854	6.42369303	6.27911826	6.13057967	5.97891336	5.83728904	5.70657200	5.58814737	5.48144432	5.38321835	5.31436554	5.28141556	5.27522040	5.28887686	5.31656129	5.35346491
	3.09038412	3.06204929	3.04033063	3.02746373	3.03209563	3.07548081	3.18189081	3.39085892	3.69136807	4.06541277	4.50863464	5.04599768	5.68242240	6.34992940	6.89432079	7.29610201	7.59452354	7.83020208	8.04228259	8.11170563	8.07250534	7.98380084	7.87338270	7.74843724	7.61970683	7.49789332	7.39034897	7.28431955	7.17621179	7.06544669	6.94779762	6.82675681	6.69821925	6.55995250	6.41830063	6.27212811	6.12217897	5.96956188	5.82737423	5.69576255	5.57687783	5.46973567	5.37122283	5.30220604	5.26940766	5.26406496	5.27889642	5.30845071	5.34690812
	3.01199766	2.98365084	2.96180398	2.94870693	2.95302099	2.99618995	3.10322465	3.31266594	3.61437852	3.98787167	4.43044618	4.96788788	5.60309472	6.27073964	6.81428647	7.21846654	7.51657646	7.75035830	7.95503892	8.02843105	7.99462889	7.91014954	7.80173278	7.67816701	7.55106222	7.43326405	7.32668119	7.21926270	7.11137285	7.00235730	6.88422118	6.76296259	6.63534308	6.49893736	6.35774699	6.21108991	6.06124194	5.91022772	5.76798114	5.63662842	5.51868184	5.41137499	5.31382824	5.24489748	5.21258841	5.20807719	5.22521671	5.25662754	5.29730980
	2.96490029	2.93661852	2.91476872	2.90177244	2.90660682	2.95112516	3.06043732	3.27266120	3.57764500	3.95408609	4.40124173	4.94357754	5.58388536	6.25542768	6.80053503	7.20801433	7.50478759	7.74145887	7.93977686	8.01472835	7.98366647	7.90156504	7.79180146	7.66903078	7.54129355	7.42491157	7.31680532	7.20884247	7.10032281	6.99062566	6.87126129	6.74879489	6.62018038	6.48315580	6.33968281	6.19141908	6.04005479	5.88886770	5.74487517	5.61335019	5.49518428	5.38716998	5.28985228	5.22087152	5.18903547	5.18555082	5.20429112	5.23728961	5.28028612
	2.93461136	2.90637076	2.88454437	2.87174406	2.87725595	2.92334743	3.03506971	3.25025938	3.55898456	3.93924981	4.39144218	4.93969512	5.58630865	6.26223184	6.81003579	7.22070530	7.51624118	7.75551108	7.95134440	8.02768493	7.99793760	7.91636981	7.80497743	7.68123039	7.55190052	7.43663068	7.32760914	7.21839970	7.10907594	6.99830012	6.87744579	6.75347483	6.62350798	6.48502205	6.33906546	6.18886582	6.03592194	5.88342832	5.73796738	5.60580655	5.48708349	5.37833397	5.28100537	5.21192266	5.18029652	5.17764805	5.19765094	5.23212616	5.27699875
	2.93577805	2.90826483	2.88695013	2.87450087	2.88010640	2.92576916	3.03611067	3.24760379	3.55110457	3.92389919	4.36782391	4.90465795	5.53825292	6.19784600	6.73577116	7.13987246	7.42537744	7.66036409	7.84432627	7.92063979	7.89347919	7.81538621	7.70958355	7.59027439	7.46603110	7.35389353	7.24766046	7.14032604	7.03505515	6.92476691	6.80632305	6.68489781	6.55835310	6.42128951	6.27774489	6.13061308	5.98125093	5.83181766	5.68864296	5.55981257	5.44317292	5.33718510	5.24228976	5.17484469	5.14409578	5.14250162	5.16296940	5.19811673	5.24388307
	2.93964732	2.91268874	2.89181238	2.87969681	2.88547211	2.93093409	3.04028566	3.24883532	3.54851566	3.91539472	4.35207107	4.88054888	5.50336981	6.15053009	6.67876649	7.07802558	7.35580588	7.58776872	7.76351298	7.84126640	7.81546015	7.73901592	7.63714956	7.52048874	7.40006100	7.29071880	7.18592570	7.08118995	6.97818261	6.86875551	6.75216821	6.63311645	6.50859628	6.37279836	6.23129972	6.08693734	5.94041624	5.79272394	5.65172780	5.52568581	5.41053490	5.30679401	5.21376959	5.14769625	5.11771727	5.11658168	5.13757804	5.17337045	5.21962045
	2.88757860	2.86086895	2.84011185	2.82790474	2.83328118	2.87798336	2.98637385	3.19266032	3.48937499	3.85172108	4.28300941	4.80330629	5.41501279	6.05147398	6.57587621	6.96736337	7.24602797	7.46463274	7.64081915	7.71685509	7.69204738	7.61893416	7.52132143	7.40985036	7.29430476	7.18881417	7.08625765	6.98491833	6.88217728	6.77373396	6.66051759	6.54390669	6.41990071	6.28631936	6.14762244	6.00634583	5.86233543	5.71598472	5.57769012	5.45302004	5.33905124	5.23746451	5.14556024	5.08029747	5.05093820	5.05035051	5.07197449	5.10891668	5.15644903
	2.88487449	2.85864082	2.83831819	2.82665681	2.83297876	2.87915109	2.98871351	3.19514237	3.49147543	3.85320803	4.28380678	4.80197727	5.40998946	6.04147824	6.56042990	6.94618039	7.22261047	7.43402994	7.60743819	7.68155331	7.65804518	7.58593828	7.48931058	7.37950557	7.26674163	7.16217071	7.06074864	6.96086270	6.85774913	6.74957806	6.63677451	6.52106086	6.39599546	6.26233206	6.12395756	5.98297221	5.83923766	5.69291951	5.55576222	5.43209718	5.31897386	5.21875171	5.12791077	5.06366805	5.03513719	5.03542360	5.05804354	5.09632430	5.14502394
	2.85943080	2.83309576	2.81272603	2.80132214	2.80864251	2.85702455	2.96961283	3.18032025	3.48210868	3.85088473	4.28911638	4.81599716	5.43308809	6.07288869	6.59641804	6.98525722	7.26370325	7.47594885	7.65160653	7.72427116	7.70102512	7.62801096	7.52981680	7.41809250	7.30382095	7.19780012	7.09531283	6.99331666	6.88802171	6.77803202	6.66350040	6.54549900	6.41755496	6.28105816	6.13982731	5.99610281	5.84925400	5.70048392	5.56151145	5.43595566	5.32154543	5.22044757	5.12885927	5.06425807	5.03581434	5.03694571	5.06081505	5.10057094	5.15095261
	2.79821905	2.77165119	2.75103492	2.73947764	2.74697534	2.79626362	2.91075349	3.12405312	3.42935615	3.80189322	4.24406717	4.77588250	5.39756588	6.04171025	6.56993815	6.96133746	7.24258024	7.45355422	7.62943003	7.70119750	7.67850225	7.60715254	7.50963852	7.39876381	7.28496891	7.17899561	7.07610334	6.97305971	6.86640710	6.75637571	6.64137216	6.52165932	6.39253352	6.25534644	6.11338675	5.96823222	5.81997605	5.67030007	5.53040529	5.40339121	5.28845373	5.18651133	5.09449445	5.02941220	5.00091019	5.00236071	5.02701446	5.06789180	5.11998163
	2.76975950	2.74317739	2.72259298	2.71129851	2.71968113	2.77084490	2.88779949	3.10370369	3.41247877	3.78863953	4.23456128	4.77158023	5.39838196	6.04613094	6.57521795	6.96954125	7.24898066	7.46165178	7.63251186	7.70432846	7.68243158	7.61152761	7.51396058	7.40357672	7.29025538	7.18455724	7.08072454	6.97707370	6.86916480	6.75904922	6.64224295	6.52103547	6.39077561	6.25236462	6.10887820	5.96183670	5.81201406	5.66145451	5.52027002	5.39245061	5.27723563	5.17460991	5.08255542	5.01744925	4.98912120	4.99102091	5.01631780	5.05847336	5.11200153
	2.68771619	2.66078836	2.63998575	2.62902569	2.63893116	2.69362225	2.81552421	3.03660542	3.35135058	3.73409599	4.18881155	4.73363720	5.36795158	6.02087196	6.55539723	6.95051137	7.23351265	7.44297263	7.61387369	7.68372175	7.66347424	7.59419907	7.49471546	7.38566011	7.27306563	7.16833086	7.06429991	6.95931716	6.84942577	6.73783290	6.62028781	6.49623112	6.36320273	6.22310039	6.07740419	5.92818825	5.77536410	5.62318383	5.48042135	5.35025901	5.23421977	5.13089477	5.03843935	4.97308449	4.94546393	4.94865886	4.97557112	5.02044855	5.07754524
	2.67287993	2.64599305	2.62540566	2.61501213	2.62633173	2.68356045	2.80826711	3.03230572	3.35059542	3.73730608	4.19743889	4.74794718	5.38757952	6.04543251	6.58040084	6.97680399	7.25860001	7.46771067	7.63487669	7.70403565	7.68388694	7.61498914	7.51501021	7.40631491	7.29401021	7.18884183	7.08392503	6.97834855	6.86739765	6.75476323	6.63550961	6.50973916	6.37494254	6.23305725	6.08547054	5.93414558	5.77949595	5.62588651	5.48187058	5.35088657	5.23427680	5.13039928	5.03783763	4.97260622	4.94532477	4.94909481	4.97693970	5.02322619	5.08181729
	2.65924938	2.63277309	2.61261022	2.60271328	2.61473318	2.67262707	2.79707463	3.01868285	3.33284196	3.71454208	4.16887141	4.71058051	5.33828235	5.98348324	6.50789466	6.89744845	7.17188263	7.37682348	7.53575408	7.60330074	7.58646118	7.52008939	7.42344581	7.31780700	7.20972833	7.10762796	7.00519779	6.90107027	6.79238868	6.68197171	6.56398609	6.43973599	6.30798265	6.16852119	6.02301556	5.87383897	5.72242505	5.57129543	5.42902006	5.30021790	5.18566931	5.08331068	4.99295336	4.92917276	4.90248211	4.90652441	4.93479948	4.98145277	5.04090451
	2.67018719	2.64432227	2.62472786	2.61539422	2.62799327	2.68602120	2.80904431	3.02611940	3.33360749	3.70632420	4.15045808	4.67851491	5.28864082	5.91491689	6.42427968	6.80161175	7.06667646	7.26413113	7.41512384	7.48029943	7.46464745	7.40186656	7.30914954	7.20830251	7.10532670	7.00687615	6.90797845	6.80684192	6.70070848	6.59389286	6.47815046	6.35747923	6.22910881	6.09354118	5.95169612	5.80620956	5.65906688	5.51193278	5.37285672	5.24765083	5.13627546	5.03666527	4.94922497	4.88753624	4.86179504	4.86606844	4.89442046	4.94120409	5.00045200
	2.67487955	2.64968858	2.63066787	2.62188724	2.63496490	2.69293406	2.81427434	3.02622255	3.32580194	3.68813637	4.12066102	4.63312478	5.22406150	5.82904585	6.32080670	6.68617341	6.94065261	7.13010931	7.27327431	7.33635636	7.32192145	7.26181282	7.17411983	7.07817413	6.98080545	6.88653514	6.79217073	6.69402600	6.59139003	6.48779293	6.37515936	6.25878878	6.13460746	6.00309672	5.86562374	5.72459974	5.58268182	5.43974413	5.30452603	5.18353059	5.07535616	4.97908255	4.89466477	4.83528152	4.81052463	4.81513228	4.84354273	4.89009098	4.94899493
	2.67612377	2.65090344	2.63193182	2.62332444	2.63682011	2.69547454	2.81751899	3.03047341	3.33081138	3.69481890	4.12868513	4.64301699	5.23604124	5.84300669	6.33525108	6.70170127	6.95596013	7.14580132	7.28974629	7.35294943	7.33783664	7.27733209	7.18905533	7.09244099	6.99473542	6.90007354	6.80556594	6.70675952	6.60406628	6.49989183	6.38698176	6.26985334	6.14521565	6.01303220	5.87492390	5.73327305	5.59074884	5.44724438	5.31166691	5.19034898	5.08175686	4.98533627	4.90070802	4.84127157	4.81657636	4.82130592	4.85003432	4.89667063	4.95605259
	2.69340814	2.66903997	2.65096660	2.64351635	2.65863430	2.71870345	2.83993065	3.04835319	3.34069046	3.69543366	4.11720792	4.61689497	5.19076699	5.77538812	6.24838833	6.60164623	6.84417741	7.02324233	7.15905425	7.21887527	7.20471427	7.14667824	7.06336565	6.97169510	6.87998486	6.79008356	6.69956372	6.60330180	6.50458144	6.40284179	6.29396183	6.17992036	6.05897655	5.93002232	5.79611778	5.65884844	5.52055923	5.38095377	5.24997342	5.13261229	5.02684421	4.93422478	4.85290571	4.79597293	4.77260951	4.77802816	4.80725188	4.85390164	4.91366354
	2.69356764	2.66966655	2.65203190	2.64506551	2.66080687	2.72128260	2.84173627	3.04663025	3.33471376	3.68227123	4.09707458	4.58722217	5.14847351	5.71860483	6.18193206	6.52594117	6.76422508	6.93694820	7.06757929	7.12407338	7.11216097	7.05671293	6.97652784	6.88861720	6.79994757	6.71304183	6.62377917	6.53030778	6.43299117	6.33337968	6.22700755	6.11557628	5.99654052	5.87019249	5.73915496	5.60532006	5.46923464	5.33243682	5.20444366	5.08904916	4.98532064	4.89474515	4.81544728	4.75994405	4.73721250	4.74291001	4.77201085	4.81896480	4.87846410
	2.73555622	2.71248943	2.69588130	2.69007809	2.70711322	2.76805495	2.88617465	3.08479543	3.36416391	3.70105713	4.10241068	4.57595569	5.11655950	5.66357365	6.10795164	6.43953298	6.66675711	6.83011260	6.95478473	7.00929382	6.99560597	6.94357279	6.86680386	6.78318322	6.70003116	6.61667307	6.53165466	6.44106060	6.34738656	6.25070927	6.14842983	6.04067151	5.92536640	5.80268031	5.67633563	5.54735423	5.41562328	5.28322759	5.15988049	5.04798850	4.94790864	4.86066429	4.78471701	4.73148102	4.70981391	4.71591420	4.74505717	4.79140038	4.85029501
	2.75088282	2.72881727	2.71325024	2.70851983	2.72676134	2.78822874	2.90416648	3.09546806	3.36428487	3.68621005	4.07098460	4.52413191	5.03942989	5.55729558	5.98156517	6.29533586	6.51152410	6.66223643	6.77341748	6.82503649	6.81382434	6.76595163	6.69641293	6.61992862	6.54305520	6.46619014	6.38610642	6.30019043	6.20972314	6.11784480	6.02059024	5.91697666	5.80638927	5.68967499	5.56969716	5.44621465	5.31999925	5.19376405	5.07597391	4.96833513	4.87311974	4.78970521	4.71830668	4.66796042	4.64751771	4.65362997	4.68251441	4.72855036	4.78651431
	2.76315937	2.74155710	2.72658270	2.72259239	2.74188232	2.80417407	2.91934740	3.10762876	3.37250598	3.68911870	4.06743515	4.51235814	5.01707671	5.52286095	5.93932738	6.24579898	6.45763563	6.60438718	6.70966032	6.75930587	6.74939888	6.70360460	6.63640179	6.56200476	6.48765532	6.41297510	6.33492041	6.25002309	6.16094637	6.07087922	5.97509700	5.87262672	5.76424699	5.64978072	5.53207442	5.41034599	5.28662425	5.16276658	5.04666731	4.94074205	4.84732400	4.76541395	4.69576917	4.64686873	4.62671835	4.63290902	4.66182711	4.70792381	4.76584304
	2.77503468	2.75416813	2.74001984	2.73694299	2.75736991	2.82014799	2.93339067	3.11672923	3.37382273	3.68246360	4.05008475	4.48179846	4.96881879	5.45565872	5.85956976	6.15662236	6.35847586	6.49769055	6.59628025	6.64270059	6.63421391	6.59123901	6.52771779	6.45773153	6.38873082	6.31752264	6.24285210	6.16017277	6.07406941	5.98677753	5.89312077	5.79363823	5.68850439	5.57826564	5.46393245	5.34594520	5.22631939	5.10631164	4.99306761	4.89028660	4.79921164	4.72011702	4.65283603	4.60617293	4.58676000	4.59304317	4.62183503	4.66733002	4.72472242
	2.77586063	2.75556065	2.74194311	2.73933062	2.76021239	2.82286171	2.93427474	3.11245241	3.36239199	3.66329907	4.02075366	4.43981805	4.91146757	5.38184455	5.77432583	6.06361804	6.25836586	6.39343534	6.48674234	6.53121404	6.52443252	6.48352092	6.42252975	6.35628783	6.29063630	6.22222680	6.15034159	6.07014889	5.98673880	5.90245185	5.81088615	5.71463594	5.61316264	5.50680288	5.39570097	5.28161379	5.16606223	5.04968336	4.93913629	4.83922243	4.75062485	4.67398177	4.60864625	4.56372757	4.54494398	4.55093640	4.57928200	4.62387489	4.68045580
	2.75493132	2.73456145	2.72131141	2.71969989	2.74270382	2.80812941	2.92137428	3.10010490	3.35038146	3.65231208	4.01002568	4.42855418	4.89754499	5.36408844	5.75291005	6.03998579	6.23246943	6.36477169	6.45522965	6.49912980	6.49226389	6.45068869	6.39056530	6.32562359	6.26118946	6.19393191	6.12287158	6.04308946	5.96022660	5.87613326	5.78455039	5.68894503	5.58774138	5.48171513	5.37077718	5.25724692	5.14210920	5.02585001	4.91566342	4.81568616	4.72760104	4.65144402	4.58664056	4.54243427	4.52440089	4.53094861	4.56011555	4.60544733	4.66299203
	2.71171544	2.69161630	2.67870552	2.67764460	2.70176007	2.76844777	2.88182006	3.05817097	3.30413544	3.60203264	3.95382850	4.36490319	4.82541728	5.28132359	5.66205842	5.94541871	6.13331673	6.25829246	6.34554842	6.38624210	6.38049847	6.34193613	6.28585345	6.22343000	6.16271860	6.09873814	6.02907030	5.95145352	5.87090998	5.78750645	5.69818000	5.60465827	5.50580648	5.40186568	5.29367282	5.18293844	5.07026781	4.95611818	4.84765200	4.74911929	4.66277132	4.58785806	4.52433871	4.48120369	4.46357491	4.47064503	4.49987638	4.54525568	4.60287090
	2.70416912	2.68445112	2.67180553	2.67073571	2.69454239	2.76015183	2.87075543	3.04097225	3.27728691	3.56455258	3.90328412	4.29958979	4.74292358	5.18172962	5.55069724	5.82544339	6.00761570	6.13025521	6.21312269	6.25345871	6.24921597	6.21209718	6.15812423	6.09833834	6.04127818	5.97951782	5.91273970	5.83887046	5.76136318	5.68094558	5.59520241	5.50547172	5.41086773	5.31167406	5.20837879	5.10240513	4.99407809	4.88434175	4.77957203	4.68460303	4.60087653	4.52824557	4.46702751	4.42542149	4.40815694	4.41502253	4.44346319	4.48786834	4.54428079
	2.71886385	2.69909991	2.68660129	2.68607024	2.71078636	2.77695871	2.88699749	3.05611867	3.29131921	3.57685667	3.91358491	4.30720448	4.74644866	5.18071162	5.54593449	5.81815029	5.99790260	6.11855279	6.19893032	6.23785725	6.23359987	6.19701665	6.14392540	6.08502117	6.02911771	5.96838900	5.90191195	5.82895980	5.75189418	5.67182710	5.58674309	5.49752891	5.40347912	5.30487110	5.20246534	5.09725452	4.98946312	4.88042061	4.77618893	4.68186333	4.59867853	4.52660606	4.46601227	4.42495787	4.40803977	4.41521113	4.44384236	4.48834112	4.54492775
	2.71881420	2.69908979	2.68679116	2.68691576	2.71304994	2.78059868	2.89064538	3.05777439	3.28834515	3.57004498	3.90246652	4.29056498	4.72135596	5.14788624	5.50656046	5.77351400	5.94924256	6.06630982	6.14339011	6.18029364	6.17588304	6.14073242	6.08977665	6.03312868	5.97866957	5.92073739	5.85584786	5.78430152	5.70835199	5.62956507	5.54612203	5.45807528	5.36579730	5.26892668	5.16876566	5.06523456	4.95920593	4.85197678	4.74941829	4.65659953	4.57449405	4.50364354	4.44431226	4.40420244	4.38774912	4.39511943	4.42380269	4.46851200	4.52504976
	2.69866707	2.67874678	2.66665199	2.66782482	2.69622872	2.76623013	2.87735973	3.04437657	3.27435693	3.55603794	3.88900133	4.27670205	4.70436319	5.12765564	5.48496471	5.75045488	5.92382413	6.03881571	6.11395133	6.14862429	6.14366228	6.10913782	6.05910937	6.00379917	5.95029553	5.89388193	5.83031438	5.75854585	5.68279877	5.60435663	5.52075297	5.43271305	5.34082455	5.24450118	5.14477884	5.04144450	4.93571644	4.82870658	4.72642086	4.63366598	4.55138334	4.48086413	4.42203436	4.38244594	4.36636593	4.37417235	4.40329657	4.44896618	4.50623611
	2.67594343	2.65643053	2.64463652	2.64614486	2.67505568	2.74503228	2.85440165	3.01597842	3.23840855	3.51210490	3.83474227	4.21072762	4.62524922	5.03542457	5.38463887	5.64515529	5.81486417	5.92519887	5.99810278	6.03141311	6.02679572	5.99491703	5.94754806	5.89519277	5.84470489	5.79119459	5.73026004	5.66108473	5.58764340	5.51196252	5.43045308	5.34570386	5.25744887	5.16519952	5.06890103	4.96943856	4.86743992	4.76390192	4.66475196	4.57405045	4.49355907	4.42456667	4.36736148	4.32884055	4.31287761	4.32015159	4.34863456	4.39337936	4.44956281
	2.69073140	2.67137127	2.65982137	2.66185967	2.69152066	2.76162957	2.86967915	3.02847217	3.24710013	3.51682999	3.83434293	4.20389293	4.61101743	5.01342559	5.35676611	5.61325985	5.78023271	5.88785355	5.95803672	5.99012069	5.98566935	5.95513469	5.90853977	5.85758857	5.80860841	5.75692695	5.69677864	5.62905865	5.55698995	5.48263151	5.40240768	5.31935947	5.23256801	5.14207704	5.04743512	4.94987969	4.84968671	4.74807149	4.65037597	4.56076680	4.48145845	4.41354055	4.35737919	4.31965233	4.30403934	4.31131691	4.33958070	4.38394845	4.43957196
	2.70438073	2.68531057	2.67420972	2.67709099	2.70801914	2.77852297	2.88483305	3.03930904	3.25168031	3.51503620	3.82512052	4.18466473	4.57977355	4.97037138	5.30494002	5.55534703	5.71786602	5.82087577	5.88704483	5.91709030	5.91309647	5.88408977	5.83932849	5.79092407	5.74456907	5.69534174	5.63694077	5.57149586	5.50153219	5.42932201	5.35130074	5.27077641	5.18653045	5.09888338	5.00706532	4.91254896	4.81529125	4.71660230	4.62119235	4.53339910	4.45587001	4.38964044	4.33513797	4.29865723	4.28356475	4.29082799	4.31877594	4.36255737	4.41748021
	2.69693069	2.67818077	2.66721193	2.67009309	2.70106286	2.77125782	2.87630264	3.02738935	3.23401648	3.49161324	3.79474177	4.14593459	4.53180711	4.91397516	5.24247863	5.48911106	5.64892366	5.74948719	5.81333614	5.84282674	5.83958437	5.81188365	5.76884002	5.72203100	5.67765180	5.63013281	5.57325700	5.50977766	5.44160359	5.37107250	5.29517045	5.21687737	5.13493683	5.04966353	4.96044993	4.86856398	4.77396620	4.67785469	4.58434109	4.49798999	4.42185716	4.35691352	4.30360824	4.26791875	4.25295328	4.25986512	4.28723504	4.33030139	4.38443843
	2.67957164	2.66117166	2.65025363	2.65301276	2.68381186	2.75348318	2.85720699	3.00486306	3.20521541	3.45666280	3.75233425	4.09513356	4.47152152	4.84517163	5.16764915	5.41027169	5.56771806	5.66627738	5.72773015	5.75684339	5.75441251	5.72799935	5.68681927	5.64178784	5.59896096	5.55283962	5.49801877	5.43620394	5.36993480	5.30123360	5.22751148	5.15136300	5.07181822	4.98901782	4.90269820	4.81365927	4.72186633	4.62828382	4.53665387	4.45201166	4.37738163	4.31379708	4.26172381	4.22683633	4.21198073	4.21849215	4.24520487	4.28745720	4.34070289
	2.67530292	2.65691030	2.64617335	2.64965592	2.68176721	2.75230316	2.85547699	3.00095785	3.19756510	3.44589828	3.73717175	4.07476752	4.44391554	4.81077825	5.12894776	5.36865474	5.52296895	5.61915623	5.67847873	5.70636981	5.70396277	5.67812172	5.63821631	5.59471809	5.55288339	5.50839993	5.45493810	5.39456707	5.32925438	5.26191248	5.18960711	5.11471676	5.03658893	4.95544423	4.87113797	4.78376936	4.69393292	4.60180690	4.51118078	4.42754391	4.35386789	4.29125564	4.24020171	4.20610950	4.19160185	4.19817810	4.22484130	4.26694390	4.32001130
	2.67280016	2.65439139	2.64393811	2.64836822	2.68216696	2.75403849	2.85722336	3.00136635	3.19615523	3.44199376	3.73190205	4.06626292	4.43079471	4.79276577	5.10766774	5.34504284	5.49748216	5.59110686	5.64825545	5.67486798	5.67225295	5.64697666	5.60790787	5.56551811	5.52482113	5.48137820	5.42875958	5.36918557	5.30486458	5.23826329	5.16667155	5.09247627	5.01532220	4.93521564	4.85217365	4.76599016	4.67713525	4.58564954	4.49571902	4.41271445	4.33965831	4.27771354	4.22740064	4.19392999	4.17978658	4.18656586	4.21335579	4.25549739	4.30857520
	2.67106117	2.65263080	2.64247410	2.64802488	2.68369374	2.75644626	2.85816825	2.99807150	3.18656965	3.42512481	3.70820075	4.03283939	4.38619282	4.73645064	5.04379434	5.27514227	5.42383488	5.51307745	5.56720387	5.59201930	5.58934572	5.56470234	5.52739510	5.48717179	5.44891170	5.40758871	5.35691796	5.29955794	5.23758931	5.17309688	5.10389021	5.03190834	4.95785562	4.88069330	4.80062180	4.71757513	4.63142968	4.54238642	4.45477569	4.37377688	4.30252643	4.24231412	4.19372357	4.16155622	4.14803402	4.15485854	4.18132131	4.22286814	4.27521523
	2.67631351	2.65757882	2.64762565	2.65415865	2.69122891	2.76443369	2.86488773	3.00203137	3.18654408	3.42129142	3.70018166	4.02003724	4.36637732	4.70951818	5.01216602	5.24005058	5.38599474	5.47277705	5.52440366	5.54795931	5.54512175	5.52095249	5.48462419	5.44559928	5.40846490	5.36855305	5.31896323	5.26279983	5.20217090	5.13925589	5.07112569	5.00071412	4.92839781	4.85303316	4.77464928	4.69341701	4.60867152	4.52103173	4.43472583	4.35488477	4.28470540	4.22554202	4.17803393	4.14674048	4.13375087	4.14079035	4.16722496	4.20857117	4.26063410
	2.72087415	2.70195490	2.69240342	2.70013420	2.73832579	2.81072101	2.90778258	3.03904246	3.21564714	3.44051062	3.70916027	4.01563545	4.34676640	4.67498195	4.96570353	5.18414836	5.32303261	5.40528315	5.45286092	5.47432590	5.47123684	5.44819196	5.41379111	5.37703826	5.34220647	5.30429771	5.25738822	5.20386528	5.14610518	5.08603765	5.02118132	4.95419790	4.88529307	4.81385355	4.73907183	4.66128111	4.58024989	4.49629566	4.41346992	4.33681980	4.26953255	4.21302198	4.16795509	4.13848836	4.12656789	4.13391995	4.15997890	4.20042805	4.25125530
	2.74833803	2.72930322	2.72022183	2.72942973	2.76906780	2.84032203	2.93244217	3.05400239	3.21705184	3.42680196	3.67806218	3.96469675	4.27213023	4.57823306	4.85238060	5.05933545	5.18950296	5.26560144	5.30824802	5.32688440	5.32390191	5.30316041	5.27210568	5.23904683	5.20791078	5.17330961	5.13085396	5.08179487	5.02864495	4.97335741	4.91411800	4.85265171	4.78935646	4.72398875	4.65525394	4.58337360	4.50844757	4.43047382	4.35298302	4.28100308	4.21782139	4.16502573	4.12337890	4.09644652	4.08574333	4.09302372	4.11807351	4.15692433	4.20570762
	2.74427946	2.72516360	2.71641449	2.72656377	2.76726065	2.83840778	2.92863019	3.04574131	3.20251536	3.40490896	3.64831816	3.92614735	4.22247135	4.51880494	4.78576036	4.98780428	5.11442397	5.18766035	5.22798099	5.24542732	5.24254515	5.22298720	5.19356535	5.16226826	5.13291002	5.09992650	5.05944169	5.01251917	4.96205263	4.90906965	4.85231646	4.79330015	4.73266421	4.66987922	4.60404747	4.53509392	4.46305694	4.38785799	4.31280433	4.24293058	4.18161445	4.13052950	4.09047292	4.06470055	4.05448605	4.06161410	4.08610564	4.12418174	4.17201475
	2.75646729	2.73711412	2.72893951	2.74053034	2.78280029	2.85416578	2.94299369	3.05750582	3.21129871	3.41056561	3.65114876	3.92450758	4.21465544	4.50487502	4.76739028	4.96600898	5.08954467	5.16032881	5.19869031	5.21484444	5.21153930	5.19232135	5.16367455	5.13337945	5.10508787	5.07293394	5.03360153	4.98771076	4.93914108	4.88746790	4.83209172	4.77441464	4.71529635	4.65383823	4.58947227	4.52197822	4.45133902	4.37747345	4.30363769	4.23486519	4.17459403	4.12457412	4.08563163	4.06078885	4.05121655	4.05870387	4.08334126	4.12142144	4.16915831
	2.71328047	2.69346915	2.68565220	2.69875161	2.74281229	2.81446240	2.90139241	3.01155479	3.15933383	3.35205855	3.58549658	3.85033881	4.13080651	4.41180860	4.66846750	4.86333091	4.98407504	5.05192829	5.08759183	5.10177292	5.09847033	5.08040466	5.05339941	5.02474739	4.99829017	4.96844780	4.93111661	4.88751975	4.84111244	4.79172009	4.73838038	4.68313881	4.62665400	4.56799931	4.50657216	4.44194943	4.37411980	4.30286407	4.23128926	4.16443564	4.10590052	4.05759283	4.02040306	3.99703131	3.98828078	3.99593918	4.02043454	4.05829271	4.10571323
	2.68764203	2.66761271	2.66046213	2.67529640	2.72077652	2.79176730	2.87561597	2.97969216	3.11912928	3.30216830	3.52457217	3.77692088	4.04350134	4.31124634	4.55751216	4.74459235	4.85979290	4.92309377	4.95536987	4.96732241	4.96409828	4.94755799	4.92280562	4.89675944	4.87279187	4.84551782	4.81124140	4.77077775	4.72717607	4.68078530	4.63059351	4.57877773	4.52593082	4.47114529	4.41375026	4.35314978	4.28931841	4.22193312	4.15397391	4.09037308	4.03480061	3.98929833	3.95478021	3.93350496	3.92593547	3.93395926	3.95825800	3.99561568	4.04225960
	2.71196295	2.69195619	2.68560808	2.70173247	2.74799610	2.81836702	2.90046798	3.00251790	3.14020572	3.32175645	3.54231752	3.79175126	4.05403522	4.31713951	4.55941807	4.74328016	4.85590270	4.91716133	4.94786003	4.95890693	4.95510701	4.93860204	4.91423393	4.88876040	4.86541373	4.83884057	4.80524802	4.76552877	4.72281686	4.67727858	4.62798310	4.57708406	4.52518202	4.47136300	4.41493256	4.35522227	4.29224184	4.22574078	4.15870768	4.09600791	4.04129702	3.99665748	3.96302937	3.94257311	3.93567534	3.94421107	3.96882099	4.00631052	4.05295037
	2.67763849	2.65791954	2.65271435	2.67020369	2.71688747	2.78582796	2.86444733	2.95972828	3.08797437	3.25851625	3.46635132	3.70176861	3.94949413	4.19869390	4.43053791	4.60717726	4.71460132	4.77177547	4.79952682	4.80959856	4.80627636	4.79153974	4.76956755	4.74662972	4.72574953	4.70197463	4.67105493	4.63423299	4.59465245	4.55227028	4.50628668	4.45878409	4.41053984	4.36066519	4.30834745	4.25277939	4.19398973	4.13161156	4.06845884	4.00921965	3.95763669	3.91593053	3.88510211	3.86677064	3.86093032	3.86952547	3.89358690	3.93023886	3.97577710
	2.68049536	2.66081436	2.65635089	2.67479805	2.72201010	2.79050688	2.86793301	2.96203438	3.08969551	3.26027383	3.46814343	3.70286101	3.94911298	4.19651782	4.42694473	4.60243766	4.70871109	4.76480217	4.79161868	4.80099700	4.79725998	4.78239403	4.76048958	4.73775330	4.71712987	4.69365325	4.66301720	4.62646613	4.58724290	4.54517394	4.49948482	4.45222292	4.40424306	4.35463200	4.30256913	4.24718703	4.18854309	4.12635576	4.06345999	4.00449912	3.95322794	3.91192190	3.88159377	3.86379758	3.85850005	3.86760520	3.89211417	3.92915050	3.97500731
	2.67993153	2.66022684	2.65621523	2.67532316	2.72295701	2.79125775	2.86804184	2.96170556	3.08958453	3.26098260	3.46977971	3.70496352	3.95114634	4.19819770	4.42834766	4.60353985	4.70933834	4.76490918	4.79123004	4.80016081	4.79607250	4.78098920	4.75897501	4.73622361	4.71563472	4.69219551	4.66158425	4.62504590	4.58586595	4.54380476	4.49810065	4.45077631	4.40273723	4.35305477	4.30090215	4.24538072	4.18655971	4.12423508	4.06126096	4.00226528	3.95101148	3.90981142	3.87968036	3.86215576	3.85720955	3.86671166	3.89161510	3.92902092	3.97521343
	2.69268015	2.67286681	2.66890908	2.68821134	2.73601659	2.80434177	2.88116437	2.97536582	3.10437532	3.27731451	3.48779840	3.72464352	3.97213903	4.22016910	4.45085713	4.62619627	4.73201070	4.78759010	4.81386478	4.82263714	4.81826224	4.80282857	4.78046963	4.75742368	4.73658172	4.71285979	4.68192549	4.64510749	4.60566827	4.56332175	4.51731108	4.46964971	4.42124384	4.37114681	4.31855161	4.26256085	4.20325561	4.14047500	4.07711453	4.01780466	3.96629179	3.92488333	3.89458599	3.87698499	3.87210755	3.88180753	3.90694845	3.94457118	3.99096939
	2.68373499	2.66395331	2.66033284	2.68017761	2.72832490	2.79645712	2.87265092	2.96612678	3.09469893	3.26751062	3.47776411	3.71395734	3.96045844	4.20733768	4.43718881	4.61190493	4.71712777	4.77217428	4.79798691	4.80640944	4.80184851	4.78638401	4.76411011	4.74121813	4.72055858	4.69703518	4.66629503	4.62970271	4.59046149	4.54830740	4.50249497	4.45500567	4.40678439	4.35689656	4.30450697	4.24869860	4.18955575	4.12695974	4.06380721	4.00470211	3.95341172	3.91227948	3.88230825	3.86503558	3.86046335	3.87043094	3.89579715	3.93360339	3.98013738
	2.65519602	2.63556154	2.63252448	2.65319794	2.70182452	2.76958734	2.84459401	2.93627116	3.06308366	3.23438584	3.44284994	3.67648760	3.92011236	4.16415192	4.39215270	4.56575072	4.66996883	4.72407216	4.74910458	4.75704346	4.75239908	4.73719142	4.71537230	4.69301410	4.67290321	4.64998153	4.61987251	4.58391287	4.54524262	4.50366663	4.45845848	4.41155219	4.36396485	4.31479732	4.26314567	4.20805366	4.14960097	4.08770961	4.02523935	3.96674651	3.91605536	3.87557948	3.84632635	3.82970936	3.82563247	3.83591825	3.86149860	3.89947283	3.94610525
	2.64253923	2.62309973	2.62059519	2.64188953	2.69066233	2.75776283	2.83145810	2.92149196	3.04673643	3.21659488	3.42323432	3.65428119	3.89493178	4.13604039	4.36173004	4.53353420	4.63640466	4.68954861	4.71391467	4.72149297	4.71682224	4.70185914	4.68045761	4.65858220	4.63894692	4.61652054	4.58690671	4.55149128	4.51336198	4.47233029	4.42770956	4.38139752	4.33443315	4.28593242	4.23497132	4.18054818	4.12276124	4.06157260	3.99982310	3.94202837	3.89201617	3.85222440	3.82365704	3.80764766	3.80404819	3.81467869	3.84047523	3.87855030	3.92518378
	2.62972894	2.61052156	2.60864911	2.63069172	2.67961769	2.74587289	2.81796865	2.90611729	3.02964179	3.19791773	3.40248443	3.63053065	3.86767695	4.10527262	4.32805191	4.49747142	4.59857714	4.65051468	4.67405689	4.68118023	4.67644046	4.66172366	4.64078503	4.61945949	4.60036946	4.57850156	4.54943025	4.51464747	4.47715425	4.43675654	4.39282447	4.34720976	4.30096856	4.25323304	4.20306505	4.14940494	4.09238107	4.03201030	3.97112055	3.91418044	3.86500417	3.82605429	3.79832388	3.78306076	3.78006951	3.79116981	3.81727505	3.85549608	3.90214128
	2.60336994	2.58429279	2.58286453	2.60558154	2.65497271	2.72115487	2.79265471	2.87980033	3.00237037	3.16992730	3.37362060	3.60043074	3.83612180	4.07229317	4.29432675	4.46334449	4.56402017	4.61547687	4.63860518	4.64548835	4.64073578	4.62619699	4.60553938	4.58453945	4.56579364	4.54428161	4.51554183	4.48111520	4.44396280	4.40387264	4.36026923	4.31497783	4.26908689	4.22175341	4.17200370	4.11873917	4.06209366	4.00210115	3.94156685	3.88494432	3.83608579	3.79751411	3.77022938	3.75539186	3.75272462	3.76405646	3.79035753	3.82875809	3.87554755
	2.59013734	2.57108520	2.56981693	2.59283501	2.64250547	2.70880116	2.78022026	2.86709784	2.98942243	3.15688873	3.36050089	3.58717619	3.82265549	4.05860274	4.28072519	4.44994671	4.55068779	4.60206482	4.62508108	4.63189030	4.62713330	4.61265050	4.59207341	4.57116780	4.55253106	4.53113093	4.50248619	4.46815597	4.43109424	4.39107032	4.34753555	4.30230853	4.25649293	4.20925712	4.15961013	4.10643666	4.04987053	3.98994765	3.92946054	3.87286332	3.82403539	3.78553400	3.75836711	3.74365821	3.74108488	3.75248303	3.77886053	3.81735769	3.86424758
	2.58939908	2.57041907	2.56928298	2.59246624	2.64213989	2.70820645	2.77922782	2.86559986	2.98738176	3.15428528	3.35719642	3.58295761	3.81741926	4.05232714	4.27354307	4.44203853	4.54228749	4.59334469	4.61617330	4.62289730	4.61816586	4.60378438	4.58335855	4.56262050	4.54413837	4.52289958	4.49441825	4.46026460	4.42339432	4.38356767	4.34024923	4.29525380	4.24968233	4.20270127	4.15331750	4.10039790	4.04408960	3.98443552	3.92422084	3.86787931	3.81929217	3.78101588	3.75405616	3.73951778	3.73706569	3.74854065	3.77494492	3.81342154	3.86025318
	2.59726457	2.57817074	2.57746248	2.60163038	2.65186814	2.71749066	2.78764457	2.87414952	2.99756708	3.16703366	3.37250579	3.60009995	3.83534058	4.07035105	4.29117547	4.45880338	4.55820543	4.60860695	4.63084823	4.63689457	4.63145905	4.61642320	4.59550461	4.57444991	4.55573915	4.53420073	4.50530599	4.47087132	4.43379248	4.39368778	4.35009286	4.30477434	4.25883372	4.21143523	4.16158381	4.10810308	4.05119921	3.99105349	3.93051905	3.87398559	3.82529978	3.78703347	3.76017228	3.74591882	3.74401257	3.75622418	3.78333141	3.82237651	3.86966218
	2.60289048	2.58386513	2.58385227	2.60935547	2.66020313	2.72501425	2.79365177	2.87943280	3.00362552	3.17472474	3.38150944	3.60936928	3.84368902	4.07702197	4.29574273	4.46105433	4.55864479	4.60782939	4.62916942	4.63440638	4.62830433	4.61275112	4.59156834	4.57046118	4.55174445	4.53013054	4.50109248	4.46667424	4.42972035	4.38972443	4.34628580	4.30109326	4.25526444	4.20793830	4.15809556	4.10453454	4.04751801	3.98738465	3.92704642	3.87080575	3.82246392	3.78460094	3.75816798	3.74446250	3.74330943	3.75640330	3.78426858	3.82381035	3.87136605
	2.60050052	2.58172057	2.58227622	2.60864009	2.65972481	2.72378703	2.79108336	2.87552216	2.99883992	3.16926138	3.37486918	3.60077356	3.83258641	4.06313041	4.27908713	4.44190798	4.53774561	4.58584836	4.60650913	4.61132136	4.60505668	4.58952377	4.56855703	4.54777644	4.52935295	4.50801338	4.47927508	4.44524022	4.40874637	4.36926059	4.32640397	4.28180503	4.23660132	4.18990327	4.14065891	4.08767035	4.03121924	3.97171827	3.91208560	3.85654438	3.80886959	3.77163611	3.74576927	3.73258552	3.73194093	3.74550097	3.77367891	3.81330175	3.86073656
	2.60983231	2.59105057	2.59181730	2.61855568	2.66986267	2.73385243	2.80107236	2.88599610	3.01042887	3.18216827	3.38907773	3.61613840	3.84867688	4.07961496	4.29548468	4.45784797	4.55326424	4.60110606	4.62154453	4.62608094	4.61947509	4.60357427	4.58230300	4.56129747	4.54268719	4.52111529	4.49211125	4.45787317	4.42120513	4.38152660	4.33846079	4.29361828	4.24815392	4.20115723	4.15158817	4.09825263	4.04144867	3.98165288	3.92181272	3.86614409	3.81839974	3.78114053	3.75526998	3.74214410	3.74168506	3.75552564	3.78396777	3.82379713	3.87139772
	2.61723359	2.59883040	2.60046872	2.62818732	2.67935026	2.74178722	2.80679023	2.88981519	3.01325146	3.18412856	3.38934003	3.61340044	3.84200105	4.06860110	4.28019802	4.43882950	4.53166805	4.57793356	4.59729141	4.60112679	4.59413869	4.57811218	4.55702932	4.53640106	4.51813327	4.49687195	4.46829785	4.43464913	4.39863929	4.35967646	4.31740671	4.27334783	4.22869303	4.18249005	4.13368733	4.08110400	4.02507679	3.96618088	3.90734914	3.85269428	3.80590235	3.76954080	3.74447593	3.73211985	3.73244730	3.74695735	3.77578129	3.81563628	3.86296220
	2.62186964	2.60344189	2.60511859	2.63295247	2.68420839	2.74666801	2.81170791	2.89496992	3.01889021	3.19037168	3.39624066	3.62091082	3.84995639	4.07683427	4.28851302	4.44710165	4.53988585	4.58610523	4.60538965	4.60912398	4.60199585	4.58580884	4.56458521	4.54384885	4.52548698	4.50411533	4.47542743	4.44168547	4.40558946	4.36653709	4.32417019	4.27999642	4.23521966	4.18887960	4.13992602	4.08718018	4.03098347	3.97193621	3.91298519	3.85823583	3.81136545	3.77494139	3.74982318	3.73745447	3.73783119	3.75243210	3.78134882	3.82127817	3.86866527
	2.64220781	2.62395281	2.62622230	2.65456224	2.70546878	2.76664936	2.83024497	2.91296334	3.03743308	3.20943505	3.41520913	3.63907873	3.86641187	4.09105470	4.30012003	4.45612191	4.54701379	4.59207341	4.61057408	4.61366216	4.60599784	4.58939081	4.56796633	4.54718532	4.52882021	4.50739454	4.47870523	4.44513368	4.40923943	4.37038880	4.32822918	4.28423798	4.23962983	4.19340726	4.14455618	4.09190301	4.03585938	3.97708232	3.91852180	3.86424605	3.81786791	3.78195636	3.75731968	3.74545611	3.74645864	3.76166702	3.79097442	3.83104854	3.87837884
	2.65252960	2.63468793	2.63793189	2.66700669	2.71740715	2.77679118	2.83819890	2.91937877	3.04329826	3.21456959	3.41862981	3.63977220	3.86350139	4.08423803	4.28938638	4.44191795	4.53036301	4.57394492	4.59152689	4.59394913	4.58588730	4.56911194	4.54778231	4.52724403	4.50913199	4.48794068	4.45956268	4.42649287	4.39114974	4.35286039	4.31130829	4.26793350	4.22393064	4.17828397	4.13000207	4.07791809	4.02250990	3.96448333	3.90677029	3.85338987	3.80788308	3.77282892	3.74900467	3.73789946	3.73966043	3.75548104	3.78508793	3.82514879	3.87222713
	2.64970011	2.63217335	2.63610132	2.66565802	2.71582901	2.77429878	2.83461804	2.91508076	3.03882285	3.20983315	3.41313429	3.63294592	3.85501399	4.07402044	4.27748613	4.42855326	4.51598129	4.55893263	4.57613552	4.57823895	4.56999008	4.55313455	4.53184114	4.51140107	4.49339602	4.47231337	4.44407198	4.41122978	4.37614437	4.33810444	4.29682561	4.25373246	4.20999246	4.16460119	4.11655214	4.06469517	4.00952927	3.95180100	3.89443258	3.84142987	3.79630153	3.76164157	3.73822292	3.72750961	3.72964282	3.74573997	3.77547126	3.81551461	3.86249312
	2.66905667	2.65156497	2.65585422	2.68577877	2.73592347	2.79395927	2.85409352	2.93584176	3.06221127	3.23606532	3.44222704	3.66447497	3.88814621	4.10795406	4.31142152	4.46179330	4.54858080	4.59102136	4.60773436	4.60916661	4.60011988	4.58238951	4.56036974	4.53936950	4.52090242	4.49927146	4.47049051	4.43725581	4.40177267	4.36330100	4.32153229	4.27786597	4.23352247	4.18747310	4.13868174	4.08604257	4.03009844	3.97172764	3.91387365	3.86053740	3.81519168	3.78044595	3.75699084	3.74644097	3.74902328	3.76571547	3.79599307	3.83645491	3.88376967
	2.66245302	2.64547614	2.65074054	2.68140645	2.73142582	2.78847984	2.84732686	2.92798730	3.05359015	3.22628256	3.43055850	3.65045018	3.87104492	4.08774032	4.28820882	4.43594142	4.52094905	4.56230498	4.57840239	4.57942744	4.57024927	4.55262637	4.53088425	4.51024202	4.49210236	4.47080984	4.44236616	4.40965397	4.37475235	4.33683359	4.29570547	4.25269679	4.20901750	4.16366013	4.11553673	4.06358362	4.00833311	3.95072165	3.89366859	3.84113432	3.79656362	3.76256080	3.73981594	3.72988592	3.73299855	3.75005723	3.78047840	3.82083883	3.86791350
	2.66280315	2.64611048	2.65209997	2.68345612	2.73366645	2.79041659	2.84904409	2.93046444	3.05783539	3.23248665	3.43870364	3.66009664	3.88158551	4.09880829	4.29929858	4.44660027	4.53121627	4.57223499	4.58797201	4.58852478	4.57881102	4.56063466	4.53844023	4.51746763	4.49905209	4.47743226	4.44867580	4.41573938	4.38063403	4.34245897	4.30105139	4.25771049	4.21367024	4.16792600	4.11933479	4.06688108	4.01110293	3.95305698	3.89568418	3.84293964	3.79824627	3.76422449	3.74154140	3.73180932	3.73528349	3.75276146	3.78355444	3.82418326	3.87149584
	2.67495599	2.65830217	2.66466791	2.69629738	2.74643921	2.80277898	2.86118297	2.94349806	3.07283283	3.24962485	3.45803495	3.68107483	3.90359741	4.12125278	4.32149991	4.46826280	4.55246635	4.59315870	4.60844890	4.60850446	4.59822394	4.57946240	4.55678053	4.53542202	4.51668237	4.49469196	4.46563547	4.43244707	4.39712231	4.35869882	4.31701918	4.27333985	4.22891596	4.18274149	4.13365047	4.08065279	4.02432100	3.96580533	3.90808475	3.85508236	3.81019400	3.77606053	3.75331271	3.74369573	3.74748175	3.76537254	3.79650542	3.83735747	3.88484954
	2.68704340	2.67115370	2.67886695	2.71125228	2.76085620	2.81559814	2.87245607	2.95459699	3.08486040	3.26235241	3.47079641	3.69301660	3.91355685	4.12868180	4.32598800	4.47010045	4.55263039	4.59211870	4.60646698	4.60561044	4.59459596	4.57523699	4.55219357	4.53065012	4.51178790	4.48967987	4.46058073	4.42767394	4.39268835	4.35449626	4.31307054	4.26957438	4.22528723	4.17923092	4.13016405	4.07717798	4.02088417	3.96257721	3.90522755	3.85266369	3.80825237	3.77468415	3.75249686	3.74353720	3.74801940	3.76648809	3.79787455	3.83865936	3.88590579
	2.70331995	2.68782411	2.69618996	2.72900402	2.77843034	2.83252299	2.88887514	2.97145397	3.10274396	3.28106723	3.49012082	3.71256890	3.93244468	4.14663140	4.34249914	4.48506684	4.56656224	4.60529375	4.61913319	4.61771661	4.60618589	4.58636215	4.56299586	4.54124052	4.52221276	4.49990574	4.47064062	4.43778860	4.40286192	4.36468482	4.32327451	4.27974768	4.23540169	4.18925048	4.14004568	4.08691150	4.03048647	3.97216097	3.91491434	3.86252286	3.81832690	3.78501964	3.76307074	3.75441026	3.75928000	3.77811325	3.80970154	3.85051557	3.89767811
	2.73060284	2.71522609	2.72385500	2.75699636	2.80670224	2.86109922	2.91835569	3.00360931	3.13876296	3.32118160	3.53503676	3.76155462	3.98435803	4.20126102	4.39839830	4.54086624	4.62215595	4.66058157	4.67404805	4.67197404	4.65950339	4.63859835	4.61426039	4.59168527	4.57194075	4.54876270	4.51875314	4.48528888	4.44963184	4.41070631	4.36847546	4.32402079	4.27867986	4.23141963	4.18103408	4.12665011	4.06895342	4.00950009	3.95134229	3.89823471	3.85349230	3.81977076	3.79745297	3.78867338	3.79385305	3.81323129	3.84538404	3.88670716	3.93432325
	2.75968083	2.74473597	2.75404658	2.78770775	2.83749076	2.89169135	2.94936496	3.03720583	3.17642776	3.36321773	3.58182003	3.81206521	4.03715385	4.25597361	4.45356627	4.59535969	4.67607028	4.71391293	4.72667347	4.72363353	4.70999291	4.68782020	4.66238714	4.63891683	4.61840978	4.59433384	4.56354427	4.52954072	4.49331287	4.45371273	4.41075807	4.36545874	4.31917556	4.27085750	4.21931234	4.16370918	4.10477299	4.04426340	3.98529487	3.93157103	3.88638860	3.85239630	3.82985812	3.82115651	3.82683813	3.84690239	3.87965060	3.92142480	3.96937454
	2.77189021	2.75753333	2.76761166	2.80169062	2.85132222	2.90500043	2.96251818	3.05169915	3.19324498	3.38279640	3.60346388	3.83498319	4.06075734	4.27981034	4.47696862	4.61782167	4.69778875	4.73511541	4.74721797	4.74340750	4.72898716	4.70602451	4.67996138	4.65601521	4.63511155	4.61059032	4.57925210	4.54509971	4.50865130	4.46879167	4.42555541	4.37988991	4.33318938	4.28439266	4.23228365	4.17609219	4.11655860	4.05559193	3.99632393	3.94241469	3.89715602	3.86320175	3.84074625	3.83231826	3.83850085	3.85909827	3.89223443	3.93422946	3.98229551
	2.77035318	2.75707939	2.76856458	2.80332373	2.85241230	2.90465384	2.96073228	3.04919034	3.19040191	3.37943690	3.59892894	3.82864977	4.05118974	4.26721028	4.46145030	4.59992207	4.67835457	4.71459621	4.72576831	4.72122442	4.70630051	4.68298185	4.65678061	4.63284258	4.61197607	4.58751553	4.55648410	4.52295985	4.48719658	4.44774203	4.40500058	4.35983661	4.31356141	4.26523978	4.21353330	4.15776619	4.09865633	4.03825032	3.97959612	3.92629653	3.88166861	3.84839960	3.82661099	3.81881523	3.82552057	3.84639704	3.87949706	3.92117381	3.96874413
	2.78276910	2.76994421	2.78193206	2.81694973	2.86614286	2.91849515	2.97531481	3.06635479	3.21151052	3.40563021	3.62912701	3.86229232	4.08885015	4.30782504	4.50393375	4.64340111	4.72211922	4.75826083	4.76907860	4.76387035	4.74799666	4.72357660	4.69636402	4.67156799	4.64994411	4.62468542	4.59270675	4.55818938	4.52145529	4.48135556	4.43768473	4.39147567	4.34408604	4.29455102	4.24153562	4.18439075	4.12386668	4.06219868	4.00249018	3.94830737	3.90297238	3.86916271	3.84695824	3.83907465	3.84610676	3.86750198	3.90111684	3.94325772	3.99129732
	2.79299975	2.78157425	2.79512851	2.83114329	2.88054429	2.93271528	2.99073584	3.08677393	3.23936213	3.44192419	3.67356271	3.91166252	4.14310691	4.36622868	4.56376038	4.70252150	4.77969163	4.81483035	4.82420238	4.81715842	4.79914269	4.77246986	4.74340285	4.71717183	4.69426857	4.66739841	4.63445991	4.59883129	4.56093064	4.51967954	4.47476590	4.42708619	4.37807420	4.32676122	4.27172491	4.21242305	4.14972703	4.08626455	4.02517441	3.96998244	3.92405142	3.89001332	3.86779132	3.86041020	3.86862255	3.89139360	3.92617824	3.96921655	4.01803577
	2.81356348	2.80455511	2.82036836	2.85726291	2.90566412	2.95573178	3.01259584	3.10980548	3.26464524	3.46865445	3.70092272	3.93672626	4.16626811	4.38644611	4.58003098	4.71507840	4.78944279	4.82244230	4.82973150	4.82082760	4.80103777	4.77281233	4.74271305	4.71590785	4.69232477	4.66508707	4.63216454	4.59657378	4.55911585	4.51821286	4.47351218	4.42601520	4.37698206	4.32575883	4.27060115	4.21114222	4.14839013	4.08524054	4.02469731	3.97016989	3.92511621	3.89212497	3.87097389	3.86475406	3.87406732	3.89751885	3.93236226	3.97492707	4.02300129
	2.80777889	2.80008226	2.81710722	2.85484005	2.90349658	2.95354899	3.01166312	3.11284691	3.27372102	3.48352438	3.72088459	3.96052100	4.19411820	4.41766975	4.61239467	4.74713544	4.82104851	4.85311337	4.85920318	4.84890333	4.82746442	4.79755227	4.76599453	4.73814259	4.71353190	4.68536848	4.65137812	4.61489148	4.57678245	4.53484734	4.48937388	4.44086614	4.39067292	4.33824471	4.28162497	4.22061051	4.15630591	4.09184942	4.03028094	3.97500415	3.92956600	3.89649886	3.87544907	3.86974596	3.87995931	3.90436252	3.93996084	3.98308835	4.03166480
	2.83189059	2.82637033	2.84458654	2.88251905	2.93077788	2.98027673	3.03963309	3.14547147	3.31339084	3.52948453	3.76990055	4.01259288	4.24832979	4.47425157	4.66835770	4.80085137	4.87308620	4.90346843	4.90783735	4.89566307	4.87207025	4.84011719	4.80687686	4.77781366	4.75226681	4.72279386	4.68798003	4.65094449	4.61214360	4.56934796	4.52280320	4.47357177	4.42243196	4.36886285	4.31079872	4.24827400	4.18251340	4.11696351	4.05468241	3.99899069	3.95349479	3.92060961	3.89983614	3.89486727	3.90614789	3.93145736	3.96751718	4.01073936	4.05926428
	2.82218460	2.81882734	2.83866351	2.87721938	2.92532803	2.97445132	3.03484537	3.14430354	3.31756999	3.53760091	3.78115743	4.02677304	4.26441759	4.49210684	4.68572002	4.81680799	4.88774009	4.91672479	4.91959285	4.90580831	4.88047682	4.84692116	4.81260525	4.78257469	4.75622827	4.72613492	4.69094947	4.65384975	4.61442398	4.57135478	4.52385040	4.47410890	4.42232870	4.36793795	4.30882709	4.24518743	4.17835482	4.11196572	4.04908662	3.99302088	3.94748517	3.91482042	3.89442012	3.89015359	3.90227344	3.92825709	3.96465766	4.00795846	4.05643525
	2.81713075	2.81631883	2.83776085	2.87695744	2.92465603	2.97333060	3.03504896	3.14852723	3.32663223	3.55068401	3.79697298	4.04480625	4.28319750	4.51176948	4.70425414	4.83297375	4.90200290	4.92932122	4.93048342	4.91498809	4.88789847	4.85278027	4.81751865	4.78655754	4.75936812	4.72829603	4.69302509	4.65610329	4.61631619	4.57320074	4.52524344	4.47484625	4.42260617	4.36777422	4.30779232	4.24321055	4.17548906	4.10842357	4.04514515	3.98891509	3.94355423	3.91131138	3.89143403	3.88791452	3.90084306	3.92739366	3.96394301	4.00705851	4.05504390
	2.79364059	2.79655597	2.82038293	2.86135446	2.90880488	2.95710595	3.02089673	3.13963395	3.32376533	3.55371250	3.80256588	4.05065744	4.28944865	4.51706404	4.70641906	4.83087014	4.89669605	4.92138456	4.92013857	4.90250253	4.87331712	4.83651399	4.80022337	4.76829216	4.74021529	4.70864018	4.67301871	4.63687373	4.59759326	4.55427028	4.50658013	4.45644643	4.40405364	4.34906884	4.28856898	4.22339484	4.15513517	4.08775098	4.02443445	3.96845119	3.92373257	3.89241911	3.87355436	3.87112124	3.88500491	3.91203777	3.94839891	3.99085541	4.03783247
	2.76844794	2.77376369	2.79939884	2.84173625	2.88916159	2.93738198	3.00266490	3.12473312	3.31288582	3.54619322	3.79664206	4.04534353	4.28389365	4.51102952	4.69853180	4.82064582	4.88467021	4.90772681	4.90501655	4.88608277	4.85563558	4.81783587	4.78086940	4.74833753	4.71974005	4.68824673	4.65279509	4.61687271	4.57796003	4.53488002	4.48734011	4.43751748	4.38537795	4.33013735	4.26939894	4.20386658	4.13529498	4.06772141	4.00434025	3.94843413	3.90402868	3.87325020	3.85502278	3.85321845	3.86758775	3.89477086	3.93088663	3.97282528	4.01927224
	2.77599238	2.78385768	2.81122528	2.85424757	2.90105999	2.94877722	3.01515085	3.13978333	3.33083788	3.56490132	3.81474467	4.06163119	4.29790979	4.52242315	4.70600591	4.82471158	4.88612381	4.90729089	4.90301722	4.88288867	4.85134330	4.81277892	4.77522290	4.74234810	4.71341432	4.68206323	4.64744284	4.61198724	4.57378634	4.53122801	4.48423640	4.43495158	4.38353974	4.32849841	4.26802509	4.20265342	4.13433379	4.06714387	4.00426135	3.94893396	3.90523287	3.87522935	3.85773565	3.85652226	3.87118817	3.89818867	3.93361427	3.97452511	4.01980221
	2.73644615	2.74820553	2.77903696	2.82373063	2.87089147	2.91961408	2.99022701	3.12298481	3.32353535	3.56376418	3.82084019	4.07095448	4.31165128	4.53892901	4.72171808	4.83850482	4.89774227	4.91686199	4.91033529	4.88795625	4.85400065	4.81330285	4.77405592	4.74005414	4.70982373	4.67719837	4.64230590	4.60659570	4.56840403	4.52557946	4.47758359	4.42703789	4.37480558	4.31844489	4.25650045	4.18932605	4.11933572	4.05072094	3.98680335	3.93087108	3.88710507	3.85746362	3.84054891	3.84012666	3.85562480	3.88314557	3.91862694	3.95925961	4.00409616
	2.72053363	2.73488683	2.76808592	2.81356729	2.86055424	2.90974721	2.98328278	3.12133147	3.32689699	3.57108532	3.83091840	4.08155275	4.32293520	4.55029753	4.73065183	4.84498194	4.90211300	4.91939473	4.91118174	4.88715651	4.85163883	4.80966395	4.76987005	4.73510811	4.70410933	4.67094689	4.63594688	4.60060427	4.56244463	4.51962685	4.47145698	4.42105505	4.36833061	4.31162434	4.24902571	4.18109675	4.11046430	4.04136998	3.97721129	3.92133475	3.87795274	3.84889030	3.83264094	3.83287178	3.84890530	3.87659234	3.91179340	3.95187809	3.99597427
	2.70203642	2.71853785	2.75358352	2.79965487	2.84636440	2.89563796	2.97090092	3.11189861	3.32017902	3.56627222	3.82701412	4.07654343	4.31697874	4.54297181	4.72077683	4.83269161	4.88796354	4.90379777	4.89436632	4.86932356	4.83294132	4.79037538	4.75043003	4.71529309	4.68390849	4.65089693	4.61629880	4.58139999	4.54359541	4.50115626	4.45340653	4.40335749	4.35095136	4.29444621	4.23181369	4.16382189	4.09320239	4.02421082	3.96024207	3.90469654	3.86183612	3.83340972	3.81784015	3.81865975	3.83505597	3.86275005	3.89758448	3.93708441	3.98049892
	2.68648187	2.70472327	2.74130338	2.78744575	2.83331305	2.88166239	2.95658871	3.09720500	3.30413826	3.54897788	3.80655746	4.05157819	4.28773802	4.50908619	4.68236356	4.79109405	4.84444585	4.85915544	4.84904448	4.82376425	4.78752701	4.74546587	4.70613540	4.67138091	4.64035141	4.60822308	4.57461451	4.54065409	4.50392607	4.46282667	4.41647372	4.36783621	4.31683102	4.26158217	4.20005345	4.13325216	4.06388166	3.99608517	3.93317228	3.87857566	3.83662569	3.80905228	3.79427972	3.79559597	3.81204792	3.83936798	3.87344364	3.91203820	3.95438681
	2.64319964	2.66462360	2.70349763	2.75046320	2.79628679	2.84515513	2.92264014	3.06711229	3.27798705	3.52644976	3.78524406	4.03027020	4.26702002	4.48746335	4.65852498	4.76473075	4.81645265	4.82956894	4.81813059	4.79174718	4.75462809	4.71214998	4.67249463	4.63762318	4.60622893	4.57417072	4.54062167	4.50710500	4.47079663	4.43000688	4.38407014	4.33587398	4.28511750	4.22967303	4.16791395	4.10085102	4.03125174	3.96328314	3.90025592	3.84572996	3.80413864	3.77714308	3.76309361	3.76507255	3.78197458	3.80940274	3.84321169	3.88136323	3.92339817
	2.61081478	2.63589228	2.67677317	2.72421516	2.76980617	2.81945563	2.90023575	3.04927882	3.26410317	3.51596352	3.77539786	4.02010258	4.25641684	4.47547474	4.64339112	4.74663625	4.79613389	4.80742430	4.79446830	4.76710039	4.72902323	4.68596923	4.64591656	4.61057858	4.57890765	4.54672820	4.51331419	4.48060706	4.44467365	4.40393126	4.35866663	4.31095091	4.26000759	4.20453254	4.14249236	4.07515191	4.00531625	3.93723117	3.87420420	3.81995839	3.77895662	3.75274225	3.73956201	3.74227571	3.75964697	3.78709541	3.82048266	3.85801444	3.89928173
	2.57664098	2.60602383	2.64925100	2.69730608	2.74282872	2.79397425	2.87958934	3.03527100	3.25601923	3.51214757	3.77349289	4.01871425	4.25563702	4.47386568	4.63843425	4.73825288	4.78477334	4.79407021	4.77913868	4.75006554	4.71043623	4.66626641	4.62572641	4.58988571	4.55781705	4.52509143	4.49213361	4.45951058	4.42430085	4.38327647	4.33851382	4.29079824	4.23964424	4.18376264	4.12097219	4.05293164	3.98245905	3.91391187	3.85062433	3.79653125	3.75612725	3.73078894	3.71860159	3.72220750	3.74019221	3.76771682	3.80067791	3.83758939	3.87809681
	2.56442563	2.59605013	2.64020791	2.68801089	2.73292663	2.78447017	2.87232981	3.03108046	3.25423232	3.51141034	3.77207790	4.01549506	4.25111522	4.46719497	4.62869754	4.72596383	4.77028729	4.77836571	4.76242773	4.73239945	4.69200402	4.64773995	4.60725138	4.57137153	4.53937817	4.50630373	4.47418998	4.44182277	4.40700688	4.36640687	4.32229724	4.27478880	4.22402347	4.16826164	4.10551992	4.03753919	3.96717982	3.89877996	3.83569671	3.78196822	3.74213946	3.71747722	3.70598232	3.71013810	3.72837704	3.75574818	3.78821912	3.82447363	3.86421618
	2.55151909	2.58516361	2.62997085	2.67711659	2.72082036	2.77161532	2.85956932	3.01820012	3.23963983	3.49415864	3.75025618	3.98830768	4.21823861	4.42855711	4.58526794	4.67913348	4.72122736	4.72788352	4.71156988	4.68144062	4.64143827	4.59806416	4.55808228	4.52302672	4.49173526	4.45951959	4.42866250	4.39724245	4.36368353	4.32477636	4.28189583	4.23604593	4.18678023	4.13223324	4.07084068	4.00425135	3.93533260	3.86827751	3.80638356	3.75375264	3.71500641	3.69136707	3.68081837	3.68551561	3.70374789	3.73058956	3.76214518	3.79725354	3.83583307
	2.54830833	2.58494555	2.63102092	2.67800459	2.72142758	2.77376359	2.86601300	3.02999392	3.25546591	3.51192646	3.76766239	4.00560736	4.23476241	4.44329290	4.59669327	4.68720727	4.72681930	4.73177056	4.71404530	4.68233693	4.64122722	4.59756008	4.55675007	4.52143777	4.48974360	4.45709281	4.42664976	4.39588363	4.36193976	4.32328973	4.28045857	4.23470290	4.18532375	4.13035854	4.06844683	4.00139392	3.93209029	3.86483060	3.80296261	3.75071096	3.71268379	3.68988520	3.68015273	3.68547788	3.70397848	3.73060781	3.76155149	3.79588561	3.83361010
	2.54423235	2.58269589	2.62952965	2.67640212	2.71970169	2.77321337	2.86838245	3.03578795	3.26370499	3.52119963	3.77639649	4.01373921	4.24246070	4.44940699	4.60020671	4.68864406	4.72654734	4.73008448	4.71142091	4.67882027	4.63698625	4.59299259	4.55173384	4.51638722	4.48427674	4.45181402	4.42157783	4.39106553	4.35726309	4.31896563	4.27589929	4.23028553	4.18089527	4.12572257	4.06351770	3.99622609	3.92673252	3.85940171	3.79761951	3.74568904	3.70820100	3.68601040	3.67686345	3.68261956	3.70129407	3.72776709	3.75830023	3.79210169	3.82922899
	2.51193560	2.55209927	2.59908257	2.64475131	2.68645918	2.73898253	2.83404519	3.00077139	3.22607002	3.48015214	3.73028439	3.96174571	4.18461963	4.38548294	4.53123451	4.61663001	4.65282480	4.65563518	4.63666401	4.60447123	4.56361453	4.52040474	4.48019331	4.44542165	4.41393055	4.38256263	4.35341430	4.32447167	4.29185875	4.25525258	4.21381333	4.16954051	4.12172828	4.06806900	4.00736100	3.94163867	3.87369973	3.80777004	3.74720451	3.69639430	3.66002828	3.63892399	3.63077246	3.63708919	3.65571463	3.68162353	3.71123327	3.74387010	3.77969153
	2.47752249	2.51936012	2.56600277	2.60957654	2.64871916	2.69915570	2.79272699	2.95671975	3.17665000	3.42468182	3.66683656	3.88923004	4.10263636	4.29453428	4.43384170	4.51489331	4.54927993	4.55124326	4.53251964	4.50130984	4.46206150	4.42027680	4.38148302	4.34790646	4.31755225	4.28783318	4.26036574	4.23343831	4.20291433	4.16885079	4.12977219	4.08757371	4.04220623	3.99094954	3.93269162	3.86951113	3.80408870	3.74040649	3.68175251	3.63261590	3.59779413	3.57810253	3.57119566	3.57810276	3.59645613	3.62142816	3.64962814	3.68053247	3.71441879
	2.48737717	2.53005628	2.57540445	2.61614226	2.65246885	2.70104868	2.79328790	2.95402302	3.16744571	3.40775065	3.64017670	3.85166681	4.05427477	4.23591379	4.36671107	4.44302334	4.47488395	4.47511451	4.45671848	4.42640523	4.38805878	4.34759206	4.31039748	4.27809180	4.24913190	4.22113213	4.19556706	4.16977571	4.14235981	4.11035900	4.07333789	4.03352250	3.99060135	3.94176294	3.88605764	3.82560186	3.76294078	3.70186275	3.64558049	3.59862967	3.56572531	3.54761570	3.54194164	3.54925759	3.56704487	3.59068205	3.61702707	3.64572956	3.67717421
	2.50163429	2.54445156	2.58878401	2.62782792	2.66284284	2.71107776	2.80355423	2.96348717	3.17420047	3.41050755	3.63822958	3.84473052	4.04230685	4.21897316	4.34496430	4.41858420	4.44876412	4.44820262	4.42957904	4.39958084	4.36112566	4.32140424	4.28497110	4.25317141	4.22451787	4.19745191	4.17283680	4.14763619	4.12110865	4.08987279	4.05376806	4.01496914	3.97301363	3.92509413	3.87040579	3.81107661	3.74959706	3.68969886	3.63458556	3.58881382	3.55697065	3.53972740	3.53467961	3.54217522	3.55965545	3.58256418	3.60791426	3.63546532	3.66563723
	2.50725100	2.54968474	2.59217589	2.62866789	2.66124812	2.70744857	2.79783537	2.95426338	3.15925009	3.38841797	3.60901731	3.80762527	3.99740517	4.16644531	4.28692549	4.35753545	4.38617104	4.38522950	4.36712483	4.33772361	4.30042051	4.26215340	4.22720851	4.19681187	4.16887038	4.14273506	4.11955777	4.09605904	4.07060362	4.04075715	4.00630611	3.96925723	3.92911087	3.88304357	3.83037724	3.77316997	3.71385084	3.65598308	3.60269677	3.55852907	3.52798975	3.51175250	3.50740741	3.51501991	3.53197022	3.55386889	3.57789189	3.60389062	3.63234254
	2.52205266	2.56379956	2.60399907	2.63716289	2.66695472	2.71138557	2.80051655	2.95440556	3.15447131	3.37690187	3.59014890	3.78048213	3.96161444	4.12224009	4.23643316	4.30345452	4.33030365	4.32867121	4.31100338	4.28173085	4.24572206	4.20844797	4.17458536	4.14537844	4.11838150	4.09377141	4.07131429	4.04955248	4.02529834	3.99684019	3.96403601	3.92869638	3.89028544	3.84593337	3.79514356	3.73993261	3.68266106	3.62674965	3.57523095	3.53267226	3.50349941	3.48833725	3.48477072	3.49250632	3.50879551	3.52942106	3.55175193	3.57578293	3.60206666
	2.54792290	2.58675334	2.62248421	2.65060103	2.67560406	2.71454478	2.79624575	2.93996255	3.12564094	3.33140506	3.52898456	3.70396942	3.86868112	4.01520665	4.12084441	4.18308641	4.20897333	4.20778781	4.19192817	4.16583664	4.13318920	4.09913121	4.06862953	4.04148570	4.01700103	3.99469157	3.97429426	3.95467632	3.93287215	3.90717571	3.87762313	3.84572196	3.81097850	3.77063756	3.72423167	3.67361586	3.62098987	3.56943222	3.52169728	3.48217135	3.45523332	3.44155380	3.43882610	3.44637838	3.46143741	3.48017952	3.50021557	3.52160901	3.54495725
	2.55067129	2.58831376	2.62216184	2.64852457	2.67177377	2.70929080	2.78956743	2.93109671	3.11296768	3.31370716	3.50620846	3.67603292	3.83525078	3.97654383	4.07910345	4.13967060	4.16490754	4.16364167	4.14841858	4.12318179	4.09131571	4.05822079	4.02885911	4.00249566	3.97882241	3.95716130	3.93746242	3.91857622	3.89760456	3.87277709	3.84427475	3.81347835	3.77986743	3.74069952	3.69556250	3.64629083	3.59503363	3.54475625	3.49814890	3.45959936	3.43347787	3.42042203	3.41812342	3.42570937	3.44035933	3.45838263	3.47750452	3.49785025	3.52003939
	2.54428306	2.58140898	2.61417660	2.63977244	2.66248588	2.70090219	2.78352702	2.92747279	3.11126288	3.31298363	3.50526870	3.67433432	3.83274183	3.97251844	4.07385570	4.13361129	4.15797008	4.15598580	4.14048887	4.11474798	4.08226536	4.04894308	4.01959020	3.99319494	3.96939300	3.94764242	3.92805948	3.90923801	3.88831632	3.86340748	3.83485951	3.80399594	3.77019915	3.73068892	3.68517329	3.63556443	3.58401224	3.53348707	3.48672980	3.44823525	3.42236391	3.40964284	3.40768310	3.41543420	3.42998309	3.44763766	3.46622001	3.48596348	3.50750589
	2.48188738	2.51824307	2.54922096	2.57276620	2.59410236	2.63272592	2.71734236	2.86438252	3.04926851	3.25024791	3.44074891	3.60790156	3.76424398	3.90137428	4.00104905	4.06058016	4.08441118	4.08299461	4.06724529	4.04155657	4.00925187	3.97637009	3.94698335	3.92071684	3.89690694	3.87544671	3.85620145	3.83760189	3.81691607	3.79222487	3.76396985	3.73339424	3.69978862	3.66033501	3.61487451	3.56537706	3.51397661	3.46360059	3.41701652	3.37886749	3.35353411	3.34143551	3.34005101	3.34804863	3.36242981	3.37958707	3.39746248	3.41638032	3.43701544
	2.50185909	2.53602606	2.56352245	2.58375285	2.60272965	2.64033845	2.72434602	2.86865713	3.04764560	3.24053712	3.42248186	3.58061488	3.72787310	3.85703433	3.95153240	4.00798754	4.03081372	4.02965390	4.01477849	3.99038543	3.95986538	3.92889870	3.90078032	3.87559260	3.85288189	3.83251980	3.81436670	3.79685539	3.77731404	3.75399308	3.72731244	3.69836094	3.66640181	3.62864598	3.58508034	3.53763332	3.48836547	3.44002552	3.39528610	3.35876973	3.33479037	3.32366016	3.32282947	3.33066785	3.34422613	3.36010785	3.37643611	3.39363487	3.41239298
	2.47418279	2.50774828	2.53371024	2.55234870	2.57016409	2.60732170	2.69101810	2.83417380	3.01062846	3.19945418	3.37733056	3.53111629	3.67407978	3.79900948	3.89108041	3.94666425	3.96943711	3.96875181	3.95450312	3.93101338	3.90158848	3.87170551	3.84439911	3.81985362	3.79774143	3.77793478	3.76029542	3.74336047	3.72443874	3.70189637	3.67612317	3.64811050	3.61711141	3.58035184	3.53786883	3.49156982	3.44345926	3.39621236	3.35244979	3.31680312	3.29356226	3.28298144	3.28249474	3.29031339	3.30351077	3.31881761	3.33443843	3.35083287	3.36870005
	2.43397331	2.46734162	2.49231136	2.50983622	2.52693179	2.56413331	2.64824371	2.79121301	2.96687958	3.15377731	3.32934374	3.48091547	3.62132740	3.74379176	3.83436858	3.88936977	3.91220577	3.91190651	3.89793578	3.87493046	3.84606367	3.81676251	3.78992887	3.76572654	3.74389988	3.72438919	3.70702386	3.69040755	3.67181814	3.64970743	3.62444354	3.59695635	3.56647048	3.53022088	3.48828841	3.44258516	3.39508643	3.34842359	3.30520113	3.27008871	3.24735505	3.23718447	3.23697416	3.24480227	3.25775942	3.27264959	3.28774178	3.30353090	3.32072631
	2.34524504	2.37894000	2.40256945	2.41810253	2.43358914	2.47000275	2.55355073	2.69527317	2.86860108	3.05132681	3.22217240	3.37002083	3.50587647	3.62468719	3.71298987	3.76695664	3.79002465	3.79061903	3.77762684	3.75579619	3.72812224	3.69998238	3.67415050	3.65066500	3.62942080	3.61050564	3.59368149	3.57769896	3.55979259	3.53857364	3.51433805	3.48793883	3.45854198	3.42341298	3.38267174	3.33820710	3.29196148	3.24645236	3.20426531	3.17015177	3.14833233	3.13888298	3.13913630	3.14694298	3.15947364	3.17365495	3.18785654	3.20261259	3.21865128
	2.28436862	2.31862704	2.34121851	2.35504032	2.36876971	2.40419677	2.48787314	2.63120852	2.80473070	2.98625251	3.15573475	3.30202701	3.43639868	3.55415996	3.64210770	3.69634541	3.71988116	3.72134225	3.70910124	3.68796203	3.66087114	3.63334461	3.60801055	3.58482397	3.56378727	3.54508097	3.52843166	3.51272123	3.49512132	3.47432610	3.45057544	3.42466240	3.39569018	3.36089409	3.32043025	3.27619915	3.23013152	3.18467939	3.14246854	3.10840648	3.08677585	3.07758971	3.07806595	3.08583717	3.09809398	3.11179606	3.12535545	3.13935835	3.15457554
	2.18306132	2.21584579	2.23805326	2.25205507	2.26688554	2.30564244	2.39469951	2.54454072	2.72448471	2.91226330	3.08641146	3.23684732	3.37492002	3.49562358	3.58629840	3.64181860	3.66577920	3.66743498	3.65493351	3.63307335	3.60508171	3.57685309	3.55085498	3.52700519	3.50530443	3.48600331	3.46880079	3.45258206	3.43438472	3.41292058	3.38843571	3.36168968	3.33162766	3.29540500	3.25329201	3.20731060	3.15945508	3.11227619	3.06858366	3.03357367	3.01159382	3.00249264	3.00325033	3.01131286	3.02378970	3.03750385	3.05091344	3.06472385	3.07973949
	2.10936749	2.14063190	2.16187012	2.17564435	2.19159084	2.23339232	2.32615064	2.47917597	2.66290777	2.85320306	3.02858701	3.18013677	3.31958607	3.44140852	3.53294137	3.58841742	3.61251603	3.61429945	3.60191676	3.58002780	3.55193571	3.52367515	3.49761563	3.47364061	3.45173587	3.43223399	3.41483495	3.39844217	3.38003153	3.35835149	3.33366704	3.30668200	3.27622651	3.23943891	3.19666033	3.14998268	3.10141469	3.05353413	3.00926698	2.97396364	2.95198973	2.94306381	2.94399889	2.95214755	2.96459594	2.97810927	2.99119225	3.00463456	3.01924868
	2.01292659	2.04282290	2.06216030	2.07457358	2.09069603	2.13494164	2.23110102	2.38712682	2.57305573	2.76497633	2.94080484	3.09347914	3.23353992	3.35607761	3.44824556	3.50446215	3.52930729	3.53153742	3.51976166	3.49824257	3.47039830	3.44241449	3.41656932	3.39268095	3.37065242	3.35108766	3.33363375	3.31723429	3.29881370	3.27714724	3.25257426	3.22567412	3.19510725	3.15800439	3.11478750	3.06762239	3.01851085	2.97003079	2.92524467	2.88974426	2.86794700	2.85935777	2.86055381	2.86875053	2.88102075	2.89410835	2.90657173	2.91932258	2.93317964
	1.93552517	1.96380843	1.98275809	1.99582421	2.01078940	2.05588159	2.15350805	2.30970178	2.49565169	2.68634052	2.85988883	3.01158716	3.15143835	3.27363868	3.36509089	3.42106538	3.44610548	3.44901848	3.43811948	3.41742635	3.39039741	3.36317590	3.33792482	3.31447709	3.29266277	3.27330237	3.25607943	3.23990332	3.22177317	3.20047121	3.17642029	3.15006046	3.11987928	3.08301769	3.04001724	2.99307251	2.94415477	2.89582643	2.85127360	2.81625742	2.79515640	2.78716608	2.78865514	2.79679390	2.80869391	2.82111609	2.83271091	2.84452342	2.85734576
	1.87981318	1.90516239	1.92169185	1.93351715	1.94736742	1.98997386	2.08294831	2.23050199	2.40839316	2.59065457	2.75452204	2.89833752	3.03305193	3.15028819	3.23910889	3.29400160	3.31964057	3.32443905	3.31607727	3.29812877	3.27385274	3.24895369	3.22570171	3.20393422	3.18353651	3.16546677	3.14950010	3.13460621	3.11804793	3.09864670	3.07681201	3.05285637	3.02525900	2.99121236	2.95120435	2.90729619	2.86136936	2.81573717	2.77342126	2.74015357	2.72031224	2.71297230	2.71449671	2.72206665	2.73297372	2.74420344	2.75445551	2.76477260	2.77593991
