	0.23958616	0.23175034	0.21831625	0.20155464	0.18364985	0.16663746	0.15317962	0.15231645	0.16420758	0.18392787	0.21684863	0.25552041	0.30059476	0.35480638	0.41031680	0.46591159	0.55951168	0.60385405	0.63678643	0.66267079	0.68655872	0.71055647	0.73342123	0.75918533	0.78662403	0.80399341	0.81791949	0.82773612	0.83715454	0.84433914	0.85110242	0.85467513	0.85874984	0.86689864	0.87690159	0.88928692	0.90127529	0.90996812	0.91915608	0.92507963	0.92623251	0.92584134	0.92382760	0.91674930	0.90683609	0.89538352	0.88410710	0.87425197	0.86164955
	0.22659327	0.21775503	0.20332213	0.18581868	0.16798089	0.15216746	0.14100417	0.14862524	0.17612969	0.22750975	0.31008592	0.35057985	0.38703809	0.43831462	0.49925816	0.57503878	0.63325163	0.68506395	0.73810974	0.78978132	0.83872588	0.87940703	0.91469969	0.95365075	0.99103669	1.01144407	1.02688740	1.03911887	1.05162105	1.06209138	1.07473143	1.07760417	1.07954995	1.08371145	1.08773024	1.09674015	1.10271044	1.10106192	1.09950825	1.09391344	1.08518516	1.07701736	1.07170011	1.06417655	1.04829673	1.03138242	1.01594148	1.00214767	0.99042799
	0.23749431	0.22686737	0.21154794	0.19394115	0.17680231	0.16279512	0.15560340	0.17140077	0.20932055	0.26917409	0.35208286	0.40386092	0.45601496	0.52362125	0.60265408	0.68673524	0.76151912	0.83055069	0.89586952	0.96135062	1.01802809	1.06670794	1.11415448	1.16248122	1.20787867	1.23668182	1.25806649	1.27406819	1.28952601	1.30535477	1.32368375	1.33096964	1.33234274	1.33164619	1.33559048	1.34158926	1.35496894	1.35206764	1.34517518	1.33562445	1.32406512	1.30811476	1.29351092	1.27699845	1.24823722	1.21827808	1.19138385	1.16831402	1.15010482
	0.23332747	0.22136113	0.20528435	0.18754143	0.17079315	0.15772460	0.15183072	0.16945686	0.21978659	0.28255612	0.34986199	0.40528337	0.46182735	0.53198633	0.61439455	0.70185993	0.78268234	0.85737897	0.92514735	0.98817631	1.04461873	1.09756779	1.14942032	1.19905521	1.24824100	1.28066566	1.30363236	1.32178234	1.33908309	1.35750472	1.38306889	1.39393792	1.39346454	1.39545395	1.40082664	1.40408156	1.41549500	1.41131236	1.40152904	1.38869743	1.37536612	1.36051166	1.34818791	1.32750573	1.29750237	1.26295524	1.23202498	1.20510337	1.18408295
	0.22480176	0.21066339	0.19345551	0.17567962	0.15974336	0.14787217	0.14288883	0.15914827	0.21453027	0.27390168	0.32967208	0.38758421	0.44677834	0.51888173	0.60420683	0.69527668	0.78119103	0.85890399	0.92790143	0.99322893	1.05398385	1.11214679	1.16963414	1.22653449	1.28361857	1.32341975	1.35492350	1.38070818	1.40343804	1.42828541	1.45863496	1.47288345	1.47390838	1.47455261	1.47545240	1.47581979	1.48225110	1.47658964	1.46259722	1.44582651	1.42891759	1.41200177	1.39862070	1.37260163	1.33406717	1.29385451	1.25691224	1.22482298	1.20051371
	0.22980040	0.21433426	0.19652709	0.17891514	0.16370164	0.15271076	0.14891274	0.16615476	0.21833927	0.27317899	0.32702438	0.39009616	0.45634375	0.53675165	0.63115170	0.73084242	0.82494344	0.90908343	0.98147458	1.05196938	1.11798687	1.18213282	1.24459072	1.30557361	1.36899888	1.41505089	1.45401978	1.48334112	1.50982726	1.53886226	1.57170483	1.58689660	1.58839579	1.59005644	1.58909660	1.58894950	1.59426999	1.58821914	1.57330502	1.55636033	1.53686681	1.51860768	1.50305902	1.47174674	1.42453168	1.37914757	1.33702245	1.30009741	1.27169824
	0.21463479	0.19802223	0.17989555	0.16273505	0.14839688	0.13797687	0.13265336	0.14046072	0.18385239	0.24012353	0.28938722	0.34628571	0.40717137	0.48129459	0.56862570	0.66096700	0.75118850	0.83068866	0.90068945	0.97101447	1.03990401	1.10582052	1.17146330	1.23589185	1.30193907	1.35151834	1.39065827	1.42451307	1.45725549	1.49282514	1.53152537	1.55000584	1.55174235	1.55324823	1.54963917	1.55090818	1.55217403	1.54176969	1.52690592	1.50757203	1.48716193	1.46975600	1.45321866	1.42136821	1.37111831	1.32411177	1.28157032	1.24530102	1.21922163
	0.21809072	0.19971075	0.18101179	0.16448898	0.15151107	0.14267115	0.13872327	0.14637793	0.18527699	0.23679850	0.28387477	0.34225574	0.40862962	0.48823765	0.58290429	0.68355351	0.77972558	0.86408693	0.94085085	1.01833190	1.09331041	1.17020891	1.24235899	1.31515402	1.38902980	1.44740062	1.48913772	1.52961725	1.56766722	1.60852077	1.65145605	1.67154943	1.67877419	1.68009888	1.68103102	1.68327495	1.68242272	1.67776430	1.65807654	1.63329930	1.60621455	1.58049369	1.55948092	1.52301117	1.46324019	1.40828798	1.35924925	1.31752149	1.28739264
	0.21259280	0.19327970	0.17473144	0.15926495	0.14783355	0.14055389	0.13760336	0.14351993	0.17301474	0.21967530	0.26583445	0.32152938	0.38714791	0.46528371	0.55798771	0.65781726	0.75389584	0.83837706	0.91374679	0.99059043	1.07090908	1.15099216	1.23027196	1.30598167	1.38414647	1.44776566	1.49628684	1.54255403	1.58685554	1.63278905	1.68352136	1.70677966	1.71247070	1.71660135	1.71954795	1.72274741	1.72731569	1.71939005	1.69697327	1.66989318	1.63912765	1.60843009	1.58324384	1.54124004	1.47591769	1.41626982	1.36393740	1.32029674	1.28961458
	0.20213392	0.18231934	0.16474948	0.15113314	0.14177112	0.13633322	0.13424567	0.13723525	0.15712152	0.19857051	0.24255548	0.29400514	0.35691436	0.43245872	0.52132061	0.61826065	0.71326521	0.79748267	0.87068439	0.94839705	1.03156259	1.11548160	1.19607942	1.27860499	1.36001394	1.42784804	1.48318279	1.53702314	1.58812780	1.63896778	1.69729979	1.72629667	1.73321170	1.73792472	1.74304933	1.74722737	1.75353223	1.73980201	1.71287472	1.68245217	1.65111046	1.61871366	1.58812424	1.54150118	1.47165333	1.40730769	1.35170789	1.30634960	1.27566064
	0.20433742	0.18300350	0.16600171	0.15376495	0.14610854	0.14249848	0.14254932	0.14876329	0.17099985	0.20755214	0.24720228	0.29726779	0.36103159	0.43848095	0.52972231	0.63069001	0.73054664	0.81954468	0.89543829	0.97637611	1.06512836	1.15055579	1.23772294	1.32411272	1.40960555	1.48717253	1.54560303	1.60398667	1.66290432	1.72077710	1.78583273	1.81450561	1.82257558	1.82648653	1.83384684	1.83892721	1.84367841	1.82710552	1.79783082	1.76520027	1.72831814	1.69165980	1.65390445	1.60293859	1.52921385	1.45911171	1.39819175	1.34834714	1.31416755
	0.20260059	0.18046334	0.16416432	0.15321654	0.14691203	0.14462398	0.14604557	0.15295198	0.17376098	0.20812020	0.24504960	0.29263250	0.35537903	0.43250845	0.52326099	0.62413919	0.72455367	0.81454148	0.89098634	0.97187182	1.06397275	1.15075529	1.23945681	1.32842727	1.41653014	1.49602599	1.55906654	1.62163632	1.68420099	1.74775818	1.81590937	1.84736797	1.85734353	1.86276799	1.86933314	1.87479687	1.88118796	1.85969075	1.83158875	1.79586107	1.75749285	1.71873723	1.67693384	1.62217062	1.54607201	1.47304912	1.40947638	1.35759101	1.32217621
	0.21583155	0.18965263	0.17188878	0.16136974	0.15652671	0.15685575	0.16297935	0.17638614	0.19893813	0.22669148	0.25948127	0.30701152	0.37111820	0.45092750	0.54538742	0.65171024	0.75850581	0.85441664	0.93540337	1.01991720	1.11632779	1.20700862	1.30108260	1.39529343	1.48695784	1.57230831	1.64219477	1.70944549	1.77315384	1.84297268	1.91257498	1.94764508	1.95378520	1.95821119	1.96464555	1.97064237	1.97815946	1.95028556	1.92193383	1.88499579	1.84339212	1.80033242	1.75476348	1.69327664	1.61248633	1.53333914	1.46401630	1.40652144	1.36598901
	0.22357497	0.19457105	0.17548660	0.16528290	0.16176644	0.16435586	0.17396006	0.19015784	0.21113421	0.23450734	0.26415639	0.31038815	0.37399541	0.45372313	0.54849076	0.65598271	0.76491874	0.86313616	0.94584833	1.03146152	1.12915441	1.22305267	1.31918290	1.41592526	1.51120093	1.59915576	1.67504314	1.74432210	1.81092219	1.88173968	1.95667179	1.99398948	2.00219584	2.00702296	2.00930908	2.01528305	2.02431467	1.99746105	1.96342928	1.92543411	1.88292158	1.83702416	1.79039080	1.72413690	1.64049543	1.55766852	1.48509747	1.42469863	1.38177212
	0.24326219	0.21279563	0.19148696	0.18088306	0.17955831	0.18596096	0.19857231	0.21486580	0.23170389	0.24948650	0.27647466	0.32241951	0.38652977	0.46725756	0.56392448	0.67511916	0.78920824	0.89243089	0.97891999	1.06750004	1.16807039	1.26631710	1.36552199	1.46657433	1.56705575	1.66023725	1.74275315	1.81881850	1.88823674	1.96200119	2.03611561	2.07550585	2.08434946	2.08953364	2.08587522	2.09219252	2.10242293	2.08073874	2.04200691	2.00174084	1.95683721	1.90682736	1.85740175	1.78417818	1.69574188	1.60679096	1.52884368	1.46333387	1.41565749
	0.26077256	0.23301384	0.21258847	0.20231107	0.20232444	0.21054209	0.22256093	0.23511347	0.24702933	0.26128183	0.28663029	0.33191470	0.39592905	0.47715202	0.57495886	0.68871641	0.80689022	0.91425711	1.00389438	1.09487007	1.19792212	1.30011737	1.40117601	1.50701355	1.61273777	1.71073161	1.79767443	1.88139555	1.95245988	2.02976195	2.10323617	2.14419582	2.15659996	2.16188119	2.15614925	2.16157518	2.17269559	2.15289897	2.11303409	2.06946116	2.02252930	1.96841620	1.91476554	1.83532261	1.74204674	1.64767448	1.56475833	1.49464648	1.44266226
	0.28346074	0.25976179	0.24147278	0.23188087	0.23226638	0.23969561	0.24840037	0.25643661	0.26415048	0.27650536	0.30251426	0.34946242	0.41505484	0.49821855	0.59917013	0.71778185	0.84214803	0.95520914	1.04915082	1.14359300	1.24973419	1.35503816	1.46118413	1.57109087	1.68139975	1.78363152	1.87578879	1.96289373	2.03492531	2.11339772	2.18871142	2.22591430	2.24217481	2.24267758	2.23659232	2.24590555	2.25666922	2.23627021	2.19698582	2.14925595	2.09963039	2.04300994	1.98541382	1.89881416	1.80156383	1.70173936	1.61372393	1.53867121	1.48171917
	0.29330591	0.27341924	0.25846811	0.25050092	0.25051089	0.25557664	0.26191552	0.26620634	0.27086988	0.28175579	0.30644015	0.35197785	0.41651018	0.49889867	0.59914116	0.71792972	0.84436818	0.96018990	1.05623684	1.15207392	1.26048779	1.36924036	1.47756442	1.59208592	1.70521782	1.81205024	1.91082209	1.99799974	2.07825245	2.15706832	2.23986724	2.27657185	2.29435849	2.29666632	2.29356406	2.30522214	2.31625310	2.29303037	2.24823876	2.19970247	2.14669324	2.08965523	2.02831034	1.93516275	1.83302097	1.72831090	1.63569245	1.55672885	1.49652356
	0.30599943	0.29058117	0.27964830	0.27322451	0.27221470	0.27339752	0.27535697	0.27580544	0.27864318	0.28909038	0.31363321	0.35896084	0.42323771	0.50556190	0.60604919	0.72605104	0.85552331	0.97497747	1.07388365	1.17169136	1.28263180	1.39467924	1.50578919	1.62568396	1.74308997	1.85480600	1.96056402	2.04793689	2.13356932	2.21426705	2.30190459	2.34066664	2.36514918	2.36139107	2.36063881	2.37388712	2.38542324	2.35838841	2.30737608	2.25893461	2.20299782	2.14613135	2.08120145	1.98163758	1.87372168	1.76371579	1.66598599	1.58241934	1.51818367
	0.31193960	0.29911786	0.29091589	0.28541048	0.28280866	0.28268371	0.28159661	0.28036706	0.28238800	0.29245842	0.31636393	0.36066881	0.42404628	0.50558729	0.60517770	0.72486357	0.85571898	0.97756983	1.07847384	1.17728078	1.28973998	1.40440390	1.51802783	1.64108314	1.76217830	1.87745211	1.98926928	2.08443809	2.17083123	2.25695365	2.34815377	2.39177276	2.41484889	2.41429465	2.41148754	2.42191690	2.43428996	2.40799468	2.35536895	2.30556674	2.24681973	2.18677617	2.12138015	2.01754879	1.90363892	1.78840540	1.68607310	1.59867038	1.53141916
	0.32287514	0.31250496	0.30711683	0.30195034	0.29634083	0.29382731	0.29084871	0.28939200	0.29284598	0.30536154	0.33208559	0.37871610	0.44366637	0.52667851	0.62840561	0.75169038	0.88769295	1.01489586	1.11997993	1.22203224	1.33782680	1.45534732	1.57360268	1.69924127	1.82451224	1.94220668	2.05545876	2.15725273	2.24904457	2.33846423	2.43343028	2.47531010	2.48631300	2.49394604	2.49122397	2.49632702	2.50963929	2.48506650	2.43381650	2.37967172	2.31839219	2.25404091	2.18840709	2.08231785	1.96183658	1.84119620	1.73359278	1.64091823	1.56842803
	0.32907167	0.31935974	0.31441610	0.30884728	0.30273181	0.29910104	0.29695876	0.29673081	0.30150631	0.31561733	0.34404597	0.39174310	0.45724762	0.54078781	0.64334835	0.76840540	0.90787765	1.03938012	1.14813397	1.25295290	1.37176900	1.49237624	1.61443124	1.74067388	1.87021464	1.99255559	2.11196392	2.22009680	2.32174803	2.41174780	2.50757214	2.54809781	2.55676441	2.56367094	2.56468984	2.57064890	2.58382713	2.56104610	2.50886870	2.45143526	2.38692150	2.31872854	2.24740608	2.14094964	2.01282927	1.88740886	1.77408997	1.67610038	1.59851720
	0.33525745	0.32534023	0.31979502	0.31395079	0.30768847	0.30427685	0.30335352	0.30465493	0.31091053	0.32665721	0.35682659	0.40558268	0.47158906	0.55561868	0.65894581	0.78567414	0.92849455	1.06427719	1.17675657	1.28453291	1.40651040	1.53045135	1.65630532	1.78216487	1.91587630	2.04826134	2.17391067	2.28836670	2.39662079	2.48452890	2.58019135	2.62541140	2.63385223	2.63990840	2.64092120	2.64707471	2.66120347	2.63960588	2.58646697	2.52612121	2.45839132	2.38583262	2.30971262	2.20176670	2.06554194	1.93570749	1.81640826	1.71273859	1.62967960
	0.33627956	0.32642921	0.32113505	0.31548067	0.30972627	0.30689903	0.30672288	0.30821744	0.31409211	0.32922314	0.35868551	0.40652330	0.47173868	0.55487003	0.65696627	0.78264842	0.92583520	1.06328224	1.17741070	1.28590881	1.40897469	1.53491816	1.66334808	1.79109908	1.92759502	2.06558097	2.19791129	2.31857858	2.42940108	2.52574695	2.62185032	2.67701000	2.68330015	2.69078652	2.69369917	2.70289729	2.71373773	2.69469961	2.63727970	2.57577961	2.50483693	2.42896940	2.34914558	2.23595325	2.09443557	1.96050586	1.83583084	1.72801613	1.64176450
	0.34332720	0.33200911	0.32636877	0.32081682	0.31605383	0.31405088	0.31520203	0.31886132	0.32722024	0.34507676	0.37750999	0.42776105	0.49491727	0.57992668	0.68445668	0.81370355	0.96151373	1.10375274	1.22191978	1.33394344	1.46067979	1.59002784	1.72244740	1.85328162	1.99519054	2.13847190	2.27471614	2.39809985	2.50638216	2.61266586	2.71108949	2.77174069	2.77918623	2.78557568	2.78991076	2.80181040	2.80462346	2.78683803	2.72391217	2.66153910	2.58686457	2.50893220	2.42404438	2.30198401	2.15721984	2.01873166	1.88859837	1.77486700	1.68256458
	0.34843794	0.33631489	0.33070851	0.32578174	0.32198121	0.32060594	0.32280433	0.32774322	0.33687542	0.35525816	0.38803804	0.43816909	0.50514757	0.59012823	0.69474939	0.82454075	0.97440392	1.12009947	1.24176086	1.35633129	1.48555659	1.61890085	1.75543416	1.88989737	2.03724194	2.18641919	2.32892744	2.45756307	2.57068334	2.68514075	2.80165758	2.86590262	2.87510413	2.88715055	2.88743665	2.88622144	2.89048595	2.86913706	2.80586596	2.73878188	2.66145382	2.58021839	2.49376847	2.36028494	2.21068259	2.06539323	1.92925995	1.80921746	1.71118568
	0.35575543	0.34264837	0.33664099	0.33226034	0.32921880	0.32838612	0.33123774	0.33710839	0.34698632	0.36603572	0.39922229	0.44928526	0.51604625	0.60086637	0.70558084	0.83583522	0.98729609	1.13576307	1.26034255	1.37745026	1.50927754	1.64626267	1.78688226	1.92535465	2.07697418	2.23025237	2.37845725	2.51106721	2.63188884	2.75406535	2.87148623	2.93652485	2.94992373	2.95837606	2.95212208	2.95048726	2.96089952	2.93726917	2.87478103	2.80423351	2.72446133	2.63778165	2.55145078	2.41518329	2.25901678	2.10773321	1.96637951	1.84100212	1.73784285
	0.36624107	0.35181029	0.34468624	0.34064100	0.33836110	0.33819997	0.34166237	0.34867449	0.36012223	0.38095932	0.41589873	0.46732360	0.53512323	0.62075778	0.72658772	0.85862385	1.01266724	1.16430730	1.29198029	1.41222511	1.54736613	1.68783106	1.83183005	1.97489832	2.13184394	2.28983922	2.44030343	2.57662986	2.70704175	2.83195784	2.94250559	3.00703050	3.02320370	3.02606201	3.02190864	3.02528953	3.03565351	3.01007466	2.94776840	2.87508965	2.79308804	2.70307239	2.61361393	2.47781722	2.31445947	2.15875436	2.01229598	1.88150140	1.77261919
	0.37337295	0.35855939	0.35071561	0.34719788	0.34612909	0.34696866	0.35101444	0.35833748	0.36999929	0.39092069	0.42591073	0.47723197	0.54474514	0.62988168	0.73520079	0.86692841	1.02163406	1.17526465	1.30531554	1.42749816	1.56461187	1.70851373	1.85549980	2.00389692	2.16353653	2.32638792	2.47887707	2.62672419	2.76617224	2.89081666	3.00475756	3.06929234	3.08757430	3.09034536	3.09030120	3.09455349	3.10600190	3.07881255	3.01564300	2.94032681	2.85558681	2.76217586	2.66758748	2.53121626	2.36035454	2.19891972	2.04702904	1.91080087	1.79682972
	0.38456940	0.36925988	0.36051040	0.35713565	0.35719115	0.35898667	0.36334377	0.37130118	0.38411448	0.40618362	0.44241621	0.49472202	0.56281007	0.64846880	0.75459943	0.88757234	1.04421233	1.20058363	1.33355508	1.45867328	1.59865273	1.74693550	1.89823667	2.05083620	2.21027282	2.37747783	2.53674456	2.69428599	2.84028524	2.96671855	3.08301389	3.15218489	3.17140347	3.17383220	3.17391195	3.17754933	3.18866647	3.16074815	3.09609430	3.01823889	2.93093618	2.83435213	2.73322052	2.59512598	2.41919146	2.25122702	2.09421599	1.95275856	1.83308551
	0.39251495	0.37715408	0.36803702	0.36450836	0.36500325	0.36732776	0.37189083	0.38022893	0.39365121	0.41628842	0.45319570	0.50609319	0.57446145	0.66021194	0.76647993	0.89976340	1.05728201	1.21533976	1.35030176	1.47741796	1.61959127	1.77104955	1.92479414	2.07752836	2.23905460	2.40913482	2.57737882	2.74087004	2.89229412	3.01680012	3.13994522	3.21281608	3.23291065	3.23530724	3.23534665	3.23867728	3.24932982	3.22070524	3.15478487	3.07493023	2.98562942	2.88678548	2.78238471	2.64106198	2.46130765	2.28809897	2.12731136	1.98197742	1.85811646
	0.39712590	0.38198601	0.37296221	0.36948232	0.37030690	0.37312538	0.37802135	0.38679793	0.40064016	0.42351549	0.46060864	0.51362645	0.58202928	0.66776818	0.77399760	0.90729890	1.06526479	1.22450846	1.36099013	1.48965997	1.63346493	1.78708889	1.94278845	2.09665757	2.25958118	2.43291266	2.60514639	2.77269486	2.92436052	3.05166410	3.17985947	3.25542292	3.27661266	3.27907418	3.27896820	3.28196844	3.29232779	3.26378479	3.19630822	3.11505437	3.02418952	2.92375068	2.81719840	2.67248708	2.49130134	2.31490715	2.15119914	2.00297451	1.87607751
	0.39960046	0.38548795	0.37728691	0.37416871	0.37548722	0.37916795	0.38481901	0.39413159	0.40812828	0.43077372	0.46750416	0.52013848	0.58820425	0.67361162	0.77933538	0.91203971	1.07005225	1.23064027	1.36913301	1.49937182	1.64437892	1.80039660	1.95896339	2.11374526	2.27810097	2.45536242	2.63237801	2.80494627	2.95729609	3.09139147	3.22760194	3.30543830	3.32920343	3.33192505	3.33240173	3.33486280	3.34544613	3.31723818	3.24719942	3.16405139	3.07094874	2.96899668	2.85956911	2.71040772	2.52736217	2.34758474	2.17978938	2.02744218	1.89690953
	0.40950276	0.39487528	0.38609793	0.38241003	0.38308144	0.38627930	0.39163733	0.40177506	0.41765749	0.44275915	0.48212775	0.53704777	0.60704573	0.69440314	0.80240147	0.93776916	1.09826021	1.26064712	1.40058364	1.53299677	1.68067502	1.83948488	1.99852677	2.15437029	2.32125350	2.49893159	2.67601227	2.84864624	2.99490629	3.13200725	3.27371695	3.34871590	3.37255446	3.37388227	3.37259175	3.37374865	3.38322543	3.35557733	3.28337261	3.19909933	3.10460746	3.00271059	2.89149561	2.74064047	2.55947625	2.37928149	2.21091932	2.05779156	1.92520423
	0.41249557	0.39824182	0.38973766	0.38608862	0.38678537	0.39025545	0.39593478	0.40650261	0.42286496	0.44844775	0.48827411	0.54354898	0.61390536	0.70162932	0.80998309	0.94575008	1.10682599	1.27013743	1.41119501	1.54466628	1.69318312	1.85339345	2.01369890	2.17098122	2.33839045	2.51733363	2.69648023	2.87027887	3.01651407	3.15745117	3.30440361	3.38023965	3.40394903	3.40507414	3.40410748	3.40414870	3.41364326	3.38507586	3.31197295	3.22660672	3.13100050	3.02863501	2.91592127	2.76312929	2.58120966	2.39962341	2.22943947	2.07433942	1.93996855
	0.40851732	0.39590704	0.38879138	0.38589582	0.38708725	0.39139107	0.39795913	0.40912857	0.42575973	0.45133865	0.49111023	0.54642117	0.61680655	0.70453657	0.81258983	0.94790128	1.10902904	1.27346490	1.41614766	1.55031928	1.69917581	1.86005509	2.02253943	2.18065244	2.34721248	2.52674165	2.70878835	2.88631626	3.03429685	3.17947150	3.33141502	3.41181514	3.43821393	3.44074029	3.43922998	3.44077057	3.44743555	3.41595167	3.34596374	3.25838689	3.16020481	3.05713762	2.94295053	2.78857316	2.60704352	2.42269399	2.25058415	2.09232657	1.95558905
	0.41406313	0.40175027	0.39467988	0.39155265	0.39236864	0.39661782	0.40330810	0.41502119	0.43279260	0.45984944	0.50117882	0.55791285	0.62963226	0.71873046	0.82813960	0.96486623	1.12741080	1.29331021	1.43749881	1.57317955	1.72347667	1.88665369	2.05004652	2.21014265	2.37719778	2.55668370	2.74004524	2.91603079	3.06616209	3.21622810	3.36538424	3.44896428	3.47215282	3.47443194	3.47252452	3.47315980	3.47791469	3.44398230	3.37686218	3.28937735	3.19100761	3.08760230	2.97270791	2.81873395	2.63702707	2.45153516	2.27878028	2.11868612	1.98001760
	0.42080581	0.40854581	0.40142090	0.39814557	0.39866646	0.40265611	0.40926303	0.42148841	0.44055050	0.46935398	0.51253616	0.57091968	0.64414757	0.73474557	0.84573677	0.98418531	1.14837810	1.31574610	1.46133229	1.59868535	1.75111991	1.91656922	2.08074093	2.24216453	2.41040569	2.59038131	2.77455898	2.94997273	3.09970996	3.25419544	3.40553681	3.48563240	3.50831622	3.50996230	3.50699124	3.50673848	3.51046661	3.47348304	3.40898239	3.32135931	3.22236452	3.11885915	3.00256097	2.84887086	2.66729512	2.48129142	2.30802386	2.14660791	2.00606830
	0.42264103	0.41102288	0.40450767	0.40149321	0.40193868	0.40604592	0.41286464	0.42547187	0.44517289	0.47466879	0.51843268	0.57732402	0.65103219	0.74221884	0.85376431	0.99260782	1.15732918	1.32577942	1.47283160	1.61137672	1.76443887	1.93111364	2.09665190	2.25934119	2.42819272	2.60759593	2.79236763	2.96836618	3.12013526	3.27858336	3.43045912	3.50810808	3.53048269	3.53226904	3.52915409	3.52875996	3.53336853	3.49794454	3.43087589	3.34343716	3.24508061	3.14111943	3.02434684	2.87137091	2.68980742	2.50312240	2.32949549	2.16682746	2.02487764
	0.42439600	0.41333607	0.40724525	0.40442738	0.40482269	0.40888056	0.41572754	0.42857425	0.44878786	0.47901250	0.52348057	0.58303564	0.65737002	0.74926553	0.86146660	1.00080093	1.16597285	1.33509445	1.48303403	1.62232595	1.77610509	1.94356454	2.11014925	2.27320272	2.44192826	2.62132450	2.80614820	2.98185228	3.13631835	3.29646023	3.44600124	3.52434292	3.54812510	3.55023497	3.54700913	3.54657581	3.55070497	3.51618061	3.44819559	3.36062977	3.26232070	3.15691557	3.04079960	2.88842413	2.70745124	2.52011812	2.34672459	2.18336236	2.04050680
	0.42082970	0.41073374	0.40573220	0.40362507	0.40430032	0.40871771	0.41599432	0.42909166	0.44938954	0.47945611	0.52351789	0.58274680	0.65686033	0.74861835	0.86058539	0.99933899	1.16413662	1.33383040	1.48294781	1.62273305	1.77611500	1.94280902	2.11078849	2.27404900	2.44260924	2.62095980	2.80609333	2.98158206	3.13932277	3.30212355	3.45128200	3.53188551	3.55718518	3.56025990	3.55760635	3.55756115	3.56172228	3.52843633	3.45976870	3.37218025	3.27395001	3.16832624	3.05205675	2.90013396	2.71945410	2.53188889	2.35869778	2.19447897	2.05081420
	0.43135424	0.42111423	0.41579543	0.41329903	0.41339379	0.41717711	0.42385564	0.43745280	0.45938710	0.49188389	0.53847205	0.60008357	0.67652897	0.77090659	0.88580413	1.02772406	1.19529391	1.36692171	1.51759307	1.65932057	1.81498175	1.98416105	2.15302537	2.31729577	2.48739904	2.66567771	2.84805559	3.01907306	3.18316390	3.34574403	3.48679683	3.56973081	3.59624162	3.59849125	3.59467770	3.59355421	3.59645359	3.56345409	3.49399896	3.40641145	3.30814622	3.20166847	3.08497363	2.93407207	2.75382457	2.56697699	2.39354693	2.22901984	2.08412274
	0.44317742	0.43259766	0.42678533	0.42389988	0.42353240	0.42659796	0.43255176	0.44667449	0.47036411	0.50539593	0.55461674	0.61867649	0.69745286	0.79445642	0.91239069	1.05778357	1.22854008	1.40235934	1.55467188	1.69858882	1.85702489	2.02929134	2.19898128	2.36409882	2.53618420	2.71483631	2.89369884	3.06250842	3.23004232	3.39236773	3.52667285	3.61040623	3.63773065	3.63902717	3.63382008	3.63132905	3.63289663	3.59966755	3.52973305	3.44211053	3.34363996	3.23642549	3.11904283	2.96887216	2.78891026	2.60304004	2.42911046	2.26440681	2.11834818
	0.44412928	0.43403573	0.42870941	0.42617441	0.42595026	0.42899647	0.43490296	0.44924196	0.47342107	0.50895311	0.55857252	0.62305445	0.70228359	0.79983379	0.91842968	1.06450903	1.23604403	1.41085197	1.56430781	1.70909268	1.86799582	2.04033858	2.21101513	2.37658814	2.54861401	2.72667594	2.90386008	3.07409965	3.24272126	3.40510071	3.53824114	3.62376021	3.65207518	3.65387330	3.64868664	3.64602726	3.64745777	3.61452829	3.54448664	3.45687012	3.35837946	3.25098694	3.13315624	2.98380796	2.80420524	2.61938972	2.44462880	2.27961047	2.13297921
	0.45073809	0.44065741	0.43520973	0.43250314	0.43201853	0.43465527	0.44015030	0.45477736	0.47998378	0.51696449	0.56812776	0.63411848	0.71485237	0.81409905	0.93459538	1.08269237	1.25599905	1.43203353	1.58652017	1.73252230	1.89281904	2.06669971	2.23786602	2.40401081	2.57691046	2.75431193	2.92831322	3.09976370	3.26884864	3.42986747	3.56112181	3.64734362	3.67613237	3.67772350	3.67193759	3.66854407	3.66927082	3.63625272	3.56615737	3.47867571	3.38023176	3.27240431	3.15476724	3.00600499	2.82713947	2.64380442	2.46837892	2.30343334	2.15626928
	0.45880475	0.44917894	0.44402625	0.44144173	0.44075758	0.44285224	0.44796924	0.46309687	0.48973111	0.52866514	0.58208209	0.65046278	0.73385517	0.83599366	0.95951359	1.11045022	1.28606712	1.46375586	1.61979105	1.76740713	1.92935474	2.10570606	2.27790199	2.44540991	2.61805855	2.79367053	2.96373549	3.13861036	3.30730535	3.46342224	3.59621680	3.68448406	3.71455727	3.71633554	3.71003307	3.70573416	3.70548958	3.67226548	3.60231531	3.51503745	3.41662046	3.30865111	3.19124505	3.04251163	2.86548803	2.68430392	2.50867520	2.34368284	2.19577943
	0.46851716	0.45870680	0.45314672	0.45008892	0.44878835	0.45025028	0.45486003	0.47039222	0.49835974	0.53925111	0.59491944	0.66559653	0.75157744	0.85647375	0.98294064	1.13672705	1.31443314	1.49310631	1.64984118	1.79872682	1.96228530	2.14021147	2.31352380	2.48217934	2.65576558	2.82875237	2.99840308	3.17333437	3.34076950	3.49179841	3.62487622	3.71306242	3.74278849	3.74395867	3.73683067	3.73157285	3.73038905	3.69673957	3.62679020	3.53960581	3.44111592	3.33279812	3.21493969	3.06664064	2.89077218	2.71030221	2.53492005	2.37026932	2.22194348
	0.47220635	0.46294699	0.45782695	0.45507054	0.45381837	0.45502575	0.45937150	0.47514448	0.50390459	0.54585603	0.60278717	0.67486409	0.76264247	0.86947799	0.99801699	1.15360784	1.33269772	1.51248130	1.67037933	1.82038120	1.98488240	2.16392141	2.33817338	2.50710779	2.68050314	2.85107141	3.02062523	3.19547241	3.36222880	3.51045000	3.64402913	3.73334095	3.76397764	3.76553617	3.75833011	3.75271186	3.75106792	3.71728064	3.64742396	3.56028774	3.46192546	3.35300623	3.23558139	3.08771657	2.91337022	2.73409893	2.55916898	2.39464655	2.24604478
	0.47549471	0.46674624	0.46205233	0.45956762	0.45837523	0.45939330	0.46352359	0.47958074	0.50929158	0.55264040	0.61120373	0.68513819	0.77517597	0.88449074	1.01554771	1.17326893	1.35386134	1.53459201	1.69345709	1.84447055	2.01005832	2.19012002	2.36491613	2.53431563	2.70650100	2.87515182	3.04476647	3.21833751	3.38214296	3.52815026	3.66239317	3.75214307	3.78332703	3.78516020	3.77789543	3.77197964	3.76989178	3.73585142	3.66608881	3.57901917	3.48058367	3.37129079	3.25382405	3.10683204	2.93432327	2.75662152	2.58246959	2.41827597	2.26957527
	0.47698115	0.46886902	0.46476173	0.46272702	0.46179032	0.46274604	0.46678148	0.48315175	0.51381422	0.55855797	0.61872892	0.69453987	0.78687365	0.89869811	1.03225719	1.19204022	1.37407075	1.55574111	1.71559721	1.86752227	2.03401960	2.21509081	2.38982965	2.56008252	2.73022804	2.89778912	3.06645334	3.23853398	3.39895742	3.54328424	3.67827927	3.76866652	3.80062579	3.80296491	3.79583285	3.78974802	3.78736250	3.75313074	3.68351702	3.59656322	3.49821672	3.38863779	3.27131326	3.12551293	2.95523844	2.77907930	2.60581674	2.44198279	2.29324741
	0.47944255	0.47129679	0.46711123	0.46497064	0.46393172	0.46477849	0.46867287	0.48508572	0.51602524	0.56120287	0.62185731	0.69818871	0.79102889	0.90344957	1.03764002	1.19799763	1.38045153	1.56236832	1.72247386	1.87485662	2.04183658	2.22376724	2.39863723	2.56948100	2.73974157	2.90704760	3.07581396	3.24756577	3.40680134	3.55100191	3.68576765	3.77562342	3.80739788	3.80953984	3.80219879	3.79631790	3.79363061	3.75920354	3.68951792	3.60252054	3.50413279	3.39442517	3.27682612	3.13116379	2.96100310	2.78484379	2.61168120	2.44791340	2.29910121
	0.48806692	0.48047340	0.47666159	0.47469709	0.47368679	0.47427197	0.47768111	0.49450446	0.52700030	0.57439885	0.63766963	0.71706566	0.81322135	0.92947816	1.06755649	1.23119322	1.41595550	1.59946060	1.76135173	1.91589796	2.08534952	2.26950102	2.44628308	2.61870116	2.78782522	2.95424471	3.12133105	3.28953366	3.44205245	3.58482635	3.71895294	3.80678997	3.83905346	3.84114958	3.83349922	3.82784409	3.82401695	3.78835905	3.71861933	3.63249531	3.53555808	3.42630373	3.30829844	3.16401668	2.99690941	2.82189590	2.65023452	2.48724006	2.33833140
	0.49006430	0.48282229	0.47933247	0.47763924	0.47684801	0.47746466	0.48079412	0.49783540	0.53092094	0.57904530	0.64322610	0.72376788	0.82115937	0.93889239	1.07845107	1.24330504	1.42894028	1.61315050	1.77585358	1.93115540	2.10152381	2.28588232	2.46382983	2.63627040	2.80466027	2.97155283	3.13682735	3.30297073	3.45271484	3.59498326	3.72864378	3.81573167	3.84770765	3.84997663	3.84289609	3.83752337	3.83332353	3.79710579	3.72745509	3.64234915	3.54627528	3.43733141	3.31966360	3.17627540	3.01106635	2.83683919	2.66608976	2.50354194	2.35473531
	0.49853685	0.49178511	0.48861049	0.48700907	0.48619807	0.48666461	0.48947529	0.50665055	0.54088731	0.59071595	0.65716107	0.74021440	0.84036659	0.96134581	1.10419515	1.27185916	1.45931394	1.64450558	1.80838642	1.96525578	2.13717035	2.32403173	2.50277218	2.67598205	2.84565641	3.01198081	3.17440595	3.33775782	3.48349478	3.62445317	3.75561392	3.84367819	3.87719598	3.87923621	3.87118413	3.86293611	3.85717963	3.82006899	3.75031587	3.66864178	3.57164148	3.46337747	3.34471667	3.20332771	3.03966516	2.86720273	2.69746837	2.53546969	2.38685569
	0.50111303	0.49507496	0.49261937	0.49165989	0.49136835	0.49199414	0.49456919	0.51168830	0.54664194	0.59769073	0.66595943	0.75123399	0.85398863	0.97789124	1.12360359	1.29336578	1.48180017	1.66743863	1.83214159	1.98985409	2.16273092	2.34967795	2.52946397	2.70168949	2.87135420	3.03683997	3.19602327	3.35379970	3.49752997	3.63624402	3.76525724	3.85634076	3.89071713	3.89276339	3.88490246	3.87618402	3.86841637	3.83165204	3.76261187	3.68309434	3.58651586	3.48017640	3.36102479	3.22103182	3.06062125	2.89120113	2.72405881	2.56342445	2.41562144
	0.50625635	0.50061101	0.49850914	0.49780018	0.49765388	0.49825198	0.50045713	0.51741400	0.55284597	0.60470669	0.67417901	0.76094842	0.86554023	0.99160554	1.13960431	1.31125991	1.50095430	1.68753158	1.85341294	2.01244193	2.18662569	2.37513329	2.55597389	2.72866912	2.89823919	3.06362856	3.22105599	3.37640203	3.51828530	3.65465641	3.78471653	3.87739936	3.91176949	3.91342630	3.90515208	3.89666660	3.88833824	3.85160334	3.78264730	3.70361404	3.60664915	3.50115389	3.38090602	3.24147950	3.08255871	2.91476837	2.74858882	2.58843735	2.44079265
	0.51365482	0.50875934	0.50736946	0.50718655	0.50726478	0.50771945	0.50927401	0.52581152	0.56193189	0.61522339	0.68665653	0.77600022	0.88390952	1.01363715	1.16530524	1.33985506	1.53116660	1.71867041	1.88594978	2.04666850	2.22257320	2.41250681	2.59443484	2.76784280	2.93640984	3.10099877	3.25670992	3.40684656	3.54593828	3.67964013	3.81365640	3.90421710	3.93862272	3.94039342	3.93190921	3.92385914	3.91554965	3.87887641	3.81104929	3.73137681	3.63514955	3.52937781	3.40866605	3.27072837	3.11384066	2.94906199	2.78491695	2.62588648	2.47865041
	0.51397902	0.50964255	0.50882785	0.50917558	0.50974736	0.51047204	0.51195721	0.52814728	0.56422296	0.61787053	0.68991140	0.78024632	0.88950747	1.02068200	1.17384865	1.34938137	1.54104838	1.72874614	1.89656866	2.05779299	2.23383106	2.42350454	2.60570498	2.77910596	2.94621065	3.11003986	3.26460399	3.41163820	3.54958617	3.68269060	3.81692223	3.90765708	3.94273564	3.94624742	3.93833166	3.93045713	3.92333482	3.88657794	3.82009404	3.73979368	3.64459261	3.53851960	3.41884882	3.28100766	3.12644628	2.96449616	2.80212718	2.64418390	2.49765496
	0.52294323	0.51911754	0.51877732	0.51956369	0.52032451	0.52102992	0.52207405	0.53792215	0.57459763	0.62987280	0.70406535	0.79736672	0.91004281	1.04524177	1.20246222	1.38119470	1.57461372	1.76313955	1.93218504	2.09523106	2.27357010	2.46477181	2.64833909	2.82197251	2.98914440	3.15218549	3.30420574	3.44781061	3.58431627	3.71935249	3.85315013	3.94208997	3.97723503	3.98187175	3.97462880	3.96671263	3.95946960	3.92197353	3.85571010	3.77468734	3.68011035	3.57288710	3.45350852	3.31527128	3.16262680	3.00299008	2.84219837	2.68512719	2.53882180
	0.52441601	0.52128773	0.52164819	0.52311995	0.52453912	0.52567786	0.52676398	0.54210036	0.57829450	0.63359415	0.70806552	0.80215275	0.91585789	1.05211284	1.21068696	1.39036159	1.58415058	1.77312087	1.94294921	2.10686421	2.28585248	2.47720294	2.66141975	2.83482084	3.00124956	3.16250965	3.31103214	3.45380972	3.59034150	3.72677719	3.85978583	3.94823991	3.98567706	3.99225120	3.98699301	3.97921732	3.97305694	3.93554735	3.87041254	3.78868072	3.69548353	3.58734274	3.46981003	3.33218497	3.18085499	3.02415684	2.86545337	2.70965120	2.56419697
	0.51967306	0.51723543	0.51841923	0.52066885	0.52287967	0.52463547	0.52600806	0.54088913	0.57630416	0.63098632	0.70481282	0.79857042	0.91208268	1.04776922	1.20608301	1.38552601	1.57904659	1.76807316	1.93821514	2.10235486	2.28075137	2.47186819	2.65644111	2.82910854	2.99445886	3.15456949	3.30151401	3.44363277	3.58031112	3.71704566	3.84953275	3.93918649	3.97920208	3.98785528	3.98454379	3.97686384	3.97232996	3.93530000	3.87164171	3.78905169	3.69740300	3.58851448	3.47235804	3.33606776	3.18630759	3.03180949	2.87509430	2.72059072	2.57610157
	0.52777255	0.52555015	0.52685042	0.52913718	0.53119236	0.53267907	0.53365339	0.54825230	0.58385691	0.63917261	0.71389885	0.80890263	0.92384793	1.06132401	1.22146652	1.40245621	1.59696495	1.78672757	1.95781381	2.12329503	2.30293246	2.49548909	2.68129868	2.85462130	3.02036179	3.17978206	3.32588316	3.46656234	3.60423429	3.74243163	3.87414706	3.96420924	4.00499986	4.01384052	4.01113786	4.00330171	3.99879637	3.96103893	3.89728407	3.81417299	3.72244587	3.61277876	3.49640097	3.35989948	3.21042601	3.05627283	2.89970818	2.74515848	2.60042007
	0.53056605	0.52899716	0.53098012	0.53386233	0.53637893	0.53814870	0.53914600	0.55336370	0.58866267	0.64409697	0.71919920	0.81486745	0.93066013	1.06905357	1.23024676	1.41207446	1.60686659	1.79681395	1.96837243	2.13459711	2.31486983	2.50806646	2.69433004	2.86805490	3.03289602	3.19141703	3.33647919	3.47597308	3.61365224	3.75326140	3.88463940	3.97645073	4.01907814	4.02834907	4.02686907	4.02112222	4.01679221	3.97981672	3.91510208	3.83214191	3.73980661	3.63085231	3.51405000	3.37848538	3.23082621	3.07759401	2.92222818	2.76856500	2.62439408
	0.53887375	0.53792049	0.54046934	0.54387179	0.54674080	0.54868490	0.54958781	0.56339787	0.59866277	0.65470551	0.73091777	0.82816515	0.94598928	1.08664128	1.25017072	1.43389695	1.62971781	1.82042995	1.99311286	2.16108851	2.34304691	2.53795795	2.72513891	2.89965314	3.06320591	3.22170952	3.36488856	3.50270732	3.64169477	3.78249592	3.91343614	4.00673062	4.05135208	4.06311550	4.06186119	4.05840860	4.05393043	4.01729620	3.95149174	3.86830510	3.77496765	3.66646939	3.54828085	3.41394476	3.26759060	3.11512235	2.96078325	2.80773933	2.66372941
	0.53151970	0.53118930	0.53450301	0.53867182	0.54239684	0.54513960	0.54658647	0.55980641	0.59368480	0.64832116	0.72312307	0.81907169	0.93579578	1.07471455	1.23679511	1.41939630	1.61436796	1.80469284	1.97722128	2.14478055	2.32538424	2.51952539	2.70671922	2.87963742	3.04209750	3.19961885	3.34176312	3.47937453	3.61986509	3.75909190	3.89022916	3.98572485	4.03337686	4.04933222	4.04998414	4.04794558	4.04514239	4.01039329	3.94376085	3.86163302	3.76823931	3.66079945	3.54334156	3.41136035	3.26608444	3.11555237	2.96334934	2.81189206	2.66922897
	0.53506425	0.53500440	0.53860560	0.54306142	0.54700656	0.54990169	0.55134094	0.56421987	0.59776627	0.65239941	0.72747344	0.82388412	0.94138763	1.08109257	1.24399827	1.42734506	1.62274107	1.81342989	1.98653524	2.15485355	2.33594804	2.53076373	2.71880887	2.89163626	3.05374439	3.21014852	3.35178081	3.48947680	3.63037985	3.77055620	3.90067292	3.99668849	4.04605973	4.06377836	4.06590198	4.06440843	4.06302858	4.02765404	3.96057497	3.87846678	3.78460352	3.67717633	3.55946181	3.42799450	3.28354723	3.13331140	2.98182749	2.83085647	2.68843956
	0.53906993	0.53952803	0.54369703	0.54872365	0.55317082	0.55643421	0.55798763	0.57030761	0.60320201	0.65761370	0.73292727	0.82983260	0.94839487	1.08894813	1.25284550	1.43715456	1.63305257	1.82419695	1.99809714	2.16740104	2.34916384	2.54502494	2.73389559	2.90624623	3.06682229	3.22287426	3.36350834	3.50153087	3.64284714	3.78273126	3.91285447	4.01026061	4.06211897	4.08268527	4.08738256	4.08713756	4.08640755	4.05168350	3.98390869	3.90150071	3.80718950	3.69964118	3.58168534	3.45111486	3.30770669	3.15840494	3.00811001	2.85803898	2.71619746
	0.53581515	0.53659165	0.54124296	0.54684557	0.55194863	0.55582288	0.55779933	0.56981692	0.60184602	0.65539168	0.72996877	0.82623130	0.94436083	1.08411398	1.24739528	1.43136631	1.62710608	1.81833040	1.99249241	2.16177898	2.34296082	2.53879848	2.72792092	2.89936276	3.05899618	3.21472953	3.35543282	3.49313516	3.63415340	3.77434697	3.90468621	4.00253397	4.05658259	4.07916606	4.08638548	4.08774995	4.08774589	4.05378000	3.98543326	3.90375793	3.80901908	3.70229190	3.58419276	3.45499771	3.31224231	3.16377480	3.01452489	2.86528709	2.72406845
	0.53019731	0.53117411	0.53618680	0.54227499	0.54800455	0.55250469	0.55497337	0.56669549	0.59765076	0.64993288	0.72327873	0.81834127	0.93540634	1.07365972	1.23558850	1.41861188	1.61376018	1.80472400	1.97876341	2.14726205	2.32690333	2.52165547	2.71017873	2.88063472	3.03942704	3.19389366	3.33461201	3.47151809	3.61197741	3.75184622	3.88208913	3.98087394	4.03651043	4.06048614	4.06965889	4.07345095	4.07515828	4.04150776	3.97320180	3.89276165	3.79802587	3.69264828	3.57481702	3.44665352	3.30564564	3.15850979	3.01053326	2.86254150	2.72235124
	0.53100034	0.53231649	0.53785227	0.54457273	0.55091774	0.55588946	0.55859183	0.56983966	0.59993207	0.65162242	0.72470061	0.81959172	0.93697531	1.07531800	1.23762852	1.42128968	1.61691939	1.80838736	1.98326541	2.15252335	2.33243133	2.52778763	2.71730090	2.88702371	3.04507777	3.19845461	3.33895105	3.47642571	3.61657224	3.75624066	3.88690975	3.98743789	4.04487787	4.07133750	4.08324385	4.08867298	4.09300367	4.05924554	3.99022542	3.91046223	3.81417453	3.70974871	3.59055868	3.46257967	3.32282760	3.17650020	3.02950004	2.88241593	2.74286543
	0.53280612	0.53430269	0.54014160	0.54726761	0.55400274	0.55928659	0.56215724	0.57298772	0.60232500	0.65348174	0.72632616	0.82107752	0.93874445	1.07731274	1.24006745	1.42435070	1.62037784	1.81214446	1.98757655	2.15724295	2.33722508	2.53294461	2.72279230	2.89188097	3.04943608	3.20166269	3.34241948	3.47953349	3.61970825	3.75903134	3.88944892	3.99198778	4.05151615	4.07972368	4.09304732	4.10035384	4.10640241	4.07273781	4.00401653	3.92391734	3.82714543	3.72286152	3.60360261	3.47505148	3.33663109	3.19126811	3.04513918	2.89896709	2.76009939
	0.53248861	0.53410355	0.54025090	0.54799201	0.55554207	0.56164159	0.56514346	0.57546685	0.60333041	0.65301863	0.72473344	0.81854379	0.93582845	1.07395614	1.23653695	1.42102089	1.61712646	1.80898884	1.98487847	2.15427088	2.33324951	2.52853638	2.71789148	2.88566702	3.04238724	3.19364604	3.33392853	3.47062963	3.61031074	3.74980833	3.88027431	3.98509774	4.04926291	4.07997262	4.09591710	4.10667587	4.11513839	4.08234014	4.01422775	3.93371429	3.83745093	3.73300266	3.61470955	3.48661703	3.34960208	3.20594175	3.06137186	2.91675923	2.77912866
	0.53592201	0.53771739	0.54412956	0.55230914	0.56033879	0.56686374	0.57070087	0.58079308	0.60811159	0.65736034	0.72889343	0.82292683	0.94086239	1.07980370	1.24330399	1.42866515	1.62520890	1.81741435	1.99397519	2.16386827	2.34333148	2.53929214	2.72868115	2.89587615	3.05201984	3.20388279	3.34428748	3.48125019	3.62145220	3.76143101	3.89208069	3.99909321	4.06575652	4.09802576	4.11611200	4.12861184	4.13798698	4.10541752	4.03698493	3.95598263	3.85908292	3.75432204	3.63538419	3.50743366	3.37053452	3.22721757	3.08309907	2.93879000	2.80130401
	0.54037636	0.54226557	0.54887698	0.55756735	0.56622739	0.57327298	0.57747661	0.58719333	0.61360966	0.66205065	0.73323675	0.82740305	0.94589680	1.08581796	1.25047734	1.43684994	1.63366540	1.82598253	2.00321633	2.17331426	2.35297372	2.54929823	2.73766881	2.90430327	3.05946102	3.21261563	3.35294164	3.49025098	3.63160111	3.77115308	3.90319646	4.01273227	4.08253423	4.11764609	4.13898806	4.15302603	4.16359539	4.13138320	4.06314324	3.98144265	3.88373685	3.77822439	3.65880157	3.53124158	3.39471256	3.25211257	3.10891964	2.96538838	2.82840341
	0.53808698	0.54025115	0.54736466	0.55705652	0.56703590	0.57530214	0.58041351	0.58953040	0.61347918	0.65893306	0.72756532	0.81991979	0.93720276	1.07622358	1.24023255	1.42633902	1.62273902	1.81489702	1.99278446	2.16214759	2.34006456	2.53478921	2.72078682	2.88577071	3.04004286	3.19199603	3.33355648	3.47110955	3.61288167	3.75139415	3.88674667	4.00071214	4.07555676	4.11776481	4.14266903	4.16043043	4.17555811	4.14516560	4.07654514	3.99398070	3.89636676	3.79030725	3.67216894	3.54438661	3.40966705	3.26909950	3.12802326	2.98661418	2.85124068
	0.53475029	0.53690979	0.54411919	0.55423938	0.56493463	0.57395498	0.57970305	0.58852383	0.61085044	0.65427465	0.72106825	0.81193495	0.92804271	1.06610484	1.22918983	1.41465856	1.61048619	1.80224096	1.98007142	2.14825965	2.32409116	2.51676784	2.70057479	2.86394252	3.01703385	3.16816773	3.31030545	3.44787008	3.58789981	3.72717213	3.86350735	3.97981087	4.05719292	4.10359279	4.13005847	4.15053353	4.16814929	4.13906107	4.07172054	3.98825494	3.89194068	3.78545992	3.66896852	3.54133159	3.40831980	3.26956664	3.13010900	2.99046472	2.85647910
	0.54033789	0.54258585	0.54984503	0.56019698	0.57123030	0.58058403	0.58656445	0.59506365	0.61640309	0.65875459	0.72492220	0.81594300	0.93261325	1.07158572	1.23549613	1.42152048	1.61737043	1.80922256	1.98801789	2.15680212	2.33368553	2.52672495	2.70980067	2.87324133	3.02731343	3.17980475	3.32289743	3.46149031	3.60252162	3.74302854	3.88249318	4.00174224	4.08324401	4.13102369	4.15987344	4.18268846	4.20173697	4.17317252	4.10494828	4.02024502	3.92163603	3.81466557	3.69621317	3.56765964	3.43464885	3.29606997	3.15723447	3.01805523	2.88420933
	0.53835295	0.54058840	0.54786025	0.55862569	0.57045319	0.58065944	0.58733961	0.59560507	0.61504616	0.65453185	0.71797491	0.80691836	0.92199652	1.05965163	1.22220253	1.40723456	1.60257078	1.79456528	1.97414587	2.14281369	2.31815537	2.50914207	2.69063602	2.85335623	3.00643425	3.15846115	3.30241897	3.44097783	3.58161453	3.72296319	3.86470153	3.98725571	4.07275245	4.12511514	4.15728383	4.18312977	4.20535087	4.17826387	4.11027173	4.02465209	3.92587921	3.81841212	3.70017102	3.57201781	3.43949230	3.30236344	3.16489785	3.02720981	2.89444376
	0.53442489	0.53650147	0.54373732	0.55487514	0.56750069	0.57869945	0.58630431	0.59445621	0.61182855	0.64808636	0.70848888	0.79502285	0.90809901	1.04411790	1.20493413	1.38851750	1.58265950	1.77396300	1.95347438	2.12118526	2.29397262	2.48176549	2.66074519	2.82198477	2.97324151	3.12409927	3.26898899	3.40704361	3.54831789	3.68966035	3.83405539	3.96099381	4.05122578	4.10874082	4.14478040	4.17449481	4.19995880	4.17526070	4.10704416	4.02136059	3.92302773	3.81484958	3.69672627	3.56943956	3.43850133	3.30343509	3.16821495	3.03281812	2.90179831
	0.54040238	0.54272366	0.55007125	0.56128435	0.57397849	0.58525147	0.59286032	0.60093009	0.61812323	0.65407309	0.71423423	0.80085444	0.91437245	1.05109784	1.21255926	1.39656294	1.59104275	1.78304051	1.96398206	2.13359523	2.30877752	2.49812179	2.67849690	2.84156948	2.99412898	3.14627841	3.29276954	3.43207342	3.57408775	3.71786560	3.86555902	3.99483279	4.08696182	4.14648724	4.18344845	4.21423906	4.23992354	4.21519758	4.14457698	4.05847430	3.95720097	3.84832886	3.72772846	3.59897436	3.46665420	3.33083458	3.19505317	3.05906425	2.92728230
	0.53461909	0.53665801	0.54388645	0.55538331	0.56885266	0.58122581	0.58998447	0.59818793	0.61370280	0.64669834	0.70373894	0.78758738	0.89889935	1.03394037	1.19357377	1.37600107	1.56946156	1.76106469	1.94205104	2.11093199	2.28336790	2.46920777	2.64739738	2.80865963	2.95876939	3.10860314	3.25536274	3.39459567	3.53649645	3.68088333	3.83064786	3.96277003	4.05860923	4.12182110	4.16358266	4.19789567	4.22748978	4.20448931	4.13418657	4.04791132	3.94669958	3.83802517	3.71888229	3.59048801	3.45965884	3.32583988	3.19188803	3.05791600	2.92765456
	0.53972910	0.54186534	0.54904696	0.56044291	0.57383809	0.58622150	0.59501247	0.60322331	0.61865871	0.65140168	0.70821380	0.79199297	0.90353314	1.03905514	1.19910591	1.38173130	1.57535436	1.76743247	1.94944879	2.11982081	2.29400297	2.48089343	2.66040016	2.82313103	2.97409987	3.12460567	3.27276568	3.41287171	3.55672935	3.70308171	3.85456114	3.98911838	4.08670031	4.15045158	4.19337488	4.22876765	4.25817351	4.23569317	4.16351100	4.07656218	3.97293570	3.86340772	3.74178347	3.61281442	3.48024892	3.34595006	3.21168603	3.07732496	2.94652046
	0.54355220	0.54574826	0.55287687	0.56416419	0.57745678	0.58979494	0.59856915	0.60679544	0.62224970	0.65491596	0.71166188	0.79544460	0.90717518	1.04305937	1.20342749	1.38619285	1.57990167	1.77225093	1.95488186	2.12623149	2.30159116	2.48923248	2.66969106	2.83343239	2.98501588	3.13599654	3.28512511	3.42582618	3.57107822	3.71886008	3.87112954	4.00764954	4.10605388	4.16981862	4.21369312	4.24946778	4.27861936	4.25645061	4.18318449	4.09557115	3.99053098	3.88016800	3.75669559	3.62755209	3.49362451	3.35901755	3.22456040	3.08994606	2.95879530
	0.54648089	0.54882418	0.55600914	0.56726929	0.58046439	0.59266312	0.60127728	0.60949732	0.62527231	0.65850769	0.71589087	0.80027923	0.91264243	1.04917028	1.21016060	1.39335591	1.58730580	1.77986691	1.96284176	2.13485097	2.31141560	2.50017458	2.68158101	2.84621089	2.99856600	3.15031997	3.30004832	3.44129452	3.58715517	3.73514406	3.88813524	4.02473135	4.12349808	4.18621575	4.23027222	4.26526424	4.29390531	4.27120406	4.19744934	4.10927782	4.00359019	3.89239518	3.76766567	3.63838254	3.50334264	3.36813065	3.23323633	3.09809436	2.96645031
	0.54786555	0.55019836	0.55733179	0.56855588	0.58177491	0.59405973	0.60279227	0.61107321	0.62679789	0.65984934	0.71701911	0.80117505	0.91346525	1.05011236	1.21118876	1.39434886	1.58823842	1.78085695	1.96404741	2.13638462	2.31316270	2.50191893	2.68351936	2.84830178	3.00060129	3.15230486	3.30245876	3.44426465	3.59017745	3.73893485	3.89257911	4.03004177	4.12906565	4.19238412	4.23707086	4.27237115	4.30129899	4.27848178	4.20471008	4.11570127	4.00986302	3.89782081	3.77253130	3.64302345	3.50771846	3.37260687	3.23786856	3.10291368	2.97135205
	0.54789777	0.55006617	0.55703984	0.56820058	0.58152765	0.59408459	0.60317511	0.61157403	0.62690175	0.65906060	0.71521458	0.79836272	0.90991838	1.04616908	1.20680805	1.38949202	1.58305003	1.77559453	1.95890470	2.13130510	2.30744313	2.49520261	2.67634196	2.84066903	2.99220930	3.14311945	3.29353553	3.43577090	3.58159268	3.73152369	3.88558726	4.02488508	4.12418715	4.18937083	4.23523641	4.27181484	4.30168354	4.27937266	4.20583068	4.11595043	4.01023665	3.89752613	3.77210807	3.64246467	3.50752925	3.37311588	3.23905559	3.10488059	2.97387939
	0.54894051	0.55112200	0.55807266	0.56923477	0.58264312	0.59537081	0.60467319	0.61318682	0.62846205	0.66038678	0.71626535	0.79912336	0.91056935	1.04691825	1.20759948	1.39015674	1.58353163	1.77602038	1.95947441	2.13212591	2.30842878	2.49610076	2.67737750	2.84184366	2.99322468	3.14400552	3.29490582	3.43779342	3.58389929	3.73470344	3.88994612	4.02999640	4.13037379	4.19601883	4.24281636	4.27988148	4.31010793	4.28782024	4.21398352	4.12342428	4.01713480	3.90365988	3.77732684	3.64751757	3.51216645	3.37777232	3.24392579	3.10990341	2.97893580
	0.55091607	0.55317500	0.56013789	0.57131126	0.58479060	0.59765557	0.60712849	0.61575539	0.63108195	0.66295791	0.71877099	0.80153807	0.91309031	1.04977746	1.21070853	1.39323632	1.58642002	1.77882130	1.96241747	2.13539807	2.31210406	2.49990554	2.68149123	2.84624608	2.99755297	3.14834387	3.29984475	3.44373077	3.58988513	3.74195295	3.89898305	4.03941917	4.14084835	4.20707767	4.25459339	4.29195803	4.32263655	4.29983386	4.22575646	4.13403484	4.02718319	3.91240532	3.78520969	3.65476978	3.51892281	3.38443448	3.25072819	3.11681931	2.98582000
	0.55060729	0.55283767	0.55976778	0.57093867	0.58449229	0.59750816	0.60716574	0.61582322	0.63086070	0.66216014	0.71732520	0.79946019	0.91051149	1.04683501	1.20732993	1.38939011	1.58218138	1.77434554	1.95782308	2.13062326	2.30681076	2.49402654	2.67532864	2.83984403	2.99071091	3.14105047	3.29276941	3.43698974	3.58336902	3.73617173	3.89413414	4.03522335	4.13756105	4.20474354	4.25297220	4.29060045	4.32268502	4.30005861	4.22593887	4.13379308	4.02692809	3.91168261	3.78459331	3.65375704	3.51825297	3.38400806	3.25066975	3.11721282	2.98652974
	0.55012699	0.55233376	0.55924388	0.57040916	0.58399222	0.59707378	0.60681128	0.61546540	0.63031024	0.66125432	0.71602328	0.79777638	0.90849098	1.04451537	1.20468042	1.38644520	1.57902510	1.77106882	1.95447358	2.12714123	2.30298815	2.48988290	2.67102241	2.83540620	2.98607145	3.13618822	3.28801468	3.43229312	3.57894896	3.73198348	3.89026359	4.03182703	4.13464536	4.20224245	4.25089028	4.28858249	4.32140306	4.29906129	4.22492420	4.13271450	4.02586967	3.91052451	3.78356817	3.65257566	3.51727872	3.38318956	3.25001472	3.11678283	2.98627001
	0.55023344	0.55245415	0.55936843	0.57054178	0.58415098	0.59727706	0.60706379	0.61573567	0.63053302	0.66135740	0.71598468	0.79759728	0.90820023	1.04414037	1.20420609	1.38586706	1.57837836	1.77041464	1.95386492	2.12659858	2.30245582	2.48935693	2.67057730	2.83501682	2.98565024	3.13578618	3.28777280	3.43212371	3.57912805	3.73233463	3.89091135	4.03283447	4.13587652	4.20363256	4.25257489	4.29043189	4.32330839	4.30106437	4.22688338	4.13449433	4.02750378	3.91194966	3.78486426	3.65366167	3.51838716	3.38434161	3.25115700	3.11800967	2.98751470
	0.55901359	0.56148010	0.56837575	0.57930811	0.59253705	0.60518592	0.61448630	0.62303323	0.63826222	0.66973800	0.72501163	0.80726004	0.91868095	1.05560645	1.21645812	1.39843917	1.59100600	1.78325766	1.96725139	2.14131320	2.31911274	2.50777038	2.69082557	2.85679739	3.00842817	3.15958035	3.31268861	3.45852893	3.60714333	3.76213139	3.92242955	4.06557031	4.16757397	4.23551559	4.28392740	4.32082959	4.35318141	4.32946948	4.25538916	4.15972436	4.05268847	3.93367771	3.80595278	3.67222416	3.53581812	3.40148839	3.26769360	3.13445081	3.00360222
	0.56878539	0.57160125	0.57855019	0.58929210	0.60218750	0.61439826	0.62323721	0.63169173	0.64746428	0.67981431	0.73596053	0.81900318	0.93146473	1.06960715	1.23139387	1.41375984	1.60641042	1.79894939	1.98354863	2.15905970	2.33899821	2.52968257	2.71470269	2.88215446	3.03464378	3.18700018	3.34148707	3.48888112	3.63916095	3.79635220	3.95863259	4.10222698	4.20284491	4.27085725	4.31819564	4.35414026	4.38613347	4.36052418	4.28603317	4.18719894	4.07973403	3.95693673	3.82849083	3.69161999	3.55488631	3.41970101	3.28548351	3.15231430	3.02121281
	0.57299041	0.57602145	0.58305464	0.59378627	0.60663418	0.61876848	0.62751390	0.63598560	0.65202512	0.68481589	0.74139146	0.82477383	0.93774040	1.07648180	1.23868275	1.42118339	1.61383720	1.80651204	1.99136143	2.16746246	2.34824795	2.53979884	2.72557072	2.89343094	3.04599500	3.19886007	3.35406829	3.50217531	3.65316704	3.81143262	3.97482572	4.11789723	4.21791655	4.28586417	4.33239500	4.36822174	4.40029791	4.37363920	4.29852855	4.19867183	4.09063130	3.96618556	3.83735380	3.69880724	3.56280266	3.42678606	3.29264641	3.15972316	3.02866641
	0.57632359	0.57948480	0.58656573	0.59728167	0.61005787	0.62204842	0.63060576	0.63905597	0.65539037	0.68867402	0.74577167	0.82970451	0.94325868	1.08259509	1.24530156	1.42813613	1.62100860	1.81393036	1.99907046	2.17574472	2.35738454	2.54981919	2.73631259	2.90467091	3.05761698	3.21078891	3.36615307	3.51530928	3.66671067	3.82439437	3.98857030	4.13069070	4.23091864	4.29797512	4.34343365	4.37950027	4.41094993	4.38372807	4.30792527	4.20803294	4.09904083	3.97416770	3.84453186	3.70537069	3.56963742	3.43285537	3.29863409	3.16566803	3.03455494
	0.58486979	0.58824763	0.59529271	0.60579125	0.61829478	0.62999250	0.63828691	0.64675276	0.66347686	0.69735734	0.75499142	0.83936321	0.95348455	1.09331588	1.25619013	1.43891883	1.63170380	1.82485720	2.01040657	2.18809841	2.37104717	2.56504878	2.75280139	2.92180680	3.07499102	3.22903075	3.38579767	3.53656429	3.68947732	3.84805014	4.01333613	4.15531547	4.25508384	4.32081907	4.36598604	4.40252640	4.43232804	4.40535146	4.32679691	4.22713941	4.11514134	3.98942685	3.85770127	3.71762426	3.58183751	3.44422711	3.31086967	3.17816866	3.04748709
	0.58626025	0.58967045	0.59671073	0.60716881	0.61960681	0.63121636	0.63941988	0.64787013	0.66470200	0.69877722	0.75662010	0.84119567	0.95552990	1.09556063	1.25861210	1.44147760	1.63437034	1.82764463	2.01333204	2.19127492	2.37458672	2.56897927	2.75704630	2.92628023	3.07965531	3.23390526	3.39084751	3.54181916	3.69491017	3.85345196	4.01881112	4.16069731	4.26040414	4.32577475	4.37064348	4.40722178	4.43648578	4.40958323	4.33056948	4.23105138	4.11861929	3.99279616	3.86082153	3.72050778	3.58466604	3.44677199	3.31348792	3.18070882	3.04998715
	0.59612158	0.59979814	0.60684086	0.61707911	0.62914090	0.64023594	0.64787413	0.65617264	0.67343253	0.70825998	0.76681989	0.85214136	0.96716105	1.10758669	1.27070261	1.45346420	1.64636251	1.83992474	2.02603681	2.20505315	2.38995892	2.58626534	2.77578263	2.94590830	3.09998791	3.25528621	3.41340949	3.56565369	3.72001695	3.87963423	4.04513612	4.18679508	4.28495843	4.34900694	4.39397365	4.42956954	4.45808907	4.43080289	4.34978205	4.24976840	4.13463642	4.00867843	3.87399251	3.73383784	3.59684626	3.45924292	3.32616046	3.19360079	3.06345265
	0.60540631	0.60935962	0.61642036	0.62647173	0.63821819	0.64889297	0.65607172	0.66423569	0.68178430	0.71709714	0.77605686	0.86180389	0.97721829	1.11774365	1.28055169	1.46280315	1.65533209	1.84884540	2.03503177	2.21468355	2.40059987	2.59825165	2.78876065	2.95936207	3.11373891	3.26976958	3.42900877	3.58259119	3.73824746	3.89930447	4.06472612	4.20654174	4.30315294	4.36594950	4.41188344	4.44653455	4.47499460	4.44730998	4.36436847	4.26375880	4.14578650	4.02009974	3.88257119	3.74314084	3.60507831	3.46811919	3.33556751	3.20345342	3.07419793
	0.60952671	0.61363662	0.62073837	0.63073770	0.64236514	0.65286513	0.65983416	0.66792201	0.68559197	0.72113337	0.78027014	0.86620513	0.98179106	1.12234456	1.28496181	1.46689899	1.65916478	1.85253228	2.03857614	2.21826489	2.40440824	2.60239214	2.79301570	2.96357079	3.11782521	3.27395560	3.43374570	3.58768049	3.74347132	3.90521789	4.07032495	4.21203111	4.30753446	4.36980690	4.41623094	4.45013428	4.47893582	4.45082597	4.36756569	4.26635329	4.14750109	4.02195540	3.88325279	3.74451251	3.60588922	3.46972301	3.33731417	3.20561865	3.07692626
	0.62021844	0.62463359	0.63177370	0.64156767	0.65277905	0.66266907	0.66891150	0.67680697	0.69513598	0.73194357	0.79238103	0.87960285	0.99631634	1.13771913	1.30095927	1.48342165	1.67632397	1.87051539	2.05744414	2.23861144	2.42705174	2.62746908	2.81960494	2.99119956	3.14624059	3.30356027	3.46509520	3.61939556	3.77485170	3.93675453	4.10267068	4.24232648	4.33514074	4.39687007	4.44112671	4.47344146	4.50102388	4.47186534	4.38844936	4.28549025	4.16623778	4.03886048	3.89848590	3.75918561	3.61921232	3.48433832	3.35074301	3.21969858	3.09125794
	0.62423140	0.62877541	0.63592442	0.64566194	0.65683391	0.66674512	0.67302921	0.68101947	0.69941747	0.73633517	0.79692595	0.88412778	1.00063132	1.14167266	1.30431551	1.48620133	1.67876679	1.87284568	2.05975735	2.24100835	2.42970098	2.63055748	2.82272180	2.99415029	3.14922407	3.30700417	3.46933373	3.62452242	3.78080424	3.94329624	4.10939932	4.24840498	4.34101491	4.40239801	4.44664849	4.47908623	4.50727761	4.47735969	4.39397749	4.28931484	4.17044007	4.04158988	3.90117765	3.76121357	3.62201321	3.48751585	3.35478306	3.22453137	3.09664802
	0.63053865	0.63527228	0.64245020	0.65208440	0.66305613	0.67269044	0.67864287	0.68657368	0.70531069	0.74285797	0.80410891	0.89191460	1.00887385	1.15019758	1.31296363	1.49493639	1.68771868	1.88215072	2.06945519	2.25139948	2.44120915	2.64329031	2.83611318	3.00790031	3.16334539	3.32173005	3.48486691	3.64046777	3.79696610	3.95970175	4.12589884	4.26351255	4.35523095	4.41568365	4.45915225	4.49049678	4.51867389	4.48755036	4.40435906	4.29854542	4.17947758	4.04930570	3.90837135	3.76785598	3.62841643	3.49457880	3.36166746	3.23195169	3.10431257
	0.63831301	0.64323006	0.65037172	0.65977560	0.67039155	0.67959113	0.68507762	0.69290646	0.71201863	0.75031558	0.81239676	0.90091561	1.01838564	1.16008825	1.32309646	1.50526593	1.69834904	1.89320581	2.08100085	2.26377827	2.45497976	2.65853363	2.85218078	3.02449407	3.18060718	3.33987267	3.50400683	3.66017235	3.81718715	3.97925791	4.14556545	4.28142294	4.37242775	4.43183806	4.47380368	4.50462028	4.53163176	4.50010366	4.41691268	4.30926103	4.19047421	4.05867177	3.91723184	3.77597682	3.63652046	3.50283967	3.36993003	3.24077945	3.11323113
	0.65032278	0.65559102	0.66273445	0.67189241	0.68215345	0.69098520	0.69606143	0.70389031	0.72339756	0.76239687	0.82518477	0.91412437	1.03169569	1.17321688	1.33563481	1.51716673	1.71002600	1.90498779	2.09306651	2.27657818	2.46920891	2.67422566	2.86850415	3.04097726	3.19742283	3.35774273	3.52360225	3.68108035	3.83972766	4.00172508	4.16696480	4.30148645	4.39128372	4.44926197	4.48915076	4.52072626	4.54713870	4.51395280	4.43076203	4.32152680	4.20232092	4.06791148	3.92638975	3.78367670	3.64573398	3.51213370	3.38109934	3.25251712	3.12622579
	0.65840153	0.66389683	0.67104075	0.68003077	0.69001764	0.69851843	0.70319781	0.71095865	0.73080745	0.77045689	0.83391754	0.92341724	1.04139530	1.18314238	1.34554918	1.52702300	1.72001766	1.91522962	2.10366337	2.28790212	2.48183532	2.68808019	2.88301638	3.05577914	3.21269945	3.37398779	3.54081943	3.69879746	3.85800034	4.02023648	4.18419023	4.31825158	4.40649390	4.46360710	4.50214531	4.53378122	4.55991344	4.52515770	4.44194774	4.33223442	4.21246778	4.07657066	3.93506429	3.79124147	3.65425522	3.52033285	3.39048895	3.26183926	3.13630753
	0.66943416	0.67511972	0.68218380	0.69088970	0.70039949	0.70825967	0.71217329	0.71973364	0.74032190	0.78141141	0.84640738	0.93746252	1.05685713	1.19981067	1.36327804	1.54574523	1.73977381	1.93590605	2.12530257	2.31107833	2.50755470	2.71600104	2.91210843	3.08576234	3.24379751	3.40687099	3.57436410	3.73218263	3.89024680	4.05203092	4.21478108	4.34706555	4.43292281	4.48822724	4.52555256	4.55550886	4.58014508	4.54424005	4.46060778	4.35051412	4.23001468	4.09327075	3.95117054	3.80641110	3.66949098	3.53520430	3.40582392	3.27707713	3.15187757
	0.68453813	0.69052836	0.69752488	0.70590187	0.71486503	0.72201378	0.72505934	0.73239531	0.75376975	0.79634480	0.86285447	0.95539716	1.07607523	1.21996277	1.38409867	1.56721299	1.76215808	1.95923272	2.14968922	2.33720108	2.53657096	2.74747188	2.94486528	3.11932984	3.27871994	3.44403638	3.61249013	3.77041582	3.92729734	4.08848621	4.25004225	4.37986307	4.46297768	4.51613673	4.55232299	4.58110565	4.60379931	4.56671359	4.48206761	4.37190511	4.25003585	4.11259465	3.96943994	3.82397957	3.68721353	3.55316237	3.42454582	3.29616484	3.17182853
	0.69624009	0.70249211	0.70947652	0.71768340	0.72633714	0.73306370	0.73554675	0.74270353	0.76448098	0.80779837	0.87507026	0.96835987	1.08957696	1.23368059	1.39780680	1.58097985	1.77636262	1.97400420	2.16517305	2.35384399	2.55506395	2.76737086	2.96545886	3.14042419	3.30093793	3.46726261	3.63622776	3.79425457	3.95110364	4.11122621	4.27223900	4.40035508	4.48151843	4.53385136	4.56935618	4.59722713	4.61821484	4.58176504	4.49562585	4.38601811	4.26214319	4.12503822	3.98061398	3.83533180	3.69837555	3.56563550	3.43733081	3.31002122	3.18636033
	0.70327512	0.70983803	0.71700748	0.72533123	0.73408553	0.74093074	0.74345622	0.75071330	0.77264835	0.81607550	0.88335187	0.97649438	1.09737175	1.24075315	1.40378472	1.58588655	1.78060560	1.97781710	2.16867241	2.35721378	2.55868402	2.77113325	2.96875873	3.14353725	3.30377510	3.47057783	3.64033211	3.79959743	3.95651537	4.11575471	4.27696717	4.40384509	4.48461158	4.53610912	4.57254603	4.59965518	4.61908417	4.58384467	4.49767092	4.38783963	4.26215125	4.12590471	3.98067245	3.83631445	3.69983159	3.56916930	3.44177489	3.31637689	3.19359484
	0.71352385	0.72023161	0.72728750	0.73535369	0.74368577	0.74994967	0.75176229	0.75876502	0.78116420	0.82550106	0.89378111	0.98801902	1.10984125	1.25399411	1.41768605	1.60042316	1.79590168	1.99377785	2.18532083	2.37499777	2.57822079	2.79174486	2.99029453	3.16535910	3.32717212	3.49469494	3.66359657	3.82202597	3.97871538	4.13625964	4.29622083	4.42246127	4.50003689	4.55061889	4.58675665	4.61219852	4.62916645	4.59521539	4.50778737	4.39852074	4.27112464	4.13581302	3.98956812	3.84544127	3.70845560	3.57906498	3.45136740	3.32681754	3.20444843
	0.73890049	0.74616127	0.75318780	0.76083817	0.76833534	0.77339451	0.77367292	0.78003754	0.80324399	0.84922807	0.91940215	1.01556733	1.13886548	1.28387553	1.44791628	1.63105116	1.82755737	2.02649887	2.21935415	2.41145411	2.61864785	2.83498956	3.03450857	3.21162574	3.37533423	3.54558966	3.71494896	3.87240058	4.02789014	4.18408639	4.34097427	4.46516100	4.53895960	4.58692374	4.61918009	4.63975636	4.65708734	4.62279717	4.53268700	4.42379553	4.29445962	4.15928074	4.00964471	3.86733310	3.73081297	3.60350585	3.47744789	3.35522248	3.23403269
	0.76128422	0.76914496	0.77622299	0.78363922	0.79066588	0.79510155	0.79457198	0.80063605	0.82432781	0.87114721	0.94218299	1.03888796	1.16206784	1.30629311	1.46903397	1.65111589	1.84753777	2.04666835	2.24002253	2.43337751	2.64293215	2.86028025	3.06009181	3.23888211	3.40271727	3.57451406	3.74588904	3.90399841	4.05734241	4.21340072	4.36943528	4.49093381	4.56360537	4.60646546	4.63458065	4.65731586	4.67562844	4.63794276	4.54847347	4.43934131	4.30850489	4.17183041	4.02039691	3.87873714	3.74434413	3.61865384	3.49648934	3.37654815	3.25885738
	0.78130182	0.78973539	0.79688080	0.80407452	0.81056720	0.81418267	0.81260086	0.81822803	0.84258215	0.89068817	0.96314458	1.06120544	1.18531680	1.33012733	1.49337634	1.67617417	1.87383736	2.07412147	2.26875317	2.46409537	2.67637794	2.89598343	3.09660216	3.27639099	3.44168148	3.61444456	3.78523304	3.94304032	4.09419970	4.24732448	4.40346115	4.52182181	4.59059764	4.62826239	4.65678101	4.67971166	4.69656901	4.65514919	4.56716822	4.45770922	4.32539488	4.18718226	4.03540301	3.89261047	3.75995872	3.63470229	3.51542015	3.39657743	3.28159907
	0.80950877	0.81867192	0.82579292	0.83252483	0.83807830	0.84031745	0.83702883	0.84188691	0.86703246	0.91668892	0.99086162	1.09068971	1.21610342	1.36179018	1.52597774	1.71001844	1.90948518	2.11154056	2.30814573	2.50655403	2.72262555	2.94547021	3.14831335	3.32917098	3.49752946	3.67168036	3.84029958	3.99579277	4.14628121	4.29525784	4.44975211	4.56382490	4.62817900	4.66107062	4.68942860	4.71019970	4.72486035	4.68089734	4.59169124	4.48157244	4.34724786	4.20674390	4.05551397	3.91053084	3.78109257	3.65766780	3.54046929	3.42416699	3.31111094
	0.82692804	0.83650600	0.84355416	0.84996776	0.85498183	0.85656100	0.85251917	0.85706371	0.88248261	0.93251550	1.00704448	1.10697395	1.23217817	1.37738300	1.54123082	1.72523962	1.92512424	2.12787365	2.32543217	2.52520243	2.74383437	2.96799601	3.17157646	3.35408469	3.52316322	3.69892551	3.86767599	4.02172739	4.17167129	4.32062985	4.47394668	4.58592409	4.64994885	4.68024288	4.70779203	4.72761261	4.74135336	4.69643952	4.60536262	4.49538575	4.35867266	4.21657687	4.06586515	3.92047789	3.79251724	3.67109266	3.55459596	3.44124674	3.32914123
	0.84589585	0.85590714	0.86285953	0.86891269	0.87331442	0.87412200	0.86925074	0.87344241	0.89932230	0.95001556	1.02511925	1.12530635	1.25044125	1.39552258	1.55974478	1.74444488	1.94532504	2.14915408	2.34793144	2.54923549	2.77076917	2.99634954	3.20037638	3.38390230	3.55472622	3.73036399	3.89865020	4.05085965	4.19798366	4.34689027	4.49790787	4.60699313	4.66863797	4.69751072	4.72372257	4.74221679	4.75462317	4.70865339	4.61525697	4.50514365	4.36835262	4.22513942	4.07387721	3.92913043	3.80251254	3.68349163	3.56749734	3.45789022	3.34741998
	0.86960000	0.88029225	0.88728371	0.89297367	0.89653569	0.89615242	0.88997022	0.89307725	0.91878245	0.96948594	1.04477229	1.14500745	1.26988232	1.41501354	1.58023266	1.76635824	1.96900132	2.17469920	2.37558066	2.57898084	2.80392059	3.03087386	3.23478258	3.42027880	3.59134236	3.76674863	3.93280918	4.08118935	4.22368019	4.37003700	4.51648955	4.62153723	4.68039422	4.70696379	4.73132462	4.74802646	4.75848956	4.71158133	4.62042970	4.50555569	4.37129069	4.22614439	4.07564389	3.93034525	3.80742136	3.69122821	3.57909799	3.47329962	3.36617350
	0.88068093	0.89173293	0.89877121	0.90426976	0.90739626	0.90639885	0.89958345	0.90194294	0.92721515	0.97752162	1.05255334	1.15259579	1.27728056	1.42254748	1.58859587	1.77582806	1.97970535	2.18668728	2.38894190	2.59323935	2.81980476	3.04706552	3.25051000	3.43647545	3.60770674	3.78218579	3.94590710	4.09171076	4.23250174	4.37549361	4.51898862	4.62192160	4.67879934	4.70481940	4.72828013	4.74412775	4.75365809	4.70658383	4.61711017	4.50013494	4.36820970	4.22222957	4.07187502	3.92693214	3.80595793	3.69131209	3.58259219	3.47796801	3.37317408
	0.89237808	0.90382809	0.91081843	0.91594084	0.91844420	0.91667654	0.90912961	0.91055927	0.93506661	0.98462453	1.05910207	1.15871949	1.28308208	1.42845019	1.59532578	1.78374159	1.98897934	2.19755309	2.40161164	2.60726580	2.83552575	3.06326416	3.26672827	3.45329358	3.62504564	3.79870874	3.96003098	4.10322849	4.24302606	4.38199709	4.52268585	4.62378193	4.67770846	4.70438832	4.72709170	4.74213332	4.75079356	4.70366553	4.61493021	4.49703719	4.36645668	4.22079468	4.06958307	3.92667708	3.80636027	3.69326248	3.58767961	3.48434888	3.38208425
	0.90774015	0.91983143	0.92681160	0.93145771	0.93319187	0.93045599	0.92201520	0.92225012	0.94586732	0.99482387	1.06905420	1.16866792	1.29329107	1.43957468	1.60858040	1.79962271	2.00744857	2.21880249	2.42559491	2.63409498	2.86419774	3.09178769	3.29593103	3.48191942	3.65436736	3.82484780	3.98161912	4.12216594	4.25655018	4.39018237	4.52608826	4.62387378	4.67342285	4.70142478	4.72189172	4.73544822	4.74272052	4.69769427	4.60725590	4.48985600	4.36015652	4.21634926	4.06445529	3.92632284	3.80612088	3.69532572	3.59361747	3.49282149	3.39468118
	0.91748373	0.92999403	0.93697845	0.94133986	0.94266032	0.93938475	0.93044565	0.92996003	0.95299628	1.00177607	1.07612451	1.17605510	1.30124235	1.44861765	1.61974107	1.81330120	2.02346429	2.23717718	2.44600311	2.65684983	2.88857417	3.11545468	3.31896140	3.50483607	3.67603163	3.84388537	3.99694814	4.13430421	4.26448910	4.39437136	4.52641086	4.62143424	4.66943003	4.69730389	4.71597532	4.72763872	4.73381978	4.69139835	4.59892422	4.48274222	4.35307824	4.21083695	4.05960515	3.92399790	3.80468418	3.69617939	3.59682347	3.49825486	3.40292410
	0.92271467	0.93551138	0.94252893	0.94674175	0.94788083	0.94438779	0.93527416	0.93430411	0.95661921	1.00485128	1.07884735	1.17856249	1.30375911	1.45152355	1.62363313	1.81848381	2.02991424	2.24502823	2.45523106	2.66734595	2.89953374	3.12566210	3.32869679	3.51429598	3.68464376	3.85059471	4.00146370	4.13655182	4.26472982	4.39235799	4.52188664	4.61535935	4.66232342	4.69089967	4.70937567	4.71958395	4.72484575	4.68391457	4.59082227	4.47564104	4.34564573	4.20448894	4.05411843	3.91967154	3.80110505	3.69473593	3.59680734	3.49995018	3.40676120
	0.92291520	0.93595484	0.94320806	0.94756239	0.94887815	0.94559824	0.93672842	0.93547270	0.95680701	1.00389347	1.07678010	1.17550122	1.29987386	1.44704426	1.61883355	1.81367859	2.02532447	2.24092523	2.45192378	2.66407875	2.89557768	3.12077427	3.32319999	3.50841620	3.67802786	3.84285769	3.99233544	4.12707138	4.25410671	4.38039719	4.50852478	4.60155394	4.64875107	4.67923973	4.69810408	4.70736325	4.71180220	4.67198977	4.57917296	4.46471583	4.33425622	4.19399879	4.04494867	3.91093456	3.79318130	3.68917928	3.59223620	3.49696131	3.40560543
	0.92496856	0.93831142	0.94576423	0.95018701	0.95158259	0.94834446	0.93951674	0.93783672	0.95820726	1.00426135	1.07622598	1.17427122	1.29802487	1.44488222	1.61685250	1.81235192	2.02490097	2.24169076	2.45436494	2.66732647	2.89851818	3.12279847	3.32503405	3.50984161	3.67840327	3.84187370	3.98869702	4.12243407	4.24651094	4.37130455	4.49707238	4.58925572	4.63605388	4.66837926	4.68787249	4.69749285	4.70027580	4.66007464	4.56890247	4.45456032	4.32479147	4.18457281	4.03777498	3.90385029	3.78710152	3.68592440	3.59012547	3.49688052	3.40742145
	0.92955788	0.94322895	0.95076129	0.95510753	0.95642601	0.95300740	0.94397726	0.94179366	0.96140060	1.00689214	1.07855103	1.17656604	1.30034966	1.44760349	1.62065234	1.81771103	2.03191806	2.25059281	2.46527205	2.68018680	2.91167846	3.13549798	3.33745455	3.52168379	3.68898047	3.85048248	3.99422861	4.12532106	4.24620520	4.36918522	4.49150272	4.58203795	4.62769337	4.65997825	4.67943164	4.69039442	4.69328537	4.65014289	4.56067357	4.44632907	4.31822025	4.17780415	4.03341402	3.90006392	3.78465079	3.68577029	3.59148621	3.50059062	3.41246276
	0.93610584	0.95014679	0.95766921	0.96176943	0.96284324	0.95908276	0.94970240	0.94687387	0.96538937	1.01005334	1.08125649	1.17914468	1.30300807	1.45095627	1.62556690	1.82473432	2.04117274	2.26237930	2.47971582	2.69748272	2.92931153	3.15280135	3.35408588	3.53818814	3.70334438	3.86296534	4.00318122	4.13094428	4.24798893	4.36808564	4.48569434	4.57399053	4.61834451	4.64960275	4.66861944	4.67939950	4.68400376	4.63841819	4.54969848	4.43599347	4.30938850	4.16971068	4.02831310	3.89615718	3.78363725	3.68667032	3.59457236	3.50680742	3.42017246
	0.93868973	0.95293757	0.96052032	0.96457763	0.96562351	0.96180449	0.95235006	0.94923755	0.96708258	1.01116451	1.08199422	1.17967262	1.30344256	1.45174332	1.62726142	1.82767798	2.04550766	2.26833936	2.48733833	2.70699793	2.93913443	3.16190819	3.36299322	3.54650265	3.71091908	3.86891495	4.00699784	4.13261196	4.24847081	4.36575493	4.48096248	4.56788606	4.61277505	4.64377802	4.66104516	4.67129594	4.67571685	4.63131441	4.54336457	4.42943172	4.30371830	4.16462436	4.02473705	3.89332634	3.78295263	3.68658781	3.59586713	3.50983225	3.42417480
	0.93649267	0.95088912	0.95877392	0.96313748	0.96454065	0.96112072	0.95203577	0.94887838	0.96597712	1.00917344	1.07919572	1.17618435	1.29935774	1.44735253	1.62292782	1.82374696	2.04225953	2.26603521	2.48616498	2.70672943	2.93843232	3.15970064	3.36044475	3.54295334	3.70659607	3.86296018	3.99990231	4.12379558	4.23961833	4.35430050	4.46790649	4.55410200	4.60138122	4.63195876	4.64748890	4.65773669	4.66241130	4.61948036	4.53214800	4.41841565	4.29321851	4.15509158	4.01638707	3.88580451	3.77743455	3.68166102	3.59224005	3.50799000	3.42316791
	0.94237189	0.95697209	0.96487424	0.96908918	0.97020627	0.96635096	0.95678274	0.95315096	0.96969240	1.01271959	1.08301369	1.18074473	1.30483878	1.45431965	1.63238395	1.83613477	2.05750835	2.28420679	2.50731068	2.73117524	2.96344605	3.18446457	3.38388028	3.56660952	3.72828643	3.88242380	4.01512256	4.13549140	4.24821312	4.35825441	4.46865200	4.55247179	4.59950093	4.62870240	4.64435463	4.65204888	4.65543523	4.61413447	4.52665699	4.41524390	4.28969421	4.15425569	4.01559384	3.88639615	3.77952190	3.68490009	3.59728202	3.51465173	3.43115530
	0.94566346	0.96034358	0.96835251	0.97256282	0.97351209	0.96936049	0.95945058	0.95546581	0.97156312	1.01431833	1.08454982	1.18249119	1.30689668	1.45705520	1.63642163	1.84181288	2.06489835	2.29333571	2.51872794	2.74429695	2.97752600	3.19771164	3.39716310	3.57931517	3.74021223	3.89236988	4.02330500	4.14090101	4.25186337	4.35894114	4.46773522	4.55004479	4.59715785	4.62558794	4.64147800	4.64891167	4.65103180	4.61001022	4.52278999	4.41283048	4.28718209	4.15350606	4.01502922	3.88708477	3.78095585	3.68711658	3.60079222	3.51901717	3.43631474
	0.94012627	0.95488784	0.96327686	0.96792525	0.96937805	0.96587328	0.95661408	0.95272409	0.96795823	1.00940481	1.07832534	1.17498034	1.29825091	1.44747239	1.62609688	1.83118497	2.05453205	2.28365726	2.51016029	2.73576612	2.96819227	3.18714784	3.38596025	3.56673071	3.72721217	3.87712180	4.00866210	4.12426808	4.23533905	4.34141522	4.44952646	4.53143613	4.57961471	4.60787892	4.62502893	4.63358813	4.63608481	4.59508001	4.50782202	4.39930770	4.27408709	4.14265801	4.00495197	3.87938957	3.77334261	3.68051470	3.59612318	3.51481474	3.43302083
	0.92997025	0.94479289	0.95364617	0.95894132	0.96125520	0.95891180	0.95085693	0.94732913	0.96146004	1.00104094	1.06807909	1.16283314	1.28441170	1.43210194	1.60928099	1.81348285	2.03672959	2.26632219	2.49367254	2.71903842	2.94956965	3.16674110	3.36408299	3.54271381	3.70272431	3.84981671	3.98207352	4.09616238	4.20625287	4.31249102	4.41888742	4.50102571	4.55071306	4.57947806	4.59766482	4.60696440	4.61056666	4.57048849	4.48426921	4.37692832	4.25315852	4.12418761	3.98862960	3.86567901	3.76035745	3.66916932	3.58735535	3.50701315	3.42671355
	0.92206037	0.93698115	0.94625651	0.95206908	0.95498131	0.95349103	0.94637894	0.94307644	0.95605414	0.99376479	1.05915340	1.15237846	1.27268340	1.41946647	1.59603272	1.80018496	2.02399824	2.25463183	2.48356224	2.70954306	2.93828108	3.15343393	3.34915718	3.52540274	3.68508790	3.82892862	3.95967004	4.07197104	4.17971355	4.28634250	4.38858900	4.46989968	4.52014435	4.54987687	4.56894370	4.57816720	4.58193243	4.54322454	4.46043370	4.35334002	4.23316817	4.10558869	3.97417663	3.85298977	3.74979747	3.66140092	3.58179877	3.50308045	3.42492026
	0.92000263	0.93500503	0.94448952	0.95050297	0.95355564	0.95225637	0.94537538	0.94204293	0.95448359	0.99140195	1.05616294	1.14887633	1.26878172	1.41545582	1.59224114	1.79689630	2.02140856	2.25289302	2.48310456	2.70970583	2.93794592	3.15173040	3.34683870	3.52212542	3.68018277	3.82365583	3.95145716	4.06293775	4.16841343	4.27393762	4.37550499	4.45465710	4.50440131	4.53447596	4.55372107	4.56369922	4.56772125	4.52854665	4.44752735	4.34105467	4.22326854	4.09638255	3.96725901	3.84705499	3.74525248	3.65902139	3.57996028	3.50223919	3.42542019
	0.91395217	0.92899528	0.93882537	0.94528680	0.94880444	0.94808718	0.94184165	0.93868282	0.95054800	0.98640370	1.05010546	1.14176974	1.26071975	1.40659878	1.58281118	1.78729149	2.01206084	2.24406421	2.47535721	2.70192351	2.92935434	3.14097189	3.33592356	3.50930467	3.66529426	3.80791773	3.93289288	4.04449027	4.14775066	4.25133582	4.35273641	4.43190705	4.48060068	4.51096601	4.52981897	4.54090663	4.54562831	4.50765871	4.42728202	4.32181234	4.20662936	4.08116778	3.95450933	3.83569977	3.73559914	3.65123729	3.57287271	3.49633181	3.42092703
	0.90780951	0.92289879	0.93309068	0.94001660	0.94397529	0.94381076	0.93821663	0.93517938	0.94627243	0.98076232	1.04312467	1.13344283	1.25113362	1.39617873	1.57215534	1.77711902	2.00315355	2.23695976	2.47080737	2.69897587	2.92660909	3.13682190	3.33154980	3.50388068	3.65777979	3.80020296	3.92231803	4.03280280	4.13382414	4.23418056	4.33498644	4.41464164	4.46276980	4.49365293	4.51137409	4.52273324	4.52793042	4.49318971	4.41292649	4.30991182	4.19620025	4.07306672	3.94898253	3.83199793	3.73446555	3.65131411	3.57402925	3.49907504	3.42454413
	0.89475633	0.90977743	0.92042933	0.92796994	0.93266853	0.93355304	0.92924021	0.92674742	0.93699818	0.96953815	1.02980458	1.11810175	1.23383268	1.37694321	1.55071478	1.75380054	1.97855909	2.21140712	2.44528148	2.67184601	2.89722380	3.10409325	3.29524444	3.46597630	3.61608163	3.75670955	3.87803189	3.98532995	4.08708206	4.18506705	4.28453460	4.36374354	4.41405839	4.44557382	4.46467151	4.47635968	4.48177573	4.44860148	4.37011549	4.27153248	4.15882938	4.03995326	3.91792643	3.80421390	3.70941073	3.62762347	3.55240987	3.48026547	3.40676105
	0.88944148	0.90445861	0.91535458	0.92319872	0.92821527	0.92950859	0.92570623	0.92338593	0.93317491	0.96476661	1.02405622	1.11145708	1.22633735	1.36878892	1.54210198	1.74511855	1.97026887	2.20384248	2.43900556	2.66625962	2.89142242	3.09743787	3.28787246	3.45880702	3.60800708	3.74755211	3.86850963	3.97402924	4.07568735	4.17252859	4.27039144	4.34928221	4.40015602	4.43192472	4.45173795	4.46366566	4.46948891	4.43671263	4.35935817	4.26247865	4.15085927	4.03398520	3.91302714	3.80121106	3.70731956	3.62645586	3.55232387	3.48112111	3.40791649
	0.88762192	0.90275457	0.91387607	0.92195062	0.92709675	0.92845521	0.92475832	0.92235311	0.93174783	0.96279070	1.02164905	1.10869839	1.22319424	1.36564915	1.53969369	1.74397495	1.97083122	2.20660083	2.44458103	2.67457907	2.90116540	3.10807975	3.29906044	3.47059475	3.61996119	3.75810549	3.87875095	3.98284070	4.08336666	4.17935742	4.27505059	4.35336489	4.40457621	4.43642993	4.45668525	4.46843060	4.47441940	4.44194153	4.36587598	4.26973903	4.15895635	4.04305442	3.92254952	3.81191059	3.71822683	3.63785501	3.56452651	3.49377722	3.42072258
	0.87972188	0.89462872	0.90592030	0.91426620	0.91970379	0.92145371	0.91831553	0.91611584	0.92490957	0.95468167	1.01216432	1.09796788	1.21124542	1.35265616	1.52586038	1.72959328	1.95615596	2.19179699	2.42988860	2.65985336	2.88441646	3.08920891	3.27752367	3.44534083	3.59365487	3.72835069	3.84682313	3.95002456	4.04682805	4.14252933	4.23540933	4.31266969	4.36383343	4.39626542	4.41706351	4.42922550	4.43572394	4.40485909	4.33290457	4.23775060	4.13011108	4.01684277	3.89957320	3.79184979	3.70001803	3.62176434	3.55108452	3.48127992	3.40952398
	0.87265748	0.88756710	0.89919291	0.90796428	0.91379955	0.91593296	0.91326605	0.91106594	0.91887885	0.94682531	1.00224019	1.08614978	1.19775164	1.33790485	1.51039523	1.71442395	1.94231839	2.18022815	2.42191507	2.65464394	2.88053998	3.08630952	3.27427092	3.44227081	3.59170488	3.72498738	3.84277471	3.94654037	4.04036301	4.13524285	4.22806203	4.30548135	4.35603864	4.38881286	4.40949540	4.42238766	4.42924708	4.40119204	4.33175262	4.23760535	4.13313546	4.02052892	3.90623735	3.79942838	3.70882710	3.63245265	3.56246424	3.49307240	3.42192392
	0.86664715	0.88137818	0.89313229	0.90214998	0.90827976	0.91077454	0.90856530	0.90657751	0.91400620	0.94105498	0.99542793	1.07835972	1.18897054	1.32821906	1.49996070	1.70368277	1.93161803	2.16981076	2.41217398	2.64514659	2.87036914	3.07516732	3.26221765	3.42871152	3.57677274	3.70969843	3.82516685	3.92846893	4.02150514	4.11409849	4.20679838	4.28420727	4.33521037	4.36828801	4.38891862	4.40225306	4.40895402	4.38326874	4.31473420	4.22244269	4.11973988	4.00867379	3.89631485	3.79075626	3.70137642	3.62616715	3.55668930	3.48786526	3.41753333
	0.86134886	0.87592341	0.88776217	0.89694837	0.90327227	0.90601443	0.90414822	0.90230967	0.90935670	0.93557213	0.98900616	1.07110257	1.18084569	1.31924945	1.49023225	1.69345174	1.92097681	2.15882843	2.40105616	2.63360790	2.85751479	3.06063163	3.24645339	3.41118009	3.55754152	3.68945800	3.80276733	3.90482295	3.99722847	4.08747530	4.17883169	4.25540621	4.30636260	4.33937157	4.36001113	4.37356233	4.37988416	4.35613378	4.28901018	4.19942823	4.09866903	3.99020475	3.87974290	3.77587406	3.68815331	3.61398370	3.54524755	3.47724418	3.40780314
	0.85017423	0.86438052	0.87633462	0.88582417	0.89254621	0.89584381	0.89471561	0.89323885	0.89961822	0.92425197	0.97584755	1.05633341	1.16445109	1.30102199	1.46991851	1.67127708	1.89692263	2.13286765	2.37341731	2.60374957	2.82422359	3.02345759	3.20577557	3.36709192	3.50929274	3.63843741	3.74944288	3.84752740	3.93888158	4.02597230	4.11257228	4.18712236	4.23833219	4.27184208	4.29341827	4.30747882	4.31390508	4.29176901	4.22770144	4.14361947	4.04585169	3.94337087	3.83700418	3.73755333	3.65333825	3.58092644	3.51394536	3.44787408	3.37994283
	0.84150530	0.85538114	0.86747953	0.87733588	0.88452176	0.88839500	0.88797406	0.88684635	0.89261344	0.91573921	0.96550682	1.04436577	1.15098033	1.28607249	1.45361251	1.65455235	1.88067113	2.11783630	2.36030149	2.59236783	2.81357524	3.01318071	3.19489767	3.35552654	3.49643689	3.62487203	3.73537402	3.83232660	3.92291807	4.01119392	4.09779891	4.17389838	4.22655923	4.26236041	4.28559543	4.30078511	4.30868248	4.28694609	4.22572059	4.14215108	4.04532626	3.94292698	3.83782406	3.73996055	3.65638619	3.58499832	3.51917691	3.45396372	3.38631073
	0.83738405	0.85116014	0.86338163	0.87346922	0.88089748	0.88501574	0.88489251	0.88388160	0.88912068	0.91112227	0.95963583	1.03747445	1.14307445	1.27704793	1.44378668	1.64484750	1.87167396	2.11005611	2.35436229	2.58840104	2.81130047	3.01168525	3.19333840	3.35484365	3.49655602	3.62341516	3.73391982	3.83013378	3.91848254	4.00676019	4.09248042	4.16690270	4.21927161	4.25512905	4.27899633	4.29442188	4.30349794	4.28257683	4.22416146	4.14173392	4.04732718	3.94644968	3.84345743	3.74720964	3.66461852	3.59401687	3.52882021	3.46399314	3.39619812
	0.83355823	0.84718478	0.85944513	0.86966893	0.87723700	0.88149720	0.88155725	0.88059337	0.88538603	0.90639853	0.95367546	1.03035271	1.13478084	1.26737339	1.43264238	1.63271697	1.85896661	2.09717638	2.34163026	2.57597996	2.79858559	2.99826595	3.17930198	3.34080388	3.48167456	3.60743129	3.71771572	3.81376487	3.90073780	3.98835771	4.07444314	4.14795891	4.20051269	4.23598919	4.26035235	4.27590767	4.28568137	4.26616461	4.20988588	4.12839259	4.03631037	3.93695785	3.83591297	3.74105493	3.65932416	3.58936341	3.52475230	3.46019701	3.39256313
	0.82725063	0.84050329	0.85271387	0.86315219	0.87104107	0.87568125	0.87618284	0.87540858	0.87963732	0.89917677	0.94446840	1.01915566	1.12163118	1.25207579	1.41487239	1.61306006	1.83819584	2.07612606	2.32096105	2.55634902	2.77989100	2.98019116	3.16144828	3.32306137	3.46274418	3.58850106	3.69729080	3.79255178	3.88000126	3.96500923	4.05126259	4.12525523	4.17883110	4.21564217	4.23962892	4.25527892	4.26554279	4.24947275	4.19416107	4.11494228	4.02513059	3.92778102	3.82905405	3.73593872	3.65542108	3.58657477	3.52270693	3.45834801	3.39079158
	0.82195719	0.83482259	0.84685554	0.85738095	0.86549446	0.87044082	0.87133904	0.87078315	0.87456242	0.89276471	0.93626613	1.00926540	1.10999263	1.23830659	1.39876579	1.59535170	1.81975175	2.05782658	2.30350732	2.54057076	2.76556046	2.96705627	3.14878999	3.31091338	3.45064633	3.57624549	3.68500333	3.77848164	3.86576871	3.94965493	4.03401005	4.10789848	4.16251280	4.19988352	4.22439391	4.24064092	4.25038926	4.23656276	4.18276996	4.10664077	4.01795126	3.92330305	3.82696062	3.73558048	3.65639260	3.58866052	3.52523057	3.46076299	3.39312243
	0.81192175	0.82403943	0.83569084	0.84619851	0.85455936	0.85999659	0.86159805	0.86149407	0.86489277	0.88156024	0.92280123	0.99358353	1.09231907	1.21842889	1.37584575	1.56929352	1.79097572	2.02688644	2.27042909	2.50575393	2.72897613	2.92877506	3.10817321	3.26835474	3.40625040	3.53012004	3.63739146	3.72937289	3.81531846	3.89925990	3.98215381	4.05561631	4.11050106	4.14873188	4.17426224	4.19150191	4.20175837	4.18888843	4.13704082	4.06385747	3.97674605	3.88537504	3.79140963	3.70198745	3.62457530	3.55797462	3.49532503	3.43148335	3.36452585
