	0.35040944	0.35439009	0.35989088	0.36619017	0.37192953	0.37562936	0.37746601	0.37919003	0.38727591	0.40365608	0.41816228	0.42378685	0.42066214	0.41052457	0.39557229	0.37868065	0.36253778	0.35038920	0.34765445	0.36260055	0.39790516	0.43516507	0.46338929	0.48410646	0.50022604	0.51817817	0.55168767	0.60292064	0.69583272	0.92498932	1.15048301	1.30973655	1.37995547	1.38482670	1.34931524	1.29140257	1.22301080	1.14934357	1.07698532	1.00491686	0.93788269	0.87891511	0.82303317	0.77866847	0.74865960	0.72941587	0.71957088	0.71588888	0.71552937
	0.29235462	0.29112070	0.29098564	0.29221236	0.29428712	0.29611448	0.29706334	0.29819624	0.30452445	0.31727008	0.32925762	0.33536631	0.33517177	0.32938737	0.31868733	0.30466268	0.28975762	0.27684953	0.26955661	0.27488226	0.29669497	0.32228268	0.34205986	0.35761992	0.37092452	0.38877846	0.42298228	0.52521954	0.65312401	0.96485606	1.29965515	1.52222200	1.62384499	1.63598487	1.59747243	1.53172732	1.45479115	1.37021957	1.28649697	1.20331097	1.12180838	1.04170705	0.96203854	0.89859533	0.85854634	0.83754073	0.82974845	0.82961266	0.83340561
	0.34472680	0.34256993	0.34246382	0.34436176	0.34732986	0.35010227	0.35171750	0.35369887	0.36136584	0.37325382	0.38213162	0.38491643	0.38233400	0.37538147	0.36412296	0.34942842	0.33364199	0.31980794	0.31195066	0.31734437	0.33965637	0.36761027	0.39132195	0.41064120	0.42719454	0.44608599	0.48118824	0.58991361	0.73145642	1.03181831	1.34107094	1.54273967	1.63369928	1.64197843	1.59904141	1.53061664	1.45130462	1.36872134	1.28378617	1.20009353	1.11753750	1.03612293	0.95516962	0.89151850	0.85209303	0.83147360	0.82356115	0.82291968	0.82597089
	0.33734704	0.33371494	0.33182016	0.33200653	0.33341764	0.33519104	0.33654580	0.33995506	0.35034264	0.36193357	0.36873542	0.37000847	0.36715186	0.36116274	0.35150897	0.33822334	0.32335123	0.30982583	0.30167050	0.30597354	0.32516323	0.34812177	0.36801343	0.38481352	0.39947855	0.41569337	0.44278827	0.56159196	0.72880700	1.03137097	1.33505099	1.52646821	1.61100012	1.61630680	1.57178658	1.50377993	1.42221952	1.34123322	1.25801362	1.17534838	1.09377324	1.01323568	0.93306509	0.87068442	0.83296293	0.81376160	0.80670604	0.80645797	0.80957846
	0.32517031	0.31977772	0.31573038	0.31375018	0.31362596	0.31459245	0.31612983	0.32409621	0.33925958	0.34913259	0.35215299	0.35028029	0.34558823	0.33970107	0.33171227	0.32053834	0.30745502	0.29495687	0.28683763	0.28974446	0.30397222	0.32081714	0.33695209	0.35132384	0.36372751	0.37620892	0.39535335	0.51177787	0.73131982	1.01896426	1.30335985	1.47965218	1.55266567	1.55076061	1.50500457	1.43829677	1.35726272	1.27832567	1.19831130	1.11818422	1.03952937	0.96173880	0.88420638	0.82474631	0.78975167	0.77244781	0.76648864	0.76675384	0.76997067
	0.35409887	0.34801942	0.34396687	0.34237994	0.34312181	0.34504780	0.34786658	0.36041312	0.37581072	0.38180027	0.38158125	0.37716208	0.37048059	0.36369742	0.35563456	0.34468639	0.33179907	0.31935435	0.31117300	0.31375051	0.32668490	0.34460160	0.36400068	0.38156283	0.39627475	0.40988932	0.42973070	0.53665221	0.78914664	1.05495545	1.32164650	1.49188098	1.55143706	1.54248975	1.49336915	1.42373897	1.34565827	1.26650684	1.18557204	1.10587766	1.02746749	0.94975879	0.87226751	0.81369554	0.77988648	0.76331124	0.75760723	0.75778496	0.76069786
	0.31946043	0.31260415	0.30712513	0.30357686	0.30246541	0.30320292	0.30647543	0.32486786	0.34046697	0.34415744	0.34207837	0.33637653	0.32925931	0.32300812	0.31666226	0.30807513	0.29743883	0.28676269	0.27880207	0.27815066	0.28608694	0.29838773	0.31246182	0.32518524	0.33557118	0.34518490	0.36211082	0.48390666	0.75807801	1.00857667	1.25341053	1.41674379	1.46529341	1.45824641	1.41114650	1.34350753	1.27158103	1.19708773	1.11854410	1.04196302	0.96741363	0.89346043	0.81975288	0.76430173	0.73240870	0.71717422	0.71250188	0.71342774	0.71687898
	0.34156462	0.33356259	0.32757626	0.32422675	0.32363275	0.32544522	0.33596211	0.36343232	0.36949754	0.36721538	0.36161531	0.35337521	0.34458490	0.33753854	0.33153932	0.32399883	0.31431068	0.30437666	0.29619817	0.29227946	0.29685601	0.30936625	0.32500752	0.33956712	0.35165800	0.36377729	0.39461766	0.54990286	0.79624678	1.03462727	1.28431995	1.43868597	1.46943453	1.44745979	1.39562739	1.32896496	1.25749698	1.18030217	1.10240952	1.02709384	0.95375810	0.88100735	0.80834045	0.75439281	0.72436816	0.71060524	0.70658761	0.70747051	0.71052230
	0.33800253	0.32947406	0.32314441	0.31957002	0.31840691	0.32069025	0.33899594	0.36782744	0.36844302	0.36323526	0.35553598	0.34591421	0.33638438	0.32899052	0.32341791	0.31709349	0.30875211	0.29976601	0.29203370	0.28617429	0.28709354	0.29713118	0.31136897	0.32532811	0.33729137	0.35102970	0.40935427	0.56960517	0.79396679	1.02327940	1.26785520	1.41035992	1.43517612	1.40717667	1.35351691	1.28625581	1.21383804	1.13791885	1.06264646	0.98997661	0.91965666	0.84988908	0.77998549	0.72839879	0.70006055	0.68746588	0.68406109	0.68508830	0.68809981
	0.32644720	0.31780246	0.31153948	0.30741494	0.30571773	0.30860849	0.33608295	0.36333339	0.35779965	0.34960254	0.33975293	0.32898827	0.31915289	0.31188603	0.30710249	0.30237600	0.29585385	0.28814155	0.28111530	0.27443164	0.27180054	0.27717052	0.28865977	0.30112669	0.31207702	0.32897079	0.43577661	0.57542926	0.77851803	0.99764442	1.23046722	1.36118176	1.37727859	1.34645591	1.29119320	1.22311316	1.15127989	1.07746452	1.00564919	0.93720385	0.87081209	0.80487215	0.73903442	0.69071627	0.66501666	0.65433116	0.65192729	0.65330646	0.65647705
	0.33852925	0.32977919	0.32359692	0.31938604	0.31819275	0.32392330	0.36339446	0.37901999	0.37102511	0.36100059	0.34945573	0.33781310	0.32762281	0.32014163	0.31540056	0.31116638	0.30530982	0.29798021	0.29102960	0.28412623	0.28024119	0.28412938	0.29582180	0.30967898	0.32233019	0.35125214	0.48306763	0.61977588	0.81521088	1.02759213	1.25242751	1.37257597	1.38279462	1.34412792	1.28307906	1.21279872	1.13920742	1.06548965	0.99459812	0.92749301	0.86278112	0.79809431	0.73341541	0.68677111	0.66286663	0.65320030	0.65098619	0.65207604	0.65482608
	0.33878277	0.33027366	0.32415209	0.31986885	0.31884502	0.32609076	0.36930546	0.38045531	0.37115376	0.36008707	0.34764774	0.33563544	0.32543776	0.31810094	0.31367725	0.31001943	0.30483565	0.29794304	0.29117323	0.28446886	0.28024229	0.28288322	0.29379558	0.30755634	0.32069253	0.36800391	0.49216953	0.62966855	0.82057284	1.02762669	1.24716427	1.35974026	1.36678978	1.32559784	1.26180722	1.19093249	1.11767735	1.04478137	0.97506283	0.90949787	0.84638772	0.78308296	0.71983319	0.67453674	0.65181172	0.64284838	0.64087082	0.64196145	0.64467105
	0.35643788	0.34776282	0.34146845	0.33749458	0.33770290	0.35042545	0.39543850	0.39977297	0.39053006	0.37872512	0.36551462	0.35301576	0.34238245	0.33454364	0.32965885	0.32572707	0.32038378	0.31327293	0.30612586	0.29979759	0.29691242	0.30022233	0.31236690	0.32843414	0.34609021	0.42796787	0.53269374	0.68343061	0.87378915	1.07805669	1.29205533	1.40069343	1.40370101	1.35917878	1.29059641	1.21681844	1.14062311	1.06587644	0.99521801	0.92937923	0.86557093	0.80164489	0.73789440	0.69239729	0.67004789	0.66122580	0.65892857	0.65949500	0.66157084
	0.36175105	0.35294450	0.34654108	0.34273117	0.34378049	0.36096254	0.40405648	0.40622325	0.39669410	0.38417513	0.37034606	0.35738919	0.34646206	0.33838216	0.33333984	0.32945682	0.32429090	0.31727408	0.30994725	0.30393771	0.30240613	0.30599747	0.31789337	0.33523039	0.36159770	0.45660671	0.55510360	0.71117264	0.89923749	1.09968243	1.30924243	1.41468427	1.41371723	1.36758249	1.29878722	1.22263681	1.14347898	1.06921530	0.99837881	0.93307744	0.86941489	0.80575942	0.74218667	0.69711793	0.67540194	0.66684781	0.66436459	0.66456328	0.66621260
	0.37573492	0.36625562	0.35962857	0.35631557	0.35940914	0.38568133	0.42160483	0.42232934	0.41261798	0.39911799	0.38460806	0.37095263	0.35942524	0.35075259	0.34519782	0.34102986	0.33574372	0.32854973	0.32074347	0.31491386	0.31570158	0.32196742	0.33543230	0.36009920	0.40537209	0.49274803	0.59985710	0.76437809	0.95067195	1.14695423	1.35211805	1.45285365	1.44741190	1.39752747	1.32667950	1.24837509	1.16576358	1.08856564	1.01785417	0.95231524	0.88811757	0.82404018	0.76030701	0.71531996	0.69390563	0.68531895	0.68238440	0.68200645	0.68295532
	0.38709731	0.37660149	0.36983082	0.36721024	0.37328490	0.40585780	0.43462699	0.43494232	0.42481908	0.41059567	0.39561138	0.38128408	0.36922762	0.36009131	0.35415475	0.34981298	0.34453072	0.33729965	0.32914291	0.32331093	0.32610049	0.33628046	0.35351533	0.39249250	0.44905562	0.52208388	0.64138314	0.80907857	0.99250647	1.18352981	1.38359047	1.47847432	1.46882700	1.41524570	1.34216109	1.26174874	1.17833268	1.09880738	1.02875078	0.96345418	0.89942126	0.83536560	0.77189215	0.72757944	0.70662024	0.69793252	0.69452498	0.69367165	0.69402285
	0.40578211	0.39363289	0.38669449	0.38506791	0.39537299	0.43380086	0.45359986	0.45472723	0.44478862	0.43036373	0.41526515	0.40028759	0.38753284	0.37765195	0.37095617	0.36594250	0.36012627	0.35246850	0.34390558	0.33804323	0.34282188	0.35819070	0.38274590	0.44109035	0.48812801	0.56081527	0.69445620	0.86730569	1.04880730	1.23671097	1.43397972	1.52509974	1.51284197	1.45647174	1.38049528	1.29781733	1.21187757	1.12936508	1.05919793	0.99278515	0.92793215	0.86314357	0.79878315	0.75387715	0.73260070	0.72334790	0.71910541	0.71753125	0.71687476
	0.41343706	0.39879425	0.39140276	0.39088388	0.40750723	0.44327027	0.45936576	0.46088434	0.45018311	0.43522381	0.41990009	0.40418912	0.39082864	0.38063548	0.37379700	0.36887394	0.36334567	0.35597640	0.34746145	0.34150308	0.34752221	0.36830616	0.40390250	0.47145182	0.50582631	0.58778091	0.72620558	0.89683526	1.07337650	1.25531206	1.44638829	1.53165671	1.51625293	1.45606275	1.37823420	1.29476151	1.20780673	1.12606841	1.05693202	0.99165637	0.92779838	0.86393307	0.80045360	0.75652711	0.73594563	0.72678674	0.72270928	0.72034956	0.71908979
	0.42610664	0.40753507	0.39925550	0.40023106	0.42416727	0.45538935	0.46816402	0.47012534	0.45890822	0.44374366	0.42856534	0.41210541	0.39793517	0.38728628	0.38013560	0.37507838	0.36960023	0.36233834	0.35384929	0.34782780	0.35486965	0.38182144	0.43220484	0.49373977	0.52609019	0.61706293	0.76075133	0.93017359	1.10312168	1.28150403	1.46764255	1.54834896	1.52926628	1.46612923	1.38643730	1.30160819	1.21388628	1.13316999	1.06350702	0.99908322	0.93574648	0.87230538	0.80919875	0.76574508	0.74546296	0.73610598	0.73205343	0.72871860	0.72666616
	0.43508074	0.41379976	0.40464031	0.40747635	0.43512321	0.46057732	0.47257496	0.47442414	0.46245040	0.44714252	0.43218343	0.41513697	0.40026681	0.38938361	0.38217194	0.37721607	0.37200175	0.36503404	0.35671557	0.35067820	0.35774622	0.38968098	0.45197124	0.50158104	0.54083634	0.63593564	0.78186556	0.94852484	1.11813546	1.29317886	1.47436766	1.54956717	1.52679110	1.46130392	1.38034182	1.29492390	1.20748871	1.12795429	1.05903588	0.99535780	0.93309905	0.87051027	0.80829842	0.76588939	0.74616649	0.73688440	0.73289690	0.72929675	0.72649657
	0.46018033	0.43728711	0.42723655	0.43345901	0.46192247	0.47792248	0.49018938	0.49332138	0.48125326	0.46577847	0.45107910	0.43390837	0.41771907	0.40561168	0.39732489	0.39150679	0.38569672	0.37834908	0.36978788	0.36370107	0.37141579	0.40938106	0.47953325	0.52228806	0.57319497	0.67850927	0.83040040	0.99979538	1.17136806	1.34671065	1.52583655	1.59873892	1.57177800	1.50249585	1.41829139	1.33016912	1.23927807	1.15867823	1.08930841	1.02423262	0.96239008	0.89877942	0.83596278	0.79361600	0.77312269	0.76314760	0.75971921	0.75499986	0.75075075
	0.47896109	0.45883825	0.45147208	0.46025526	0.47991785	0.48979318	0.50307398	0.50689469	0.49478461	0.47913360	0.46470655	0.44784604	0.43030552	0.41696810	0.40778151	0.40133541	0.39517980	0.38767722	0.37902554	0.37299721	0.38100456	0.42464078	0.49866431	0.54136808	0.60333464	0.71304622	0.87378064	1.04415208	1.21601735	1.38961317	1.56580397	1.63493193	1.60372664	1.53087000	1.44400674	1.35367160	1.26094893	1.17828906	1.11048134	1.04428021	0.98239679	0.91916616	0.85610527	0.81426075	0.79335401	0.78375172	0.77979832	0.77447708	0.76906970
	0.49675250	0.48147999	0.47951239	0.48800391	0.49554127	0.50222072	0.51660804	0.52117548	0.50916132	0.49305341	0.47876669	0.46254755	0.44356361	0.42869577	0.41844925	0.41129179	0.40474230	0.39705917	0.38830920	0.38242049	0.39108670	0.44210509	0.51514339	0.56277270	0.63668616	0.75175256	0.92211323	1.09359219	1.26669805	1.43942281	1.61335867	1.67884901	1.64277097	1.56593325	1.47622142	1.38314797	1.28845859	1.20389464	1.13588179	1.06931035	1.00697759	0.94458648	0.88094826	0.83949331	0.81862412	0.80885397	0.80369530	0.79817795	0.79191801
	0.50102339	0.48811683	0.48774884	0.49354608	0.49800070	0.50504534	0.51980401	0.52364999	0.51103057	0.49463044	0.48066404	0.46492811	0.44524296	0.42972104	0.41927379	0.41215694	0.40581408	0.39839335	0.38983747	0.38431850	0.39361407	0.45368227	0.52143194	0.57524046	0.65567736	0.77461382	0.94212254	1.11062031	1.28092662	1.45012619	1.61751334	1.67631489	1.63587161	1.55689610	1.46644432	1.37238417	1.27811954	1.19459630	1.12752539	1.06361979	1.00148897	0.94057839	0.87833481	0.83776793	0.81787507	0.80838892	0.80255762	0.79679498	0.79041528
	0.51829875	0.50836360	0.51051000	0.51248352	0.51418242	0.52225710	0.53841301	0.54285108	0.53074479	0.51387797	0.49925983	0.48488206	0.46542240	0.44805056	0.43582633	0.42736330	0.42008156	0.41205547	0.40313736	0.39778229	0.40899031	0.47787694	0.53929965	0.60636151	0.70035659	0.82759108	0.99578682	1.16626302	1.33595075	1.50428996	1.66823794	1.72617398	1.67582885	1.59317828	1.50017059	1.40363535	1.30611889	1.22217949	1.15408268	1.09207159	1.02837867	0.96745093	0.90561755	0.86442932	0.84341971	0.83301375	0.82655917	0.81984414	0.81251655
	0.52719667	0.51820400	0.52169901	0.52209429	0.52325896	0.53172628	0.54800833	0.55238160	0.54059087	0.52345291	0.50835916	0.49496246	0.47598698	0.45684834	0.44328519	0.43420129	0.42659094	0.41843971	0.40950676	0.40470122	0.41942950	0.49698588	0.55146486	0.63261455	0.73823865	0.86999565	1.03651899	1.20673549	1.37319402	1.53728271	1.69686531	1.74446483	1.68955264	1.60350911	1.50910361	1.41212276	1.31325662	1.23133976	1.16381643	1.10197258	1.03949958	0.97861147	0.91753565	0.87674777	0.85491937	0.84375996	0.83677264	0.82871067	0.82018112
	0.53820626	0.52781799	0.53096627	0.53156294	0.53407367	0.54339692	0.55990102	0.56474684	0.55350609	0.53618357	0.52030702	0.50699900	0.48908639	0.46905205	0.45377843	0.44357898	0.43528034	0.42671884	0.41756371	0.41308936	0.43196150	0.51309910	0.56656178	0.66033393	0.77280596	0.91030533	1.07482588	1.24469848	1.40939496	1.57423114	1.73612511	1.77055993	1.71332893	1.62242654	1.52547528	1.42742779	1.32820634	1.24590559	1.17882339	1.11770637	1.05489445	0.99458877	0.93356790	0.89301745	0.87037464	0.85819124	0.84991014	0.84045218	0.83047946
	0.55452768	0.54169493	0.54364979	0.54491328	0.54921298	0.55977953	0.57690907	0.58280460	0.57251240	0.55518474	0.53823428	0.52462555	0.50852822	0.48842471	0.47054187	0.45839046	0.44891301	0.43956568	0.42989434	0.42542408	0.44949833	0.52886764	0.58714322	0.69449171	0.81035846	0.95340454	1.12108792	1.29064973	1.45349360	1.62079435	1.77982881	1.81260693	1.74619499	1.64891220	1.55110859	1.45178431	1.35213951	1.26630205	1.20106284	1.14112630	1.07858806	1.01691639	0.95661240	0.91697857	0.89299561	0.87792827	0.86818590	0.85678763	0.84496855
	0.56444893	0.54992752	0.55080182	0.55285638	0.55797457	0.56879684	0.58560613	0.59189801	0.58216297	0.56515324	0.54800180	0.53405925	0.51901915	0.49912373	0.47943844	0.46602917	0.45594939	0.44629593	0.43646156	0.43205982	0.46336058	0.53802056	0.60329146	0.72186990	0.84026779	0.98759461	1.15274653	1.31962764	1.47722312	1.64136853	1.79466939	1.82328741	1.74640550	1.64795648	1.54970442	1.44997430	1.34973157	1.26539885	1.20120553	1.14237291	1.08127564	1.02084310	0.96227617	0.92387810	0.89867928	0.88108894	0.86977874	0.85676612	0.84336846
	0.58475061	0.56794016	0.56676262	0.56926957	0.57543404	0.58717543	0.60437243	0.61172905	0.60294269	0.58663874	0.56966071	0.55538354	0.54106875	0.52177997	0.50012577	0.48430160	0.47263680	0.46194480	0.45144770	0.44662654	0.48355201	0.55334580	0.62796961	0.75613027	0.87933794	1.02716932	1.19237827	1.35762033	1.51280496	1.67300109	1.82860639	1.84879016	1.76771463	1.66500547	1.56382591	1.46293037	1.36203823	1.27892342	1.21553705	1.15518606	1.09559223	1.03696928	0.97754719	0.93862198	0.91225730	0.89258331	0.87863709	0.86373209	0.84849852
	0.59737990	0.57894826	0.57608182	0.57855198	0.58525213	0.59742211	0.61465978	0.62255740	0.61436912	0.59864471	0.58189377	0.56745739	0.55357587	0.53531860	0.51238553	0.49460616	0.48190566	0.47061180	0.45974117	0.45466437	0.49529689	0.56196385	0.64346756	0.77612346	0.90471705	1.05130378	1.21584934	1.38074417	1.53174092	1.69040899	1.84731627	1.86151568	1.77568903	1.66951145	1.56864688	1.46731702	1.36616502	1.28261446	1.22101129	1.16135458	1.10086203	1.04356165	0.98487433	0.94557990	0.91842386	0.89593247	0.88145667	0.86532134	0.84871276
	0.60650287	0.58684217	0.58253443	0.58480853	0.59190384	0.60430954	0.62156019	0.62979635	0.62213043	0.60688688	0.59031786	0.57575607	0.56205759	0.54473039	0.52156610	0.50228209	0.48869170	0.47693072	0.46577319	0.46046827	0.50301137	0.56776342	0.65352708	0.78771409	0.92195005	1.06674154	1.22941368	1.39277578	1.54292234	1.69919711	1.85377567	1.86351418	1.77801395	1.66875715	1.56872423	1.46780342	1.36675574	1.28443815	1.22239430	1.16373487	1.10294804	1.04637152	0.98723928	0.94824596	0.92025246	0.89689821	0.88089228	0.86378997	0.84618825
	0.61676448	0.59578271	0.58973067	0.59147885	0.59860581	0.61064306	0.62755432	0.63593932	0.62898467	0.61472279	0.59901289	0.58479919	0.57132338	0.55463993	0.53162104	0.51105353	0.49644517	0.48416291	0.47269886	0.46711510	0.51183767	0.57400047	0.66476688	0.80069459	0.93775333	1.08072259	1.23793717	1.39597329	1.54044302	1.69243966	1.83750256	1.83952495	1.75628588	1.64913776	1.54932571	1.44949933	1.34957225	1.27044292	1.20818796	1.15029957	1.09085658	1.03585976	0.97702064	0.93753873	0.90729892	0.88395899	0.86630378	0.84895650	0.83066063
	0.63751462	0.61467446	0.60669888	0.60810757	0.61617282	0.62943921	0.64731117	0.65680400	0.65091447	0.63709487	0.62111390	0.60629771	0.59255592	0.57699142	0.55441714	0.53135479	0.51454113	0.50090059	0.48851483	0.48221999	0.52558040	0.58805472	0.68137903	0.81790197	0.96005246	1.10587274	1.26448695	1.42280628	1.57263901	1.72379768	1.87520444	1.87853892	1.79470665	1.68200770	1.57920652	1.47872872	1.37727186	1.29535763	1.23371336	1.17473526	1.11385458	1.05711619	0.99732563	0.95766141	0.92694013	0.90232150	0.88303632	0.86291285	0.84405173
	0.64682673	0.62319916	0.61420212	0.61513068	0.62320262	0.63642897	0.65435574	0.66415394	0.65883966	0.64560981	0.63008118	0.61539208	0.60156554	0.58604372	0.56385599	0.54018785	0.52234716	0.50811201	0.49536228	0.48876227	0.53259979	0.59406210	0.68973043	0.82772160	0.97011852	1.11706707	1.27361223	1.43007374	1.57655528	1.72679027	1.87581039	1.87435527	1.79093123	1.68021629	1.57584054	1.47525110	1.37424817	1.29364478	1.23108894	1.17252878	1.11222818	1.05615157	0.99607935	0.95550455	0.92389538	0.89922721	0.87925579	0.85859514	0.83947216
	0.65342242	0.62906132	0.61889884	0.61933490	0.62697824	0.63944926	0.65668368	0.66621408	0.66162751	0.64958754	0.63528760	0.62159057	0.60850252	0.59357680	0.57137192	0.54683700	0.52853823	0.51397075	0.50095050	0.49405372	0.53803601	0.59825524	0.69588559	0.83346118	0.97389762	1.11610990	1.26594369	1.41416602	1.55055199	1.69196654	1.82658225	1.82443100	1.74033427	1.63375208	1.53369563	1.43567819	1.33579739	1.25953906	1.19915020	1.14129629	1.08172885	1.02784897	0.97063608	0.92822827	0.89811373	0.87277014	0.85275442	0.83187037	0.81161169
	0.66932926	0.64371494	0.63209340	0.63171043	0.63942845	0.65217848	0.66960007	0.67960989	0.67593862	0.66459787	0.65062083	0.63698967	0.62386307	0.60925135	0.58768022	0.56225183	0.54213419	0.52639968	0.51266364	0.50518508	0.54822972	0.60815723	0.70778101	0.84699265	0.98723625	1.13259142	1.28192852	1.42865970	1.56311115	1.70094904	1.83081053	1.83205904	1.74514041	1.63653009	1.53760589	1.43899444	1.34015968	1.26441964	1.20283130	1.14442349	1.08521283	1.03180276	0.97449958	0.93055181	0.89895925	0.87364659	0.85237304	0.83196599	0.81043204
	0.68694838	0.66001354	0.64675421	0.64539020	0.65333691	0.66665350	0.68445546	0.69510736	0.69240830	0.68170777	0.66782167	0.65404182	0.64073570	0.62666717	0.60609340	0.57954628	0.55722062	0.54017982	0.52564127	0.51752963	0.55956208	0.61922601	0.72097778	0.86240174	1.00269851	1.15141835	1.30154967	1.44812594	1.58364448	1.71909525	1.84586154	1.84617502	1.75951335	1.64944022	1.54756575	1.45124601	1.35095935	1.27487921	1.21400530	1.15534888	1.09471302	1.03987173	0.98366511	0.93979010	0.90660532	0.87971479	0.85689724	0.83581608	0.81389202
	0.69748217	0.66965239	0.65518955	0.65300181	0.66070104	0.67383472	0.69141868	0.70225888	0.70024214	0.69020451	0.67679815	0.66326563	0.64999520	0.63600061	0.61607650	0.58957868	0.56595646	0.54800960	0.53298909	0.52448953	0.56575097	0.62493709	0.72815369	0.87074352	1.01080459	1.15907456	1.30675863	1.45205251	1.58360763	1.71295420	1.83367205	1.83222663	1.74690464	1.63856681	1.53689644	1.44116476	1.34376490	1.26767440	1.20657398	1.14808219	1.08931971	1.03352377	0.97734997	0.93272183	0.89974866	0.87329948	0.85044575	0.82819174	0.80553436
	0.70578251	0.67723815	0.66183713	0.65878025	0.66615681	0.67915929	0.69656703	0.70750695	0.70599316	0.69645543	0.68332238	0.66992730	0.65667421	0.64277077	0.62333099	0.59717590	0.57259324	0.55375306	0.53828502	0.52946681	0.57026227	0.62895048	0.73343880	0.87785422	1.01822905	1.16499872	1.31109833	1.45681209	1.58484070	1.71011067	1.82366676	1.82195527	1.73821306	1.62962333	1.52923321	1.43438608	1.33749344	1.26376088	1.20185532	1.14274804	1.08497880	1.02914823	0.97398005	0.92819773	0.89486317	0.86737041	0.84499988	0.82251159	0.79898676
	0.70925777	0.68034337	0.66418278	0.66047186	0.66726903	0.67952792	0.69615546	0.70687465	0.70581781	0.69698634	0.68458300	0.67177218	0.65881801	0.64500631	0.62594807	0.60034090	0.57541687	0.55614698	0.54046384	0.53145832	0.57175738	0.62970921	0.73452754	0.87957343	1.01719725	1.16101930	1.30279834	1.44303627	1.56561822	1.68254588	1.78828239	1.78322115	1.69832301	1.59445983	1.49708104	1.40472346	1.31088138	1.23811808	1.17730444	1.11845319	1.06405999	1.00803064	0.95237719	0.90752266	0.87532729	0.84815751	0.82580008	0.80300205	0.77796260
	0.73328703	0.70277124	0.68516573	0.68024538	0.68684011	0.69976132	0.71713282	0.72879448	0.72874374	0.72053025	0.70819888	0.69505770	0.68160085	0.66726299	0.64829973	0.62288362	0.59625755	0.57478781	0.55779646	0.54794531	0.58694049	0.64481391	0.75179551	0.90052517	1.04070405	1.18885693	1.33268975	1.47508724	1.59979812	1.71515467	1.81637153	1.81039810	1.72804555	1.62180714	1.52146166	1.42779242	1.33374578	1.25923412	1.19801037	1.13856694	1.08361326	1.02565806	0.96931653	0.92371147	0.89052716	0.86151625	0.83780897	0.81335688	0.78728633
	0.75981661	0.72761841	0.70852848	0.70234996	0.70884981	0.72274930	0.74123881	0.75405760	0.75505729	0.74745173	0.73508160	0.72147525	0.70744059	0.69258701	0.67359664	0.64802652	0.61971151	0.59598040	0.57751335	0.56669640	0.60437809	0.66223775	0.77124902	0.92270245	1.06618649	1.22132655	1.36821813	1.51384844	1.64231636	1.75745206	1.85646577	1.85026576	1.77212982	1.65923890	1.55486810	1.45979854	1.36345910	1.28842222	1.22757678	1.16665973	1.10871571	1.04927682	0.99352503	0.94713589	0.91109219	0.88059168	0.85501300	0.82962693	0.80296986
	0.76999959	0.73724752	0.71743509	0.71063028	0.71669702	0.73038452	0.74881186	0.76186951	0.76341402	0.75642943	0.74455940	0.73127663	0.71735035	0.70237914	0.68317413	0.65763205	0.62913461	0.60463658	0.58554861	0.57428840	0.61124131	0.66870325	0.77789150	0.92950162	1.07370111	1.22778903	1.37330786	1.51682098	1.64335310	1.75581902	1.85128042	1.84299785	1.76167363	1.65061887	1.54732990	1.45171964	1.35691400	1.28231483	1.22130285	1.16111717	1.10372677	1.04483866	0.98791018	0.94150058	0.90526994	0.87617855	0.84959391	0.82344891	0.79619028
	0.78761900	0.75387959	0.73310694	0.72547952	0.73121631	0.74519374	0.76409780	0.77781340	0.78008801	0.77367818	0.76204868	0.74867818	0.73450119	0.71911331	0.69966398	0.67404935	0.64489298	0.61904038	0.59891900	0.58695840	0.62293517	0.68014327	0.79022819	0.94315086	1.09056601	1.24594854	1.39224449	1.53734877	1.66486494	1.77664533	1.87115041	1.86041994	1.77658108	1.66755010	1.56210904	1.46453588	1.36932250	1.29437276	1.23282484	1.17284541	1.11414625	1.05528812	0.99759256	0.95065890	0.91359079	0.88367902	0.85565299	0.82883529	0.80079045
	0.81397047	0.77885995	0.75644675	0.74723314	0.75199557	0.76591041	0.78507586	0.79949471	0.80285295	0.79745302	0.78643800	0.77316881	0.75881825	0.74298236	0.72307118	0.69728071	0.66770806	0.64016970	0.61835067	0.60516446	0.63993558	0.69609182	0.80729719	0.96238645	1.11503549	1.26633050	1.41354765	1.55926316	1.68663292	1.79744081	1.88594143	1.86836230	1.77923604	1.67524797	1.57020812	1.47331791	1.37662382	1.30179354	1.24098256	1.18076939	1.12032550	1.06209906	1.00439743	0.95729421	0.91796718	0.88592969	0.85635597	0.82913284	0.80038561
	0.83175771	0.79577539	0.77253381	0.76256401	0.76689487	0.78096498	0.80048760	0.81539151	0.81921167	0.81406807	0.80301359	0.78947853	0.77467980	0.75823515	0.73779113	0.71186318	0.68209254	0.65360193	0.63070997	0.61678770	0.65091045	0.70712769	0.81962668	0.97584404	1.13331048	1.28566590	1.43639904	1.58507332	1.71509121	1.82753890	1.91908693	1.90183730	1.81010864	1.70490596	1.59848413	1.49848101	1.40146712	1.32349645	1.26054194	1.20100000	1.14111930	1.08175367	1.02112646	0.97343299	0.93422918	0.90110451	0.86961969	0.84101798	0.81125255
	0.84557437	0.80896495	0.78480036	0.77378915	0.77721511	0.79074754	0.80994453	0.82486994	0.82915800	0.82462411	0.81404562	0.80068963	0.78586956	0.76927067	0.74859581	0.72266223	0.69298067	0.66391222	0.64006465	0.62539516	0.65913696	0.71456687	0.82745676	0.98450144	1.14410438	1.29473502	1.44658801	1.59237362	1.72171734	1.83193136	1.92163570	1.90188506	1.81183382	1.70023280	1.59625012	1.49707166	1.39982383	1.32344820	1.25892878	1.19968287	1.14082337	1.08122768	1.02022391	0.97174098	0.93192546	0.89830758	0.86728140	0.83687643	0.80586608
	0.85760479	0.82056436	0.79566108	0.78369076	0.78614170	0.79895127	0.81761324	0.83236068	0.83695119	0.83293248	0.82277347	0.80959750	0.79477919	0.77809913	0.75721363	0.73119098	0.70161656	0.67237855	0.64786777	0.63264760	0.66641239	0.72080391	0.83384065	0.99148804	1.15258791	1.30472323	1.45628676	1.60005225	1.72712585	1.83372416	1.92138804	1.90160869	1.81110074	1.69777289	1.59337247	1.49560656	1.39915208	1.32291486	1.25761072	1.19797204	1.13958995	1.08027405	1.01941653	0.96961367	0.92969118	0.89569910	0.86447232	0.83306923	0.80100976
	0.86902958	0.83163684	0.80601225	0.79305262	0.79444621	0.80637509	0.82433392	0.83880201	0.84372510	0.84034653	0.83078535	0.81792753	0.80325220	0.78664534	0.76566918	0.73952882	0.70997409	0.68063148	0.65554002	0.63980972	0.67360880	0.72670441	0.83948805	0.99754026	1.15913112	1.31217185	1.46250645	1.60287958	1.72687530	1.82826336	1.91240000	1.89204493	1.80156563	1.69020818	1.58210447	1.48646633	1.39215921	1.31514611	1.25065702	1.19025853	1.13229097	1.07348593	1.01349046	0.96267268	0.92315160	0.88893294	0.85701726	0.82466293	0.79157207
	0.87228868	0.83473612	0.80897014	0.79583560	0.79707127	0.80894185	0.82688934	0.84137268	0.84630686	0.84290241	0.83327602	0.82032764	0.80550829	0.78876424	0.76766898	0.74150784	0.71196972	0.68259162	0.65736822	0.64157874	0.67562451	0.72847974	0.84157157	0.99989279	1.16270483	1.31698351	1.46806877	1.60987112	1.73460981	1.83670769	1.92089304	1.90111358	1.81066931	1.69980845	1.59024354	1.49408919	1.39891613	1.32201219	1.25729437	1.19699890	1.13737223	1.07885280	1.01855714	0.96775659	0.92798695	0.89327219	0.86110234	0.82842331	0.79538676
	0.89338038	0.85518538	0.82832249	0.81370534	0.81328912	0.82392207	0.84098260	0.85513589	0.86041734	0.85764818	0.84853280	0.83576841	0.82083216	0.80387394	0.78246147	0.75612691	0.72666464	0.69729857	0.67146943	0.65531742	0.69067637	0.74086913	0.85408233	1.01329123	1.17977009	1.33838279	1.48997689	1.63265581	1.75624897	1.85646560	1.93548609	1.91864873	1.82789563	1.71969722	1.60540390	1.50703359	1.41170973	1.33586524	1.26957445	1.20783270	1.14468414	1.08669499	1.02663705	0.97568270	0.93512479	0.89875759	0.86487995	0.83042730	0.79653658
	0.90208549	0.86371294	0.83637762	0.82107538	0.81984517	0.82979169	0.84629943	0.86020918	0.86566381	0.86328378	0.85455642	0.84201837	0.82717053	0.81025803	0.78882352	0.76243948	0.73298883	0.70367133	0.67767013	0.66147920	0.69756541	0.74624889	0.85904569	1.01848336	1.18555199	1.34539423	1.49645845	1.63783838	1.75968640	1.85799695	1.93259823	1.91716990	1.82664907	1.71921599	1.60475848	1.50526463	1.41110913	1.33558017	1.26875470	1.20538233	1.14316932	1.08500909	1.02482701	0.97408244	0.93306667	0.89624775	0.86226107	0.82681954	0.79238771
	0.92084585	0.88213749	0.85398958	0.83751266	0.83485874	0.84367360	0.85934467	0.87292549	0.87862934	0.87670718	0.86838906	0.85612853	0.84133097	0.82427169	0.80264872	0.77611772	0.74668085	0.71739387	0.69119810	0.67509355	0.71225564	0.75886248	0.87152434	1.03235035	1.20216630	1.36617274	1.51869352	1.66168108	1.78300174	1.88020917	1.95309181	1.93256648	1.84669172	1.73921985	1.62902430	1.52384101	1.42774906	1.35026942	1.28556677	1.22192655	1.15553773	1.09391372	1.03444127	0.98451622	0.94237519	0.90431010	0.86829253	0.83260427	0.79727669
	0.93551244	0.89688021	0.86810018	0.85046958	0.84627670	0.85359579	0.86801623	0.88095197	0.88689841	0.88570871	0.87821219	0.86660299	0.85229227	0.83555417	0.81419812	0.78776755	0.75842334	0.72923653	0.70307318	0.68736717	0.72486666	0.76987483	0.88107278	1.04185557	1.21233409	1.37711351	1.52847094	1.66846506	1.78626425	1.87967484	1.94786496	1.92353545	1.84059592	1.73536157	1.62810051	1.52073738	1.42437012	1.34732656	1.28108232	1.21524130	1.15015281	1.08767738	1.02733120	0.97931335	0.93702221	0.89809356	0.86098934	0.82464340	0.78846982
	0.95031744	0.91160551	0.88229961	0.86377640	0.85845181	0.86479642	0.87848670	0.89110108	0.89727519	0.89657137	0.88959293	0.87842063	0.86443998	0.84785107	0.82658891	0.80017005	0.77087583	0.74170681	0.71550353	0.70007235	0.73745376	0.78173833	0.89219615	1.05303426	1.22511373	1.39200961	1.54390726	1.68428199	1.80107946	1.89336839	1.96012267	1.93383208	1.85092858	1.74771228	1.64182000	1.53298740	1.43451352	1.35637025	1.28970058	1.22232265	1.15710828	1.09382552	1.03221523	0.98379431	0.94212419	0.90232225	0.86448836	0.82746311	0.79044891
	0.97420075	0.93553383	0.90552878	0.88563608	0.87851590	0.88317806	0.89559468	0.90762505	0.91413335	0.91431325	0.90839496	0.89814753	0.88493607	0.86889589	0.84799823	0.82173983	0.79258129	0.76350859	0.73728910	0.72227820	0.75872897	0.80247525	0.91155588	1.07137613	1.24625658	1.41406512	1.56739968	1.70730474	1.82249926	1.91302931	1.97727770	1.94942373	1.86353459	1.76235206	1.65796302	1.55047136	1.44899810	1.36734437	1.29826561	1.23131382	1.16619499	1.10174323	1.03925916	0.98851176	0.94680856	0.90752526	0.86845593	0.83015071	0.79149229
	0.98559055	0.94709671	0.91671837	0.89598193	0.88769703	0.89113973	0.90252479	0.91405740	0.92079598	0.92164240	0.91658006	0.90713599	0.89457297	0.87912671	0.85871426	0.83272467	0.80367048	0.77460597	0.74830720	0.73360651	0.76935610	0.81277267	0.92041235	1.07896127	1.25381594	1.42090901	1.57286069	1.70959409	1.82181785	1.90927227	1.96997496	1.94054384	1.85306674	1.75361533	1.65037481	1.54534777	1.44316963	1.36106224	1.29038471	1.22409442	1.15939584	1.09524621	1.03270046	0.98145735	0.93927696	0.90097483	0.86165766	0.82278015	0.78324563
	1.01395452	0.97546248	0.94448977	0.92256209	0.91270946	0.91476680	0.92521647	0.93654594	0.94393752	0.94584213	0.94194622	0.93356584	0.92190097	0.90712914	0.88709537	0.86121027	0.83210170	0.80297972	0.77655975	0.76200277	0.79632825	0.83969103	0.94651197	1.10365323	1.28172995	1.45048963	1.60310341	1.73929840	1.85142111	1.93758561	1.99822179	1.96744543	1.87944444	1.77568399	1.67344934	1.56860267	1.46715253	1.38252046	1.30922728	1.24024384	1.17438853	1.10952726	1.04540593	0.99190438	0.94899204	0.91059185	0.87061363	0.83075326	0.79064557
	1.03253588	0.99425034	0.96282558	0.93992094	0.92867110	0.92925296	0.93851806	0.94953312	0.95752746	0.96047774	0.95784998	0.95069766	0.94003435	0.92617250	0.90681786	0.88126122	0.85217385	0.82298403	0.79643228	0.78208589	0.81533158	0.85870887	0.96418934	1.11919811	1.29736962	1.46496782	1.61239167	1.74495929	1.85291958	1.93501410	1.99387849	1.96252956	1.87376611	1.76902684	1.66717817	1.56200389	1.46417247	1.37915236	1.30500544	1.23472421	1.16903138	1.10323093	1.04035373	0.98652842	0.94320789	0.90329667	0.86305823	0.82274227	0.78216415
	1.03914567	1.00117231	0.96950748	0.94593082	0.93360134	0.93291494	0.94109697	0.95175609	0.96006435	0.96360652	0.96177046	0.95544909	0.94553969	0.93250819	0.91387386	0.88881139	0.85994158	0.83077995	0.80408390	0.79000932	0.82232024	0.86562332	0.96982132	1.12210838	1.29881472	1.46443920	1.60922840	1.73081304	1.83337458	1.91189114	1.97088809	1.93467482	1.84541632	1.74085313	1.63745371	1.53460669	1.44132091	1.35832512	1.28438208	1.21414506	1.14775298	1.08498624	1.02336634	0.97011129	0.92678043	0.88613845	0.84560411	0.80553694	0.76516797
	1.05964557	1.02152452	0.98945843	0.96524873	0.95214509	0.95082418	0.95874060	0.96960687	0.97848816	0.98274872	0.98164251	0.97598162	0.96663347	0.95399300	0.93554163	0.91044850	0.88141141	0.85209943	0.82527404	0.81102233	0.84238200	0.88593488	0.99006225	1.14213934	1.32072189	1.48861280	1.63417966	1.75748491	1.86164109	1.94140469	1.99951567	1.96405788	1.87658787	1.77131505	1.66527605	1.56138307	1.46528246	1.38082710	1.30638849	1.23507947	1.16646893	1.10222153	1.03998794	0.98560933	0.94109598	0.89940153	0.85809567	0.81738322	0.77645279
	1.07883959	1.04081221	1.00830633	0.98322474	0.96891246	0.96642822	0.97365028	0.98466511	0.99423109	0.99943250	0.99937000	0.99471527	0.98631854	0.97448774	0.95662519	0.93181137	0.90278091	0.87334847	0.84632454	0.83201544	0.86214303	0.90595117	1.00949804	1.16010120	1.33911103	1.50689189	1.65033013	1.77264443	1.87387088	1.95124337	2.00144098	1.96531484	1.87702631	1.77577860	1.66964142	1.56563162	1.46628620	1.38197617	1.30613327	1.23696514	1.16808946	1.10296938	1.04061441	0.98613765	0.94085568	0.89816844	0.85636483	0.81515333	0.77427025
	1.11195831	1.07390721	1.04071469	1.01446324	0.99862868	0.99476356	1.00135210	1.01274461	1.02333474	1.02995555	1.03144434	1.02826095	1.02123268	1.01049390	0.99337773	0.96884607	0.93970501	0.90994429	0.88255609	0.86790962	0.89614636	0.94038147	1.04341885	1.19263519	1.37279447	1.54190975	1.68460274	1.80878042	1.90952252	1.98454970	2.03101569	1.99096066	1.90042181	1.79973750	1.69556960	1.59117762	1.48935011	1.40084363	1.32207230	1.25268491	1.18425689	1.11794711	1.05377733	0.99835785	0.95129413	0.90716789	0.86440955	0.82224072	0.78027356
	1.11452746	1.07686071	1.04345576	1.01648524	0.99950987	0.99438884	1.00006485	1.01123144	1.02199902	1.02918053	1.03145489	1.02904361	1.02279994	1.01294377	0.99667678	0.97281444	0.94407218	0.91439266	0.88685168	0.87247127	0.89964827	0.94376793	1.04549629	1.19173421	1.36941813	1.53514140	1.67276624	1.79079096	1.88439002	1.95342492	1.99406409	1.95202599	1.86117113	1.75817503	1.65515270	1.55435686	1.45771051	1.37094885	1.29447859	1.22579297	1.15837905	1.09382519	1.03148189	0.97531346	0.92859675	0.88416522	0.84127605	0.79995859	0.75850661
	1.13069586	1.09304854	1.05926270	1.03160386	1.01375258	1.00784215	1.01316866	1.02440293	1.03554047	1.04340430	1.04646572	1.04479908	1.03926851	1.03000322	1.01419554	0.99056535	0.96184477	0.93202830	0.90429773	0.88977417	0.91582210	0.96013770	1.06153461	1.20662893	1.38445278	1.55060810	1.68861981	1.80654760	1.89973971	1.96720085	2.00564126	1.96409054	1.87297807	1.76673262	1.66238678	1.56207226	1.46795694	1.38049349	1.30350896	1.23333823	1.16537845	1.09992437	1.03656274	0.97914542	0.93184403	0.88726399	0.84387730	0.80260699	0.76085233
	1.15392891	1.11639119	1.08203947	1.05336204	1.03420420	1.02704901	1.03164635	1.04273362	1.05429486	1.06313331	1.06742041	1.06694919	1.06254494	1.05420211	1.03909572	1.01585075	0.98715023	0.95708815	0.92899683	0.91429911	0.93865417	0.98341117	1.08451229	1.22768342	1.40418936	1.57132537	1.71025269	1.82679578	1.91609887	1.97960251	2.01560316	1.97649808	1.88570047	1.77796107	1.67014682	1.56635016	1.47622504	1.38995449	1.31290168	1.24112311	1.17103257	1.10497880	1.04011819	0.98198959	0.93288263	0.88771132	0.84417706	0.80249081	0.76025656
	1.16042789	1.12310856	1.08851034	1.05925551	1.03935218	1.03148463	1.03565966	1.04657059	1.05825203	1.06755267	1.07248823	1.07271885	1.06902580	1.06137579	1.04688342	1.02409787	0.99563468	0.96558722	0.93734602	0.92277640	0.94616441	0.99094795	1.09133981	1.23249651	1.40664455	1.57221608	1.70924528	1.82228084	1.90619102	1.96357801	1.99650854	1.96053340	1.86957512	1.76202816	1.65377628	1.55029923	1.46176877	1.37754262	1.30167092	1.22963737	1.15937789	1.09370423	1.02872254	0.97055453	0.92096577	0.87582707	0.83294074	0.79112206	0.74907087
	1.15980041	1.12279036	1.08809934	1.05847693	1.03804754	1.02964869	1.03342795	1.04399498	1.05557284	1.06507675	1.07038281	1.07109479	1.06792613	1.06081273	1.04685505	1.02458855	0.99648538	0.96658631	0.93829932	0.92406002	0.94672777	0.99144457	1.09101309	1.22998205	1.40140817	1.56391738	1.69841526	1.80616164	1.88538617	1.93776353	1.96620974	1.93133056	1.84190279	1.73525684	1.62827895	1.52781301	1.43930289	1.35669249	1.28203592	1.21079341	1.14171704	1.07674066	1.01108736	0.95339328	0.90417709	0.85941418	0.81743621	0.77563822	0.73378274
	1.17579232	1.13894878	1.10385626	1.07343328	1.05199723	1.04263052	1.04566406	1.05582984	1.06754086	1.07765568	1.08387350	1.08558998	1.08340177	1.07712905	1.06386077	1.04207125	1.01413291	0.98411099	0.95553068	0.94125591	0.96257978	1.00752450	1.10679339	1.24386463	1.41370268	1.57564537	1.71019864	1.81604483	1.88991627	1.93853106	1.96384558	1.92593293	1.83872960	1.73664377	1.62933460	1.52925257	1.43981229	1.35757569	1.28154575	1.21036833	1.14101756	1.07529881	1.00773610	0.94893975	0.89961540	0.85469489	0.81230840	0.77077585	0.72875121
	1.18976192	1.15305509	1.11766828	1.08663674	1.06441333	1.05426510	1.05661057	1.06642868	1.07823125	1.08882181	1.09575345	1.09824861	1.09679263	1.09112568	1.07837144	1.05694180	1.02911294	0.99896335	0.97013425	0.95581358	0.97606049	1.02110693	1.12039432	1.25621828	1.42529557	1.58707119	1.72354453	1.82744110	1.89671342	1.94448955	1.96744533	1.92623812	1.84127923	1.74189378	1.63551840	1.53482383	1.44397755	1.36223205	1.28484350	1.21281329	1.14359013	1.07596825	1.00754922	0.94762968	0.89825196	0.85333456	0.81002138	0.76827803	0.72646286
	1.20696053	1.17058980	1.13484030	1.10296785	1.07963318	1.06838032	1.06970350	1.07909203	1.09103035	1.10229996	1.11027761	1.11399490	1.11368864	1.10902816	1.09720292	1.07649327	1.04897992	1.01875311	0.98958053	0.97528931	0.99406055	1.03899762	1.13808447	1.27173832	1.43918624	1.59889641	1.73496183	1.83585351	1.90188386	1.94618403	1.96518273	1.92304939	1.83675176	1.73729603	1.63414254	1.53356588	1.44201456	1.35945953	1.28209772	1.20849676	1.13826298	1.06865773	1.00000364	0.93974345	0.88992660	0.84462807	0.80060306	0.75903461	0.71812879
	1.22688401	1.19059507	1.15445044	1.12190559	1.09776803	1.08576447	1.08648910	1.09574442	1.10797841	1.11986065	1.12867327	1.13332074	1.13390463	1.12999541	1.11873199	1.09832323	1.07078580	1.04027572	1.01068267	0.99619138	1.01402305	1.05935515	1.15883269	1.29205255	1.45789485	1.61962392	1.75634820	1.85811094	1.92296636	1.96614966	1.98297642	1.94049522	1.85313201	1.75226616	1.64959104	1.54897777	1.45654807	1.37070508	1.29242054	1.21731871	1.14567702	1.07423626	1.00464904	0.94351062	0.89243639	0.84615621	0.80224978	0.76000701	0.71836106
	1.25193718	1.21577370	1.17919224	1.14582025	1.12066232	1.10763746	1.10746905	1.11640334	1.12890542	1.14143123	1.15120268	1.15698686	1.15867341	1.15575424	1.14528380	1.12532753	1.09781085	1.06696809	1.03685829	1.02210036	1.03887591	1.08484824	1.18476332	1.31720565	1.48084297	1.64586693	1.78274462	1.88594400	1.95135867	1.99378122	2.00790680	1.96617297	1.87751419	1.77650755	1.67171652	1.57112577	1.47510266	1.38849331	1.30766846	1.23103185	1.15642312	1.08287057	1.01193672	0.94971424	0.89707613	0.84996782	0.80550232	0.76259916	0.72055191
	1.27439733	1.23870167	1.20162610	1.16709943	1.14033456	1.12559124	1.12387649	1.13202443	1.14461437	1.15779675	1.16870130	1.17596908	1.17911559	1.17764718	1.16850761	1.14958726	1.12256339	1.09159764	1.06095242	1.04629374	1.06203133	1.10893594	1.20909495	1.33812400	1.49749324	1.66212929	1.79446062	1.89517501	1.95854585	1.99448193	2.00268657	1.95905234	1.87324810	1.77075684	1.66457548	1.56263744	1.46671517	1.37801281	1.29664942	1.21887817	1.14189793	1.06714294	0.99544097	0.93311449	0.88009867	0.83281215	0.78832171	0.74535605	0.70371945
	1.28224217	1.24697215	1.20979646	1.17473551	1.14711321	1.13136109	1.12870839	1.13630295	1.14881737	1.16225625	1.17369935	1.18169456	1.18554669	1.18483139	1.17650381	1.15834544	1.13181890	1.10097992	1.07015635	1.05565021	1.07089721	1.11808696	1.21808517	1.34383666	1.50190707	1.66402909	1.79335006	1.89102815	1.95246882	1.98467047	1.98905539	1.94394175	1.86039669	1.75670571	1.65003797	1.54826592	1.45319811	1.36358699	1.28306693	1.20497682	1.12719851	1.05197450	0.98024866	0.91812795	0.86550640	0.81860040	0.77461163	0.73213829	0.69113376
	1.30782678	1.27262084	1.23498883	1.19917841	1.17054276	1.15363535	1.15002294	1.15704789	1.16954126	1.18326582	1.19517642	1.20373626	1.20811134	1.20790398	1.19999737	1.18203128	1.15535638	1.12402695	1.09250550	1.07762400	1.09258287	1.14132965	1.24107614	1.36909711	1.52878426	1.69297642	1.82370011	1.92349051	1.98501285	2.01777629	2.02086862	1.97632378	1.89199978	1.78717653	1.67983922	1.57576025	1.47767666	1.38615759	1.30280273	1.22240033	1.14301780	1.06475700	0.99090692	0.92730347	0.87351705	0.82511130	0.78033143	0.73735318	0.69596957
	1.32113234	1.28636494	1.24845130	1.21186333	1.18207169	1.16383565	1.15899386	1.16505324	1.17720186	1.19111163	1.20357576	1.21285213	1.21786340	1.21837040	1.21131297	1.19409724	1.16782522	1.13644981	1.10451961	1.08977218	1.10474919	1.15512290	1.25365038	1.38234947	1.53802158	1.69932186	1.82935851	1.92570357	1.98527285	2.01583144	2.01560960	1.97113548	1.88630141	1.78230681	1.67465933	1.56904221	1.47144513	1.37919394	1.29541908	1.21464181	1.13339931	1.05422886	0.97947745	0.91574535	0.86220227	0.81395140	0.76942979	0.72690226	0.68605390
	1.33239592	1.29830155	1.26025845	1.22289894	1.19181192	1.17196343	1.16557969	1.17037363	1.18192067	1.19587666	1.20886505	1.21884599	1.22449219	1.22581399	1.21978087	1.20356047	1.17794625	1.14672039	1.11447112	1.09995113	1.11516934	1.16730218	1.26506648	1.39154331	1.54198370	1.70036910	1.82829497	1.92171959	1.97867436	2.00529736	2.00182511	1.95707402	1.87259230	1.76866350	1.66058073	1.55613398	1.45845900	1.36603476	1.28175697	1.20032623	1.11851673	1.03835176	0.96276316	0.89910040	0.84565468	0.79840394	0.75452808	0.71273269	0.67266444
	1.35376157	1.31956746	1.28102116	1.24299658	1.21115257	1.19048933	1.18351824	1.18777592	1.19926034	1.21342615	1.22665423	1.23681633	1.24259021	1.24400647	1.23795043	1.22151320	1.19544238	1.16358121	1.13061747	1.11566428	1.13131002	1.18536808	1.28387629	1.41085540	1.56457146	1.72496892	1.85686655	1.95322492	2.01241552	2.04021883	2.03773270	1.99177300	1.90706571	1.80296409	1.69205927	1.58717631	1.48673891	1.39176129	1.30491351	1.22213460	1.13858025	1.05546199	0.97757946	0.91204594	0.85722586	0.80898815	0.76410226	0.72154579	0.68079766
	1.36159085	1.32815193	1.28957601	1.25087508	1.21784645	1.19579309	1.18751081	1.19048497	1.20141570	1.21564435	1.22939171	1.24017834	1.24652825	1.24866467	1.24354459	1.22801681	1.20255185	1.17083509	1.13760362	1.12293905	1.13930408	1.19468460	1.29250235	1.41714059	1.56982946	1.72532023	1.85244832	1.94398355	1.99913294	2.02378064	2.01808514	1.97112664	1.88727667	1.78379016	1.67384532	1.56747006	1.46816260	1.37355036	1.28648581	1.20205356	1.11743572	1.03424383	0.95669983	0.89181437	0.83791400	0.79074916	0.74717485	0.70570798	0.66598596
	1.37807086	1.34465061	1.30578726	1.26664503	1.23305793	1.21038686	1.20148684	1.20377087	1.21428882	1.22836053	1.24197798	1.25266299	1.25892508	1.26099522	1.25575559	1.23998824	1.21411866	1.18185394	1.14799999	1.13305529	1.15020254	1.20673193	1.30592882	1.43194444	1.58671545	1.74628933	1.87608063	1.96993754	2.02658780	2.05273775	2.04815995	2.00090426	1.91735406	1.81275129	1.70183450	1.59397879	1.49305995	1.39733762	1.30759097	1.22141501	1.13517796	1.04990909	0.97017829	0.90356732	0.84820657	0.79980017	0.75526145	0.71306132	0.67258246
	1.38877204	1.35538787	1.31638402	1.27700106	1.24310055	1.22007862	1.21076264	1.21255133	1.22269141	1.23653733	1.24994584	1.26046152	1.26656462	1.26850365	1.26311221	1.24712926	1.22095406	1.18830744	1.15403103	1.13891037	1.15668102	1.21392743	1.31436457	1.44180393	1.59743333	1.76052122	1.89224083	1.98780240	2.04559557	2.07307237	2.06961839	2.02238352	1.93929553	1.83376837	1.72247967	1.61368034	1.51130414	1.41525342	1.32345684	1.23611365	1.14887354	1.06214602	0.98081394	0.91292746	0.85643797	0.80708479	0.76174139	0.71892237	0.67783152
	1.39394407	1.36047331	1.32137981	1.28193154	1.24802315	1.22496940	1.21571322	1.21747880	1.22755676	1.24130072	1.25455980	1.26490517	1.27082270	1.27256093	1.26690430	1.25060058	1.22409911	1.19116437	1.15666066	1.14139503	1.15937174	1.21694030	1.31827119	1.44685152	1.60397558	1.76919043	1.90260961	1.99983064	2.05869543	2.08641108	2.08382904	2.03755660	1.95365469	1.84778064	1.73668829	1.62696966	1.52324218	1.42704029	1.33422182	1.24673689	1.15891183	1.07147326	0.98933978	0.92065959	0.86340975	0.81346103	0.76759157	0.72425926	0.68264612
	1.39942399	1.36610865	1.32703945	1.28750049	1.25341079	1.23011728	1.22053329	1.22187896	1.23156267	1.24502925	1.25808359	1.26826467	1.27403330	1.27566674	1.26994622	1.25356951	1.22694800	1.19383224	1.15909197	1.14380448	1.16230784	1.22040599	1.32263969	1.45188443	1.60946430	1.77597521	1.90977191	2.00678901	2.06646741	2.09445723	2.09230500	2.04632428	1.96252747	1.85693582	1.74522354	1.63532522	1.53114946	1.43454746	1.34101941	1.25289547	1.16420987	1.07609110	0.99323096	0.92388990	0.86618207	0.81582847	0.76957530	0.72591431	0.68404494
	1.40513002	1.37216683	1.33320252	1.29353145	1.25909206	1.23538377	1.22512242	1.22571550	1.23475951	1.24784053	1.26067898	1.27073514	1.27641925	1.27806138	1.27247727	1.25626630	1.22972329	1.19653415	1.16156015	1.14635027	1.16562214	1.22439462	1.32739814	1.45685698	1.61371775	1.78096542	1.91400158	2.00949560	2.06939616	2.09781633	2.09577846	2.04944736	1.96691188	1.86177691	1.74897013	1.63945462	1.53551696	1.43856734	1.34429708	1.25509020	1.16541810	1.07663139	0.99308257	0.92322346	0.86529205	0.81470340	0.76820670	0.72440046	0.68251892
	1.41117628	1.37840773	1.33943081	1.29958746	1.26485804	1.24080996	1.23016215	1.23025789	1.23890728	1.25175527	1.26445321	1.27440646	1.27999356	1.28157117	1.27595632	1.25969898	1.23304806	1.19967004	1.16443204	1.14922938	1.16920622	1.22879223	1.33243008	1.46292400	1.62036754	1.78795270	1.92139051	2.01623747	2.07594325	2.10447969	2.10249447	2.05680876	1.97382264	1.86872814	1.75562278	1.64626160	1.54165651	1.44440620	1.34931610	1.25961452	1.16892501	1.07951831	0.99528025	0.92479483	0.86648354	0.81559561	0.76882497	0.72478605	0.68272688
	1.41899203	1.38640917	1.34739885	1.30737422	1.27234898	1.24792268	1.23687649	1.23641085	1.24455768	1.25707964	1.26954831	1.27930970	1.28471381	1.28613811	1.28038943	1.26397136	1.23709680	1.20342565	1.16783374	1.15262438	1.17349467	1.23427683	1.33859800	1.47077984	1.62966998	1.79758041	1.93167186	2.02589135	2.08630422	2.11521619	2.11326032	2.06834378	1.98411285	1.87933782	1.76561115	1.65643756	1.55127000	1.45298702	1.35724036	1.26680945	1.17488985	1.08472770	0.99963234	0.92827815	0.86945804	0.81810906	0.77090055	0.72647639	0.68408691
	1.42138270	1.38899109	1.35001706	1.30988981	1.27464118	1.24991738	1.23851672	1.23764096	1.24544909	1.25778819	1.27018051	1.27990071	1.28527792	1.28671862	1.28105385	1.26474578	1.23793825	1.20425036	1.16855325	1.15344055	1.17482294	1.23637625	1.34008346	1.47312728	1.63199627	1.79919436	1.93108123	2.02573120	2.08594490	2.11454416	2.11226626	2.06744195	1.98312004	1.87888390	1.76503265	1.65600824	1.55117833	1.45262643	1.35655784	1.26598975	1.17351542	1.08321567	0.99791783	0.92638738	0.86757134	0.81621907	0.76900315	0.72457804	0.68222485
	1.42167617	1.38936923	1.35041891	1.31025082	1.27490308	1.25003750	1.23849337	1.23746545	1.24515459	1.25744258	1.26983327	1.27956611	1.28495956	1.28643740	1.28084697	1.26463280	1.23790178	1.20424923	1.16854282	1.15348585	1.17503576	1.23687986	1.34000289	1.47342964	1.63206725	1.79878209	1.92924604	2.02443198	2.08410661	2.11248654	2.11001448	2.06527017	1.98104400	1.87693683	1.76322402	1.65432244	1.54963721	1.45121959	1.35498327	1.26449720	1.17189103	1.08159459	0.99629271	0.92477128	0.86601175	0.81472599	0.76757453	0.72320538	0.68091750
	1.42292507	1.39066993	1.35171655	1.31150231	1.27606985	1.25108949	1.23951040	1.23832623	1.24591487	1.25814593	1.27051053	1.28022530	1.28559795	1.28706772	1.28148316	1.26527476	1.23853286	1.20484677	1.16908389	1.15403528	1.17576882	1.23782191	1.34103920	1.47481606	1.63357798	1.80005587	1.93134431	2.02561195	2.08480796	2.11321118	2.11061446	2.06605790	1.98185749	1.87753575	1.76385631	1.65523978	1.55033254	1.45215694	1.35568216	1.26508339	1.17239820	1.08192544	0.99645533	0.92479086	0.86591614	0.81457496	0.76738882	0.72298689	0.68066853
	1.43756742	1.40523108	1.36617476	1.32591753	1.29043586	1.26522150	1.25338028	1.25155782	1.25826875	1.26967140	1.28123682	1.29018292	1.29482409	1.29562332	1.28933696	1.27237916	1.24485743	1.21043275	1.17399615	1.15876320	1.18171049	1.24605081	1.35008365	1.48785150	1.65128500	1.82204169	1.95660251	2.05359910	2.11730670	2.14997055	2.14866759	2.10428919	2.02032691	1.91455125	1.80054041	1.69113398	1.58514965	1.48533386	1.38676862	1.29361410	1.20060511	1.10819594	1.02038776	0.94647045	0.88556046	0.83237768	0.78359274	0.73768406	0.69387037
	1.45479869	1.42242536	1.38323824	1.34289695	1.30734433	1.28188015	1.26970718	1.26713019	1.27278860	1.28316102	1.29373887	1.30171267	1.30541331	1.30535587	1.29817580	1.28027140	1.25176777	1.21641071	1.17913123	1.16373550	1.18829815	1.25560041	1.36130290	1.50268230	1.67256422	1.84778594	1.98768353	2.08490155	2.15461420	2.19113728	2.19064785	2.14558489	2.06131131	1.95603481	1.84086257	1.72990497	1.62352030	1.52146278	1.42094335	1.32481774	1.23125798	1.13687939	1.04640839	0.96997547	0.90678689	0.85153525	0.80099154	0.75344703	0.70802612
	1.46351059	1.43120007	1.39194825	1.35152388	1.31589078	1.29027763	1.27786593	1.27486474	1.27994849	1.28974687	1.29979619	1.30723683	1.31041074	1.30988339	1.30222463	1.28382213	1.25479773	1.21893294	1.18118680	1.16577457	1.19137287	1.26048035	1.36755551	1.50977277	1.68373811	1.86044909	2.00414376	2.09880761	2.17172411	2.20915068	2.20807988	2.16226773	2.07731181	1.97410827	1.85804204	1.74570804	1.63972499	1.53654534	1.43546798	1.33782914	1.24383006	1.14870592	1.05696287	0.97938541	0.91516457	0.85899155	0.80770063	0.75947932	0.71340863
	1.46857614	1.43618816	1.39686088	1.35641396	1.32080642	1.29519942	1.28272238	1.27963310	1.28449060	1.29400180	1.30376511	1.31090739	1.31378095	1.31296044	1.30498076	1.28622087	1.25683695	1.22065283	1.18265352	1.16715317	1.19315218	1.26292146	1.37097187	1.51289419	1.69021833	1.86833221	2.01349299	2.10987233	2.18409850	2.22298365	2.22032398	2.17639092	2.08970940	1.98598564	1.87142068	1.75770146	1.65071122	1.54843889	1.44646146	1.34794108	1.25332416	1.15810416	1.06570891	0.98750726	0.92265799	0.86592072	0.81412310	0.76542681	0.71887920
	1.48454054	1.45232659	1.41297412	1.37242919	1.33669329	1.31082675	1.29776225	1.29399208	1.29771861	1.30603663	1.31470782	1.32084405	1.32271581	1.32100705	1.31219590	1.29259489	1.26234512	1.22529583	1.18648950	1.17094606	1.19879586	1.27072398	1.38188700	1.52470697	1.70962023	1.89120405	2.04140709	2.13794470	2.21628877	2.25793341	2.25679785	2.21380631	2.12437183	2.01861570	1.90387773	1.79049757	1.68223968	1.57959977	1.47545421	1.37516611	1.27819292	1.18228240	1.08788134	1.00764540	0.94113193	0.88281328	0.82962255	0.77963037	0.73185714
	1.48656361	1.45431497	1.41493268	1.37438046	1.33866478	1.31281810	1.29973249	1.29595989	1.29960502	1.30780733	1.31635603	1.32237158	1.32411579	1.32228350	1.31333811	1.29358976	1.26319190	1.22601132	1.18710210	1.17150729	1.19947126	1.27160482	1.38328538	1.52622158	1.71196688	1.89444352	2.04557949	2.14237879	2.22156610	2.26375546	2.26274408	2.22012594	2.13004407	2.02374904	1.90922456	1.79594080	1.68711273	1.58474434	1.48010529	1.37949010	1.28220913	1.18630990	1.09165054	1.01113539	0.94438674	0.88582776	0.83242184	0.78222636	0.73426323
	1.50152260	1.46933346	1.42995863	1.38942479	1.35372000	1.32777081	1.31439199	1.30995541	1.31253511	1.31957598	1.32700486	1.33200859	1.33278586	1.33007479	1.32030489	1.29972219	1.26850861	1.23055566	1.19097264	1.17529368	1.20474767	1.27801962	1.39176528	1.53713539	1.72976506	1.91563703	2.07033688	2.17195976	2.25534881	2.30130907	2.30573510	2.26275479	2.17142341	2.06027306	1.94414890	1.83160376	1.72267906	1.61806618	1.51195267	1.41082676	1.31081207	1.21401900	1.11771076	1.03543486	0.96705430	0.90690237	0.85201207	0.80040900	0.75103020
	1.51630569	1.48431521	1.44501020	1.40448559	1.36870863	1.34253758	1.32872519	1.32344183	1.32480361	1.33057454	1.33680222	1.34074395	1.34051768	1.33692341	1.32637383	1.30503820	1.27309072	1.23441696	1.19416576	1.17851917	1.20976080	1.28453749	1.39984640	1.54793576	1.74770885	1.93595641	2.09344034	2.19961982	2.28633096	2.33556268	2.34662044	2.30202684	2.20972375	2.09451643	1.97664405	1.86517144	1.75624709	1.64859278	1.54181788	1.44046617	1.33751148	1.23986919	1.14184203	1.05783023	0.98785017	0.92615926	0.86983335	0.81687606	0.76612940
	1.52226326	1.49040425	1.45117766	1.41070213	1.37491776	1.34866805	1.33466978	1.32897491	1.32975173	1.33492447	1.34057511	1.34400095	1.34329769	1.33927688	1.32835843	1.30668839	1.27443641	1.23547956	1.19497001	1.17940959	1.21152963	1.28730221	1.40288482	1.55271405	1.75551030	1.94415341	2.10244344	2.21117281	2.29870667	2.34932880	2.36445087	2.31832493	2.22598615	2.11007754	1.99062971	1.87904757	1.77105185	1.66099586	1.55477282	1.45318508	1.34908018	1.25079374	1.15216981	1.06751432	0.99689758	0.93459733	0.87769302	0.82418714	0.77286283
	1.53601883	1.50406466	1.46486718	1.42455296	1.38900471	1.36292420	1.34889866	1.34284083	1.34275361	1.34694846	1.35162564	1.35407843	1.35246387	1.34752819	1.33567213	1.31303952	1.27989459	1.24018049	1.19910063	1.18342854	1.21666444	1.29363320	1.41164076	1.56430248	1.77261136	1.96476055	2.12729369	2.24210195	2.33373644	2.38886700	2.40777608	2.36290032	2.27065600	2.15254741	2.02917137	1.91360097	1.81014230	1.69645352	1.58929060	1.48530815	1.38033677	1.27938436	1.18008431	1.09405635	1.02202509	0.95836791	0.90018434	0.84544289	0.79280621
	1.54419830	1.51256650	1.47352117	1.43322738	1.39754780	1.37114503	1.35665019	1.34995930	1.34912602	1.35258954	1.35667367	1.35860737	1.35652086	1.35119582	1.33902620	1.31614043	1.28275102	1.24275927	1.20137553	1.18587654	1.22039938	1.29845695	1.41743879	1.57160424	1.78284643	1.97553692	2.13849674	2.25475030	2.34719405	2.40311513	2.42327236	2.37787803	2.28610009	2.16802465	2.04446986	1.92733035	1.82492960	1.71067835	1.60176273	1.49729244	1.39201508	1.28990107	1.18989086	1.10306963	1.03032480	0.96605233	0.90725990	0.85200667	0.79888072
	1.55293326	1.52135921	1.48236696	1.44214808	1.40652988	1.38010709	1.36545014	1.35839996	1.35697885	1.35979005	1.36324054	1.36456968	1.36191188	1.35603721	1.34333489	1.31992517	1.28605001	1.24563655	1.20391514	1.18842287	1.22386911	1.30286733	1.42367337	1.57952590	1.79397079	1.98855957	2.15339606	2.27267071	2.36747918	2.42569038	2.44803348	2.40329568	2.31139003	2.19233149	2.06728418	1.94844274	1.84737070	1.73182815	1.62150383	1.51578451	1.41014232	1.30669483	1.20596390	1.11829510	1.04473551	0.97962788	0.92005620	0.86410157	0.81028712
	1.56293079	1.53139228	1.49248571	1.45241865	1.41696453	1.39059774	1.37580401	1.36837430	1.36628138	1.36828338	1.37097902	1.37157866	1.36823259	1.36169765	1.34834421	1.32431865	1.28988826	1.24900083	1.20690417	1.19136442	1.22769320	1.30792121	1.42985028	1.58814568	1.80611491	2.00315497	2.17092577	2.29612706	2.39274148	2.45424876	2.47991701	2.43598660	2.34390177	2.22445672	2.09840478	1.97634038	1.87717899	1.75992350	1.64718961	1.53974964	1.43373007	1.32817004	1.22697116	1.13830364	1.06368946	0.99758787	0.93708274	0.88024287	0.82548226
	1.58107379	1.54999973	1.51141914	1.47161639	1.43627420	1.40974738	1.39439867	1.38592080	1.38239908	1.38284635	1.38410385	1.38342624	1.37888334	1.37130855	1.35703236	1.33222870	1.29714465	1.25568725	1.21309415	1.19784523	1.23643606	1.31963978	1.44421828	1.60639546	1.83079111	2.02950662	2.20041940	2.33437911	2.43192008	2.49784820	2.52712407	2.48565818	2.39363122	2.27409877	2.14733739	2.02440134	1.92421472	1.80404603	1.68787541	1.57819063	1.47141430	1.36249017	1.25955352	1.16924055	1.09305982	1.02532622	0.96328492	0.90506112	0.84896913
	1.59205685	1.56114302	1.52271520	1.48310301	1.44792018	1.42144271	1.40593804	1.39697316	1.39270614	1.39232376	1.39276204	1.39136304	1.38613326	1.37794610	1.36308888	1.33776855	1.30226607	1.26048387	1.21766440	1.20253758	1.24219867	1.32692811	1.45314158	1.61736564	1.84520575	2.04590518	2.21938530	2.35796752	2.45788034	2.52689844	2.55847861	2.51880931	2.42706557	2.30716488	2.17964365	2.05718918	1.95507759	1.83263777	1.71455425	1.60400315	1.49672820	1.38567195	1.28135766	1.19006754	1.11294769	1.04416493	0.98110872	0.92200151	0.86510557
	1.60399294	1.57294412	1.53460541	1.49531464	1.46060763	1.43459661	1.41942009	1.41035935	1.40561010	1.40461545	1.40433146	1.40226960	1.39641087	1.38758518	1.37201782	1.34599157	1.30994478	1.26784514	1.22496103	1.20983028	1.24987581	1.33560745	1.46333695	1.63012295	1.85869950	2.06525592	2.24323536	2.38602100	2.49250940	2.56581941	2.60129190	2.56392254	2.47195326	2.35144945	2.22274597	2.10224592	1.99552358	1.87086899	1.75036561	1.63816547	1.53027249	1.41783532	1.31105469	1.21901771	1.14069941	1.07077932	1.00652127	0.94634764	0.88855186
	1.62230557	1.59133264	1.55323308	1.51437059	1.48019313	1.45460656	1.43960236	1.43009594	1.42439516	1.42233462	1.42090385	1.41781213	1.41100299	1.40129366	1.38483327	1.35798021	1.32132472	1.27887586	1.23591430	1.22099165	1.26217992	1.34986700	1.47993963	1.65013485	1.88051910	2.09401328	2.27737924	2.42801654	2.54027094	2.61928105	2.65969073	2.62564764	2.53341404	2.41244536	2.28297581	2.16571945	2.05257778	1.92481454	1.80100657	1.68584834	1.57680469	1.46268065	1.35219209	1.25892360	1.17894756	1.10743069	1.04147116	0.97975441	0.92065643
	1.63766887	1.60693091	1.56909197	1.53053315	1.49665453	1.47122883	1.45615670	1.44610453	1.43950544	1.43649539	1.43417400	1.43026742	1.42274383	1.41242262	1.39542048	1.36811251	1.33116791	1.28860182	1.24568421	1.23111389	1.27355930	1.36312839	1.49523449	1.66794038	1.90009471	2.11731575	2.30404793	2.46055675	2.57623148	2.65919427	2.70349813	2.67140735	2.57943078	2.45827376	2.32848520	2.21304324	2.09619834	1.96695378	1.84040567	1.72268812	1.61226767	1.49745884	1.38419223	1.28896676	1.20793734	1.13515259	1.06796019	1.00507691	0.94493544
	1.65013635	1.62001649	1.58254957	1.54418766	1.51031792	1.48465146	1.46906249	1.45817603	1.45057519	1.44664235	1.44354308	1.43896485	1.43086816	1.42014260	1.40288174	1.37544486	1.33848143	1.29594379	1.25307057	1.23913186	1.28347354	1.37551939	1.50959241	1.68517742	1.91879734	2.13685231	2.32377041	2.48534127	2.59912657	2.68295182	2.72846450	2.69717215	2.60522492	2.48424596	2.35463475	2.24108449	2.12198086	1.99311217	1.86429761	1.74468179	1.63363226	1.51851376	1.40293784	1.30699489	1.22506552	1.15141853	1.08342581	1.01966721	0.95879254
	1.66046529	1.63028722	1.59291902	1.55483629	1.52134969	1.49605679	1.48069409	1.46963287	1.46155301	1.45702805	1.45337011	1.44822891	1.43962326	1.42840271	1.41065314	1.38276350	1.34550402	1.30287985	1.26011301	1.24635308	1.29120736	1.38432870	1.51976822	1.69725903	1.93279359	2.15332874	2.34370538	2.51009966	2.62751738	2.71606971	2.76538578	2.73525286	2.64434367	2.52318519	2.39310565	2.27935147	2.15893129	2.02788139	1.89756175	1.77606736	1.66372773	1.54791675	1.43067067	1.33235263	1.24989351	1.17529783	1.10629976	1.04170978	0.98007789
	1.68943346	1.65949074	1.62311467	1.58581385	1.55306728	1.52852908	1.51328665	1.50125155	1.49155419	1.48513600	1.47972610	1.47303227	1.46300153	1.45048698	1.43160221	1.40271117	1.36481516	1.32200533	1.27947038	1.26637948	1.31328646	1.40851142	1.54631103	1.73187449	1.97145170	2.19826222	2.39639321	2.57184719	2.69846227	2.79845651	2.85694508	2.83007896	2.74107138	2.61897707	2.48740451	2.37169814	2.24982467	2.11461181	1.98099483	1.85392288	1.73773712	1.61968910	1.49980064	1.39572724	1.31034728	1.23370305	1.16214566	1.09512753	1.03134225
	1.71932986	1.69028001	1.65443685	1.61789011	1.58559256	1.56171519	1.54638994	1.53341939	1.52174686	1.51320671	1.50575512	1.49732620	1.48565843	1.47169637	1.45167625	1.42190413	1.38348862	1.34056234	1.29824671	1.28634406	1.33673506	1.43563391	1.57662957	1.77119661	2.01443370	2.24598223	2.44882099	2.63170973	2.76345153	2.87237131	2.93708345	2.91203941	2.82429273	2.70321750	2.56865760	2.44793834	2.33137111	2.19253278	2.05606969	1.92463240	1.80292460	1.68330141	1.56079435	1.45283491	1.36299571	1.28499502	1.21087789	1.14140242	1.07563986
	1.74462455	1.71598021	1.68040074	1.64444707	1.61279650	1.58904497	1.57371271	1.56116205	1.54817386	1.53813679	1.52914873	1.51935196	1.50639978	1.49117430	1.47001440	1.43928961	1.40028603	1.35725380	1.31527561	1.30418511	1.35665102	1.45894988	1.60191411	1.80303270	2.04863735	2.28586396	2.49439710	2.68051760	2.82361885	2.94004980	3.01010268	2.98563344	2.89938595	2.77854861	2.64257748	2.51130821	2.40248402	2.26185123	2.12305281	1.98864786	1.86222622	1.74082274	1.61589872	1.50477406	1.41036160	1.33002820	1.25453121	1.18280444	1.11518839
	1.77876606	1.75046864	1.71548441	1.68039143	1.64972629	1.62628139	1.61114179	1.59805585	1.58370056	1.57167424	1.56072191	1.54908354	1.53447261	1.51758276	1.49489124	1.46289798	1.42313098	1.37998636	1.33851876	1.32846431	1.38343224	1.48963642	1.63602792	1.84432399	2.09471182	2.33856560	2.55700687	2.74394238	2.90476689	3.03361038	3.11075448	3.08966842	3.00582990	2.88535115	2.75052111	2.61203010	2.50137179	2.35934105	2.21745347	2.07888384	1.94611082	1.82022011	1.69289711	1.57819570	1.47865220	1.39220626	1.31521953	1.24067812	1.17027826
	1.80304807	1.77524187	1.74078403	1.70624752	1.67606310	1.65283023	1.63751830	1.62289788	1.60791054	1.59433499	1.58193918	1.56897289	1.55317268	1.53519866	1.51157387	1.47886298	1.43868594	1.39549150	1.35431117	1.34517227	1.40251124	1.51197790	1.66166500	1.87381365	2.12826542	2.37583162	2.60041440	2.78790531	2.95711633	3.09326146	3.17567832	3.15593339	3.07336192	2.95345803	2.81882954	2.68015280	2.56296434	2.42179741	2.27769170	2.13667424	2.00017171	1.86987496	1.74097938	1.62414975	1.52196745	1.43225330	1.35203570	1.27636312	1.20417351
	1.82940217	1.80208037	1.76824069	1.73444796	1.70500602	1.68227535	1.66699887	1.65077925	1.63521503	1.62002443	1.60597206	1.59150138	1.57433721	1.55510501	1.53035416	1.49674968	1.45607619	1.41289382	1.37218745	1.36397057	1.42343798	1.53666329	1.68994737	1.90571297	2.16376370	2.41771786	2.64613038	2.83754885	3.01417072	3.15733940	3.24723136	3.23016693	3.14745248	3.02796771	2.89357477	2.75462375	2.63041334	2.49139293	2.34446803	2.20064395	2.06009655	1.92628335	1.79450231	1.67493017	1.57055084	1.47695791	1.39339048	1.31616001	1.24209274
	1.86195035	1.83542249	1.80247762	1.76965944	1.74108135	1.71883884	1.70339846	1.68544910	1.66827765	1.65094279	1.63466778	1.61832403	1.59947895	1.57869948	1.55264098	1.51801280	1.47686587	1.43389209	1.39393699	1.38590170	1.44652597	1.56301106	1.72069290	1.93924232	2.20139155	2.46211315	2.69735832	2.89453838	3.07937834	3.23211177	3.33415370	3.31947602	3.23831466	3.11916748	2.98491576	2.84470554	2.70738525	2.57688433	2.42692100	2.27966505	2.13510357	1.99725704	1.86145676	1.73851123	1.63129594	1.53246161	1.44479586	1.36472950	1.28807523
	1.87794881	1.85196853	1.81963396	1.78742439	1.75934878	1.73740060	1.72195987	1.70348046	1.68504765	1.66664563	1.64917739	1.63178228	1.61199285	1.59026434	1.56341936	1.52821748	1.48683981	1.44402609	1.40452195	1.39618840	1.45659215	1.57381208	1.73394542	1.95271697	2.21607127	2.48085998	2.72188676	2.92206884	3.10988948	3.26725789	3.37475471	3.36260241	3.28220693	3.16337669	3.02926377	2.89060313	2.74942190	2.61736475	2.46856115	2.31927690	2.17293007	2.03336399	1.89555029	1.77089756	1.66140563	1.56071067	1.47065150	1.38882109	1.31061132
	1.89434411	1.86895185	1.83733135	1.80575147	1.77818776	1.75652957	1.74109902	1.72233795	1.70229782	1.68281076	1.66423264	1.64580248	1.62513884	1.60247789	1.57489149	1.53919844	1.49764845	1.45500778	1.41593069	1.40703617	1.46668928	1.58353166	1.74841898	1.96457574	2.22853501	2.49906051	2.74577191	2.95002888	3.14225231	3.30530840	3.41839049	3.40924790	3.33056847	3.21239992	3.07827723	2.93973067	2.79802394	2.65873958	2.51478201	2.36294344	2.21461661	2.07321265	1.93330835	1.80666865	1.69485760	1.59240248	1.49924586	1.41540880	1.33532504
	1.91607958	1.89154152	1.86117271	1.83082151	1.80436081	1.78348155	1.76838072	1.74943347	1.72725576	1.70619075	1.68615618	1.66630521	1.64448960	1.62052595	1.59179653	1.55541663	1.51373445	1.47153079	1.43327294	1.42357939	1.48130104	1.59678397	1.76649252	1.98058556	2.24623027	2.52465830	2.77698428	2.98906312	3.18797539	3.35859398	3.47873744	3.47507100	3.39855270	3.28077371	3.14692649	3.00811696	2.86747079	2.72164004	2.57589089	2.42591899	2.27469552	2.13054550	1.98775083	1.85838826	1.74305810	1.63770192	1.54054037	1.45376474	1.37110446
	1.93045949	1.90645780	1.87715971	1.84803786	1.82275035	1.80280382	1.78825579	1.76927202	1.74579147	1.72348618	1.70237557	1.68152087	1.65891875	1.63403004	1.60433844	1.56741481	1.52567969	1.48389234	1.44638104	1.43625485	1.49210664	1.60636262	1.77531286	1.99118161	2.25870728	2.54173408	2.79749807	3.01579930	3.21879340	3.39463812	3.51898182	3.52073475	3.44629089	3.32941843	3.19552459	3.05700841	2.91636121	2.76847946	2.61734230	2.47071229	2.31753332	2.17120355	2.02670320	1.89484474	1.77728476	1.66922056	1.57019168	1.48124390	1.39677232
	1.93972287	1.91620042	1.88760620	1.85935906	1.83483226	1.81542945	1.80111602	1.78201435	1.75750147	1.73424825	1.71237158	1.69086391	1.66776244	1.64231130	1.61203095	1.57483612	1.53313315	1.49162784	1.45458170	1.44411174	1.49862470	1.61218616	1.78066305	1.99701369	2.26540977	2.55099344	2.80912440	3.03094728	3.23591143	3.41451652	3.54121109	3.54589210	3.47282301	3.35733159	3.22368785	3.08517107	2.94513731	2.79603563	2.64330166	2.49602189	2.34296715	2.19562428	2.05008184	1.91668844	1.79765255	1.68775219	1.58763902	1.49720791	1.41144908
	1.94481496	1.92189675	1.89371794	1.86602425	1.84182384	1.82250450	1.80800336	1.78861972	1.76315642	1.73911877	1.71668182	1.69478276	1.67143391	1.64576561	1.61531357	1.57815239	1.53660472	1.49529981	1.45847622	1.44762361	1.50110968	1.61413854	1.78237714	1.99817797	2.26635092	2.55261379	2.81165041	3.03459708	3.23929652	3.41753417	3.54460121	3.55013746	3.47885940	3.36514511	3.23163414	3.09288194	2.95413750	2.80426124	2.65142031	2.50170244	2.35100280	2.20412402	2.05792129	1.92396917	1.80390818	1.69292131	1.59265175	1.50151076	1.41490521
	1.95277415	1.93036930	1.90262376	1.87534809	1.85172206	1.83250774	1.81799046	1.79838301	1.77196092	1.74702266	1.72391306	1.70158729	1.67799829	1.65215113	1.62157105	1.58450820	1.54318913	1.50217343	1.46569551	1.45428646	1.50605031	1.61802099	1.78544379	2.00079927	2.26829117	2.55581368	2.81680161	3.04220772	3.24775493	3.42706554	3.55532892	3.56300740	3.49436155	3.38106718	3.24846282	3.11036074	2.97253544	2.82178477	2.66818976	2.51513566	2.36748477	2.22031876	2.07302015	1.93840796	1.81652214	1.70428648	1.60307599	1.51094669	1.42315172
	1.96286372	1.94078700	1.91400258	1.88740023	1.86412359	1.84517445	1.83082268	1.81108908	1.78391852	1.75813915	1.73435598	1.71160911	1.68777154	1.66172526	1.63098124	1.59397544	1.55287873	1.51220996	1.47618858	1.46424432	1.51393559	1.62452062	1.79070476	2.00622035	2.27285463	2.56235385	2.82625453	3.05546366	3.26295174	3.44540143	3.57573375	3.58646007	3.51525314	3.40728183	3.27603657	3.13827006	3.00110152	2.84970956	2.69463003	2.54048739	2.39328296	2.24461198	2.09634979	1.96011220	1.83650307	1.72215456	1.62017565	1.52605283	1.43676869
	1.97482419	1.95318577	1.92807558	1.90292358	1.88048205	1.86261562	1.84762660	1.82774638	1.79969246	1.77284612	1.74811675	1.72473857	1.70049850	1.67413846	1.64313695	1.60610910	1.56520914	1.52491620	1.48940253	1.47675570	1.52366300	1.63224654	1.79633998	2.01298803	2.27781462	2.56975169	2.83794731	3.07287171	3.28465710	3.47130614	3.60498704	3.61353034	3.54513518	3.44526910	3.31616831	3.17715588	3.04050922	2.88900619	2.73212404	2.57667672	2.42849849	2.27845185	2.12874018	1.99077740	1.86502966	1.74781330	1.64384464	1.54724187	1.45587909
	1.98105194	1.95962835	1.93524562	1.91102824	1.88967591	1.87266403	1.85803262	1.83746235	1.80889769	1.78137598	1.75601465	1.73218190	1.70766276	1.68109616	1.64992875	1.61284790	1.57202983	1.53191165	1.49663024	1.48344509	1.52839048	1.63571030	1.79827380	2.01481467	2.27861889	2.57160121	2.84236452	3.08079115	3.29547774	3.48374542	3.61977666	3.62799561	3.56332645	3.45998064	3.33659533	3.19774402	3.06193361	2.91083575	2.75303016	2.59707615	2.44825180	2.29735656	2.14668004	2.00784672	1.88100300	1.76217346	1.65670270	1.55876244	1.46612224
	1.98363057	1.96262880	1.93893053	1.91537806	1.89474831	1.87809864	1.86385282	1.84224796	1.81320604	1.78523538	1.75955019	1.73552615	1.71097216	1.68443268	1.65333375	1.61638226	1.57573523	1.53577617	1.50063219	1.48691285	1.53013335	1.63629900	1.79680209	2.01287962	2.27589851	2.56873297	2.84026092	3.07980826	3.29522720	3.48127635	3.61657232	3.62465000	3.56092032	3.45417102	3.33648062	3.19834158	3.06370807	2.91311246	2.75530295	2.60038626	2.45137214	2.30085000	2.14973170	2.01044379	1.88298840	1.76376339	1.65777429	1.55909875	1.46570560
	1.99331113	1.97233646	1.94951626	1.92724811	1.90804941	1.89269362	1.87975723	1.85775478	1.82814179	1.79937291	1.77290484	1.74820675	1.72319252	1.69612829	1.66442067	1.62702122	1.58617814	1.54624383	1.51135797	1.49683333	1.53712951	1.64050577	1.79778548	2.01366732	2.27735767	2.57188040	2.84924387	3.09567062	3.31682041	3.50792595	3.64193135	3.65968158	3.59794438	3.49136959	3.37321324	3.23824595	3.10153710	2.95096027	2.79169694	2.63466957	2.48595154	2.33304223	2.18039883	2.03948839	1.91036292	1.78873435	1.67952352	1.57846761	1.48280847
	1.99935786	1.97841175	1.95609828	1.93453978	1.91612523	1.90142942	1.88924770	1.86700384	1.83704828	1.80784371	1.78100882	1.75600057	1.73081929	1.70355194	1.67157190	1.63396621	1.59302004	1.55306980	1.51827229	1.50317074	1.54156450	1.64315184	1.79824573	2.01462550	2.27790121	2.57259385	2.85431664	3.10495796	3.32980436	3.52379145	3.65788042	3.68062082	3.62024899	3.51394237	3.39235659	3.26197233	3.12467426	2.97334329	2.81319728	2.65499382	2.50585214	2.35171601	2.19844160	2.05632059	1.92608600	1.80360666	1.69195660	1.58951492	1.49237698
	1.99940178	1.97892096	1.95716744	1.93597099	1.91772074	1.90305744	1.89090301	1.86833502	1.83809107	1.80872937	1.78196553	1.75715930	1.73234944	1.70548166	1.67389921	1.63666874	1.59599813	1.55618781	1.52142530	1.50570149	1.54223975	1.64201439	1.79450104	2.01139315	2.27297139	2.56563384	2.84816072	3.09859228	3.32229789	3.51330029	3.64457622	3.66602871	3.60607588	3.50015762	3.37472175	3.24959557	3.11584765	2.96491238	2.80454002	2.64801827	2.49874626	2.34524751	2.19246467	2.05041627	1.92024510	1.79775722	1.68611087	1.58313003	1.48574868
	1.99678855	1.97702588	1.95600287	1.93518331	1.91697522	1.90217198	1.88984958	1.86685956	1.83630031	1.80684673	1.78031008	1.75595541	1.73182015	1.70569843	1.67486441	1.63832456	1.59815972	1.55861496	1.52395137	1.50746177	1.54159805	1.63887619	1.78797699	2.00426173	2.26429136	2.55396686	2.83582416	3.08496673	3.30469254	3.48793988	3.61531093	3.63373044	3.57311136	3.46750221	3.34065544	3.21503352	3.09088047	2.94146359	2.78191761	2.62785801	2.47932410	2.32710020	2.17556061	2.03383577	1.90473910	1.78195055	1.67156938	1.56837451	1.47131575
	1.99591494	1.97678737	1.95666205	1.93650825	1.91865971	1.90401353	1.89172791	1.86855409	1.83763985	1.80796142	1.78154362	1.75756248	1.73406199	1.70868974	1.67852842	1.64256389	1.60282034	1.56349289	1.52888204	1.51137468	1.54226953	1.63605611	1.78096830	1.99515201	2.25435211	2.54051639	2.82387830	3.07549445	3.29199395	3.46619063	3.59491500	3.61343289	3.55225901	3.44752843	3.32129524	3.19229776	3.07305394	2.92881773	2.77119448	2.61806594	2.46889343	2.31839754	2.16778808	2.02615153	1.89770074	1.77352807	1.66362770	1.55992151	1.46255472
	1.99604844	1.97711017	1.95747394	1.93780780	1.92036081	1.90602938	1.89394723	1.87085660	1.83984794	1.81002459	1.78360195	1.75971530	1.73644092	1.71136029	1.68140617	1.64558455	1.60593921	1.56666068	1.53203416	1.51390162	1.54285041	1.63455228	1.77712954	1.98995340	2.24884946	2.53442073	2.81785394	3.07193587	3.28814474	3.45984210	3.58925159	3.60956657	3.54997012	3.44610601	3.32046901	3.19006930	3.06651315	2.92938057	2.77207482	2.61960234	2.47016117	2.32016593	2.17000017	2.02877342	1.89999748	1.77523859	1.66448829	1.56020993	1.46232720
	1.99209966	1.97341043	1.95419788	1.93482287	1.91746697	1.90308701	1.89086235	1.86789356	1.83714113	1.80756427	1.78150641	1.75808323	1.73540700	1.71104577	1.68174001	1.64642242	1.60713522	1.56807267	1.53349968	1.51473464	1.54158441	1.63099396	1.77131328	1.98213748	2.24001766	2.52206415	2.80363912	3.05585968	3.26816582	3.43343537	3.55862283	3.57903404	3.52061600	3.41767372	3.29331955	3.16281370	3.03628883	2.90637193	2.75151427	2.60188955	2.45392365	2.30555630	2.15772035	2.01749458	1.88966181	1.76556756	1.65484134	1.55089975	1.45331239
	1.98993383	1.97129287	1.95254469	1.93361346	1.91655042	1.90231350	1.89012090	1.86755414	1.83728884	1.80806859	1.78243367	1.75957217	1.73762924	1.71419063	1.68573309	1.65101936	1.61213705	1.57333556	1.53876989	1.51904882	1.54278841	1.62865434	1.76587298	1.97243585	2.23027974	2.50904508	2.78818436	3.03917744	3.24988648	3.40912090	3.53130637	3.55236203	3.49597421	3.39452566	3.27172289	3.14188735	3.01520833	2.88583452	2.73692210	2.58910541	2.44301623	2.29667481	2.15041816	2.01140006	1.88390103	1.76046868	1.64943189	1.54537864	1.44772695
	1.97348787	1.95511954	1.93659002	1.91749483	1.89993605	1.88498086	1.87194374	1.84976925	1.82075391	1.79288277	1.76851853	1.74686278	1.72620882	1.70431577	1.67742553	1.64406842	1.60626856	1.56821461	1.53399185	1.51368003	1.53502947	1.61787435	1.75210312	1.95288966	2.20704403	2.47761543	2.74423715	2.98235609	3.17800951	3.32516297	3.43437400	3.45149318	3.39673999	3.29787862	3.17836455	3.05258382	2.93131546	2.80315904	2.66540139	2.52357505	2.38368247	2.24413504	2.10380197	1.97004641	1.84501714	1.72727435	1.61879818	1.51728338	1.42196571
	1.96923013	1.95081090	1.93237147	1.91329283	1.89567361	1.88059566	1.86739122	1.84554293	1.81713022	1.78985649	1.76606563	1.74499068	1.72494017	1.70376476	1.67759495	1.64482715	1.60750685	1.56979441	1.53572932	1.51500389	1.53470329	1.61538860	1.74768307	1.94528430	2.19735365	2.46518734	2.72804834	2.96229840	3.15163962	3.29679109	3.40214672	3.41915972	3.36527179	3.26696145	3.14856636	3.02414799	2.90469820	2.77759065	2.64289185	2.50320184	2.36506306	2.22779461	2.08991476	1.95765702	1.83335616	1.71763466	1.60991268	1.50914511	1.41442846
	1.97177896	1.95306145	1.93480214	1.91610388	1.89894991	1.88434403	1.87155178	1.85015949	1.82206279	1.79494448	1.77131390	1.75050738	1.73072013	1.70986429	1.68400914	1.65142505	1.61427263	1.57671103	1.54271987	1.52145085	1.53909645	1.61709916	1.74740338	1.94163150	2.19324753	2.46165643	2.72573697	2.96258508	3.15239609	3.30169401	3.40881300	3.42915682	3.37726802	3.27968610	3.16173297	3.03708884	2.91782012	2.79036954	2.65539840	2.51472343	2.37553558	2.23754469	2.09976757	1.96681104	1.84149015	1.72542331	1.61681256	1.51522792	1.41965014
	1.96048711	1.94172591	1.92373068	1.90539039	1.88855480	1.87420600	1.86155785	1.84064150	1.81321699	1.78673152	1.76367703	1.74346735	1.72429652	1.70413810	1.67903732	1.64715080	1.61064740	1.57358832	1.53991850	1.51819247	1.53367486	1.60852703	1.73619650	1.92418719	2.17269963	2.43676577	2.69627417	2.92720159	3.11275950	3.25622749	3.35769967	3.37628839	3.32395330	3.22663512	3.10977455	2.98760579	2.87000506	2.74573355	2.61475408	2.47838498	2.34184736	2.20647331	2.07134174	1.94132105	1.81972591	1.70586920	1.59899966	1.49917325	1.40502114
	1.96070005	1.94151136	1.92355816	1.90547051	1.88889509	1.87478709	1.86233016	1.84184636	1.81496812	1.78887904	1.76622445	1.74653679	1.72790128	1.70845239	1.68424501	1.65315250	1.61728152	1.58066490	1.54724601	1.52480297	1.53728791	1.60764501	1.73124381	1.91303451	2.15931833	2.42476713	2.68567182	2.91738286	3.10761375	3.25142968	3.35379890	3.37635056	3.32663283	3.23098028	3.11507666	2.99421469	2.87614818	2.75101307	2.61896029	2.48272980	2.34490056	2.20846669	2.07309697	1.94302150	1.82051840	1.70662778	1.59906443	1.49856912	1.40387034
	1.95533266	1.93599640	1.91809276	1.90014784	1.88370668	1.86971145	1.85733987	1.83717271	1.81081678	1.78521181	1.76301799	1.74381720	1.72567356	1.70675388	1.68313162	1.65258014	1.61712415	1.58079422	1.54757115	1.52477977	1.53566893	1.60349482	1.72459811	1.90279177	2.14729278	2.41150154	2.67054821	2.90058710	3.08951253	3.23044990	3.33008329	3.35200342	3.30218711	3.20694271	3.09203351	2.97189029	2.85470018	2.73082152	2.59962512	2.46511410	2.32888124	2.19317298	2.05931008	1.93001476	1.80873620	1.69584873	1.58901732	1.48923368	1.39520651
	1.94845109	1.92904191	1.91130205	1.89364686	1.87749884	1.86375693	1.85157989	1.83168885	1.80567816	1.78032390	1.75834699	1.73940403	1.72152892	1.70290331	1.67964420	1.64946046	1.61431009	1.57819660	1.54512764	1.52198355	1.53143263	1.59693717	1.71577168	1.89086126	2.13398742	2.39706351	2.65495194	2.88425843	3.07195963	3.21147966	3.30890711	3.33037997	3.28073303	3.18582371	3.07205864	2.95242728	2.83612346	2.71279357	2.58284456	2.44957565	2.31450777	2.17986638	2.04699038	1.91828735	1.79819300	1.68597039	1.57987456	1.48058250	1.38718552
	1.93046791	1.91105178	1.89351515	1.87615334	1.86020741	1.84654835	1.83433518	1.81480129	1.78959754	1.76499874	1.74375222	1.72553239	1.70837033	1.69048722	1.66806636	1.63875683	1.60435207	1.56881329	1.53613954	1.51253458	1.51980742	1.58159766	1.69652779	1.86646189	2.10552441	2.36381678	2.61644079	2.84104209	3.02215316	3.15725568	3.24583212	3.26312462	3.21374803	3.12048630	3.00841531	2.89118874	2.77724669	2.65650772	2.53035562	2.40019059	2.26960374	2.13896553	2.00920442	1.88309396	1.76700766	1.65681541	1.55335864	1.45600031	1.36473850
	1.92633305	1.90644091	1.88864393	1.87121182	1.85516256	1.84143125	1.82914064	1.81005469	1.78585501	1.76227574	1.74214348	1.72511267	1.70913052	1.69238050	1.67106623	1.64273876	1.60902309	1.57396019	1.54158989	1.51751085	1.52231347	1.57983576	1.69021412	1.85500882	2.08948167	2.34505865	2.59464557	2.81802008	2.99756901	3.12931948	3.21165667	3.22584655	3.17591773	3.08392117	2.97065390	2.85445640	2.73976192	2.62134916	2.49748322	2.36913668	2.24187821	2.11355204	1.98611618	1.86278721	1.74906616	1.64063852	1.53885254	1.44294702	1.35316609
	1.92745945	1.90701956	1.88913158	1.87198433	1.85637198	1.84317172	1.83137371	1.81269651	1.78878274	1.76530579	1.74525595	1.72844486	1.71278941	1.69628078	1.67518197	1.64707274	1.61340860	1.57832379	1.54590466	1.52136175	1.52410251	1.57815408	1.68503034	1.84621009	2.07768597	2.33501435	2.58725801	2.81575287	3.00177483	3.13690997	3.22094443	3.23813579	3.18973442	3.09942842	2.98673242	2.86971849	2.75372407	2.63412612	2.50802940	2.37826854	2.24962165	2.12021622	1.99165834	1.86897507	1.75445668	1.64590755	1.54340914	1.44704751	1.35678363
	1.92373788	1.90291042	1.88483855	1.86772601	1.85226603	1.83927361	1.82767113	1.80933974	1.78576629	1.76256910	1.74276532	1.72627730	1.71101932	1.69484702	1.67402811	1.64618078	1.61266982	1.57763056	1.54518714	1.52038879	1.52180759	1.57335816	1.67757851	1.83575222	2.06397002	2.32044957	2.57217914	2.80087928	2.98913355	3.12504251	3.20886457	3.22945567	3.18221764	3.09124882	2.98018054	2.86200892	2.74620140	2.62589028	2.50026314	2.37078018	2.24183570	2.11322907	1.98515376	1.86397965	1.74988946	1.64229159	1.54030427	1.44439283	1.35466205
	1.91973733	1.89834803	1.87990850	1.86262797	1.84709954	1.83413623	1.82271230	1.80484438	1.78181927	1.75919228	1.74002910	1.72433774	1.71002007	1.69476512	1.67480532	1.64770992	1.61468631	1.57992333	1.54759328	1.52261947	1.52252076	1.57069982	1.67145935	1.82494774	2.04910801	2.30390846	2.55337077	2.78256934	2.97170999	3.10963592	3.19442200	3.21986849	3.17407961	3.08376819	2.97226375	2.85367619	2.73816604	2.61742415	2.48996917	2.36024028	2.23172597	2.10348063	1.97644765	1.85655254	1.74325536	1.63658918	1.53542177	1.44015337	1.35106096
	1.91927759	1.89719509	1.87847743	1.86132535	1.84615484	1.83367297	1.82291399	1.80565126	1.78281267	1.76020049	1.74114175	1.72581629	1.71214356	1.69751344	1.67809154	1.65144962	1.61868866	1.58397896	1.55157744	1.52631785	1.52475393	1.56921526	1.66625016	1.81593467	2.03516765	2.28871191	2.53920246	2.77244883	2.96517997	3.10989124	3.20102382	3.22950246	3.18448306	3.09376699	2.98115825	2.86109713	2.74484779	2.62332515	2.49348485	2.36265626	2.23384555	2.10437322	1.97697359	1.85625385	1.74280905	1.63605936	1.53466982	1.43903162	1.34965925
	1.90442985	1.88213433	1.86312508	1.84566358	1.83010714	1.81718870	1.80610744	1.78908848	1.76689915	1.74512418	1.72711054	1.71301428	1.70069295	1.68749008	1.66950819	1.64414959	1.61239541	1.57842674	1.54647247	1.52127492	1.51881538	1.56031896	1.65368562	1.79912720	2.01185895	2.25828708	2.50196575	2.72813850	2.91493677	3.05506369	3.14190364	3.16587718	3.11743201	3.02355940	2.90936738	2.78914995	2.67456478	2.55571953	2.43042115	2.30416068	2.17923541	2.05434053	1.93095264	1.81399821	1.70443645	1.60143756	1.50342382	1.41074346	1.32425404
