	1.75246483	1.87242951	2.01653136	2.18381508	2.36875668	2.57272217	2.77878058	2.95898698	3.06797856	3.12881757	3.16124574	3.17730002	3.17606789	3.15431676	3.11518777	3.06869527	3.02201497	2.97415899	2.92705817	2.89225035	2.87643254	2.87865882	2.89067143	2.90407444	2.91197472	2.90458448	2.87063330	2.81090332	2.73449204	2.64993090	2.55940674	2.46734736	2.37464462	2.28252779	2.18788610	2.09348996	1.99873848	1.90729276	1.81712651	1.72843344	1.64619219	1.57084212	1.50089736	1.43682904	1.37756687	1.32143797	1.26831164	1.21748786	1.16875944
	2.13382326	2.28295074	2.46334787	2.67067058	2.90964268	3.16881805	3.44619997	3.69599591	3.83919143	3.92396828	3.97597706	4.00201284	4.00302428	3.97305986	3.91811812	3.85439735	3.78592906	3.71562115	3.64973796	3.60172243	3.58010597	3.58478165	3.60265576	3.62142448	3.63337831	3.62423791	3.57994221	3.49997691	3.40127042	3.29365471	3.18129509	3.06924550	2.95636373	2.84086666	2.72447386	2.60859887	2.49148201	2.37595179	2.26401262	2.15268374	2.04583421	1.94622462	1.85327795	1.76813848	1.68910069	1.61389648	1.54135819	1.47244650	1.40676973
	2.25613213	2.42027537	2.62327639	2.85034984	3.11483096	3.40661463	3.69963714	3.97301897	4.13325573	4.23679643	4.30986418	4.35017680	4.36169474	4.33194239	4.27177728	4.19758932	4.11821846	4.03553537	3.95614255	3.90070581	3.87753880	3.88383272	3.90721335	3.93354183	3.95409320	3.95212839	3.90966298	3.82766869	3.72496176	3.61097979	3.48943305	3.36772569	3.24429042	3.11784474	2.99125804	2.86155850	2.73100138	2.60350707	2.47751761	2.35353357	2.23377949	2.12047627	2.01508291	1.91856645	1.82925887	1.74525832	1.66509199	1.58877555	1.51597593
	2.30982442	2.47926235	2.69101234	2.92452508	3.19723141	3.50282573	3.79901846	4.07969706	4.24405841	4.35600365	4.43779970	4.48421882	4.49977322	4.46998237	4.40806497	4.32956641	4.24487081	4.15738598	4.07236645	4.01286419	3.98847163	3.99521393	4.01994890	4.04795581	4.07063892	4.06955620	4.02634566	3.94335227	3.83849410	3.72072330	3.59655562	3.47128646	3.34402503	3.21498368	3.08513666	2.95097548	2.81700065	2.68361177	2.55419749	2.42669963	2.30242604	2.18449117	2.07462224	1.97386507	1.88061622	1.79290715	1.70938420	1.62983103	1.55407184
	2.36779016	2.54250342	2.76002827	2.99833981	3.27898843	3.59111156	3.89239554	4.17941691	4.34832294	4.47071171	4.56320182	4.61573821	4.63583023	4.60754501	4.54446745	4.46228724	4.37108351	4.27744655	4.18625401	4.12016470	4.09173073	4.09672384	4.12064895	4.14846454	4.17167182	4.17149558	4.12771199	4.04388457	3.93681059	3.81623567	3.69004682	3.56110677	3.43194596	3.29994919	3.16703648	3.03021438	2.89292823	2.75583261	2.62251496	2.49275825	2.36492459	2.24289409	2.12868851	2.02371521	1.92659198	1.83508513	1.74790781	1.66474127	1.58556280
	2.41944407	2.59787994	2.82246265	3.06869197	3.35622296	3.67416292	3.98560138	4.28183682	4.46035831	4.59568116	4.70059387	4.76211747	4.78863663	4.76351053	4.69924537	4.61459077	4.51658797	4.41663290	4.31979276	4.24663146	4.21471583	4.21905778	4.24343276	4.27297445	4.29847749	4.30217304	4.26087036	4.17617527	4.06742394	3.94570432	3.81612997	3.68281385	3.55011753	3.41296384	3.27499896	3.13371772	2.99045566	2.84989225	2.70822854	2.57417146	2.44149413	2.31433964	2.19504678	2.08522371	1.98359333	1.88764329	1.79613966	1.70879185	1.62573838
	2.42139440	2.59713219	2.81880506	3.06361948	3.35025627	3.66710066	3.97427259	4.26729003	4.44158892	4.57845224	4.68165309	4.74147374	4.76722486	4.74342447	4.67865520	4.59533996	4.49722579	4.39655858	4.29966683	4.22526619	4.18974890	4.19080018	4.21307933	4.23994004	4.26245503	4.26416164	4.22339101	4.13971650	4.03225500	3.91149918	3.78211900	3.65103582	3.52053657	3.38571069	3.24922560	3.11046246	2.96848173	2.83015942	2.69002683	2.55741044	2.42635800	2.30043437	2.18207056	2.07294960	1.97213626	1.87689014	1.78577728	1.69850791	1.61538171
	2.50560808	2.68771364	2.90916906	3.16821221	3.46376370	3.78466940	4.10497646	4.40563477	4.58180026	4.74017908	4.85518940	4.92255069	4.95112039	4.93538392	4.86832673	4.77678617	4.67204287	4.56308218	4.45363784	4.37228124	4.33376893	4.33160152	4.35170238	4.37870230	4.40046876	4.40095187	4.36110494	4.27818744	4.16692202	4.04282946	3.91202979	3.77527211	3.63895967	3.50070366	3.35765761	3.21408316	3.06587122	2.92226969	2.77842883	2.63797766	2.50250788	2.37133881	2.24758893	2.13325617	2.02747290	1.92753267	1.83180163	1.73987826	1.65215876
	2.54881975	2.73421443	2.95394112	3.21695576	3.51286459	3.83209602	4.15618370	4.45679772	4.63347953	4.79789075	4.91472296	4.98231019	5.01115018	4.99807906	4.92992123	4.83469033	4.72496769	4.61121162	4.49859295	4.41222192	4.36929461	4.36385935	4.38083160	4.40709091	4.42651619	4.42501657	4.38309287	4.30112798	4.18977771	4.06537178	3.93402518	3.79842810	3.66010693	3.52064295	3.37735364	3.23244392	3.08426994	2.93927315	2.79751669	2.65397432	2.51819818	2.38621645	2.26130750	2.14583305	2.03902949	1.93813471	1.84135936	1.74821548	1.65904700
	2.58936690	2.77825397	2.99487849	3.25948082	3.55616093	3.86747474	4.19797939	4.49099244	4.66415735	4.83250460	4.94895353	5.01168444	5.04770334	5.03001740	4.96198329	4.86292327	4.74767826	4.62895334	4.51417722	4.42643600	4.38032742	4.37072598	4.38340121	4.40380224	4.41991825	4.41588708	4.37338422	4.29042922	4.17938152	4.05587509	3.92578366	3.79066704	3.65282050	3.51324689	3.37222685	3.22658622	3.08069529	2.93571979	2.79646087	2.65329622	2.51875537	2.38752553	2.26285213	2.14745386	2.04067758	1.93983672	1.84297110	1.74950367	1.65968176
	2.65896329	2.84835566	3.06886158	3.33728162	3.63878382	3.94744920	4.28731778	4.57832746	4.76047172	4.93646174	5.05733123	5.11479754	5.15531952	5.14073276	5.07904585	4.97899552	4.85871325	4.73362407	4.61085903	4.51850496	4.47000659	4.45916556	4.47299452	4.49257165	4.50605497	4.49897886	4.45395225	4.36776464	4.25524328	4.12890361	3.99651834	3.85725015	3.71689646	3.57325197	3.42869807	3.27967114	3.12959383	2.98125651	2.84021261	2.69615911	2.55687748	2.42384053	2.29638814	2.17822053	2.06882433	1.96548033	1.86620305	1.77043578	1.67831413
	2.69312897	2.88230720	3.10399525	3.37351837	3.67761648	3.98267644	4.32572184	4.61315747	4.79778814	4.97641234	5.09805254	5.15385486	5.19497405	5.18371931	5.12255658	5.02199646	4.89903978	4.77152120	4.64481057	4.55066680	4.50222130	4.49038038	4.50298742	4.52167644	4.53361343	4.52502655	4.47890152	4.39080461	4.27691845	4.15118077	4.01862021	3.87736359	3.73609533	3.59160920	3.44529090	3.29546026	3.14408855	2.99470162	2.85319045	2.70940716	2.56900772	2.43571808	2.30750896	2.18846493	2.07825794	1.97414760	1.87409900	1.77752782	1.68454395
	2.75477645	2.94418810	3.17172391	3.44278993	3.75187161	4.05943824	4.40880390	4.69197716	4.89209615	5.07993843	5.20502596	5.25750519	5.30851313	5.29863948	5.23492582	5.13563946	5.01541920	4.88459010	4.75246305	4.65467877	4.60415069	4.59238905	4.60395238	4.62250758	4.63481264	4.62463478	4.57534388	4.48494046	4.36783193	4.23861005	4.10315434	3.95855310	3.81179004	3.66362796	3.51168792	3.35807394	3.20120699	3.04865072	2.90245978	2.75716417	2.61195597	2.47579204	2.34430180	2.22189973	2.10850895	2.00136431	1.89845432	1.79919706	1.70373304
	2.79085673	2.98126281	3.21066056	3.48277059	3.79432307	4.10010184	4.45363386	4.72842617	4.93814823	5.12928282	5.25468804	5.30642227	5.36317802	5.35512154	5.28905933	5.19143869	5.06964358	4.93809138	4.80381072	4.70439877	4.65328717	4.64092493	4.65195143	4.66958451	4.68189262	4.67009601	4.61936536	4.52690481	4.40873240	4.27620265	4.14081070	3.99494202	3.84390064	3.69434754	3.53945114	3.38418360	3.22449184	3.07107160	2.92285689	2.77726431	2.63043231	2.49292294	2.36018638	2.23637964	2.12170650	2.01335358	1.90925961	1.80885022	1.71229046
	2.84793673	3.04113954	3.27342406	3.54877405	3.86077635	4.17092549	4.52332792	4.80010372	5.02181742	5.21837027	5.33954070	5.39888883	5.46041706	5.45551880	5.38957458	5.28734451	5.16468271	5.03636241	4.89940965	4.79774281	4.74580778	4.73311850	4.74357003	4.76035295	4.77260475	4.75820399	4.70414359	4.60928881	4.48909118	4.35286062	4.21427941	4.06596609	3.91015494	3.75580724	3.59669927	3.43710480	3.27272194	3.11641842	2.96450621	2.81678334	2.66755200	2.52609323	2.39115621	2.26457566	2.14726111	2.03644808	1.93000166	1.82735323	1.72873217
	2.90020559	3.09583900	3.32987993	3.60820151	3.91771833	4.23508650	4.57956557	4.86136857	5.09464492	5.29326629	5.40767581	5.47757358	5.54254346	5.54033328	5.47503212	5.36814051	5.24427424	5.11652121	4.98025775	4.87733104	4.82462948	4.81147112	4.82086738	4.83656967	4.84555019	4.82976409	4.77445069	4.67714739	4.55577435	4.41817762	4.27564553	4.12464787	3.96578175	3.80672560	3.64467325	3.48091506	3.31320586	3.15381005	2.99927298	2.84945500	2.69880243	2.55377299	2.41710451	2.28826063	2.16876525	2.05591314	1.94752059	1.84301755	1.74267956
	2.95474693	3.15351161	3.39013728	3.67289001	3.98073550	4.30840693	4.64210019	4.93222846	5.18240617	5.38243485	5.48919402	5.57359868	5.64464620	5.64559047	5.58021678	5.47102118	5.34175027	5.21299946	5.07888937	4.97461446	4.92143726	4.90827133	4.91682446	4.93146419	4.93712734	4.91836435	4.86502757	4.76431746	4.64083836	4.50167955	4.35475770	4.19922485	4.03694233	3.87229042	3.70654261	3.53756507	3.36574880	3.20208664	3.04401591	2.89109673	2.73822522	2.58861882	2.44956398	2.31783146	2.19553792	2.08003774	1.96914688	1.86232219	1.75990013
	3.00279154	3.20320215	3.44026871	3.72549243	4.02643557	4.36467926	4.68893845	4.98167588	5.24145486	5.43013626	5.54099696	5.63573109	5.71169974	5.71141530	5.64498645	5.53576550	5.40448917	5.27126611	5.13837293	5.03487298	4.98143511	4.96740809	4.97421832	4.98254017	4.98453456	4.96608860	4.91084234	4.81129640	4.68747996	4.54819219	4.40050756	4.24242685	4.07767011	3.90896976	3.74148104	3.56885989	3.39451635	3.22825053	3.06894498	2.91464975	2.76103435	2.60943263	2.46878396	2.33557527	2.21178864	2.09488571	1.98263126	1.87446905	1.77076549
	3.05342959	3.25524097	3.49417453	3.78236855	4.07515594	4.42735011	4.74280935	5.04340360	5.30977381	5.48072269	5.60064479	5.71000061	5.79029701	5.78845868	5.72142600	5.61149198	5.47917664	5.34126547	5.20884915	5.10649958	5.05268022	5.03924453	5.04346083	5.04504269	5.04634090	5.02610588	4.96762532	4.86935992	4.74715253	4.60557591	4.45836857	4.29700812	4.12807759	3.95568345	3.78544220	3.60909512	3.43098728	3.26143816	3.10022027	2.94350286	2.78882260	2.63463276	2.49168452	2.35666982	2.23095075	2.11223450	1.99825356	1.88842648	1.78317651
	3.09797143	3.30260655	3.54104405	3.83190733	4.12108297	4.47922376	4.78635091	5.09776014	5.36391908	5.51978667	5.64751497	5.76631303	5.84671683	5.84654097	5.77830708	5.66801367	5.53496026	5.39345511	5.25988583	5.15862278	5.10471254	5.09264761	5.09385949	5.09424226	5.09186384	5.07093738	5.00907351	4.90922981	4.78970060	4.64860545	4.50004122	4.33700185	4.16466457	3.99065614	3.81639255	3.63764848	3.45723353	3.28490339	3.12252919	2.96378269	2.80867480	2.65324268	2.50810739	2.37204750	2.24497910	2.12497772	2.00976043	1.89870730	1.79228869
	3.15201635	3.35742880	3.60025656	3.89999241	4.19469138	4.55109182	4.85204452	5.17778853	5.44545147	5.58810061	5.72722944	5.85021825	5.93250834	5.93863793	5.87157211	5.75984268	5.62602758	5.48249918	5.34135487	5.24217637	5.19011297	5.18003007	5.17881506	5.17652635	5.17818394	5.15632723	5.09179912	4.98919267	4.86840669	4.73194636	4.57901179	4.41337963	4.23639740	4.05790197	3.87681527	3.69323107	3.50815354	3.33034126	3.16468980	3.00241308	2.84460151	2.68688948	2.53705004	2.39887624	2.26922140	2.14678110	2.02930228	1.91615240	1.80784175
	3.20849706	3.40809920	3.66182565	3.95014712	4.27249241	4.61759008	4.92557179	5.26178721	5.51381734	5.66270119	5.80866942	5.92787209	6.01654498	6.02341722	5.95828927	5.84665980	5.71166511	5.56664232	5.41977204	5.31789784	5.26601835	5.25687731	5.25457410	5.25641312	5.26128954	5.23832744	5.17064609	5.06541271	4.93849646	4.80260585	4.65232194	4.48352648	4.30119525	4.11854047	3.93174993	3.74430970	3.55372435	3.37155141	3.20308481	3.03757950	2.87761528	2.71740324	2.56369343	2.42343080	2.29144416	2.16677772	2.04721780	1.93213192	1.82204211
	3.26864792	3.46559735	3.72751618	3.99760744	4.35141980	4.68317644	5.01763798	5.34979461	5.58091130	5.74200337	5.89542052	6.01455248	6.11417332	6.12094420	6.05804621	5.94392916	5.80715022	5.65984371	5.50968902	5.40142737	5.35134821	5.33884839	5.33934157	5.34425815	5.34962089	5.32522926	5.25423817	5.14636027	5.01595834	4.87527741	4.72973152	4.55593941	4.36926200	4.18140668	3.98965296	3.79827042	3.60210791	3.41648265	3.24401865	3.07523304	2.91246462	2.74973251	2.59227934	2.44949702	2.31508929	2.18808942	2.06632803	1.94920259	1.83723260
	3.31397041	3.50924385	3.77395405	4.03600165	4.39807728	4.72402177	5.08272477	5.40134803	5.61911164	5.78914708	5.94420537	6.06939695	6.16944795	6.17856924	6.12213924	6.00565505	5.86024918	5.71067730	5.55945965	5.45113122	5.40017405	5.38684857	5.38682335	5.39061756	5.39463647	5.36861962	5.29575811	5.18676643	5.05510039	4.91149943	4.76694096	4.59403176	4.40658588	4.21454974	4.02028533	3.82515228	3.62660765	3.43983045	3.26421501	3.09520977	2.93077514	2.76779781	2.60856254	2.46415718	2.32865033	2.20051466	2.07765097	1.95944046	1.84641601
	3.36457662	3.56392617	3.83716825	4.09556325	4.46199196	4.78196931	5.16317744	5.48401441	5.68696901	5.87399271	6.02842208	6.15480478	6.25995127	6.27993249	6.23264263	6.11476058	5.96380493	5.80450339	5.65088099	5.54160981	5.49010194	5.47598445	5.47756219	5.48201114	5.48606263	5.45903184	5.38429625	5.27389309	5.14040117	4.99380528	4.84334068	4.67433427	4.48215329	4.28425819	4.08438409	3.88287992	3.67893234	3.48806505	3.30745083	3.13566827	2.96724212	2.80174044	2.63926572	2.49127818	2.35340533	2.22292288	2.09792108	1.97773708	1.86294067
	3.41368666	3.62673196	3.89671014	4.17599876	4.53122384	4.84086787	5.24507674	5.57230677	5.76444239	5.94892605	6.11025244	6.24046702	6.35190641	6.38853227	6.33525319	6.21134349	6.06864226	5.89981358	5.73700149	5.62726894	5.57574318	5.56068769	5.56135809	5.56464564	5.56738186	5.53818002	5.46129722	5.34967866	5.21511772	5.06652102	4.91189939	4.74578462	4.54745038	4.34492527	4.14075177	3.93402567	3.72503180	3.53024536	3.34593688	3.17191894	2.99999168	2.83271641	2.66775013	2.51617725	2.37641438	2.24384418	2.11695880	1.99497069	1.87847869
	3.45346465	3.67894883	3.93455386	4.24075343	4.59685826	4.89883157	5.31529922	5.64549814	5.83176783	6.02666042	6.17796405	6.31417961	6.43472192	6.48003380	6.42279946	6.29344939	6.14756989	5.98029510	5.80911748	5.69897890	5.64762274	5.63192264	5.63139355	5.63344703	5.63485494	5.60348689	5.52478415	5.41214631	5.27691969	5.12709211	4.96960834	4.80083860	4.60279001	4.39630592	4.18695064	3.97674792	3.76327297	3.56587416	3.37824409	3.20191541	3.02716621	2.85833083	2.69113226	2.53634699	2.39524795	2.26099844	2.13261332	2.00920985	1.89136982
	3.49662589	3.72781621	3.97710896	4.29987490	4.65491688	4.95138320	5.38503038	5.69201340	5.88690033	6.10513091	6.25030297	6.39329589	6.54270703	6.56889738	6.51395455	6.38267031	6.23348878	6.07851779	5.89477259	5.77889170	5.72726345	5.71102772	5.70959297	5.71107176	5.71176752	5.67856191	5.59849455	5.48473094	5.34870363	5.19751282	5.03747837	4.86092202	4.66720030	4.45655448	4.24165114	4.02538164	3.80851107	3.60684681	3.41610511	3.23586272	3.05862717	2.88685672	2.71686666	2.55870516	2.41590709	2.27978617	2.14974213	2.02484979	1.90560676
	3.53927720	3.77668923	4.01679361	4.35644970	4.71043577	5.01300609	5.44673326	5.73327999	5.93451893	6.16715616	6.31111535	6.45332720	6.62790355	6.61278423	6.58279804	6.45656576	6.30470263	6.15033974	5.96741637	5.84496111	5.79289866	5.77604494	5.77340615	5.77399199	5.77382997	5.73895506	5.65705458	5.54226295	5.40596609	5.25429167	5.09293974	4.91107812	4.72046944	4.50590773	4.28695488	4.06427222	3.84517786	3.63854941	3.44654201	3.26262165	3.08429205	2.91030030	2.73815928	2.57749616	2.43316405	2.29557526	2.16419025	2.03806670	1.91759876
	3.58546387	3.82875856	4.06091209	4.41598593	4.75900522	5.08464358	5.50971162	5.77415299	5.99750520	6.22753380	6.37919365	6.53719334	6.67286170	6.65084450	6.62440345	6.54201656	6.38962663	6.22375566	6.04953815	5.92595044	5.87165323	5.85382696	5.85087021	5.85101683	5.85514655	5.81609821	5.72926433	5.61159346	5.47462290	5.32239481	5.15988040	4.97410424	4.78221597	4.56260268	4.34095111	4.11368924	3.88965110	3.67725703	3.48320643	3.29499036	3.11415416	2.93697394	2.76258052	2.59934019	2.45253859	2.31327132	2.18034837	2.05285062	1.93106787
	3.62792512	3.87271935	4.11132454	4.46232359	4.78333527	5.13434754	5.55792359	5.80510298	6.05809359	6.27386543	6.44730563	6.59578755	6.70780067	6.69651331	6.64784296	6.59607412	6.45483765	6.28616207	6.11683470	5.99769107	5.93946233	5.91816394	5.91984936	5.91916624	5.91979376	5.87756617	5.79018021	5.66565113	5.52775082	5.37527640	5.21215229	5.02402442	4.82597941	4.60834371	4.38181276	4.15281478	3.92475374	3.70803396	3.51172301	3.31995323	3.13729058	2.95723941	2.78135980	2.61609639	2.46732843	2.32681500	2.19274079	2.06420302	1.94141878
	3.65545742	3.89251439	4.14169406	4.48880319	4.79815165	5.16444740	5.58483926	5.83201299	6.09166819	6.30048865	6.48554061	6.62872802	6.74105031	6.72588659	6.66930243	6.61607433	6.49327051	6.32661859	6.16121117	6.04502193	5.99226094	5.97074339	5.96497709	5.96269165	5.96192352	5.91817805	5.82980898	5.70273043	5.56342946	5.41089806	5.24755261	5.05827282	4.85579429	4.63992907	4.41003038	4.17998790	3.94928009	3.73028097	3.53161432	3.33789745	3.15368486	2.97186023	2.79495746	2.62812800	2.47791910	2.33651211	2.20164190	2.07238319	1.94889695
	3.68404296	3.90660350	4.17032407	4.51110581	4.81047479	5.18799704	5.59801331	5.84206072	6.11166270	6.31692291	6.50897042	6.66771471	6.75397046	6.74440039	6.68869164	6.61724399	6.51696191	6.35862838	6.20216506	6.09232429	6.04211840	6.01982061	6.00957659	6.00317167	5.99931781	5.95477102	5.86548629	5.73853239	5.59710803	5.44525388	5.28250749	5.09282373	4.88602252	4.67238670	4.44142750	4.20863960	3.97509304	3.75470673	3.55258867	3.35771161	3.17149034	2.98806867	2.81015834	2.64156771	2.48969462	2.34732277	2.21165119	2.08166809	1.95745709
	3.69047088	3.90988640	4.17802726	4.52017158	4.81904720	5.20059456	5.60391391	5.85654334	6.12994547	6.34288483	6.54219341	6.70419923	6.77731142	6.77070526	6.71710532	6.63965923	6.53601267	6.38495898	6.23806865	6.13052929	6.07953997	6.05648370	6.04771603	6.04305501	6.03816620	5.99088405	5.90293782	5.77486024	5.63018397	5.47763231	5.31408150	5.12353829	4.91539609	4.70038958	4.46845365	4.23352687	3.99802976	3.77549458	3.57066174	3.37391349	3.18578455	3.00026367	2.82087379	2.65100275	2.49802155	2.35487932	2.21862016	2.08813742	1.96352500
	3.70201984	3.91433373	4.18846611	4.52939584	4.82452726	5.21007584	5.60999262	5.85953798	6.14046639	6.35120581	6.55089874	6.73324024	6.78568678	6.78170743	6.72934279	6.64405726	6.54487881	6.40027828	6.25951554	6.15261045	6.10200411	6.07964977	6.06861406	6.06226937	6.05594431	6.01023684	5.92086513	5.79542170	5.64870390	5.49639347	5.33302919	5.14231028	4.93255803	4.71807136	4.48616491	4.24921571	4.01227545	3.78887156	3.58218002	3.38483118	3.19533767	3.00889284	2.82870883	2.65791305	2.50415136	2.36052123	2.22386769	2.09303600	1.96808510
	3.70665678	3.90996630	4.18858245	4.52067497	4.81311344	5.19707916	5.57658916	5.83399857	6.12537993	6.33592638	6.53709112	6.72300168	6.76099723	6.76951897	6.72013921	6.63505711	6.52690069	6.39354122	6.26512656	6.16474047	6.11120422	6.08804344	6.07963074	6.07169053	6.05799962	6.01323260	5.92928728	5.80940070	5.65986433	5.50877308	5.34691926	5.15735403	4.94838737	4.73333400	4.50374929	4.26541991	4.02598961	3.80206830	3.59316840	3.39528420	3.20526072	3.01763019	2.83677420	2.66545826	2.51016849	2.36593969	2.22897008	2.09789471	1.97270148
	3.71078543	3.90938338	4.19150284	4.51737515	4.81161641	5.19591114	5.57083600	5.83192425	6.12620673	6.33169557	6.53734527	6.70655729	6.76204407	6.77824006	6.73118494	6.64675724	6.53798340	6.40805482	6.27762450	6.18903671	6.13724369	6.11410014	6.10366066	6.08699122	6.07119008	6.02610754	5.94423153	5.83193540	5.68274419	5.53151422	5.37004324	5.18072131	4.97163175	4.75549838	4.52555018	4.28696745	4.04509874	3.81938562	3.60881882	3.40846147	3.21731245	3.02823936	2.84595644	2.67387691	2.51722189	2.37232577	2.23494440	2.10354270	1.97806782
	3.71586800	3.91160065	4.19652155	4.51638167	4.81491168	5.20030344	5.57074915	5.83801316	6.13502486	6.33596764	6.54785043	6.71552578	6.77302429	6.79570435	6.75060209	6.66649536	6.55715321	6.43011079	6.29891451	6.21395203	6.16456766	6.14165667	6.12870932	6.10852949	6.09306542	6.04735231	5.96489098	5.85847327	5.71052069	5.55783635	5.39632603	5.20692292	4.99728778	4.77984713	4.54937456	4.31010137	4.06652328	3.83834898	3.62597857	3.42303195	3.23041159	3.03973346	2.85581895	2.68265417	2.52485476	2.37924644	2.24139144	2.10960700	1.98380383
	3.71820193	3.90957217	4.19620311	4.50398777	4.80854075	5.19345104	5.55794968	5.82849161	6.12116553	6.32039505	6.53011846	6.70428034	6.76630646	6.79131156	6.74855822	6.66627032	6.55858856	6.43407015	6.30179032	6.21868783	6.17182743	6.14956678	6.13379818	6.11251616	6.09826827	6.05024923	5.96681164	5.86738657	5.72395729	5.57007212	5.40952448	5.22107808	5.01175179	4.79427672	4.56388359	4.32471528	4.08095464	3.85054477	3.63713813	3.43265213	3.23870246	3.04799161	2.86279071	2.68887681	2.53013853	2.38400442	2.24592896	2.11399324	1.98805204
	3.72002953	3.90850652	4.19621346	4.49970207	4.80426253	5.18885541	5.54609206	5.82305821	6.11016791	6.31163232	6.52016698	6.69338715	6.76492395	6.79214135	6.75135620	6.67065252	6.56442532	6.44147411	6.31063656	6.22540504	6.17989413	6.15781581	6.14030494	6.12111739	6.10619385	6.05770428	5.97307040	5.87440051	5.73792997	5.58158301	5.42164793	5.23382954	5.02483580	4.80746385	4.57709797	4.33800546	4.09395421	3.86136323	3.64689237	3.44151897	3.24583946	3.05506084	2.86894256	2.69405826	2.53452270	2.38791290	2.24962326	2.11754260	1.99147145
	3.71131632	3.89579222	4.17936550	4.47911961	4.78064318	5.16185542	5.51137468	5.78914372	6.06240896	6.26975354	6.47741161	6.66091346	6.72575184	6.75446661	6.71649283	6.63889485	6.53635966	6.41737004	6.29005251	6.20382866	6.15953611	6.13734083	6.11882253	6.10171943	6.08643848	6.03824781	5.95460967	5.85716955	5.72809253	5.57230452	5.41429586	5.22945213	5.02129684	4.80651995	4.57686647	4.33880691	4.09560932	3.86320580	3.64752244	3.44296495	3.24601413	3.05616142	2.87013677	2.69471821	2.53475007	2.38798330	2.24987396	2.11802862	1.99216672
	3.71203564	3.89492637	4.17757989	4.48899913	4.78007419	5.16155807	5.51508970	5.79168406	6.05985139	6.27162097	6.48231315	6.65908228	6.73748152	6.76904126	6.73329493	6.65719870	6.55604943	6.43878031	6.31297405	6.22655255	6.18321913	6.16060480	6.14150434	6.12480501	6.10895161	6.06057327	5.97672993	5.87421548	5.75390486	5.59716964	5.43910587	5.25456806	5.04591620	4.83111183	4.60082398	4.36210855	4.11709753	3.88259267	3.66446446	3.45800566	3.25848295	3.06736690	2.87987438	2.70294838	2.54199842	2.39457424	2.25608385	2.12397136	1.99788937
	3.71391467	3.89667797	4.17795818	4.50277816	4.78537721	5.16861482	5.52956498	5.80345102	6.07194326	6.28418158	6.50046102	6.66526793	6.76224517	6.79629667	6.76221979	6.68697397	6.58659367	6.47002116	6.34470426	6.25786203	6.21495467	6.19203063	6.17229803	6.15560376	6.13938181	6.09072912	6.00628452	5.90024767	5.78209347	5.62669631	5.46796599	5.28317000	5.07338408	4.85782463	4.62782681	4.38721512	4.14013750	3.90371561	3.68304152	3.47428825	3.27264938	3.07963439	2.89046065	2.71205209	2.55015713	2.40203852	2.26305332	2.13055872	2.00415266
	3.70695366	3.88842751	4.16454759	4.49371648	4.77227058	5.14953495	5.51323376	5.78540144	6.04991506	6.26405229	6.47909594	6.64537442	6.74352355	6.77844793	6.74585888	6.67252800	6.57442717	6.46012258	6.33688447	6.25106196	6.20834777	6.18503561	6.16518965	6.14824566	6.13191024	6.08338394	5.99951434	5.89360824	5.77513303	5.62436734	5.46644378	5.28317922	5.07391564	4.85929658	4.63160128	4.39063772	4.14331705	3.90723896	3.68569291	3.47683136	3.27477070	3.08157554	2.89215465	2.71343037	2.55132131	2.40313672	2.26425853	2.13191546	2.00564868
	3.70501983	3.88680992	4.16110874	4.49040190	4.77037460	5.14306942	5.51480479	5.78417008	6.04689794	6.26324380	6.47852395	6.64315957	6.74527038	6.78144352	6.75010755	6.67805807	6.58155728	6.46913041	6.34777807	6.26293332	6.22071648	6.19703748	6.17693872	6.15966489	6.14290982	6.09417771	6.01022050	5.90345298	5.78457209	5.63679694	5.47857694	5.29561741	5.08650210	4.87181361	4.64550565	4.40381869	4.15565642	3.91852585	3.69562295	3.48537974	3.28247861	3.08812436	2.89779388	2.71829328	2.55568511	2.40719219	2.26816622	2.13574307	2.00941546
	3.69779309	3.88057505	4.14660002	4.47310513	4.76013213	5.12489537	5.50924521	5.77150323	6.02752289	6.24490202	6.46237621	6.62767491	6.73918777	6.77981379	6.75190242	6.68292582	6.58952970	6.48036276	6.36229348	6.27935840	6.23711701	6.21239220	6.19196489	6.17353052	6.15588088	6.10669748	6.02270419	5.91561324	5.79813831	5.65543724	5.49693999	5.31575578	5.10704065	4.89385586	4.66963266	4.42646638	4.17775770	3.93962494	3.71356228	3.50137587	3.29613676	3.10016171	2.90816161	2.72705020	2.56331992	2.41416733	2.27489534	2.14235441	2.01592444
	3.69871084	3.88333743	4.14902429	4.46883374	4.76522361	5.12748359	5.51299511	5.78077910	6.03608225	6.25556083	6.47414500	6.63916087	6.75500626	6.79728693	6.77048075	6.70249006	6.61030929	6.50247411	6.38574202	6.30357706	6.26160981	6.23645060	6.21579099	6.19689750	6.17866314	6.12905154	6.04451352	5.93647818	5.81847627	5.67783577	5.51788922	5.33641341	5.12750377	4.91358132	4.68904906	4.44531562	4.19567350	3.95573952	3.72776234	3.51372694	3.30675902	3.10936425	2.91595394	2.73376427	2.56933059	2.41971791	2.28015396	2.14738950	2.02076394
	3.69055610	3.87805370	4.13906805	4.45802480	4.75575489	5.11026805	5.50261979	5.76767944	6.01788861	6.23992074	6.45730430	6.62391909	6.74379269	6.78885659	6.76443869	6.69897105	6.60939096	6.50427014	6.39024233	6.30963857	6.26763575	6.24171056	6.22028335	6.20029427	6.18101035	6.13082730	6.04623868	5.93829056	5.82067997	5.68395123	5.52405087	5.34351950	5.13625862	4.92333303	4.69988112	4.45731977	4.20788163	3.96715428	3.73798178	3.52219844	3.31482432	3.11621337	2.92181598	2.73873771	2.57362378	2.42363725	2.28399180	2.15124993	2.02463002
	3.68147097	3.87147274	4.12911625	4.44627474	4.74533385	5.09333154	5.48405593	5.75339550	5.99957810	6.22349293	6.43973977	6.60761983	6.73009745	6.77756588	6.75549964	6.69240598	6.60554685	6.50330318	6.39209350	6.31318822	6.27128964	6.24482061	6.22275395	6.20199766	6.18192702	6.13142699	6.04702307	5.94014058	5.82189814	5.68730582	5.52905399	5.34939369	5.14409139	4.93169329	4.70933751	4.46789097	4.21873830	3.97708703	3.74700454	3.52950928	3.32179008	3.12185511	2.92648831	2.74259325	2.57694334	2.42672604	2.28710013	2.15444957	2.02790700
	3.66944014	3.86147098	4.11570647	4.43151838	4.72985544	5.06974516	5.45857684	5.73161739	5.97351462	6.19881227	6.41341020	6.58245369	6.70739878	6.75733771	6.73789561	6.67757945	6.59389928	6.49499377	6.38700650	6.31006955	6.26834903	6.24131495	6.21855186	6.19704766	6.17619818	6.12548202	6.04148472	5.93615044	5.81742872	5.68551046	5.52921511	5.35071074	5.14779549	4.93651069	4.71551918	4.47596858	4.22717727	3.98503558	3.75453063	3.53506273	3.32738031	3.12641747	2.93011717	2.74551468	2.57941303	2.42906099	2.28956706	2.15711897	2.03075548
	3.67116758	3.86366105	4.11848785	4.43369683	4.73374578	5.07453495	5.46409553	5.73787225	5.98035609	6.20601999	6.42133609	6.59102591	6.71766607	6.76844484	6.74919351	6.68900243	6.60525942	6.50622279	6.39803447	6.32086503	6.27898122	6.25179472	6.22886053	6.20719309	6.18613223	6.13514397	6.05070684	5.94451513	5.82575940	5.69305262	5.53708977	5.35830715	5.15463907	4.94335860	4.72200021	4.48211153	4.23278064	3.99036589	3.75910055	3.53909062	3.33082888	3.12944158	2.93265725	2.74769161	2.58134120	2.43081671	2.29118299	2.15860954	2.03213330
	3.66018313	3.85537323	4.10806264	4.41859336	4.72223671	5.05733016	5.44743445	5.72308088	5.96287968	6.18974850	6.40377242	6.57671965	6.70831678	6.76345924	6.74763640	6.69118098	6.61118329	6.51604777	6.41155517	6.33640976	6.29449081	6.26633597	6.24216005	6.21917236	6.19661658	6.14465047	6.05972437	5.95413497	5.83502661	5.70220083	5.55067711	5.37227026	5.17025661	4.96026035	4.73917001	4.50082352	4.25167448	4.00810359	3.77521511	3.55232319	3.34270843	3.13968169	2.94106010	2.75469180	2.58740423	2.43645613	2.29675013	2.16421023	2.03773643
	3.65074665	3.84666735	4.09751104	4.40292592	4.70909005	5.03996742	5.43014731	5.70425152	5.94209112	6.16925026	6.38225533	6.55501227	6.68691893	6.74251628	6.72831390	6.67437658	6.59743118	6.50577253	6.40483204	6.33193706	6.29053370	6.26203925	6.23728751	6.21365138	6.19039144	6.13813859	6.05344088	5.94948758	5.82978334	5.69645452	5.54787049	5.36968154	5.17050122	4.96090828	4.74049133	4.50340308	4.25539341	4.01129728	3.77872432	3.55500883	3.34521886	3.14181231	2.94278045	2.75604993	2.58851948	2.43754678	2.29798461	2.16563424	2.03930195
	3.64611521	3.84373508	4.09433669	4.39845893	4.70612954	5.03464469	5.42199820	5.70205406	5.93993978	6.16829809	6.38149015	6.55832234	6.69593382	6.75610199	6.74511884	6.69384997	6.61942098	6.53031034	6.43175800	6.35997873	6.31824357	6.28854065	6.26229703	6.23700983	6.21192992	6.15817515	6.07231129	5.96774608	5.84737526	5.71279900	5.56621591	5.38811640	5.18930616	4.98045780	4.75979268	4.52361035	4.27473563	4.02977053	3.79506401	3.56948056	3.35738618	3.15233715	2.95146184	2.76331248	2.59474809	2.44317157	2.30326047	2.17065863	2.04407919
	3.62876291	3.82673266	4.07508740	4.37546605	4.68036847	5.00286451	5.38562316	5.66443138	5.89963594	6.12556221	6.33391240	6.51339031	6.65218777	6.71693941	6.71039340	6.66339648	6.59319886	6.50866615	6.41478916	6.34593875	6.30476340	6.27430797	6.24677414	6.21993618	6.19314798	6.13836924	6.05263160	5.95150354	5.83198333	5.70027058	5.55693783	5.38094853	5.18652511	4.97843629	4.75939557	4.52544612	4.27901158	4.03422206	3.79980888	3.57357619	3.36050450	3.15480437	2.95328109	2.76452340	2.59554517	2.44400710	2.30443571	2.17225633	2.04598928
	3.62642374	3.82500016	4.07301097	4.37054222	4.67718696	4.99797061	5.38077635	5.65949413	5.89469168	6.12110700	6.32912424	6.50823480	6.65044309	6.71835483	6.71459515	6.67006414	6.60227253	6.52037656	6.42927024	6.36209326	6.32113969	6.28993047	6.26117867	6.23291797	6.20461636	6.14885123	6.06287882	5.96246465	5.84263728	5.71018406	5.56812375	5.39204805	5.19874956	4.99066662	4.77167270	4.53857426	4.29269466	4.04752102	3.81221320	3.58465574	3.37012232	3.16326070	2.96065268	2.77086107	2.60102442	2.44899942	2.30919888	2.17688517	2.05044800
	3.61775968	3.81660243	4.06388800	4.35704799	4.66531944	4.98349586	5.35651638	5.64325889	5.87844019	6.10312407	6.30931916	6.49492929	6.64010531	6.71233593	6.71260432	6.67183110	6.60799874	6.53038763	6.44362030	6.37861669	6.33730632	6.30459998	6.27383756	6.24333981	6.21267880	6.15500706	6.06869119	5.96695491	5.84861908	5.71814306	5.57736343	5.40301217	5.21121962	5.00381537	4.78508628	4.55371169	4.30870395	4.06355474	3.82664198	3.59810140	3.38168719	3.17331673	2.96931691	2.77821883	2.60732882	2.45476562	2.31478928	2.18242679	2.05589446
	3.60689555	3.80516527	4.05098571	4.33991777	4.64774328	4.96224591	5.32931072	5.61711509	5.85132350	6.07499608	6.27971734	6.46348400	6.60850415	6.68264984	6.68580077	6.64800810	6.58735594	6.51324527	6.43020979	6.36786483	6.32714502	6.29395884	6.26230193	6.23076302	6.19905724	6.14107718	6.05652868	5.95577258	5.83909575	5.70883139	5.57022556	5.39691474	5.20693768	5.00162759	4.78325336	4.55399046	4.31112365	4.06665717	3.82977467	3.60153224	3.38464390	3.17601866	2.97173318	2.78024247	2.60896022	2.45630419	2.31646073	2.18431182	2.05792582
	3.60487925	3.80365778	4.05001196	4.33792275	4.64784685	4.96240064	5.32809036	5.61905472	5.85502490	6.08017050	6.28776196	6.47455368	6.62544765	6.70290299	6.70893804	6.67420588	6.61696810	6.54664268	6.46734618	6.40666641	6.36592332	6.33175735	6.29871465	6.26564780	6.23240188	6.17323345	6.08652090	5.98590963	5.86765058	5.73636869	5.59741085	5.42422375	5.23438464	5.02833910	4.80913739	4.57975343	4.33635226	4.09043266	3.85183382	3.62090298	3.40153388	3.19062465	2.98422541	2.79086814	2.61820897	2.46469247	2.32426926	2.19165433	2.06481901
	3.58953215	3.78716195	4.03154641	4.31569481	4.62263940	4.93271310	5.29384284	5.58132485	5.81579087	6.03706078	6.24138539	6.43119246	6.58318236	6.66393267	6.67390956	6.64332420	6.59027957	6.52441279	6.44960329	6.39121194	6.35048097	6.31525124	6.28066757	6.24588907	6.21089604	6.15066132	6.06437963	5.96418953	5.84734632	5.71976900	5.58291290	5.41295681	5.22625813	5.02198748	4.80453528	4.57746240	4.33668462	4.09258240	3.85415702	3.62398950	3.40452006	3.19331131	2.98672999	2.79297942	2.61986528	2.46626252	2.32604577	2.19374297	2.06712385
	3.57513346	3.77168150	4.01418612	4.29453687	4.59879348	4.90513483	5.26137620	5.54601264	5.78048258	6.00197351	6.20624758	6.39138911	6.54283496	6.62480260	6.63748053	6.61028552	6.56100647	6.49919888	6.42863443	6.37254146	6.33184675	6.29561915	6.25975784	6.22381195	6.18766845	6.12743429	6.04383397	5.94560056	5.83144247	5.70609202	5.56889924	5.39931953	5.21444406	5.01201394	4.79589988	4.57131864	4.33333468	4.09119696	3.85348536	3.62484263	3.40575648	3.19478269	2.98845911	2.79460764	2.62107900	2.46731103	2.32721794	2.19517359	2.06872731
	3.57831850	3.77532060	4.01847703	4.29936363	4.60492875	4.91212259	5.26594353	5.55579600	5.79212552	6.01463066	6.22018169	6.40654977	6.56115888	6.64533738	6.65980682	6.63407266	6.58615472	6.52572629	6.45655827	6.40113599	6.36022408	6.32325725	6.28641285	6.24939380	6.21213915	6.15101977	6.06678381	5.96791560	5.85336009	5.72749958	5.59037355	5.42023398	5.23508692	5.03149247	4.81440458	4.58915951	4.35035207	4.10710417	3.86790969	3.63779403	3.41723742	3.20482711	2.99715043	2.80210555	2.62763970	2.47319640	2.33258300	2.20009946	2.07325078
	3.57474783	3.77147020	4.01423912	4.29399928	4.59926327	4.90544422	5.25304218	5.54717480	5.78342775	6.00458313	6.21083569	6.40211521	6.55792808	6.64396536	6.66067055	6.63762170	6.59260673	6.53527400	6.46934297	6.41564104	6.37484014	6.33706887	6.29896291	6.26030382	6.22127294	6.15876032	6.07339622	5.97358301	5.85825168	5.73239114	5.59604334	5.42826971	5.24359384	5.04076733	4.82405124	4.59931894	4.36107725	4.11806811	3.87777887	3.64753048	3.42613663	3.21277804	3.00415665	2.80815028	2.63287910	2.47794630	2.33704386	2.20434144	2.07726926
	3.57590380	3.77262396	4.01545979	4.29487324	4.60055562	4.90646801	5.25233825	5.54827346	5.78597285	6.00781202	6.21509683	6.40657761	6.56560884	6.65462130	6.67448786	6.65461931	6.61278314	6.55878918	6.49634355	6.44447366	6.40361156	6.36469133	6.32495077	6.28441872	6.24339815	6.17960881	6.09357006	5.99399089	5.87924426	5.75374938	5.61727406	5.45058367	5.26514034	5.06233422	4.84564682	4.62058590	4.38240701	4.13905490	3.89700236	3.66542342	3.44255306	3.22727835	3.01692031	2.81926226	2.64265316	2.48681614	2.34528580	2.21206278	2.08450492
	3.56412401	3.75949078	4.00015105	4.27563727	4.57791936	4.87981686	5.21863647	5.51247212	5.74931392	5.96936148	6.17508097	6.36443922	6.52214986	6.61158702	6.63388170	6.61751819	6.57966278	6.52995803	6.47199793	6.42250371	6.38161738	6.34162480	6.30035376	6.25806585	6.21521924	6.15078062	6.06673643	5.96790889	5.85574886	5.73391210	5.59790629	5.43372298	5.24966176	5.04926504	4.83454746	4.61184122	4.37693473	4.13635680	3.89579648	3.66583859	3.44385148	3.22892070	3.01900245	2.82131816	2.64425870	2.48816495	2.34667104	2.21362310	2.08618088
	3.56313002	3.75836069	3.99878503	4.27365719	4.57566464	4.87708637	5.21271251	5.50868069	5.74647079	5.96720202	6.17377635	6.36233630	6.52226643	6.61322646	6.63732800	6.62295454	6.58717892	6.53967385	6.48399408	6.43563502	6.39465231	6.35395117	6.31169417	6.26830747	6.22433056	6.15925170	6.07532251	5.97666771	5.86495665	5.74393130	5.60790581	5.44384553	5.25968052	5.05922648	4.84475236	4.62217854	4.38759369	4.14710979	3.90612316	3.67552301	3.45277335	3.23696669	3.02619083	2.82763784	2.64978657	2.49312275	2.35123591	2.21788499	2.09016924
	3.55957535	3.75438137	3.99413839	4.26778065	4.56881827	4.86906919	5.20111389	5.49805044	5.73673117	5.95718854	6.16399234	6.35517165	6.51759667	6.61261455	6.64054590	6.62979666	6.59756016	6.55358622	6.50141610	6.45446436	6.41287033	6.37062497	6.32638372	6.28080887	6.23458111	6.16831108	6.08396910	5.98490054	5.87347675	5.75321305	5.61887182	5.45661989	5.27282666	5.07250080	4.85831886	4.63617535	4.40227040	4.16211443	3.92088689	3.68927216	3.46540058	3.24838410	3.03636903	2.83651885	2.65747683	2.49996535	2.35751917	2.22374676	2.09565172
	3.54860826	3.74259994	3.98102152	4.25217862	4.55124985	4.84926025	5.17806909	5.47280647	5.71111533	5.93071657	6.13704731	6.32893823	6.49188279	6.58883696	6.61904163	6.61064394	6.58081079	6.53923662	6.48946815	6.44345803	6.40150382	6.35843278	6.31318958	6.26656193	6.21928324	6.15272965	6.06902595	5.97042916	5.85986077	5.74109361	5.60782442	5.44788880	5.26445800	5.06554873	4.85267662	4.63173249	4.39955663	4.16116666	3.92044666	3.68996309	3.46658207	3.24978755	3.03798789	2.83808276	2.65873968	2.50104966	2.35861843	2.22495299	2.09695352
	3.53245393	3.72506962	3.96135881	4.22899470	4.52469136	4.81918093	5.14455498	5.43409252	5.67058985	5.88720413	6.09101719	6.28542205	6.44413945	6.54190117	6.57390172	6.56769618	6.54026154	6.50114013	6.45388222	6.40899434	6.36691562	6.32332670	6.27742756	6.23010190	6.18210747	6.11606547	6.03296810	5.93563171	5.82587138	5.70958158	5.57826476	5.42209540	5.24039672	5.04339601	4.83307210	4.61397810	4.38438235	4.14918188	3.91007893	3.68181774	3.45990012	3.24437843	3.03371705	2.83456963	2.65555717	2.49819002	2.35620972	2.22304203	2.09550166
	3.52882050	3.72108711	3.95677997	4.22328883	4.51820347	4.81166155	5.13477446	5.42407527	5.66136590	5.87844870	6.08303703	6.27829249	6.43897077	6.53981140	6.57514643	6.57217884	6.54793913	6.51196735	6.46785199	6.42414030	6.38151298	6.33665827	6.28920716	6.24024117	6.19056148	6.12364221	6.04080666	5.94369174	5.83459092	5.71995349	5.58857322	5.43318724	5.25160842	5.05478248	4.84450193	4.62579002	4.39664519	4.16193864	3.92303805	3.69340467	3.47055309	3.25401789	3.04231721	2.84202287	2.66192002	2.50374780	2.36122309	2.22764695	2.09975087
	3.52951949	3.72151995	3.95685095	4.22284173	4.51729069	4.81011126	5.13090205	5.42099657	5.65849741	5.87557274	6.08128540	6.27686496	6.43902446	6.54174680	6.57937505	6.57890416	6.55734981	6.52414265	6.48282336	6.44024605	6.39728860	6.35144882	6.30269946	6.25229892	6.20110393	6.13333826	6.05043077	5.95324570	5.84524646	5.73043428	5.59894974	5.44404801	5.26315482	5.06619020	4.85623855	4.63778222	4.40863816	4.17410111	3.93543163	3.70430841	3.48048929	3.26294635	3.05018258	2.84879002	2.66773424	2.50884594	2.36578720	2.23177468	2.10349376
	3.52329715	3.71429040	3.94808783	4.21178849	4.50379859	4.79416419	5.11176902	5.39898646	5.63665023	5.85421806	6.05858806	6.25629487	6.41349423	6.51867054	6.55997974	6.56367084	6.54662541	6.51795546	6.48118748	6.44034768	6.39673223	6.34933553	6.29857977	6.24601851	6.19256521	6.12441859	6.04150694	5.94630757	5.83963126	5.72867061	5.59995718	5.44612022	5.26621957	5.06992657	4.86098307	4.64343137	4.41567293	4.18278630	3.94573635	3.71359761	3.48924472	3.27106250	3.05750118	2.85514398	2.67313572	2.51352739	2.36999606	2.23564394	2.10707714
	3.52388276	3.71471579	3.94816986	4.21136876	4.50276671	4.79261650	5.10828463	5.39618614	5.63460269	5.85342778	6.05948745	6.25882276	6.41651748	6.52380370	6.56771604	6.57424605	6.56022740	6.53457042	6.50077638	6.46101318	6.41686258	6.36833955	6.31619166	6.26221184	6.20729096	6.13849447	6.05507924	5.96139927	5.85514469	5.74374324	5.61676572	5.46268239	5.28241015	5.08666648	4.87736649	4.65961119	4.43158399	4.19835690	3.96058172	3.72745660	3.50161515	3.28210683	3.06707393	2.86335147	2.68021380	2.51971383	2.37547254	2.24052855	2.11143378
	3.52376442	3.71413476	3.94686714	4.20947399	4.49943373	4.78795882	5.10314734	5.38851205	5.62685719	5.84617364	6.05341591	6.25509900	6.41209767	6.52098868	6.56765904	6.57764819	6.56747771	6.54570747	6.51574306	6.47762866	6.43321490	6.38377928	6.33041110	6.27518713	6.21895778	6.14948943	6.06773032	5.97454228	5.86986919	5.75897298	5.63345100	5.47905787	5.29998972	5.10477440	4.89555077	4.67834127	4.45010653	4.21664554	3.97788882	3.74367599	3.51615009	3.29500058	3.07810810	2.87272839	2.68834102	2.52686815	2.38181867	2.24616731	2.11641856
	3.51861848	3.70746061	3.93771687	4.19622686	4.48165517	4.76557450	5.07523045	5.35530885	5.59148948	5.80952950	6.01626676	6.22683504	6.37403259	6.48497483	6.53530012	6.55061284	6.54682910	6.53164533	6.50810923	6.47271037	6.42767926	6.37659227	6.32108999	6.26360103	6.20498316	6.13416342	6.05412873	5.96244505	5.86058051	5.75021759	5.63045461	5.47806192	5.30227882	5.10872008	4.90189855	4.68760136	4.46284102	4.23123300	3.99377214	3.75952817	3.53141874	3.30937429	3.09109759	2.88418089	2.69828890	2.53554757	2.38958041	2.25325103	2.12287273
	3.51092502	3.69845179	3.92684659	4.18233485	4.46448027	4.74512212	5.05049413	5.32724005	5.56072183	5.77707504	5.98264585	6.19656507	6.33976828	6.45105259	6.50283676	6.52061265	6.52001628	6.50823291	6.48804479	6.45402825	6.40883376	6.35710613	6.30074969	6.24231317	6.18262035	6.11167166	6.03171643	5.94103808	5.84040501	5.73039079	5.61419952	5.46350683	5.29027434	5.09908106	4.89389673	4.68232594	4.46081684	4.23076883	3.99627330	3.76187108	3.53401386	3.31243234	3.09417064	2.88703869	2.70078090	2.53769846	2.39154267	2.25514060	2.12468046
	3.51945069	3.70726495	3.93596592	4.19202031	4.47446717	4.75528087	5.06078249	5.33900560	5.57329152	5.79096405	5.99879605	6.21194953	6.35972863	6.47256915	6.52593213	6.54598509	6.54832780	6.53960365	6.52230157	6.48956636	6.44433661	6.39205394	6.33490187	6.27566712	6.21503517	6.14364420	6.06232942	5.97325159	5.87275558	5.76345266	5.64774873	5.49657446	5.32349759	5.13027286	4.92482557	4.71401159	4.49146199	4.26009299	4.02529726	3.78663123	3.55639618	3.33247255	3.11157800	2.90208381	2.71395851	2.54931553	2.40182046	2.26426560	2.13272733
	3.50712717	3.69328910	3.91957895	4.17171570	4.44979778	4.72627048	5.02643266	5.30192382	5.53356506	5.74870960	5.95463497	6.15685813	6.31838977	6.43210376	6.48758507	6.51070553	6.51701695	6.51271518	6.49974949	6.46872279	6.42317429	6.37007657	6.31192661	6.25173164	6.19000905	6.11861478	6.03753705	5.94966043	5.85055762	5.74294635	5.62991465	5.48444791	5.31347128	5.12225344	4.91985435	4.71068509	4.49141956	4.26356325	4.03038787	3.79049763	3.56121872	3.33738636	3.11623291	2.90623606	2.71747705	2.55225671	2.40439144	2.26668293	2.13500943
	3.49236799	3.67641873	3.89994723	4.14822889	4.42106091	4.69214384	4.98782284	5.25772300	5.48434472	5.69502141	5.89996093	6.09800408	6.27235409	6.37968264	6.43523160	6.46040120	6.46999759	6.46993744	6.46151670	6.43275026	6.38776197	6.33495851	6.27708113	6.21709603	6.15542458	6.08526372	6.00605085	5.92014814	5.82413420	5.71760745	5.60493679	5.46415529	5.29553501	5.10840444	4.91153516	4.70509973	4.48864663	4.26612938	4.03359483	3.79375600	3.56466472	3.34100928	3.11956680	2.90906748	2.71995654	2.55442027	2.40631776	2.26848352	2.13666627
	3.50572517	3.69038683	3.91484749	4.16446016	4.43864214	4.71059025	5.00751478	5.27980551	5.50736205	5.72089507	5.92877767	6.12601690	6.29926130	6.41315833	6.46895537	6.49498537	6.50585359	6.50728859	6.50034898	6.47234554	6.42735107	6.37425711	6.31595300	6.25557139	6.19346425	6.12325906	6.04339157	5.95709016	5.86264048	5.75684768	5.64216339	5.50340260	5.33106731	5.14312828	4.94616528	4.73770506	4.52073421	4.29771281	4.06170834	3.81967241	3.58700434	3.36067288	3.13656403	2.92367058	2.73280299	2.56579634	2.41634721	2.27729422	2.14437240
	3.48182967	3.66367540	3.88444205	4.12887649	4.39614151	4.66096977	4.95033182	5.21687654	5.43893838	5.64792129	5.85121175	6.03997937	6.22991525	6.33015343	6.38692788	6.41533684	6.42928019	6.43422583	6.43108045	6.40466057	6.35972702	6.30648018	6.24790797	6.18733879	6.12515440	6.05618913	5.97927119	5.89641308	5.80670984	5.70571141	5.59614665	5.46181170	5.29233598	5.11119034	4.91843256	4.71279137	4.50247576	4.28336330	4.05008476	3.81204739	3.57951028	3.35471792	3.13190533	2.91971889	2.72944806	2.56291316	2.41390213	2.27534202	2.14286902
	3.49051016	3.67262889	3.89403507	4.13958548	4.40760611	4.67292524	4.96354021	5.23131279	5.45353696	5.66345996	5.86844993	6.05924253	6.24859926	6.35452945	6.41082274	6.43956482	6.45432469	6.46025087	6.45810015	6.43231906	6.38757114	6.33442529	6.27592063	6.21547395	6.15340405	6.08471240	6.00791110	5.92390778	5.83413922	5.73288414	5.62278649	5.48826611	5.31792972	5.13634820	4.94300201	4.73771164	4.52768967	4.30541217	4.07075515	3.83145235	3.59531355	3.36866376	3.14405076	2.93012533	2.73864262	2.57109346	2.42112290	2.28164669	2.14836423
	3.49737300	3.67971891	3.90164505	4.14814066	4.41680607	4.68263003	4.97420491	5.24302214	5.46540921	5.67574623	5.88140309	6.07382381	6.26331822	6.37290914	6.42865183	6.45742777	6.47260633	6.47906493	6.47744418	6.45209036	6.40753044	6.35453956	6.29618886	6.23591056	6.17399395	6.10548616	6.02857725	5.94368476	5.85305536	5.75146339	5.64120340	5.50640049	5.33626946	5.15364306	4.95986871	4.75546523	4.54492954	4.32036797	4.08512608	3.84434470	3.60584181	3.37801794	3.15215157	2.93705803	2.74477898	2.57656018	2.42594802	2.28584056	2.15199689
	3.50521719	3.68815166	3.91094147	4.15875498	4.42881513	4.69596787	4.98928082	5.25967995	5.48270496	5.69368351	5.90011326	6.09345264	6.28806079	6.39515013	6.45184148	6.48099788	6.49638229	6.50285189	6.50105209	6.47557725	6.43079142	6.37743557	6.31861320	6.25787031	6.19547744	6.12638020	6.04879479	5.96331456	5.87115999	5.76957608	5.65773971	5.52307231	5.35266066	5.16859452	4.97428739	4.76971507	4.55754850	4.33224922	4.09557038	3.85297948	3.61330235	3.38461419	3.15764311	2.94170695	2.74885801	2.58017299	2.42910397	2.28854031	2.15427914
	3.50608903	3.68870956	3.91123023	4.15886895	4.42826444	4.69471646	4.98739983	5.25749917	5.47993643	5.69049091	5.89648505	6.08941405	6.28820220	6.39211600	6.44832638	6.47764206	6.49351059	6.50053415	6.49928615	6.47415432	6.42945965	6.37616879	6.31743036	6.25679248	6.19453181	6.12568324	6.04847366	5.96343927	5.87102354	5.77044388	5.65909353	5.52476743	5.35532224	5.17098362	4.97748409	4.77417308	4.56159097	4.33677518	4.10022016	3.85650603	3.61652795	3.38753816	3.16009622	2.94380516	2.75076788	2.58191965	2.43066831	2.28989952	2.15544055
	3.50098822	3.68254034	3.90384789	4.15002168	4.41707214	4.68113870	4.97115814	5.23943521	5.46047508	5.66969689	5.87427809	6.06572840	6.26630657	6.36806685	6.42252354	6.45172193	6.46825435	6.47626338	6.47617458	6.45178803	6.40747757	6.35466729	6.29655559	6.23657522	6.17503302	6.10721014	6.03129094	5.94751352	5.85585804	5.75705616	5.64796814	5.51399391	5.34649434	5.16286425	4.97120581	4.77039704	4.55860218	4.33484540	4.10001075	3.85583929	3.61608904	3.38736340	3.16004540	2.94381293	2.75089336	2.58212244	2.43091659	2.29015876	2.15569818
	3.49785353	3.67859882	3.89911156	4.14469024	4.41023616	4.67292571	4.96131075	5.22839405	5.44992670	5.65877293	5.86102852	6.05107657	6.25064314	6.35620296	6.40848787	6.43764640	6.45477015	6.46343774	6.46390380	6.43984922	6.39557613	6.34288563	6.28502330	6.22540364	6.16434571	6.09709333	6.02189931	5.93881733	5.84723662	5.74956917	5.64209007	5.50846714	5.34293337	5.15988923	4.96980369	4.77080985	4.55930879	4.33688911	4.10170428	3.85693068	3.61746023	3.38842612	3.16076446	2.94431792	2.75139121	2.58263825	2.43140457	2.29057175	2.15600909
	3.49477763	3.67457712	3.89420259	4.13932850	4.40311925	4.66429948	4.95090950	5.21662263	5.43872378	5.64727152	5.84649302	6.03487796	6.23406778	6.34399170	6.39336220	6.42248818	6.44029766	6.44970569	6.45075562	6.42705744	6.38281087	6.33023031	6.27262511	6.21341107	6.15290970	6.08625666	6.01182306	5.92945761	5.83820471	5.74142783	5.63602215	5.50288169	5.33977069	5.15776871	4.96951163	4.77223954	4.56110581	4.34066850	4.10411815	3.85881038	3.61996985	3.39006925	3.16182901	2.94505222	2.75211256	2.58338599	2.43210177	2.29114363	2.15641108
	3.49043800	3.66947563	3.88826154	4.13240390	4.39455314	4.65413794	4.93885972	5.20328287	5.42480717	5.63254753	5.83013339	6.01749702	6.22139867	6.32760404	6.37553415	6.40468752	6.42296690	6.43300420	6.43471302	6.41140318	6.36725985	6.31484850	6.25751660	6.19860210	6.13846988	6.07227135	5.99846197	5.91672022	5.82616916	5.72970424	5.62629890	5.49350525	5.33200371	5.15118439	4.96443729	4.76821520	4.55828954	4.33914071	4.10266597	3.85768793	3.61969142	3.38950938	3.16133761	2.94462248	2.75179564	2.58316468	2.43195321	2.29103216	2.15630053
	3.48893811	3.66772533	3.88623148	4.12985631	4.39144741	4.65033982	4.93432573	5.19828695	5.41981489	5.62727001	5.82406470	6.01127070	6.21773326	6.32171761	6.36914929	6.39862058	6.41711411	6.42741802	6.42941645	6.40627489	6.36216303	6.30980669	6.25256139	6.19372604	6.13369295	6.06762860	5.99401737	5.91234868	5.82207059	5.72551473	5.62307475	5.49026580	5.32924058	5.14888821	4.96267711	4.76675746	4.55743846	4.33867428	4.10229448	3.85757346	3.61991053	3.38959268	3.16147628	2.94478051	2.75195871	2.58332534	2.43211983	2.29120081	2.15645890
	3.48842530	3.66701299	3.88536277	4.12873302	4.39001600	4.64853213	4.93210708	5.19565756	5.41830381	5.62570652	5.82066867	6.00790080	6.20924476	6.31930491	6.36559323	6.39554163	6.41414678	6.42456248	6.42664626	6.40354324	6.35940508	6.30708269	6.24991566	6.19121427	6.13136460	6.06549611	5.99209293	5.91045301	5.82026519	5.72392952	5.62232152	5.48922554	5.32846211	5.14867274	4.96238391	4.76698198	4.55818467	4.33953591	4.10296483	3.85847262	3.62070708	3.39024341	3.16201559	2.94525969	2.75241374	2.58376299	2.43253046	2.29157165	2.15677474
	3.50232518	3.68124951	3.90052517	4.14690955	4.40871449	4.66869699	4.95430356	5.21971766	5.44068115	5.64756216	5.84197436	6.03157339	6.23412645	6.34584986	6.39225295	6.41962161	6.43834194	6.44892290	6.45094132	6.42813024	6.38413185	6.33184225	6.27463325	6.21597888	6.15618321	6.09009860	6.01652443	5.93468583	5.84548035	5.74721470	5.64610472	5.51274917	5.35204959	5.17278725	4.98494454	4.78923803	4.58108914	4.36126370	4.12118752	3.87585772	3.63666979	3.40285637	3.17263197	2.95441339	2.76071977	2.59134916	2.43929683	2.29743742	2.16174079
	3.51547500	3.69431566	3.91416019	4.16252296	4.42518833	4.68671723	4.97339691	5.23819968	5.45746172	5.66386875	5.85735230	6.04914969	6.24712374	6.36616956	6.40841007	6.43346939	6.45174727	6.46237200	6.46467008	6.44211791	6.39818835	6.34601873	6.28894568	6.23061869	6.17123279	6.10528937	6.03188613	5.95048495	5.86215375	5.76473867	5.66369372	5.53023624	5.37033507	5.19281786	5.00407550	4.80927877	4.60240328	4.38140804	4.13969474	3.89306331	3.65167665	3.41524623	3.18293978	2.96342921	2.76909271	2.59914154	2.44631612	2.30353640	2.16687965
	3.51813478	3.69637910	3.91589751	4.16390269	4.42686420	4.68875060	4.97450895	5.23646706	5.45495501	5.66114139	5.85344612	6.04581214	6.23556317	6.36375918	6.40009373	6.42429979	6.44192879	6.45249478	6.45513719	6.43266922	6.38871472	6.33672365	6.27994351	6.22209726	6.16331482	6.09789294	6.02509218	5.94453511	5.85677452	5.76238787	5.66111936	5.52788743	5.36921350	5.19382232	5.00553051	4.81252228	4.60702723	4.38579150	4.14543562	3.89812495	3.65530365	3.41872254	3.18568455	2.96595962	2.77166309	2.60170515	2.44870458	2.30562641	2.16860734
	3.52425605	3.70273691	3.92275256	4.17142666	4.43516384	4.69769195	4.98449825	5.24678685	5.46499842	5.67129466	5.86436580	6.05684337	6.24665311	6.37544128	6.41091818	6.43599069	6.45351837	6.46402874	6.46650409	6.44410503	6.40024500	6.34830060	6.29151384	6.23368752	6.17488399	6.10934410	6.03639205	5.95563628	5.86736429	5.77310912	5.67157706	5.53804795	5.37906303	5.20372876	5.01431084	4.82116376	4.61573680	4.39320931	4.15238623	3.90437213	3.66058752	3.42312522	3.18945783	2.96922896	2.77468286	2.60448426	2.45118484	2.30776546	2.17041277
	3.52929723	3.70698302	3.92680467	4.17543398	4.43835962	4.70289817	4.98942188	5.24731931	5.46191438	5.66674754	5.86389648	6.05593582	6.23549329	6.37386598	6.40409549	6.42761096	6.44402437	6.45428484	6.45681273	6.43457791	6.39080163	6.33922614	6.28291249	6.22578393	6.16777281	6.10283337	6.03073890	5.95078293	5.86398512	5.77279642	5.67097571	5.53756147	5.38066589	5.20753104	5.02053585	4.82901149	4.62324739	4.40249225	4.16248657	3.91222810	3.66823110	3.43004904	3.19520112	2.97438211	2.77995437	2.60969941	2.45606681	2.31213523	2.17417803
	3.53249963	3.71036901	3.93046376	4.17940417	4.44264749	4.70739686	4.99518800	5.25265455	5.46717331	5.67198730	5.87013909	6.06212588	6.24071258	6.38095162	6.40920520	6.43420191	6.45061567	6.46086922	6.46384856	6.44168581	6.39791390	6.34629565	6.28991723	6.23272665	6.17462899	6.10956393	6.03705520	5.95703057	5.86914434	5.77874928	5.67711179	5.54319301	5.38608611	5.21274407	5.02544370	4.83378025	4.62735507	4.40634007	4.16615147	3.91519267	3.67093739	3.43234019	3.19725228	2.97619954	2.78159375	2.61118516	2.45739223	2.31329376	2.17517874
	3.54103876	3.71868753	3.93935959	4.19079729	4.45176001	4.72193847	5.00529741	5.26489993	5.47828723	5.68252531	5.88387029	6.07566583	6.25343556	6.39108905	6.43227341	6.44263225	6.45698944	6.46775612	6.47113781	6.44896670	6.40536757	6.35412370	6.29814533	6.24143429	6.18377512	6.11887794	6.04620566	5.96604779	5.88727962	5.79067785	5.68696833	5.55375258	5.39749812	5.22476912	5.03869112	4.84624656	4.64104737	4.42073008	4.17848149	3.92632341	3.68213458	3.44231060	3.20513898	2.98293834	2.78837503	2.61771671	2.46344032	2.31870061	2.17989798
	3.54334651	3.72010000	3.94072888	4.19398607	4.45264877	4.72572782	5.00356357	5.26685238	5.47502274	5.67766561	5.87991815	6.07161075	6.24805312	6.38137932	6.43816567	6.43687437	6.44956565	6.45536013	6.45941326	6.43659518	6.39323365	6.34264220	6.28733601	6.23137039	6.17448039	6.11017551	6.03793324	5.96038126	5.88968641	5.78691198	5.68123369	5.54988488	5.39564874	5.22470625	5.04136025	4.84903913	4.64681182	4.42788327	4.18444232	3.93243017	3.68908588	3.44860639	3.20944952	2.98648657	2.79249680	2.62196669	2.46750039	2.32236284	2.18305573
	3.54122590	3.71731788	3.93772191	4.19155561	4.45014524	4.72121447	4.99778646	5.26486623	5.46722448	5.66870389	5.86892103	6.06052987	6.23703963	6.36833029	6.43061784	6.43097171	6.44189752	6.44200867	6.44634115	6.42262050	6.37941840	6.32930281	6.27440743	6.21883922	6.16235295	6.09851824	6.02669526	5.95276544	5.88180119	5.77731115	5.67130882	5.54125285	5.38829282	5.21855223	5.03699099	4.84501271	4.64526865	4.42668373	4.18313094	3.93244774	3.68963320	3.44911141	3.20908729	2.98606579	2.79261091	2.62236377	2.46798356	2.32281360	2.18340075
	3.55491032	3.73143710	3.95301067	4.21010311	4.46800706	4.74286994	5.02092108	5.28888969	5.49256200	5.69492454	5.89695762	6.08839683	6.26411753	6.39996790	6.45785469	6.45450630	6.45887729	6.46775031	6.47112783	6.44774938	6.40449842	6.35450224	6.29968484	6.24424852	6.18776602	6.12379917	6.05177157	5.97567022	5.90644038	5.80129861	5.69387451	5.56365344	5.41020556	5.23992728	5.05777988	4.86442172	4.66472464	4.44529948	4.19914729	3.94774144	3.70324627	3.46126768	3.21921300	2.99511710	2.80114487	2.63043192	2.47538152	2.32942783	2.18924890
	3.55243593	3.72807546	3.94927064	4.21060963	4.46167175	4.74105210	5.01593710	5.28268349	5.48482632	5.68671939	5.88769753	6.07980030	6.25309556	6.37532159	6.44642361	6.43732976	6.44161376	6.44872058	6.45106758	6.42804359	6.38427632	6.33455137	6.28019455	6.22531111	6.16967628	6.10605379	6.03495741	5.95762248	5.89379747	5.78833205	5.67965669	5.55141465	5.40003524	5.23215353	5.05135776	4.86071285	4.66173255	4.44374423	4.19900094	3.94881799	3.70434711	3.46218844	3.21992729	2.99622381	2.80245994	2.63227146	2.47731600	2.33127673	2.19091307
	3.55715026	3.73282450	3.95457917	4.21806562	4.46859255	4.74682778	5.02483383	5.29271596	5.49175449	5.69287528	5.89495816	6.08606318	6.25897811	6.38108061	6.44813784	6.44797556	6.44693532	6.45404415	6.45688106	6.43478385	6.39091360	6.34136404	6.28706304	6.23233562	6.17677853	6.11260571	6.04108933	5.96594437	5.89726419	5.79464152	5.68549071	5.55761258	5.40654960	5.23917894	5.05844533	4.86820885	4.66901140	4.45052472	4.20542713	3.95550241	3.71026451	3.46708639	3.22401678	3.00006948	2.80610152	2.63591944	2.48071774	2.33432575	2.19358652
	3.56495604	3.74078555	3.96341264	4.22928610	4.47951625	4.75750375	5.03787546	5.30534344	5.50224109	5.70412883	5.90574185	6.09769581	6.26900798	6.39628022	6.45723876	6.46092993	6.46618313	6.48214716	6.47685413	6.44659630	6.40248976	6.35299937	6.29863541	6.24394393	6.18827781	6.12830906	6.05683629	5.97546806	5.90473704	5.80481076	5.69527980	5.56748419	5.41646424	5.24927473	5.06799963	4.87794505	4.67767691	4.45958769	4.21409165	3.96375822	3.71737496	3.47327638	3.22913909	3.00519946	2.81083507	2.64067127	2.48513489	2.33830833	2.19712319
	3.56730133	3.74239812	3.96591351	4.23210996	4.48369220	4.76151331	5.04471283	5.31173318	5.50073022	5.70311965	5.90434552	6.09503358	6.26643212	6.38585146	6.45109237	6.46719576	6.47169706	6.49116478	6.47967290	6.43999696	6.39472052	6.34567442	6.29151793	6.23748469	6.18236989	6.12768090	6.05513599	5.97146835	5.89656986	5.79755272	5.69021265	5.56384005	5.41462787	5.24964868	5.07013282	4.88180231	4.68141794	4.46600057	4.22061775	3.97051298	3.72356982	3.47898432	3.23371549	3.01020145	2.81601193	2.64630170	2.49070897	2.34350710	2.20182605
	3.57338596	3.74847654	3.97278293	4.23937961	4.49196402	4.77152079	5.05572727	5.32495365	5.51033574	5.71499818	5.91633665	6.10628073	6.27693830	6.38767054	6.46067784	6.48114032	6.48159548	6.49735848	6.48772285	6.44863776	6.40264155	6.35367026	6.29959606	6.24596768	6.19108029	6.13643418	6.06244736	5.97948246	5.90536821	5.80451771	5.69783794	5.57171794	5.42285319	5.25838035	5.07929857	4.89108544	4.68982227	4.47515266	4.22897843	3.97822099	3.73061801	3.48543807	3.23921946	3.01550126	2.82113200	2.65135699	2.49550147	2.34788146	2.20575764
	3.59084313	3.76732091	3.99301370	4.26552955	4.51491748	4.79466830	5.08276283	5.35636578	5.53910328	5.75157835	5.95314879	6.14302455	6.31161670	6.41675067	6.49510197	6.51404255	6.51561760	6.52570295	6.51789242	6.48953487	6.44284313	6.39333257	6.33896733	6.28452066	6.23002914	6.16900713	6.09587711	6.01310605	5.93952341	5.83761113	5.72984823	5.60260578	5.45236779	5.28636017	5.10566349	4.91519558	4.71204758	4.49518616	4.24679290	3.99397136	3.74483517	3.49822914	3.25064160	3.02560652	2.83056539	2.65996743	2.50335741	2.35490820	2.21205073
	3.60840162	3.78569219	4.01284141	4.28713077	4.53744070	4.82002013	5.11207063	5.39040740	5.56774264	5.78467924	5.98551972	6.17513929	6.34439002	6.44604769	6.52345211	6.54968456	6.55687022	6.56437900	6.54646995	6.52533143	6.47658766	6.42656157	6.37206164	6.31756684	6.26386905	6.19796345	6.13021971	6.04526519	5.96765065	5.86549450	5.75730159	5.62930083	5.47834983	5.31168729	5.13038235	4.93777163	4.73425528	4.51610239	4.26518185	4.01098604	3.76059352	3.51281843	3.26375353	3.03717632	2.84196285	2.67050958	2.51326188	2.36393347	2.22023932
	3.61649040	3.79386750	4.02132905	4.29797790	4.54724708	4.83546707	5.12455311	5.40891834	5.58186637	5.79537527	5.99603032	6.18529649	6.36108694	6.45703961	6.53631636	6.56453404	6.58161764	6.57633032	6.55718433	6.53626556	6.48602214	6.43576713	6.38153704	6.32763016	6.27458969	6.20818096	6.14096362	6.05907132	5.97984750	5.87339867	5.76609289	5.63827497	5.48777768	5.32172600	5.14103784	4.94793319	4.74516523	4.52689128	4.27472637	4.02052119	3.77013946	3.52155791	3.27181784	3.04449118	2.84949427	2.67758153	2.52016177	2.37036055	2.22617793
	3.60994949	3.78645267	4.01441419	4.28487060	4.53779720	4.82905260	5.11208118	5.39346668	5.56977182	5.77914542	5.97809407	6.16672692	6.34119746	6.43707371	6.50509490	6.54087571	6.57684547	6.56121663	6.54748638	6.52345737	6.45913958	6.40915770	6.35550397	6.30196346	6.25667029	6.18786848	6.11964300	6.03994918	5.95286940	5.85048626	5.74503409	5.61892657	5.47088884	5.30753109	5.12962353	4.93827677	4.73837843	4.52247491	4.27030291	4.01903220	3.76982699	3.52169819	3.27241087	3.04481678	2.85111507	2.67943023	2.52259149	2.37286975	2.22859975
	3.62108993	3.79825386	4.02717656	4.29548532	4.55384904	4.84681255	5.13257459	5.41329930	5.59083480	5.79402413	5.99359094	6.18178345	6.35649078	6.45897249	6.53951380	6.56311033	6.60324548	6.58079881	6.57185918	6.54613885	6.48238987	6.43188337	6.37773972	6.32371053	6.27787504	6.20861809	6.13743610	6.06119718	5.97166739	5.86811245	5.76223918	5.63550909	5.48681113	5.32270081	5.14400898	4.95095133	4.75037215	4.53326219	4.27989949	4.02849248	3.77839627	3.52939211	3.27936227	3.05093189	2.85711252	2.68490862	2.52774825	2.37754042	2.23284067
	3.63830123	3.81626460	4.04666644	4.31724708	4.57818885	4.87582346	5.15950359	5.45430644	5.61709965	5.82908943	6.02918654	6.21710311	6.39273356	6.48926266	6.55741574	6.59545271	6.63992314	6.60389748	6.61334313	6.59675780	6.51668786	6.46505416	6.41083098	6.35652835	6.31037476	6.24928023	6.16673033	6.09767927	5.99476419	5.89291021	5.78714978	5.66019639	5.51167039	5.34787344	5.16943314	4.97641234	4.77363864	4.55589440	4.29991410	4.04933774	3.79799846	3.54706765	3.29574494	3.06641370	2.87236725	2.69948782	2.54158788	2.39035421	2.24462892
	3.63743856	3.81688460	4.04877703	4.32208484	4.57841180	4.88048719	5.16730314	5.44287485	5.60534707	5.82549079	6.02619094	6.21886545	6.39464471	6.48782896	6.53768483	6.58229761	6.62914807	6.61506096	6.61936613	6.59321339	6.53133646	6.47683505	6.41386154	6.35845079	6.30944593	6.24676600	6.15692171	6.07676574	5.97995626	5.88204030	5.77775868	5.65231180	5.50639254	5.34553346	5.17003979	4.98000903	4.77614955	4.56357847	4.30738906	4.05769670	3.80710356	3.55590373	3.30489294	3.07715922	2.88302492	2.71118719	2.55277024	2.40134060	2.25506584
	3.64421473	3.82617489	4.05832302	4.32836293	4.58832317	4.89478759	5.18501121	5.43975232	5.61432401	5.83776825	6.04017925	6.23116975	6.40677849	6.50467553	6.54985666	6.59439154	6.64289837	6.63884091	6.64763294	6.59654582	6.52839466	6.47403212	6.42159233	6.36569549	6.32509550	6.26335173	6.17217606	6.07970545	5.98729020	5.89031057	5.78625761	5.66109087	5.51583656	5.35569385	5.18091103	4.99147631	4.78642730	4.57504000	4.31788884	4.06899239	3.81723285	3.56596098	3.31431740	3.08760981	2.89283882	2.72145455	2.56223652	2.41058923	2.26382493
	3.65222108	3.83257518	4.06368535	4.33353446	4.60090065	4.90690405	5.20473145	5.43940538	5.63290909	5.85549700	6.05924634	6.25144865	6.42594540	6.52046036	6.56544245	6.60714186	6.65286718	6.66067314	6.67110555	6.60695509	6.55858665	6.50161126	6.44761504	6.39092066	6.34731333	6.28024075	6.19452312	6.09008839	5.99962899	5.90271325	5.79844079	5.67358287	5.52892183	5.36937335	5.19505478	5.00591827	4.79993371	4.58858377	4.32996853	4.08232990	3.82998724	3.57865719	3.32669397	3.10050021	2.90559406	2.73396731	2.57367210	2.42176096	2.27437024
	3.64914350	3.82958716	4.06121877	4.32716594	4.59917109	4.90934681	5.20142801	5.44881528	5.63249778	5.84977860	6.05580638	6.25002082	6.42388265	6.52299333	6.56386733	6.60167934	6.63403031	6.66017854	6.68048488	6.60611895	6.56361470	6.50440251	6.45016451	6.39386012	6.35642305	6.27422467	6.17466356	6.08452093	5.99441304	5.89797797	5.79401759	5.67006687	5.52665793	5.36844053	5.19543326	5.00745726	4.80267716	4.59139510	4.33292713	4.08537736	3.83526113	3.58454311	3.33277559	3.10716034	2.91277112	2.74094021	2.58020624	2.42831246	2.28063263
	3.64045358	3.82752260	4.06159329	4.32840028	4.59222549	4.89872851	5.18966730	5.44145030	5.63363261	5.83351458	6.04419030	6.23647532	6.41144364	6.51305189	6.55461923	6.59072321	6.61244297	6.63968032	6.66938310	6.61431510	6.55716406	6.49526547	6.44018228	6.39427088	6.32731465	6.25116472	6.16019826	6.07185245	5.98279453	5.88698232	5.78363665	5.66066829	5.51866918	5.36192823	5.19026907	5.00345690	4.79997717	4.58843120	4.33184395	4.08536923	3.83744716	3.58738409	3.33654184	3.11127233	2.91808433	2.74618304	2.58564668	2.43345419	2.28560997
	3.61859563	3.80050837	4.03076766	4.30174639	4.56921264	4.86891142	5.16518714	5.40345694	5.60254269	5.79172435	5.99136939	6.19084056	6.36654122	6.45946780	6.50274765	6.53435314	6.56143616	6.58751125	6.61484669	6.59983595	6.54078602	6.47487425	6.41595404	6.36900639	6.28471758	6.20766559	6.12332275	6.03873725	5.95095105	5.85615026	5.75403074	5.63292257	5.49334220	5.33924261	5.17015597	4.98573149	4.78512810	4.57360513	4.32116939	4.07739137	3.83309505	3.58637594	3.33769604	3.11437282	2.92201797	2.75065914	2.58999403	2.43770848	2.28974526
	3.60247903	3.78206286	4.00927498	4.28078694	4.54968862	4.84494622	5.13783502	5.38192464	5.59227538	5.75884095	5.95606558	6.15337926	6.32757785	6.42226363	6.46321046	6.49440423	6.52202770	6.54729623	6.57370805	6.56502922	6.53233105	6.46594820	6.38827555	6.33268256	6.25428772	6.17745441	6.09590718	6.01283651	5.92583931	5.83182711	5.73066348	5.61079118	5.47281668	5.32046581	5.15304961	4.97032270	4.77178938	4.56058645	4.31152572	4.06991906	3.82776546	3.58332263	3.33647098	3.11470971	2.92262815	2.75179565	2.59098281	2.43872946	2.29076993
	3.58985610	3.76906112	3.99480667	4.26385895	4.53468008	4.82634804	5.11354740	5.35418448	5.58833613	5.73527881	5.93275022	6.12259182	6.29682317	6.39111088	6.43689087	6.46627706	6.49689954	6.51723869	6.54326511	6.53550192	6.50556639	6.44144663	6.36642909	6.30427724	6.23011305	6.15778247	6.07921635	5.99685650	5.91010012	5.81644126	5.71584217	5.59675773	5.45992172	5.30882401	5.14258131	4.96099604	4.76393724	4.55241841	4.30651168	4.06672175	3.82584202	3.58321130	3.33800701	3.11748086	2.92531950	2.75470520	2.59352702	2.44108134	2.29295151
	3.57387653	3.75438814	3.98194282	4.24472061	4.51737073	4.80124648	5.08335907	5.30999937	5.54573854	5.70234552	5.90192375	6.07660151	6.24913734	6.35058013	6.39839710	6.43052865	6.45810912	6.47541440	6.49884013	6.49310576	6.44825346	6.38992036	6.34253693	6.27945578	6.20478634	6.13482820	6.05802163	5.97601917	5.88960274	5.79649957	5.69665636	5.57857571	5.44314995	5.29351427	5.12868835	4.94831497	4.75464978	4.54079382	4.30092421	4.06249806	3.82285367	3.58254124	3.33957563	3.12063558	2.92860816	2.75820276	2.59661275	2.44376815	2.29542391
	3.56086280	3.74173416	3.96926847	4.22763784	4.50313644	4.78012042	5.06085773	5.29025577	5.52265831	5.67575277	5.87169241	6.04801796	6.21983975	6.31819925	6.36530294	6.40143742	6.42562991	6.44544023	6.46023469	6.45416603	6.41972779	6.36354502	6.30997769	6.24632404	6.18160483	6.11452767	6.03825260	5.95655534	5.87052051	5.77803737	5.67892917	5.56192953	5.42794948	5.27961784	5.11625971	4.93713161	4.74676034	4.53106806	4.29628427	4.05786403	3.82063633	3.58149921	3.34030226	3.12253504	2.93071935	2.76045541	2.59885998	2.44539655	2.29687456
	3.54691533	3.72751238	3.95723492	4.20927693	4.48421349	4.75769625	5.03852270	5.27421901	5.49540964	5.64783763	5.84167458	6.01665108	6.18913434	6.28561316	6.33500822	6.36683254	6.39588015	6.41611794	6.42591831	6.42487659	6.39706012	6.34868491	6.28032880	6.21476403	6.15891042	6.09333769	6.01656393	5.93513220	5.84954565	5.75773629	5.65941929	5.54331396	5.41078838	5.26387573	5.10212627	4.92450570	4.73805261	4.52081278	4.28937114	4.05195609	3.81715317	3.57881070	3.33912971	3.12243068	2.93102528	2.76100343	2.59966123	2.44582102	2.29728090
	3.52815211	3.70826872	3.94331393	4.18753945	4.45833716	4.72823644	5.01042476	5.24630519	5.45599129	5.60759200	5.80347592	5.97710367	6.14868094	6.24663798	6.30095550	6.33277223	6.36026910	6.38013179	6.38760766	6.37968784	6.35094247	6.30433932	6.23942518	6.18219909	6.12859817	6.06329750	5.98451162	5.90368914	5.81872411	5.72783660	5.63062690	5.51619365	5.38558685	5.24073015	5.08133406	4.90605454	4.72519750	4.50667861	4.27853229	4.04260712	3.81036187	3.57346369	3.33552593	3.12014898	2.92947232	2.75998648	2.59912302	2.44528763	2.29691806
	3.50918933	3.68538563	3.92394840	4.16099419	4.42689384	4.69571539	4.97663849	5.20943705	5.40530440	5.56637044	5.76184211	5.93338884	6.10448262	6.20400558	6.25842199	6.29071520	6.31683953	6.33676190	6.35134554	6.34255319	6.29886213	6.25671968	6.20283041	6.14912873	6.09719432	6.03223330	5.95454229	5.87353110	5.78906341	5.69916494	5.60302622	5.49005473	5.36123615	5.21841573	5.06121535	4.88810532	4.71178425	4.49250936	4.26753606	4.03425900	3.80395266	3.56864348	3.33265176	3.11864363	2.92857369	2.75944736	2.59875318	2.44481140	2.29649401
	3.49002241	3.66271887	3.89644053	4.14430716	4.41477566	4.66246764	4.94326304	5.17110441	5.36787008	5.51791092	5.71899512	5.89002294	6.06456830	6.15982352	6.21622503	6.24838010	6.27273847	6.29303242	6.30702699	6.29686071	6.26635925	6.22724668	6.16600930	6.11476606	6.06397670	6.00000680	5.92458607	5.84388005	5.76008087	5.67136341	5.57630138	5.46468499	5.33756282	5.19680322	5.04153707	4.87037683	4.69579700	4.47787397	4.25574725	4.02543245	3.79721199	3.56327099	3.32920906	3.11657825	2.92716746	2.75829957	2.59773743	2.44354195	2.29525770
	3.47024906	3.63905663	3.86695416	4.11773075	4.38264667	4.63013347	4.90825989	5.13652724	5.33160342	5.47763063	5.67459881	5.84517028	6.01986829	6.11327555	6.17199906	6.20150002	6.22962102	6.25253106	6.26655682	6.25006464	6.22724699	6.19086567	6.12483580	6.07608718	6.02582180	5.96526054	5.89368077	5.81573512	5.73172498	5.64424403	5.55011818	5.43984011	5.31428009	5.17521958	5.02188318	4.85296511	4.67852474	4.46348409	4.24417695	4.01854654	3.79180229	3.55989060	3.32724079	3.11608765	2.92740665	2.75848047	2.59789107	2.44316972	2.29477471
	3.45600792	3.62335574	3.84862035	4.09622354	4.34594149	4.60822633	4.88301598	5.10950606	5.30159170	5.46254824	5.64520990	5.81549622	5.98626847	6.08462007	6.14306566	6.17228740	6.20239343	6.22549024	6.23861838	6.22170363	6.19909051	6.16141721	6.10075155	6.05389600	6.00436017	5.94486781	5.87371748	5.79662368	5.71352904	5.62682876	5.53326743	5.42357718	5.29904733	5.16114175	5.00908781	4.84210951	4.66693535	4.45436126	4.23655695	4.01367425	3.78781975	3.55756365	3.32569905	3.11551528	2.92751754	2.75840786	2.59781782	2.44288334	2.29444691
	3.43285962	3.59962977	3.82143863	4.06709654	4.30857354	4.57062444	4.84423788	5.06590770	5.25450492	5.43041276	5.59963878	5.76947264	5.93742671	6.04021679	6.09871428	6.12936100	6.16345703	6.18677925	6.19413345	6.17823320	6.15563621	6.11740418	6.06434246	6.01918346	5.96971649	5.91104822	5.84071565	5.76443949	5.68054388	5.59494134	5.50244443	5.39374144	5.27106290	5.13522845	4.98543967	4.82159284	4.64695344	4.43764847	4.22229155	4.00205425	3.77774466	3.54973277	3.31974790	3.11086573	2.92415419	2.75540170	2.59529911	2.44062732	2.29248042
	3.42139112	3.58523196	3.80345849	4.04966037	4.28163073	4.54642197	4.82116046	5.03853179	5.23144233	5.41413154	5.57112986	5.74168094	5.91037180	6.01408140	6.07132050	6.10229171	6.13656006	6.16089037	6.16716909	6.16116546	6.13666957	6.09772011	6.04303764	5.99958920	5.95227227	5.89471606	5.82497575	5.74927862	5.66898793	5.58390569	5.49175123	5.38444230	5.26245374	5.12727686	4.97833308	4.81770828	4.63864085	4.43265764	4.21773702	3.99923784	3.77642625	3.54904770	3.32045290	3.11133652	2.92537265	2.75585184	2.59539729	2.44020403	2.29181480
	3.41564708	3.57555517	3.78784653	4.03516647	4.26744622	4.52581830	4.80412270	5.01808059	5.21273838	5.40470297	5.54191151	5.72033363	5.88988971	5.99382940	6.04808312	6.07785946	6.11204074	6.13730211	6.14591348	6.14437112	6.11936658	6.07740172	6.03034877	5.98738379	5.94053038	5.88330891	5.81393405	5.73859874	5.65873497	5.57404198	5.48220236	5.37557445	5.25414630	5.11957397	4.97136470	4.81384270	4.63121945	4.42820348	4.21361574	3.99599842	3.77417081	3.54758529	3.31998003	3.11100036	2.92541912	2.75566044	2.59503352	2.43956971	2.29107926
	3.38207715	3.53971061	3.74807395	3.99281037	4.22789930	4.47571524	4.74959394	4.96844365	5.16048839	5.35090650	5.47094274	5.65082509	5.82432399	5.92760421	5.98063273	6.01204910	6.04640788	6.07187113	6.08777807	6.08441173	6.05506132	6.01414046	5.97247070	5.93089435	5.88578897	5.83019163	5.76108151	5.68722262	5.60903562	5.52596695	5.43574001	5.33034533	5.21136131	5.07969536	4.93477137	4.78364995	4.60218431	4.40340809	4.19118702	3.97606568	3.75679367	3.53302345	3.30803395	3.10119157	2.91736269	2.74869492	2.58910395	2.43445534	2.28670076
	3.33235354	3.49054293	3.69557523	3.93519602	4.17292175	4.41007097	4.67405555	4.89773165	5.08459754	5.26402794	5.38830132	5.55607094	5.73609002	5.83868631	5.89396573	5.92692737	5.96087932	5.98722582	6.00490497	5.99688237	5.96824855	5.93258475	5.89292582	5.85298976	5.81013009	5.75666637	5.68590310	5.61422977	5.53812429	5.45718845	5.36938377	5.26746634	5.15190554	5.02437920	4.88419307	4.73908054	4.56220732	4.36813969	4.15946874	3.94822792	3.73264683	3.51272161	3.29145025	3.08746679	2.90609286	2.73898871	2.58094331	2.42751306	2.28083504
	3.28336293	3.44545299	3.64613221	3.87825381	4.11977394	4.35741315	4.60546178	4.82886898	5.00645949	5.16759600	5.33016841	5.46990836	5.65509103	5.75909775	5.81787827	5.85639649	5.88803957	5.91301155	5.93020056	5.91663448	5.89058212	5.86193087	5.82163745	5.78319357	5.74196573	5.69017994	5.62218051	5.55198554	5.47710123	5.39804406	5.31182718	5.21208027	5.09950540	4.97584829	4.84084552	4.69709490	4.52503672	4.33572280	4.13078868	3.92306298	3.71118127	3.49449565	3.27687094	3.07521187	2.89599783	2.73004760	2.57320851	2.42069924	2.27492183
	3.26141767	3.42362593	3.61855442	3.85242773	4.09287815	4.33608369	4.57080136	4.79399115	4.96771376	5.13206725	5.31012445	5.42246549	5.61154580	5.71624528	5.77532357	5.81913610	5.85226163	5.87206610	5.89024510	5.87764981	5.85432301	5.82509339	5.78379011	5.74641366	5.70604519	5.65516722	5.59211854	5.52255622	5.44734086	5.37007531	5.28376661	5.18512657	5.07384545	4.95211388	4.82076910	4.67540310	4.50512560	4.31874921	4.11633178	3.90987008	3.69996602	3.48475357	3.26902362	3.06857688	2.89039655	2.72491138	2.56861309	2.41652431	2.27119556
	3.22426359	3.38634721	3.57724088	3.81262543	4.05233202	4.29075725	4.51366988	4.73319685	4.91042873	5.07942073	5.25672357	5.35260641	5.53795560	5.64489967	5.70292078	5.74706531	5.78149356	5.80295465	5.82348312	5.81473756	5.79346110	5.76355149	5.72354942	5.68758230	5.64655605	5.59634116	5.53514884	5.46683199	5.39448030	5.31790359	5.23439725	5.13796974	5.02904178	4.91092711	4.78630968	4.63882797	4.47211402	4.28987676	4.09180327	3.88720374	3.67997233	3.46749501	3.25472077	3.05630073	2.87996534	2.71568768	2.56067921	2.40964910	2.26527657
	3.17918010	3.34025509	3.52946017	3.76157291	3.99888494	4.23746811	4.45135809	4.66668496	4.85198518	5.02028402	5.18850488	5.30090479	5.46603329	5.57819461	5.63588288	5.68230037	5.71376819	5.73753934	5.75757576	5.75344166	5.73484665	5.70553295	5.66929558	5.63424614	5.59374797	5.54528195	5.48555688	5.41840019	5.34696512	5.27147343	5.18886316	5.09275040	4.98695499	4.87326830	4.75237311	4.60467134	4.44140574	4.26320402	4.06995878	3.86727846	3.66203959	3.45235392	3.24253814	3.04606167	2.87139394	2.70809941	2.55426375	2.40415671	2.26062956
	3.11048210	3.27067779	3.45510408	3.67939583	3.91149889	4.14616129	4.34708666	4.56262349	4.74906888	4.91731739	5.07615023	5.21456021	5.34353884	5.45895778	5.51947994	5.56559926	5.59472821	5.61955794	5.63790399	5.63843940	5.62487178	5.60024207	5.56602006	5.52927621	5.49370621	5.44865430	5.39125651	5.32570848	5.25623314	5.18297352	5.10257151	5.00702773	4.90622160	4.80025556	4.67911086	4.53849200	4.38171340	4.20798361	4.02114980	3.82170548	3.62137084	3.41723247	3.21252016	3.02028895	2.84917611	2.68904035	2.53781254	2.39017126	2.24876796
	3.07934126	3.23915840	3.42230738	3.64230734	3.87306428	4.10647417	4.30485401	4.51821730	4.70313863	4.87167135	5.02921212	5.17733986	5.29407096	5.40959842	5.47182848	5.51728451	5.54874242	5.57406365	5.59244711	5.59424869	5.58198106	5.56006384	5.52786742	5.49015898	5.45587778	5.41187957	5.35550370	5.29061392	5.22181904	5.14964693	5.07030742	4.97650097	4.87881844	4.77530056	4.65311654	4.51504410	4.36162061	4.18983451	4.00536036	3.80734532	3.60866499	3.40632975	3.20359514	3.01277106	2.84286681	2.68388885	2.53332720	2.38646056	2.24573499
	3.05585520	3.21540955	3.39909542	3.61536584	3.84584452	4.07769083	4.27800153	4.49046114	4.67201940	4.84119312	4.99925325	5.15448053	5.26830520	5.38593378	5.45072898	5.49663821	5.53205867	5.55829791	5.57745224	5.58044615	5.56941402	5.54930731	5.51791507	5.48048764	5.44671265	5.40347636	5.34754078	5.28227271	5.21225671	5.14022285	5.06084267	4.96920596	4.87538785	4.76995070	4.64562048	4.50757003	4.35600774	4.18458223	4.00080584	3.80308914	3.60460230	3.40354897	3.20201484	3.01142310	2.84168371	2.68293569	2.53217874	2.38536270	2.24472637
	3.00487066	3.16204067	3.34728207	3.54961597	3.77865249	4.00461329	4.21379164	4.41023930	4.58599523	4.75038766	4.90577642	5.06356283	5.18675702	5.28975865	5.35689194	5.40279110	5.43746045	5.46343901	5.48281332	5.48804228	5.47814867	5.45975112	5.43135821	5.39886148	5.36663839	5.32451081	5.27059659	5.20714359	5.13891905	5.06936704	4.99219097	4.90666517	4.81710491	4.70957196	4.58978297	4.45445497	4.30781459	4.14112750	3.96102870	3.76730310	3.57230651	3.37557110	3.17817024	2.99091372	2.82360177	2.66733906	2.51843896	2.37349992	2.23449773
	2.94874777	3.10599133	3.29250794	3.48422115	3.71037677	3.93348185	4.14901224	4.33552816	4.51061245	4.67367524	4.82862085	4.98535848	5.11754188	5.21802711	5.28835668	5.33606670	5.37138397	5.39772625	5.41781905	5.42474053	5.41780587	5.40268219	5.37869919	5.35074317	5.31920928	5.27997523	5.22793739	5.16658283	5.09859243	5.03067787	4.95450255	4.87044116	4.77789703	4.66987246	4.55495824	4.42270552	4.27863343	4.11613349	3.93802915	3.74817968	3.55487796	3.36089348	3.16642067	2.98115272	2.81501636	2.66016390	2.51217339	2.36827632	2.23019428
	2.90928389	3.06392167	3.24995969	3.43795742	3.65912652	3.87976971	4.09706807	4.27397043	4.44913654	4.61100946	4.76517796	4.91981345	5.05955261	5.14710272	5.21919742	5.26818733	5.30305131	5.32897397	5.34920445	5.35845678	5.35277734	5.33921185	5.31675225	5.29214794	5.26238340	5.22496328	5.17445462	5.11501805	5.04882767	4.98437395	4.91239262	4.82652842	4.73253133	4.62738317	4.51531700	4.38730660	4.24562958	4.08602168	3.91038599	3.72372098	3.53269843	3.34145000	3.14963016	2.96654344	2.80207034	2.64894731	2.50233692	2.35978224	2.22288479
	2.87099927	3.02351081	3.20831381	3.39531611	3.60992884	3.82723020	4.04390544	4.21744826	4.38923421	4.54856107	4.70052096	4.85257391	4.99650707	5.07919666	5.15356654	5.19926868	5.23380621	5.25940858	5.27996832	5.29081749	5.28630247	5.27399659	5.25310789	5.23076515	5.20299453	5.16707493	5.11793459	5.06013289	4.99604372	4.93353369	4.86431580	4.77718422	4.68248185	4.58051565	4.47056400	4.34658218	4.20873027	4.05242982	3.87931944	3.69559179	3.50721293	3.31867423	3.12963571	2.94891323	2.78628985	2.63507774	2.49001993	2.34897268	2.21342767
	2.79553886	2.94522691	3.12559006	3.31451843	3.51296192	3.72145679	3.93267692	4.11337096	4.26830218	4.41846025	4.56604616	4.71401591	4.85911678	4.95434588	5.02571103	5.05524691	5.08957840	5.11401779	5.13537462	5.14715080	5.14431284	5.13439739	5.11767039	5.09899355	5.07607691	5.04312014	4.99680595	4.94234517	4.88550666	4.82427649	4.75433281	4.66805173	4.57497132	4.48056733	4.37368025	4.25596315	4.12667478	3.97870209	3.81175191	3.63395380	3.45181868	3.26876554	3.08556538	2.90996368	2.75154375	2.60457575	2.46302047	2.32532027	2.19277944
	2.74201272	2.88892394	3.06632912	3.25560404	3.44850575	3.65275350	3.86438742	4.04935356	4.20261444	4.34535288	4.49771703	4.64874067	4.79558399	4.89798737	4.96301134	4.99380476	5.02529794	5.04788152	5.06987012	5.08205135	5.07901396	5.07093130	5.05706941	5.04177740	5.02186503	4.99146309	4.94989952	4.89922623	4.84640206	4.78501277	4.71348894	4.62661837	4.53758971	4.44674245	4.34094650	4.22554798	4.09632648	3.94946564	3.78515341	3.61069734	3.43179130	3.25143953	3.07071684	2.89745783	2.74059177	2.59546250	2.45535396	2.31904698	2.18775351
	2.69709651	2.83944147	3.01424490	3.20638698	3.39291787	3.59304964	3.80302251	3.99190861	4.14103302	4.28043326	4.43208327	4.58233386	4.72901651	4.83733642	4.89876237	4.93542290	4.96674300	4.98640939	5.00948850	5.02247523	5.02040687	5.01394242	5.00120784	4.98788297	4.96977131	4.94146494	4.90207667	4.85583166	4.80209422	4.74016088	4.66682399	4.58220788	4.49683224	4.40750697	4.30367153	4.19131192	4.06445896	3.92069420	3.75926791	3.58769354	3.41130699	3.23275021	3.05421275	2.88346957	2.72794409	2.58410490	2.44519224	2.31024391	2.18026378
	2.65727294	2.79476651	2.96687385	3.15856313	3.34393781	3.53918119	3.74531840	3.93159758	4.08311660	4.22034026	4.37098922	4.52050823	4.66679385	4.77390737	4.83413286	4.87679125	4.90950342	4.92901405	4.95277195	4.96621589	4.96558126	4.96005345	4.94798809	4.93596429	4.91919198	4.89255134	4.85424312	4.80965409	4.75371643	4.69189742	4.61933288	4.53750740	4.45473748	4.36646996	4.26487370	4.15509533	4.03079872	3.88958679	3.73017742	3.56076034	3.38683212	3.21056955	3.03413890	2.86589433	2.71222790	2.57030654	2.43316116	2.29976955	2.17123806
	2.59776144	2.72598302	2.89508203	3.08363718	3.26882399	3.45576696	3.65425667	3.83777031	3.99165522	4.12509116	4.27205734	4.42095857	4.56693763	4.67401625	4.73335001	4.77792948	4.81101317	4.83541249	4.86085161	4.87546679	4.87763421	4.87485570	4.86325438	4.85339716	4.83892547	4.81494723	4.77812972	4.73257647	4.67689167	4.61581768	4.54636859	4.46842431	4.38863996	4.30244017	4.20520351	4.09859788	3.97776344	3.84159913	3.68703151	3.52151323	3.35149556	3.17915169	3.00626096	2.84110182	2.69074117	2.55088140	2.41610591	2.28499975	2.15859504
	2.52931402	2.65093218	2.81429298	2.99767347	3.18740343	3.36331601	3.55213963	3.73328576	3.88951883	4.02263711	4.15973440	4.30878042	4.45410934	4.56021859	4.61999968	4.66217154	4.69764390	4.72346501	4.75153914	4.76789456	4.77407639	4.77412939	4.76562815	4.75831708	4.74745461	4.72602029	4.68999296	4.64300378	4.58939221	4.53051547	4.46606822	4.39119079	4.31439101	4.23155918	4.13877702	4.03604735	3.92006275	3.78982464	3.63928612	3.47915315	3.31293339	3.14521103	2.97571558	2.81394264	2.66711818	2.52962841	2.39742892	2.26876522	2.14464113
	2.44716314	2.56460944	2.72017701	2.89657002	3.08472763	3.25454781	3.43205014	3.60766962	3.76215533	3.89680052	4.02806900	4.17387325	4.31650676	4.41809793	4.47570297	4.51736158	4.55200364	4.57565185	4.60198338	4.62090520	4.63056590	4.63359134	4.63022359	4.62585409	4.61847842	4.59860818	4.56422862	4.51963631	4.46886932	4.41344745	4.35325252	4.28356424	4.21017847	4.13356053	4.04538795	3.94848708	3.83885787	3.71515678	3.57098712	3.41746527	3.25721765	3.09515966	2.93093296	2.77420021	2.63162085	2.49817509	2.36988964	2.24481876	2.12392170
