	10.12293254	10.14625000	10.16548292	10.19097464	10.24285049	10.38183826	10.60975386	10.92069402	11.27580308	11.56289869	11.80872459	12.11338236	12.39137736	12.61619590	12.88250226	13.05146121	13.12194492	13.20057025	13.29036224	13.36197105	13.37762687	13.35136779	13.28525630	13.21843012	13.16741597	13.12856517	13.10003922	13.07965445	13.06209992	13.04238431	13.01599184	12.97419571	12.88551171	12.75695149	12.66427737	12.60565947	12.56175521	12.51563397	12.43905918	12.26465524	12.17655015	12.12644727	12.08861922	12.04987289	11.99256701	11.89689196	11.84128735	11.81213429	11.79893584
	10.17592728	10.21417174	10.23815802	10.26721255	10.33434082	10.55488268	10.86214614	11.29756190	11.70882560	12.05972411	12.34707183	12.69688660	13.08615993	13.31350051	13.69121269	13.83348455	13.92691169	14.04161910	14.17590104	14.27798037	14.29695567	14.26318444	14.16894075	14.06796481	13.99110321	13.93437531	13.89124559	13.85843749	13.83041122	13.80199430	13.76918301	13.72715951	13.66612968	13.50728795	13.36583440	13.27829091	13.21600535	13.15746203	13.07675152	12.87657995	12.74889525	12.67692553	12.62554142	12.57690205	12.51728971	12.39961884	12.32862459	12.29042231	12.27274301
	10.01358755	10.05922484	10.09199478	10.12661414	10.20162554	10.44338897	10.76910260	11.26564051	11.73232226	12.11066605	12.43956495	12.82842270	13.25405259	13.51562160	13.93256720	14.09651370	14.20004256	14.32511469	14.47354602	14.58574106	14.61153926	14.57304402	14.47076591	14.35798841	14.27307082	14.21056445	14.16296733	14.12668805	14.09559388	14.06413747	14.02756689	13.98063266	13.91254386	13.73574015	13.57989804	13.48314501	13.41409269	13.34889537	13.25916982	13.03675181	12.89550009	12.81558339	12.75835807	12.70400821	12.63620357	12.50602350	12.42827767	12.38643475	12.36713531
	10.01913573	10.05710739	10.09382836	10.13616641	10.21500337	10.45670411	10.77850728	11.29322584	11.76329666	12.13807630	12.47265324	12.85763511	13.28138800	13.54719550	13.96448617	14.13060025	14.23503162	14.36119514	14.51191675	14.62958906	14.64906745	14.61813328	14.50850705	14.39373343	14.30785148	14.24495892	14.19701913	14.16047972	14.12924783	14.09753203	14.06055472	14.01287234	13.94407840	13.76457357	13.61080608	13.51481541	13.44589219	13.38013708	13.28914456	13.06499870	12.92580176	12.84627772	12.78880859	12.73377074	12.66249385	12.53329718	12.45759185	12.41683199	12.39820494
	9.90791470	9.93582333	9.97014722	10.02621396	10.11225838	10.33747445	10.66758648	11.22078993	11.71659324	12.09463524	12.45889290	12.86400717	13.28771273	13.58886977	14.02179215	14.20540243	14.31610870	14.44840282	14.60960204	14.73821123	14.75496997	14.73081892	14.61246371	14.48837643	14.39647013	14.32976163	14.27889704	14.24035225	14.20746317	14.17382642	14.13442728	14.08342446	14.01007925	13.81811708	13.66349515	13.56577935	13.49449095	13.42533171	13.32890979	13.09494618	12.95405700	12.87191607	12.81152063	12.75306552	12.67378715	12.54145397	12.46539155	12.42419854	12.40540862
	9.83428505	9.85627570	9.88269681	9.93923967	10.03636587	10.24586552	10.58622485	11.16045297	11.66073307	12.03913010	12.41384097	12.83067367	13.24743568	13.56825963	14.00504956	14.19721682	14.30912394	14.44089544	14.60195817	14.73802999	14.75595728	14.73083362	14.60890347	14.48404809	14.39169452	14.32452238	14.27311791	14.23424721	14.20097521	14.16675304	14.12640202	14.07400074	13.99846879	13.80054119	13.64826586	13.55090036	13.47904256	13.40857907	13.30982943	13.07275613	12.93243100	12.84941115	12.78768785	12.72760600	12.64127725	12.51125363	12.43593856	12.39502141	12.37634450
	9.72967360	9.74849433	9.77004310	9.81605685	9.92828480	10.12969347	10.49771582	11.12300901	11.65123854	12.05179430	12.44340441	12.88581491	13.30901289	13.65885644	14.11403532	14.32282650	14.43884530	14.57206040	14.73292861	14.88180171	14.90912031	14.87356554	14.74540734	14.61909385	14.52493565	14.45591210	14.40279132	14.36236101	14.32763591	14.29182443	14.24944119	14.19421378	14.11474715	13.90380095	13.74810353	13.64701096	13.57172155	13.49780550	13.39466891	13.14700196	12.99977429	12.91176524	12.84624572	12.78269249	12.69053508	12.55589969	12.47702983	12.43378781	12.41386227
	9.58332875	9.59626995	9.61070486	9.64481950	9.77051409	9.98192293	10.37370660	11.05324140	11.61495271	12.03353599	12.44191954	12.90607706	13.32090236	13.70419435	14.15093544	14.39581702	14.50963650	14.62821898	14.76068947	14.88797760	14.93585915	14.87688362	14.76750428	14.66250583	14.58108289	14.51910975	14.46986367	14.43086982	14.39617527	14.35919951	14.31372680	14.25262322	14.13815966	13.92530814	13.78476042	13.68887377	13.61342889	13.53541701	13.41411137	13.15896686	13.01677871	12.92785746	12.85893238	12.78952678	12.67166605	12.54443576	12.46892175	12.42745859	12.40857857
	9.27912625	9.28942946	9.30008051	9.32770706	9.44118585	9.68204555	10.11482950	10.87061921	11.50709738	11.95564307	12.41235092	12.91673954	13.33620129	13.78508112	14.21954814	14.54326178	14.66315670	14.77699280	14.89853639	15.01374341	15.05867907	15.00651583	14.90708123	14.80918221	14.73129315	14.67059421	14.62089173	14.58031701	14.54328418	14.50275817	14.45158994	14.38104497	14.21055472	14.00854789	13.87021777	13.77240017	13.69247856	13.60651502	13.44695856	13.18945558	13.04229384	12.94726631	12.87138776	12.79296369	12.65008242	12.52042633	12.44245714	12.39939614	12.37986853
	9.18231413	9.18988785	9.19640604	9.21601231	9.29773206	9.54313457	9.97509698	10.76096447	11.45713300	11.91242555	12.39742149	12.91183610	13.31322274	13.81754640	14.21663292	14.60906891	14.73230052	14.84186573	14.95577908	15.06573517	15.11202975	15.06583030	14.97216589	14.87748671	14.80196333	14.74374989	14.69568343	14.65556928	14.61799905	14.57630114	14.52252795	14.44754703	14.24423045	14.04925962	13.91429264	13.81771939	13.73698773	13.64782219	13.45888307	13.21100220	13.06506669	12.96846300	12.88922021	12.80483533	12.64298875	12.51876378	12.44301286	12.40081007	12.38182094
	9.00659179	9.01255923	9.01692515	9.03402460	9.10957227	9.37259729	9.83012708	10.70539600	11.42705513	11.91833250	12.43331629	12.97588114	13.39792840	13.94766281	14.36165039	14.79920546	14.93155710	15.04809958	15.17334785	15.30010970	15.35654671	15.30505020	15.19942762	15.09426188	15.01193385	14.94866990	14.89728244	14.85454098	14.81441724	14.76998111	14.71291996	14.63338239	14.41629216	14.20009525	14.05425029	13.95138964	13.86574225	13.77035783	13.55957774	13.29936248	13.14575938	13.04319742	12.95763946	12.86459431	12.68313173	12.55672960	12.47941163	12.43653877	12.41761977
	8.90950632	8.91478163	8.91801238	8.93362319	9.00640040	9.27417251	9.73297297	10.66817260	11.40821372	11.92490598	12.45617441	13.01912276	13.45618555	14.03613144	14.46423830	14.92846223	15.06820888	15.19371697	15.33514481	15.48391070	15.55323424	15.49439695	15.37145656	15.25141266	15.16011613	15.09100624	15.03580562	14.99050812	14.94860767	14.90274574	14.84425888	14.76255225	14.54502205	14.30833636	14.15230722	14.04387385	13.95428180	13.85459199	13.63124448	13.36274758	13.20378116	13.09696844	13.00695391	12.90646346	12.71525325	12.58778890	12.50953627	12.46613878	12.44712636
	8.79759985	8.80168066	8.80328465	8.81724308	8.88766778	9.16145165	9.62718298	10.65376405	11.38999585	11.93042818	12.47039059	13.04594738	13.49660996	14.09024356	14.53424939	15.01483143	15.16057177	15.29504593	15.45171270	15.62103129	15.70300797	15.63717905	15.49695176	15.36222256	15.26175788	15.18722163	15.12870283	15.08106517	15.03714389	14.98914710	14.92830196	14.84337970	14.62460911	14.37222078	14.20883116	14.09609883	14.00301658	13.89878386	13.66264973	13.38980620	13.22746441	13.11725736	13.02298739	12.91104353	12.71555999	12.58787641	12.50956614	12.46632934	12.44772644
	8.75929719	8.76211621	8.76192141	8.77393203	8.84187875	9.12009209	9.59329722	10.66925496	11.39914559	11.95076562	12.49347591	13.07702762	13.53336090	14.13730338	14.58699076	15.08064222	15.23080406	15.37166973	15.53995017	15.72660665	15.81958152	15.74747185	15.59340453	15.44728496	15.33906908	15.26080364	15.20015708	15.15097955	15.10604389	15.05705783	14.99480657	14.90795776	14.68923102	14.42751832	14.25976408	14.14454006	14.04912567	13.94204679	13.69697431	13.42402192	13.26051027	13.14846939	13.05155769	12.92873527	12.73493737	12.60841290	12.53069492	12.48774384	12.46938808
	8.69753423	8.69882336	8.69649949	8.70677038	8.77388542	9.05820483	9.54672736	10.70771766	11.42856907	11.99798507	12.54412768	13.13618933	13.59691594	14.21505286	14.66767706	15.18622534	15.34291069	15.48708899	15.66088341	15.85561324	15.95300147	15.87760049	15.71783133	15.56666390	15.45461788	15.37346215	15.31052667	15.25926395	15.21215527	15.16057125	15.09447291	15.00168520	14.76489391	14.50505151	14.33742471	14.22083735	14.12214246	14.00887297	13.74429631	13.47735724	13.31431651	13.19986573	13.09820018	12.95595236	12.76660088	12.64254934	12.56611446	12.52396510	12.50625661
	8.66690425	8.66691479	8.66258697	8.67087580	8.73575154	9.01218596	9.50916463	10.73519310	11.45141912	12.03163798	12.57350452	13.16618249	13.62029965	14.24771379	14.68901585	15.23348485	15.39589237	15.53714305	15.70531139	15.89263563	15.98596165	15.91325308	15.75945042	15.61311109	15.50448739	15.42424611	15.36103540	15.30863884	15.25977142	15.20569909	15.13512979	15.03004316	14.77331827	14.52948875	14.36901342	14.25423380	14.15349849	14.03347716	13.74924745	13.49651043	13.33776793	13.22252585	13.11635386	12.95366857	12.77330711	12.65453885	12.58096409	12.54050996	12.52386890
	8.78054017	8.77942110	8.77368965	8.78069698	8.84318984	9.09830185	9.59095367	10.83579024	11.52440542	12.08946885	12.60584068	13.17197918	13.59984211	14.20868732	14.62286926	15.16744683	15.32823198	15.45796665	15.60445165	15.76075412	15.83534320	15.77343021	15.64334611	15.51704785	15.42158974	15.34969736	15.29134889	15.24148825	15.19320949	15.13805903	15.06411145	14.94471162	14.67456660	14.46519060	14.32216251	14.21520967	14.11657806	13.99351573	13.70064439	13.47363937	13.32627770	13.21504339	13.10832859	12.93439356	12.76859246	12.65910864	12.59111014	12.55392269	12.53908155
	8.89883672	8.89630566	8.88826322	8.89199870	8.94806482	9.16382223	9.64853484	10.89099090	11.55568028	12.10092921	12.58992736	13.12975657	13.52383424	14.11963409	14.49680873	15.04548426	15.20889894	15.32519572	15.44569444	15.57068598	15.63049939	15.58254863	15.47787967	15.37248672	15.28951067	15.22506287	15.17121594	15.12373063	15.07633051	15.02019936	14.94289985	14.79050802	14.53854370	14.36138518	14.23548069	14.13653498	14.04004235	13.91166304	13.61898057	13.41811140	13.28244957	13.17537584	13.06821138	12.88515834	12.73635770	12.63713222	12.57495080	12.54088687	12.52760081
	9.13182440	9.12771296	9.11755180	9.11862742	9.16945120	9.35438796	9.82217005	11.01570598	11.62958158	12.13668520	12.58555797	13.07853117	13.43248987	13.98869997	14.32910102	14.84733232	15.00626892	15.10658797	15.20199485	15.29774812	15.34260831	15.30570072	15.22354381	15.13937529	15.07137331	15.01665170	14.96922922	14.92556236	14.88021482	14.82464979	14.74645358	14.56047113	14.35502400	14.20790050	14.09965320	14.01071760	13.91948354	13.78006938	13.51543102	13.34060205	13.21879133	13.11891319	13.01536613	12.83674268	12.70556300	12.61740674	12.56180196	12.53134287	12.51979334
	9.32589451	9.32003224	9.30742603	9.30568074	9.35223802	9.51559651	9.95798169	11.10647389	11.67980829	12.15339631	12.57057649	13.02177784	13.34405860	13.86544084	14.17698456	14.66328784	14.82108269	14.90869908	14.98424945	15.05826846	15.09226915	15.06329484	14.99874376	14.93137265	14.87563085	14.82893782	14.78660014	14.74597443	14.70227231	14.64735463	14.56402539	14.36597634	14.19575555	14.07082935	13.97608190	13.89515027	13.80846273	13.65580407	13.42211947	13.26731620	13.15654861	13.06246282	12.96061841	12.78891806	12.67224556	12.59306203	12.54264701	12.51493066	12.50471888
	9.57091198	9.56360972	9.54984690	9.54700129	9.59225035	9.74160426	10.15027587	11.21857708	11.73542060	12.16993362	12.53950212	12.93548691	13.21985477	13.68862548	13.96516013	14.40045115	14.55100104	14.62518804	14.68178516	14.73521544	14.75919037	14.73749178	14.68944944	14.63786894	14.59394244	14.55539898	14.51869536	14.48202605	14.44096978	14.38807760	14.28756124	14.10922291	13.97319552	13.87083569	13.79066375	13.71934685	13.63967423	13.48368305	13.28524230	13.15176191	13.05394413	12.96810681	12.86861614	12.71429572	12.61253161	12.54298155	12.49837046	12.47391279	12.46523120
	9.75748775	9.74628206	9.72456198	9.72012387	9.77171638	9.90856186	10.28649929	11.30154851	11.77044528	12.17503487	12.50380306	12.84995410	13.10346940	13.52551251	13.77521282	14.15881369	14.31254947	14.37692803	14.41881533	14.45686156	14.47372036	14.45804656	14.42296038	14.38413177	14.34940940	14.31626943	14.28288383	14.24804542	14.20783731	14.15326397	14.02726476	13.88537839	13.77708082	13.69347000	13.62497155	13.56090592	13.48587936	13.32716725	13.15939301	13.04432612	12.95713656	12.87750090	12.77361605	12.63963175	12.55095827	12.48956898	12.44974517	12.42799581	12.42059172
	9.92129415	9.90480851	9.87920502	9.87504821	9.93242823	10.06136257	10.40666395	11.37017941	11.79553944	12.17521073	12.46408998	12.76165167	12.98641729	13.36172311	13.58888906	13.90628192	14.07692907	14.13515376	14.16694478	14.19346968	14.20487894	14.19362239	14.16792605	14.13817146	14.11037646	14.08204513	14.05176207	14.01833244	13.97813363	13.90785501	13.77636015	13.66996917	13.58641405	13.51939212	13.46120732	13.40326307	13.33195737	13.17264331	13.03358404	12.93570860	12.85824251	12.78428518	12.67714678	12.56227193	12.48558481	12.43163974	12.39626460	12.37706684	12.37081452
	9.92089559	9.90319786	9.88159506	9.87701548	9.92947835	10.06764689	10.40800155	11.37701215	11.79224292	12.16949284	12.45101635	12.73254824	12.95390965	13.31691698	13.54595874	13.82221308	14.02676597	14.08656459	14.11634354	14.13983330	14.14970760	14.13968163	14.11685928	14.08978783	14.06383072	14.03629464	14.00590089	13.97121648	13.92859235	13.82997708	13.71431418	13.62103689	13.54629639	13.48456602	13.42898202	13.37121498	13.29800167	13.13210785	13.00408166	12.91198020	12.83661917	12.76219753	12.64734362	12.54010857	12.46760645	12.41583267	12.38155987	12.36287494	12.35700468
	9.90794802	9.89343425	9.87585320	9.87245246	9.91730789	10.06762840	10.41408877	11.36457175	11.76608072	12.14206412	12.40803023	12.66838787	12.88042017	13.22419669	13.45063270	13.69242535	13.91387748	13.97418668	14.00211771	14.02268211	14.03092340	14.02184214	14.00155718	13.97700451	13.95246275	13.92554679	13.89492459	13.85913739	13.80704302	13.69560411	13.59707305	13.51624657	13.44982535	13.39338414	13.34071057	13.28382590	13.20691212	13.04283193	12.92615953	12.84013688	12.76773454	12.69372403	12.57573303	12.47614033	12.40791185	12.35857643	12.32571409	12.30790369	12.30257324
	9.97905243	9.96791757	9.95322961	9.94951594	9.98480536	10.13539131	10.47683592	11.40334196	11.78464895	12.15482730	12.40359869	12.63681853	12.83579099	13.13975590	13.37666594	13.58217187	13.81398448	13.87740215	13.90463595	13.92277133	13.92977235	13.92187324	13.90371744	13.88111850	13.85747849	13.83079272	13.79957404	13.76210226	13.68169088	13.58364640	13.50326899	13.43551478	13.37799755	13.32722608	13.27741768	13.22126804	13.12882555	12.98161770	12.87936851	12.80096969	12.73223182	12.65870976	12.53854665	12.44950863	12.38717135	12.34120647	12.31014187	12.29334081	12.28862092
	9.84409671	9.83383650	9.81952393	9.81484545	9.84597151	10.00045158	10.34981451	11.32721461	11.71758551	12.10379008	12.35810753	12.58435694	12.78162005	13.06922784	13.33292137	13.52612540	13.77555004	13.84623984	13.87533292	13.89331072	13.89997847	13.89198879	13.87395656	13.85114047	13.82644991	13.79793063	13.76379196	13.71768966	13.61406521	13.52605546	13.45340257	13.39067530	13.33600102	13.28586634	13.23476386	13.17498262	13.06078388	12.92251053	12.82509627	12.74770882	12.67699210	12.59864667	12.46949037	12.38381138	12.32240405	12.27625923	12.24468374	12.22759702	12.22317987
	9.67433294	9.66373902	9.64868299	9.64288091	9.67337609	9.83304895	10.19789273	11.22314573	11.63073610	12.03671776	12.30308864	12.52728630	12.71897784	12.99724867	13.28663915	13.47691060	13.73932991	13.81822345	13.84980641	13.86796856	13.87465309	13.86646427	13.84769428	13.82344931	13.79676186	13.76584141	13.72845407	13.66062448	13.55789202	13.47500399	13.40584301	13.34515216	13.29108582	13.24018766	13.18682038	13.12273187	12.99248289	12.85861251	12.76257624	12.68442783	12.61053775	12.52662562	12.39030341	12.30560891	12.24366535	12.19649292	12.16386673	12.14618986	12.14185967
	9.59553637	9.58450680	9.56790030	9.55965303	9.58875513	9.74822210	10.13271392	11.18136312	11.59897535	12.01734774	12.29505892	12.51472990	12.69410234	12.96119004	13.27037330	13.45735938	13.72527237	13.81131552	13.84494256	13.86316592	13.86976715	13.86140231	13.84204098	13.81665265	13.78839340	13.75551785	13.71465421	13.62813704	13.53147727	13.45404512	13.38865668	13.33019912	13.27689855	13.22539318	13.16980501	13.10151127	12.95822423	12.83143983	12.73820856	12.66031008	12.58384306	12.48873288	12.35460966	12.27314854	12.21204532	12.16455427	12.13120999	12.11310384	12.10899737
	9.42594027	9.41320919	9.39344438	9.38137883	9.40832486	9.55074762	9.97175999	11.08948985	11.52615004	11.96535401	12.26500935	12.47886394	12.64616270	12.90986337	13.23956273	13.42941781	13.70072354	13.79799244	13.83449593	13.85347512	13.86009584	13.85088457	13.82996853	13.80217429	13.77073844	13.73382359	13.67967285	13.57732735	13.48995184	13.41868325	13.35677051	13.29962526	13.24563221	13.19140897	13.13089283	13.05258467	12.89616275	12.77693034	12.68547126	12.60543951	12.52331909	12.40494742	12.28087964	12.20242196	12.14119858	12.09206562	12.05690457	12.03774998	12.03399418
	9.31050752	9.29595473	9.27298833	9.25724542	9.28194190	9.40745523	10.01809583	11.02274439	11.47307953	11.92699745	12.24478763	12.45359427	12.60745295	12.86483018	13.20948050	13.40137776	13.66600384	13.77886020	13.81813437	13.83797299	13.84482373	13.83485776	13.81227823	13.78210696	13.74749138	13.70662130	13.62771171	13.52940068	13.45085406	13.38553676	13.32687706	13.27099021	13.21638439	13.15963872	13.09481942	13.00077691	12.84446070	12.73229907	12.64271012	12.56092093	12.47406764	12.34000625	12.22434496	12.14864690	12.08750195	12.03707521	12.00032854	11.98008097	11.97681351
	9.22537858	9.20907648	9.18338874	9.16462704	9.19024646	9.31246782	9.83618377	10.97035949	11.43186684	11.89681456	12.22930828	12.43661116	12.57921453	12.83223584	13.18609304	13.38073643	13.63606958	13.76421537	13.80548666	13.82603005	13.83296367	13.82236035	13.79836468	13.76615168	13.72902428	13.68141734	13.58905069	13.49757485	13.42399586	13.36200973	13.30498738	13.24952368	13.19413008	13.13525803	13.06699653	12.95814902	12.80846557	12.69993612	12.61090519	12.52728812	12.43637699	12.29407136	12.18291806	12.10869741	12.04738859	11.99583326	11.95763577	11.93660488	11.93363259
	9.10731821	9.08787210	9.05711379	9.03156833	9.06245809	9.18788312	9.67350870	10.90755712	11.38474401	11.86688793	12.22060535	12.43106154	12.56016237	12.80849678	13.17618875	13.37745883	13.62267763	13.77098849	13.81459721	13.83598558	13.84310393	13.83176775	13.80599375	13.77096670	13.73024897	13.66853388	13.56764002	13.48313655	13.41442773	13.35555530	13.29962760	13.24375825	13.18645022	13.12386681	13.04997470	12.92147111	12.78043757	12.67547245	12.58616050	12.49904576	12.40121457	12.24827284	12.14244562	12.06996488	12.00827933	11.95493093	11.91447011	11.89221293	11.88954992
	9.09706407	9.07694742	9.04616922	9.02120745	9.05583392	9.18255882	9.86745151	10.88629582	11.36019253	11.83421380	12.18944889	12.38569872	12.51141689	12.75483713	13.11417697	13.31173744	13.55181517	13.69731897	13.74065397	13.76159205	13.76810333	13.75618069	13.72981106	13.69421542	13.65303271	13.58517099	13.49015903	13.40906084	13.34289721	13.28588695	13.23122931	13.17650197	13.12006581	13.05804790	12.98451587	12.85682851	12.71979273	12.61715459	12.52912266	12.44274494	12.34514955	12.19432368	12.09085968	12.01974963	11.95894162	11.90622178	11.86628068	11.84449373	11.84223826
	9.03333440	9.01187955	8.97907444	8.95116497	8.98880395	9.11699931	9.79470496	10.85250577	11.33403089	11.81556518	12.18182501	12.37762391	12.49832300	12.74049304	13.10544330	13.30603576	13.54198484	13.69598789	13.74023502	13.76147224	13.76800422	13.75571049	13.72852896	13.69165395	13.64885320	13.57344870	13.47636054	13.39808238	13.33389069	13.27810043	13.22381279	13.16879935	13.11144531	13.04770069	12.97159889	12.83537691	12.70204160	12.60064295	12.51223060	12.42411722	12.32334614	12.16778482	12.06629429	11.99573092	11.93461238	11.88099702	11.84000992	11.81771514	11.81562394
	8.95358691	8.92645660	8.88256692	8.85525365	8.89823906	9.04229945	10.01177866	10.81279667	11.29827649	11.78779637	12.16703238	12.36794669	12.48081626	12.71445709	13.08252867	13.28829002	13.51603025	13.68002464	13.72599253	13.74743540	13.75389103	13.74074099	13.71166570	13.67216928	13.62613690	13.53354914	13.44431661	13.37132518	13.31078232	13.25715640	13.20351886	13.14793738	13.08864046	13.02144077	12.94007471	12.79428285	12.66887622	12.57039827	12.48163998	12.39023053	12.27911054	12.12514126	12.02870673	11.96022729	11.89957787	11.84496397	11.80234887	11.77886049	11.77701952
	8.91562981	8.88238757	8.83332346	8.81007551	8.85614391	9.01160877	10.13223706	10.79307198	11.27892092	11.76740514	12.15500822	12.34840806	12.45642643	12.68432670	13.04905558	13.25550185	13.47858260	13.64319242	13.68917965	13.71016956	13.71612778	13.70222676	13.67197051	13.63093424	13.58133127	13.48353150	13.39949011	13.33006136	13.27197750	13.21985643	13.16687087	13.11126541	13.05118386	12.98241043	12.89860839	12.75023976	12.63028472	12.53410311	12.44559111	12.35263894	12.23454047	12.08568484	11.99286910	11.92598299	11.86594014	11.81107546	11.76784064	11.74406036	11.74270880
	8.90236694	8.86449880	8.81600427	8.79655528	8.84231667	9.00487698	10.24667122	10.78143039	11.26449132	11.74704881	12.13888886	12.32115517	12.42516625	12.64627923	13.00440457	13.20868827	13.42600699	13.58936926	13.63516313	13.65562583	13.66091269	13.64619579	13.61491937	13.57278767	13.51716907	13.42027427	13.34115052	13.27522466	13.21961308	13.16911032	13.11712658	13.06203434	13.00193883	12.93262614	12.84624388	12.69987171	12.58487378	12.49121588	12.40362082	12.31038667	12.18796576	12.04520827	11.95554147	11.89024952	11.83105673	11.77647517	11.73316341	11.70940180	11.70858357
	8.93051322	8.88968330	8.84786164	8.83098189	8.87517327	9.03729054	10.28304113	10.79427988	11.27024260	11.74631012	12.14137814	12.31793679	12.41555304	12.62526833	12.97530523	13.17757748	13.38784047	13.54934217	13.59432396	13.61372894	13.61836617	13.60308941	13.57112888	13.52806708	13.46303301	13.37213607	13.29872120	13.23696999	13.18428561	13.13571113	13.08490763	13.03036011	12.97009864	12.89985254	12.80816000	12.66725465	12.55801995	12.46726992	12.38063828	12.28669127	12.15787356	12.02477317	11.93949209	11.87648390	11.81863733	11.76442068	11.72079853	11.69675633	11.69641260
	8.92880341	8.88978214	8.85259465	8.83735670	8.88016262	9.04479301	10.29470416	10.80256838	11.27778983	11.75258295	12.15491119	12.32735700	12.42057128	12.62165912	12.96788352	13.16984457	13.37598375	13.53821968	13.58311499	13.60176726	13.60572178	13.58960146	13.55643540	13.51190989	13.43780632	13.35213055	13.28265203	13.22384068	13.17312094	13.12567644	13.07538675	13.02076546	12.95976695	12.88801205	12.78963224	12.65422891	12.54888624	12.45974716	12.37314746	12.27770603	12.14337666	12.01671483	11.93421666	11.87246987	11.81516036	11.76074306	11.71639577	11.69189667	11.69193714
	8.88182054	8.84891345	8.81566943	8.79974929	8.83752289	9.00498970	10.29674631	10.79843290	11.27843204	11.76249390	12.17828523	12.35844117	12.45080693	12.64443396	12.99043072	13.19760658	13.40427342	13.56580846	13.60923308	13.62671283	13.62964506	13.61165824	13.57601017	13.52702329	13.44351469	13.36433074	13.29930551	13.24350267	13.19432961	13.14715110	13.09589634	13.03908417	12.97449159	12.89755333	12.78617133	12.65896957	12.55717238	12.46818839	12.37910215	12.27793753	12.13494165	12.01620520	11.93648515	11.87540384	11.81771377	11.76182173	11.71534072	11.68929974	11.68979323
	8.84656585	8.81682764	8.78595246	8.77098484	8.80849507	8.97972901	10.29787540	10.79337020	11.27874801	11.76341090	12.18900476	12.36250089	12.45259170	12.64161914	12.98446232	13.19181878	13.39771275	13.55730973	13.59932864	13.61558996	13.61729837	13.59783686	13.56028204	13.50646327	13.41888530	13.34420658	13.28245121	13.22909010	13.18137613	13.13472729	13.08332398	13.02566008	12.95939996	12.87999777	12.76245098	12.64106056	12.54205626	12.45365135	12.36345255	12.25929417	12.11256785	11.99858128	11.92074667	11.86014943	11.80224258	11.74556531	11.69808250	11.67168470	11.67281168
	8.85965195	8.83183962	8.80245690	8.78813416	8.82426905	8.99743962	10.31972609	10.80281037	11.28537721	11.76091008	12.18601889	12.34837852	12.43658300	12.62035240	12.95410295	13.15721468	13.35939275	13.51463887	13.55476806	13.56978466	13.57040803	13.55000870	13.51155665	13.45281164	13.36743556	13.29638243	13.23747971	13.18644544	13.14039755	13.09488610	13.04426597	12.98703142	12.92079785	12.84111518	12.72334551	12.60749511	12.51176492	12.42508320	12.33551627	12.23103900	12.08608463	11.97643001	11.90083248	11.84136010	11.78411154	11.72789474	11.68063315	11.65446639	11.65619982
	8.94718477	8.92197088	8.89388376	8.87899859	8.91239386	9.08179760	10.38435819	10.84656274	11.31534364	11.77772469	12.19251151	12.35301366	12.44003522	12.61543587	12.93623648	13.13451038	13.33115497	13.47909803	13.51608333	13.52927187	13.52896171	13.50808274	13.46949207	13.40651195	13.32610678	13.25976022	13.20446486	13.15629795	13.11227983	13.06824833	13.01860249	12.96192525	12.89569303	12.81556673	12.69827786	12.58990490	12.49877216	12.41475307	12.32645335	12.22188976	12.08042108	11.97802421	11.90614074	11.84875055	11.79301399	11.73786950	11.69117032	11.66472009	11.66696708
	9.05555353	9.03128172	9.00403400	8.98974938	9.02356777	9.18949589	10.45376693	10.89478626	11.34794264	11.79115352	12.19139575	12.34415414	12.42777677	12.59383195	12.89951205	13.08951036	13.27772660	13.41816222	13.45258976	13.46418584	13.46284047	13.44154975	13.40292978	13.33824102	13.26338719	13.20151647	13.14970634	13.10444986	13.06264414	13.02049482	12.97258365	12.91751264	12.85269522	12.77328711	12.66119198	12.55926644	12.47267968	12.39189061	12.30598478	12.20263759	12.06839516	11.97187677	11.90346986	11.84829716	11.79439476	11.74085856	11.69547949	11.66904158	11.67182169
	9.21025230	9.18947115	9.16408546	9.15000460	9.18184991	9.34351798	10.56196964	10.97087070	11.40226554	11.81771775	12.19295587	12.34259814	12.42078832	12.56837273	12.85015570	13.02897313	13.20360440	13.33307723	13.36316781	13.37180718	13.36825064	13.34516321	13.30321018	13.23310588	13.16848661	13.11501357	13.06976525	13.02992181	12.99203367	12.95279854	12.90715098	12.85361700	12.78938906	12.70818378	12.60281715	12.51384575	12.43547079	12.35954511	12.27618258	12.17154626	12.04847717	11.96414701	11.90216446	11.85071339	11.79966671	11.74820649	11.70419756	11.67774925	11.68123602
	9.28746706	9.26699602	9.24229924	9.22938557	9.26243021	9.42061284	10.61091100	11.00682869	11.42897668	11.82975466	12.19074984	12.33789662	12.41278494	12.55278466	12.82287511	12.99491170	13.16233707	13.28657902	13.31483995	13.32222729	13.31775008	13.29421623	13.25100825	13.18118789	13.12072937	13.07057273	13.02798939	12.99040740	12.95429640	12.91650661	12.87226261	12.82001584	12.75696041	12.67660333	12.57558565	12.49102182	12.41578804	12.34211437	12.26045431	12.15693924	12.03914668	11.95874123	11.89906543	11.84908866	11.79925322	11.74882126	11.70564739	11.67930944	11.68346823
	9.33782913	9.31728477	9.29184532	9.27849749	9.31218381	9.46558006	10.65724021	11.04272948	11.46052627	11.85413030	12.20902159	12.36026412	12.43664889	12.56604599	12.82590110	12.99443109	13.15685129	13.27814773	13.30475950	13.30986533	13.30320105	13.27749457	13.22694501	13.15965472	13.10314438	13.05624445	13.01642664	12.98103434	12.94633494	12.90943251	12.86552435	12.81259306	12.74777222	12.66315660	12.56862556	12.48890846	12.41619520	12.34314738	12.26023692	12.15230562	12.04283226	11.96710802	11.90946400	11.86012059	11.81041196	11.75976751	11.71526000	11.68809538	11.69248145
	9.37200648	9.35088567	9.32404168	9.30995205	9.34494762	9.49407607	10.69393060	11.07175303	11.48684860	11.87438686	12.22423498	12.37872488	12.45702723	12.57938658	12.83064052	12.99645685	13.15585241	13.27371710	13.29849272	13.30123060	13.29241788	13.26468352	13.20885021	13.14437862	13.09079724	13.04624862	13.00838176	12.97445133	12.94066215	12.90423510	12.86021229	12.80623675	12.73945685	12.65210175	12.56308438	12.48696536	12.41591992	12.34287756	12.25821351	12.14725642	12.04488019	11.97285122	11.91667089	11.86760210	11.81773294	11.76674577	11.72119466	11.69399810	11.69852597
	9.40283213	9.38057874	9.35145044	9.33615168	9.37345658	9.51761208	10.72919164	11.09870555	11.51071809	11.89283104	12.23850156	12.39679693	12.47820686	12.59390766	12.83635866	12.99974563	13.15718495	13.27121645	13.29396761	13.29386776	13.28247218	13.25235179	13.19129048	13.13020676	13.07924636	13.03681062	13.00074442	12.96806181	12.93499996	12.89883199	12.85434165	12.79878748	12.72936182	12.63941754	12.55660237	12.48396558	12.41432479	12.34080165	12.25354941	12.13959050	12.04533943	11.97713938	11.92238034	11.87338287	11.82313861	11.77161367	11.72434608	11.69824494	11.70262055
	9.39261720	9.37018165	9.34099285	9.32595712	9.36395815	9.50831314	10.72318113	11.09451718	11.50835094	11.88999929	12.23503172	12.39334912	12.47465817	12.59037623	12.83246073	12.99551418	13.15242721	13.26680416	13.28979931	13.28973235	13.27812183	13.24726402	13.18636997	13.12515525	13.07417051	13.03176510	12.99575004	12.96306288	12.93003183	12.89385381	12.84936221	12.79377524	12.72435325	12.63486345	12.55195494	12.47920710	12.40941863	12.33574222	12.24827613	12.13461538	12.04012279	11.97175196	11.91687060	11.86777167	11.81741352	11.76580915	11.71857980	11.69273762	11.69716856
	9.38710523	9.36192827	9.32807989	9.31328833	9.35928044	9.50084999	10.73610411	11.10506209	11.52180043	11.89820734	12.23901981	12.40441532	12.49155897	12.59954263	12.83194226	12.99217872	13.14808871	13.25861421	13.27987298	13.27647940	13.26105056	13.22435936	13.16203621	13.10262034	13.05340543	13.01259115	12.97796014	12.94600742	12.91340092	12.87709517	12.83146488	12.77316921	12.69963689	12.61121682	12.53316962	12.46279074	12.39310230	12.31730683	12.22483476	12.11161290	12.02408643	11.95868848	11.90443026	11.85450931	11.80280702	11.74959933	11.70174493	11.67864859	11.68309179
	9.37536055	9.34775401	9.30833312	9.29398014	9.34828890	9.49237823	10.73957717	11.10798077	11.52698541	11.90316184	12.24450076	12.41568119	12.50747449	12.61125183	12.84019268	13.00009972	13.15790298	13.26661379	13.28656487	13.28070779	13.26302133	13.22359307	13.16090765	13.10166864	13.05260414	13.01193694	12.97750760	12.94556338	12.91278468	12.87607643	12.82922284	12.76868634	12.69169903	12.60437480	12.52848627	12.45889550	12.38866582	12.31089060	12.21446424	12.10211566	12.01817280	11.95411231	11.89982830	11.84898484	11.79604140	11.74142887	11.69376297	11.67213823	11.67658525
	9.38474739	9.35351471	9.30830653	9.29570390	9.35964441	9.49595895	10.76694791	11.13691006	11.56012823	11.93021550	12.26659184	12.44360349	12.54296296	12.64164952	12.85868622	13.01489141	13.17015474	13.27697021	13.29657950	13.28798854	13.26639301	13.22096634	13.15838386	13.10017636	13.05218619	13.01242993	12.97887649	12.94720830	12.91482584	12.87788225	12.82987765	12.76680666	12.68669815	12.60311978	12.53087618	12.46274964	12.39208584	12.31188351	12.21033585	12.10205440	12.02307994	11.96102898	11.90681180	11.85496258	11.80072805	11.74477918	11.69903092	11.67914193	11.68319734
	9.45677048	9.41712826	9.37392567	9.36658178	9.44048968	9.57807133	10.82670310	11.18782462	11.60415717	11.96212745	12.28874336	12.47326665	12.58609882	12.67306920	12.87290564	13.02459310	13.17855416	13.27626442	13.29335145	13.28110860	13.25512316	13.20672915	13.14493029	13.08841827	13.04194618	13.00333392	12.97060930	12.93930414	12.90691508	12.86937697	12.81922218	12.75233182	12.66997253	12.59346494	12.52597919	12.46003785	12.38896792	12.30546173	12.19853679	12.10134952	12.02978384	11.97106334	11.91743389	11.86451222	11.80869233	11.75269265	11.71291071	11.69614574	11.70013881
	9.40138003	9.35492616	9.31587741	9.31088731	9.39022905	9.52770271	10.80549398	11.17602363	11.60257622	11.96194624	12.29103507	12.48462562	12.60845205	12.68846113	12.88250364	13.03406739	13.18744691	13.28578000	13.30284838	13.28786736	13.25803246	13.20512530	13.14264206	13.08584591	13.03912939	12.99991846	12.96671414	12.93477196	12.90172557	12.86300584	12.81043156	12.73968010	12.65690067	12.58299454	12.51647089	12.44983999	12.37634117	12.28822647	12.17696900	12.08422829	12.01433663	11.95542525	11.90022310	11.84485568	11.78633023	11.73006752	11.69278051	11.67702839	11.68092763
	9.31383557	9.26870582	9.23583073	9.23189040	9.31280203	9.46260050	10.78150173	11.16527319	11.60734965	11.96910451	12.30249750	12.51067395	12.65661457	12.72306271	12.90956332	13.06049117	13.21169845	13.30918450	13.32617904	13.30771478	13.27214314	13.21373994	13.15033406	13.09322648	13.04651160	13.00630693	12.97198370	12.93880124	12.90437677	12.86326052	12.80618562	12.72863930	12.64932366	12.57843387	12.51257272	12.44409626	12.36591627	12.26916017	12.15609082	12.06889819	12.00078950	11.94095857	11.88274773	11.82285640	11.76013044	11.70656558	11.67259502	11.65823722	11.66207714
	9.14151528	9.09915378	9.06811843	9.06458443	9.15375653	9.32049359	10.72087657	11.12927068	11.60001566	11.98200215	12.33605829	12.56486647	12.73571342	12.79435985	12.98542975	13.14390956	13.30321190	13.40496059	13.42251446	13.40056951	13.35906375	13.29469506	13.22663242	13.16565497	13.11563689	13.07211178	13.03495444	12.99884650	12.96140774	12.91608621	12.85219607	12.76584682	12.68624554	12.61423970	12.54570914	12.47250190	12.38672158	12.27808198	12.15995996	12.07338009	12.00365715	11.94036986	11.87701889	11.81065836	11.74189718	11.68877486	11.65603392	11.64220377	11.64617939
	9.01976266	8.98218132	8.95198665	8.94870554	9.04116631	9.34793012	10.68308442	11.11556056	11.60879522	11.99214192	12.35124517	12.59341072	12.77447666	12.82909858	13.01734039	13.17624644	13.33459722	13.43810106	13.45517468	13.42985653	13.38227974	13.31329296	13.24422261	13.18212963	13.13073986	13.08527301	13.04653670	13.00852503	12.96905827	12.92064585	12.85160873	12.76448968	12.68825541	12.61738706	12.54811012	12.47185464	12.38007852	12.26181119	12.14612580	12.06147507	11.99132111	11.92582343	11.85861524	11.78738080	11.71635647	11.66572661	11.63465421	11.62182062	11.62644408
	9.05659587	9.02448355	8.99413249	8.98988223	9.09173392	10.02502995	10.73481153	11.16885940	11.66409741	12.04237718	12.39957919	12.65367499	12.84207664	12.89546584	13.07376151	13.23127815	13.38760325	13.48474184	13.49999603	13.47267901	13.42182970	13.35295019	13.28283276	13.22011225	13.16814419	13.12105873	13.08081353	13.04076946	12.99900886	12.94710815	12.87220328	12.78642306	12.71543125	12.64763087	12.57906358	12.50071934	12.40294264	12.27488643	12.16992135	12.09119108	12.02325490	11.95709524	11.88674969	11.81066324	11.74201766	11.69727582	11.66983132	11.65890125	11.66407861
	9.01209031	8.97993806	8.94617932	8.93976223	9.04372044	10.17213895	10.73007808	11.16868461	11.67041087	12.05455793	12.41945760	12.68525978	12.88214187	12.93905769	13.11627059	13.27573320	13.43183965	13.52772019	13.54360018	13.51543129	13.46227533	13.38857512	13.31533241	13.24940859	13.19430683	13.14306118	13.09851287	13.05414645	13.00765858	12.94937321	12.86698672	12.79190004	12.72387779	12.65682422	12.58652532	12.50306265	12.39464842	12.26295523	12.16722287	12.09207124	12.02435769	11.95545902	11.87949115	11.79761772	11.73459830	11.69374906	11.66876784	11.65928776	11.66480417
	8.97409814	8.94196556	8.90760450	8.90119751	9.00390764	10.35538062	10.71937093	11.16986334	11.68149881	12.06056315	12.42402615	12.69695402	12.89240530	12.95152619	13.12422369	13.28172946	13.43553089	13.53019676	13.54518088	13.51572676	13.46038840	13.38654338	13.31367204	13.24793550	13.19246318	13.14053479	13.09531748	13.05036016	13.00327891	12.94387608	12.85978670	12.78720921	12.72047948	12.65397650	12.58334122	12.49844555	12.38717513	12.25163524	12.15882631	12.08464749	12.01684794	11.94692262	11.86913845	11.78468666	11.72276488	11.68323500	11.65904334	11.65003288	11.65572638
	9.09838402	9.06631364	9.03048602	9.02710889	9.14496261	10.44134235	10.79595974	11.23713779	11.73346680	12.08994018	12.43587979	12.70320401	12.88898503	12.94853734	13.10901522	13.25621963	13.39842509	13.48643957	13.49947458	13.46961582	13.41405956	13.34321861	13.27476606	13.21232950	13.15842779	13.10729335	13.06221100	13.01778065	12.97092912	12.91171295	12.83282077	12.76937095	12.70709812	12.64392976	12.57524340	12.49083693	12.37738900	12.25131972	12.16635466	12.09690476	12.03168393	11.96266673	11.88450477	11.80244071	11.74740709	11.71153702	11.68965720	11.68188611	11.68765508
	9.24599332	9.21405689	9.17687239	9.17801829	9.30626108	10.55027591	10.88493259	11.31796334	11.79729905	12.12609839	12.45022925	12.71210984	12.88549312	12.94593005	13.09043828	13.22447321	13.35275484	13.43392372	13.44474037	13.41464261	13.35899919	13.29284373	13.22881203	13.16943512	13.11719712	13.06660908	13.02212742	12.97875957	12.93279981	12.87499375	12.80655701	12.75016965	12.69276917	12.63334132	12.56687925	12.48310214	12.36813003	12.25288724	12.17643063	12.11213325	12.04962207	11.98145011	11.90265809	11.82434440	11.77656807	11.74478936	11.72539103	11.71885170	11.72459017
	9.33375054	9.30034849	9.25626581	9.26301713	9.41307302	10.61293102	10.93485916	11.35670337	11.82452865	12.14334740	12.46197971	12.72029111	12.89727031	12.96133582	13.09496866	13.22102378	13.34166347	13.41835031	13.42790899	13.39765371	13.34155615	13.27642238	13.21273565	13.15272651	13.09860448	13.04459139	12.99701244	12.95107102	12.90242257	12.84398245	12.79045789	12.74030064	12.68658024	12.62905591	12.56214977	12.47450489	12.35125444	12.25207480	12.18352049	12.12331391	12.06178888	11.99153732	11.90772223	11.83596456	11.79479761	11.76688091	11.74982613	11.74443903	11.75016438
	9.35153904	9.31361214	9.26830731	9.27610431	9.43873401	10.62739370	10.94695407	11.37097058	11.83760021	12.14790993	12.46141815	12.71952646	12.89503513	12.96152892	13.08929510	13.21006746	13.32593841	13.40025999	13.40832698	13.37757262	13.32030093	13.25625443	13.19296512	13.13275511	13.07759742	13.02173811	12.97253110	12.92543827	12.87583836	12.82268787	12.77610588	12.72789676	12.67562760	12.61864937	12.55093468	12.46034541	12.33574324	12.24383136	12.17808460	12.11912974	12.05738266	11.98535384	11.89901263	11.83186543	11.79319470	11.76685189	11.75073372	11.74587484	11.75173642
	9.43723455	9.39433100	9.34916134	9.35968618	9.53604737	10.68555390	10.99535372	11.41663035	11.86830065	12.16375976	12.46384582	12.71766864	12.88704851	12.95588448	13.07325568	13.18425295	13.29085277	13.35954948	13.36500666	13.33326175	13.27653302	13.21536511	13.15401123	13.09470470	13.03915452	12.98197002	12.93152801	12.88383997	12.83512856	12.79092744	12.75276801	12.70826438	12.65902137	12.60384438	12.53615575	12.44288025	12.31861624	12.23844484	12.17812617	12.12205590	12.06098125	11.98731789	11.89919562	11.83983319	11.80568824	11.78220639	11.76782375	11.76390956	11.76992494
	9.50947297	9.46158950	9.41923009	9.42879590	9.62011711	10.73705394	11.03679309	11.44803386	11.89010349	12.17738696	12.47147118	12.72017420	12.88895515	12.95927017	13.07154173	13.17789060	13.27962688	13.34423548	13.34814396	13.31648122	13.26013998	13.20012253	13.13958854	13.08029217	13.02387248	12.96508331	12.91272362	12.86350363	12.81636916	12.78094240	12.74618592	12.70401492	12.65649475	12.60219490	12.53399248	12.43784911	12.31664405	12.24424935	12.18748651	12.13336401	12.07273567	11.99786838	11.90957367	11.85609898	11.82476948	11.80314735	11.78995537	11.78670269	11.79292966
	9.55410489	9.50386909	9.46462081	9.47416521	9.68895439	10.77584485	11.06757971	11.46947810	11.90456486	12.19221155	12.48477087	12.73117092	12.90213139	12.97574292	13.08583494	13.18971473	13.28866964	13.34941054	13.35168220	13.31957812	13.26388299	13.20401490	13.14337325	13.08339040	13.02553588	12.96456552	12.90970821	12.85841300	12.81429672	12.78499401	12.75149561	12.71064300	12.66381027	12.60925425	12.53918383	12.43802567	12.32148283	12.25439936	12.20012893	12.14699258	12.08567840	12.00795779	11.92020391	11.87149901	11.84243803	11.82227215	11.80994772	11.80720331	11.81364067
	9.55525880	9.50314597	9.47033306	9.47771458	9.71355818	10.78746133	11.07792834	11.48805847	11.91954287	12.19872931	12.48605663	12.73310788	12.90153927	12.97774703	13.08300757	13.18175226	13.27563398	13.33330034	13.33327767	13.29875807	13.24316562	13.18396824	13.12313637	13.06209745	13.00219349	12.93851365	12.88147942	12.82990220	12.79512678	12.77103355	12.73905931	12.69963951	12.65363853	12.59876452	12.52636829	12.41908387	12.30945145	12.24661079	12.19462273	12.14209873	12.07942866	11.99786516	11.91140528	11.86688994	11.84017953	11.82153050	11.81021020	11.80812869	11.81498826
	9.55980572	9.51314496	9.48333032	9.49247203	9.75237375	10.79916315	11.08930202	11.50726640	11.93336509	12.20461331	12.48576209	12.73227720	12.89668020	12.97420634	13.07449671	13.16767549	13.25656835	13.31242313	13.31033581	13.27312801	13.21822094	13.15998419	13.09900159	13.03721880	12.97580143	12.91007704	12.85168741	12.80475084	12.77918198	12.75660024	12.72564572	12.68721730	12.64193541	12.58677127	12.51246488	12.39975169	12.29904477	12.23927977	12.18893181	12.13675408	12.07284106	11.98761314	11.90449203	11.86295205	11.83803622	11.82050405	11.80978726	11.80811145	11.81520422
	9.62312775	9.58545637	9.55764654	9.56804782	9.86096258	10.85364213	11.13612454	11.55452648	11.96679043	12.22562410	12.49595651	12.73724429	12.89674060	12.97599960	13.06918606	13.15301271	13.23271176	13.28356220	13.27779629	13.23729721	13.18422689	13.12701991	13.06553896	13.00154813	12.93623958	12.86528859	12.81265236	12.78196187	12.76281503	12.74207502	12.71313093	12.67644545	12.63201767	12.57565738	12.49631135	12.37872033	12.29672273	12.24268444	12.19539398	12.14379410	12.07709409	11.98537471	11.91315139	11.87674486	11.85490238	11.83929887	11.82969015	11.82866038	11.83609621
	9.63589284	9.60237330	9.57453021	9.58179642	9.89339370	10.87083959	11.15156966	11.57563959	11.97884033	12.23355185	12.49710800	12.73741029	12.89328061	12.97365839	13.06269758	13.14055550	13.21409836	13.26022072	13.25188797	13.21095285	13.15926314	13.10254852	13.04047249	12.97484171	12.90692552	12.83290805	12.78679412	12.76622978	12.74864619	12.72897320	12.70114385	12.66527518	12.62100176	12.56333035	12.47984614	12.35796486	12.28768061	12.23692579	12.19120137	12.13956880	12.07033282	11.97306539	11.90828552	11.87491411	11.85490562	11.84051463	11.83170927	11.83130099	11.83913851
	9.65927099	9.62771779	9.59612081	9.59575196	9.95001054	10.89810943	11.17654695	11.60667244	11.99550317	12.24532971	12.49962856	12.73714436	12.88809457	12.96775959	13.05085365	13.12068599	13.18486944	13.22278976	13.21065761	13.17007689	13.11971397	13.06300711	12.99928470	12.93020234	12.85647677	12.79389858	12.76267720	12.74522773	12.72887724	12.71020094	12.68339679	12.64791233	12.60316286	12.54254402	12.45116484	12.33755013	12.27729971	12.23029047	12.18615041	12.13374783	12.05994645	11.95990823	11.90441731	11.87464727	11.85669358	11.84362935	11.83571103	11.83604389	11.84451388
	9.63993539	9.60583933	9.56513471	9.56359449	10.46588168	10.90880594	11.18872300	11.63712151	12.02248718	12.26635860	12.52108598	12.75151339	12.91156125	12.99090233	13.06350718	13.12002709	13.16992254	13.19670629	13.17922434	13.13621194	13.08265260	13.02043050	12.94595576	12.85995848	12.80236325	12.76891321	12.74981498	12.73408373	12.71889327	12.70084419	12.67423150	12.63737400	12.58762441	12.51476153	12.40385696	12.32554547	12.27477444	12.23201962	12.18816425	12.13076099	12.04213593	11.94857869	11.90258457	11.87711753	11.86146464	11.84972052	11.84253414	11.84360914	11.85328905
	9.55748986	9.51600848	9.47561599	9.47515493	10.58846740	10.87960227	11.16684586	11.63505814	12.03266394	12.28012428	12.54421737	12.77659359	12.94798490	13.02977981	13.09846854	13.14903955	13.19340485	13.21564035	13.19411277	13.14640923	13.08754212	13.01814252	12.93387039	12.85229820	12.80865193	12.78111881	12.76202616	12.74633549	12.73087676	12.71215407	12.68418735	12.64455079	12.58882468	12.50447818	12.39355301	12.32829710	12.27982618	12.23725617	12.19153133	12.12869557	12.02873433	11.94161514	11.89814525	11.87358760	11.85822487	11.84639028	11.83897753	11.84007901	11.85047287
	9.53692547	9.48933625	9.45260305	9.45051388	10.57356031	10.87910975	11.17232031	11.65336766	12.04496727	12.29123862	12.55122643	12.78082076	12.95179820	13.03057452	13.09017259	13.13280588	13.17059352	13.18775629	13.16404912	13.11490552	13.05466547	12.98174350	12.89470212	12.82780218	12.79509852	12.76897820	12.75081999	12.73570241	12.72053771	12.70186677	12.67366313	12.63295522	12.57422644	12.48127565	12.37818560	12.32139553	12.27560587	12.23408889	12.18793460	12.12218606	12.01459875	11.93528964	11.89458871	11.87140123	11.85684479	11.84553935	11.83847226	11.83999604	11.85107314
	9.44817768	9.40172184	9.37054199	9.36145086	10.55088694	10.86338301	11.16331524	11.66718847	12.07377920	12.32182113	12.59200840	12.82301760	13.00783949	13.08907439	13.14120043	13.17127010	13.19651670	13.20180909	13.16643901	13.10611096	13.03259276	12.95738745	12.88817667	12.84412875	12.81327747	12.78822835	12.76996943	12.75412473	12.73756165	12.71651889	12.68443140	12.63658936	12.56349192	12.46266299	12.38523553	12.33379799	12.29040825	12.24818514	12.19746724	12.12012580	12.00670054	11.93884335	11.90143278	11.87916569	11.86443642	11.85233199	11.84426092	11.84552066	11.85780728
	9.35506313	9.31883188	9.28607775	9.25664179	10.53347325	10.85255166	11.15980105	11.68618498	12.10557154	12.35280597	12.63487361	12.86696586	13.06770202	13.15136964	13.19417526	13.20275753	13.20625162	13.19049031	13.13471445	13.05571627	12.98739516	12.93658880	12.89164687	12.85492022	12.82631610	12.80195981	12.78295192	12.76552040	12.74621273	12.72097222	12.68244224	12.62298173	12.53307656	12.44700053	12.38941889	12.34383506	12.30252151	12.25856575	12.20109135	12.10751791	12.00135677	11.94317895	11.90903098	11.88737567	11.87190330	11.85824790	11.84859630	11.84939298	11.86312691
	9.34649884	9.31398386	9.27689567	9.23282120	10.53014079	10.84575170	11.15645057	11.69518033	12.09728096	12.34042919	12.61670720	12.84553687	13.04272646	13.12123782	13.15036877	13.14674122	13.14192957	13.11964245	13.05946420	12.99102230	12.93470443	12.89150749	12.85141035	12.81686881	12.78963599	12.76603622	12.74727701	12.72975809	12.71001812	12.68380043	12.64360611	12.58074920	12.48979475	12.41303481	12.36049542	12.31735792	12.27721169	12.23327055	12.17422511	12.07623112	11.97633783	11.92172610	11.88917315	11.86814194	11.85287749	11.83926468	11.82962503	11.83065295	11.84496977
	9.35225495	9.31859307	9.24983250	9.20406620	10.56520044	10.87914157	11.18445685	11.72867226	12.14588257	12.38368214	12.67211641	12.90895762	13.12176414	13.22025685	13.26069115	13.20783548	13.15794176	13.09010687	13.02007189	12.98010670	12.94563997	12.90986806	12.87318245	12.84091158	12.81443045	12.79023168	12.76960463	12.74934507	12.72528405	12.69251878	12.64179841	12.56277734	12.48441932	12.42856054	12.38439286	12.34544994	12.30599024	12.25874037	12.19036069	12.08052968	12.00061312	11.95381611	11.92383660	11.90270759	11.88566328	11.86938382	11.85671247	11.85579490	11.87059870
	9.22120272	9.18196891	9.10083914	9.03203333	10.48129587	10.80203684	11.11903390	11.68943235	12.11578405	12.36038974	12.65686545	12.90716941	13.12403072	13.23378610	13.29118758	13.23726458	13.14084293	13.05927645	12.99329508	12.95766676	12.92357100	12.88741191	12.85027579	12.81759634	12.79051345	12.76544310	12.74378823	12.72224330	12.69626437	12.66048082	12.60480892	12.52208386	12.44681108	12.39242785	12.34864999	12.30929631	12.26854752	12.21855830	12.14465356	12.03082378	11.95311074	11.90676066	11.87652127	11.85471866	11.83675883	11.81935802	11.80567997	11.80446333	11.82016235
	9.12336364	9.07795693	8.99017266	8.90008445	10.41802651	10.74387362	11.06961680	11.65806298	12.09281559	12.34337019	12.64557985	12.90686167	13.12566282	13.24475239	13.32048361	13.26757698	13.13420075	13.04500892	12.98130241	12.94526295	12.91000990	12.87312678	12.83532384	12.80209643	12.77443795	12.74867458	12.72629080	12.70386064	12.67658625	12.63871985	12.57952227	12.49537335	12.42148428	12.36704935	12.32304130	12.28306663	12.24121498	12.18917894	12.11125139	11.99538483	11.91821212	11.87177812	11.84118511	11.81881929	11.80018072	11.78197029	11.76757246	11.76614862	11.78246119
	9.12447282	9.07832460	8.98560460	8.90929518	10.41574146	10.74022946	11.06740327	11.65787665	12.08371382	12.33418419	12.63186927	12.89138021	13.10523373	13.21897761	13.28199856	13.20505923	13.10738421	13.03126609	12.96713758	12.93060003	12.89499135	12.85825521	12.82064918	12.78771443	12.76036359	12.73499649	12.71309429	12.69123068	12.66472745	12.62796196	12.57001035	12.48557000	12.41064525	12.35561921	12.31139992	12.27144178	12.22986269	12.17841297	12.10162073	11.98576977	11.90786026	11.86124901	11.83073971	11.80861037	11.79035600	11.77262813	11.75880294	11.75792639	11.77449895
	9.07889854	9.02220796	8.92787944	8.84917206	10.39267601	10.71901405	11.04978770	11.64898765	12.08247511	12.33636063	12.63835162	12.90760852	13.12203297	13.24683264	13.33108172	13.24312832	13.12900927	13.03122413	12.97032136	12.93291292	12.89671977	12.85957922	12.82160557	12.78834517	12.76056216	12.73462139	12.71201102	12.68923959	12.66137914	12.62235333	12.56091610	12.47635687	12.40395962	12.34997828	12.30617377	12.26607625	12.22370032	12.17041229	12.08961291	11.97367038	11.89774675	11.85173650	11.82120561	11.79864885	11.77968077	11.76101392	11.74622659	11.74483182	11.76163254
	8.98386686	8.91101840	8.81641323	8.71390212	10.34458674	10.67612945	11.01275559	11.62684347	12.08463552	12.34546007	12.66029644	12.95003629	13.17046891	13.32159562	13.45957799	13.38061958	13.19968621	13.03941611	12.98787122	12.94908667	12.91181606	12.87367342	12.83471444	12.80047365	12.77153105	12.74407555	12.71963155	12.69457777	12.66337307	12.61897922	12.54995892	12.46603049	12.39875465	12.34698350	12.30398951	12.26348032	12.21926490	12.16189487	12.07244396	11.95638854	11.88449346	11.83960989	11.80886823	11.78523419	11.76454281	11.74364834	11.72650255	11.72360226	11.74058766
	8.86547690	8.79276260	8.68425924	8.59754796	10.28667239	10.62359313	10.96632904	11.60385465	12.07989517	12.34866114	12.67559990	12.98533817	13.20688167	13.37479237	13.53085786	13.45751151	13.24861143	13.05092068	13.00016083	12.95974027	12.92106888	12.88167058	12.84145355	12.80606350	12.77585285	12.74680125	12.72045794	12.69301142	12.65820004	12.60791163	12.53579956	12.45391164	12.38893865	12.33812838	12.29515489	12.25369391	12.20720188	12.14521828	12.04709135	11.93391890	11.86416897	11.81965547	11.78831503	11.76340969	11.74084418	11.71751102	11.69778411	11.69320632	11.71036805
	8.71836467	8.64365075	8.52278970	8.46771633	10.21665586	10.56029793	10.91118507	11.57914133	12.07546652	12.35454632	12.69574809	13.03012048	13.25169724	13.43833650	13.60870972	13.53580263	13.30033613	13.07177295	13.01665104	12.97418111	12.93374095	12.89275581	12.85096756	12.81418011	12.78241731	12.75144108	12.72281685	12.69247670	12.65330319	12.59583218	12.52025307	12.44090162	12.37831075	12.32849792	12.28541935	12.24272317	12.19336973	12.12565656	12.01683705	11.90754408	11.84013839	11.79597316	11.76385318	11.73738305	11.71251384	11.68618124	11.66330615	11.65672208	11.67416891
	8.62915354	8.54415287	8.42927617	8.37894387	10.17163418	10.52030645	10.87575577	11.56322262	12.07434279	12.35910846	12.71148533	13.06309238	13.28796939	13.49400359	13.69378600	13.60819116	13.33912378	13.07779831	13.02959127	12.98601509	12.94460130	12.90273483	12.86000768	12.82233862	12.78957097	12.75726445	12.72705469	12.69473791	12.65262456	12.59042891	12.50943917	12.43300905	12.37291390	12.32431368	12.28151900	12.23819554	12.18708067	12.11568083	11.99944940	11.89226664	11.82695455	11.78321814	11.75065390	11.72313399	11.69673932	11.66845989	11.64353357	11.63563847	11.65328373
	8.59248519	8.50386015	8.39295625	8.34060656	10.15123504	10.50233236	10.85970851	11.55768382	12.07162613	12.35828403	12.71559963	13.07490028	13.30126594	13.51662739	13.73194810	13.64283660	13.34598909	13.07759662	13.03273092	12.98877061	12.94702127	12.90485858	12.86178739	12.82378221	12.79063016	12.75778825	12.72694383	12.69384477	12.65059685	12.58649217	12.50275307	12.42783033	12.36879691	12.32073738	12.27810184	12.23456926	12.18282742	12.11018349	11.99084732	11.88440855	11.81988608	11.77630333	11.74356959	11.71565899	11.68872465	11.65979266	11.63418344	11.62576456	11.64357992
	8.50273192	8.42155542	8.30792711	8.25315980	10.10208994	10.45918577	10.82274269	11.54144599	12.06008409	12.35167893	12.71693594	13.08828706	13.31565984	13.53885268	13.76318813	13.69716551	13.33099221	13.08054426	13.03468759	12.99012015	12.94776559	12.90498261	12.86121658	12.82251102	12.78860122	12.75482897	12.72290431	12.68846097	12.64329193	12.57581827	12.49140163	12.41716466	12.35823780	12.31000858	12.26692511	12.22260708	12.16952539	12.09466255	11.97095825	11.86511138	11.80044374	11.75644330	11.72311972	11.69447812	11.66662790	11.63661427	11.60995044	11.60078122	11.61903927
	8.22360923	8.13384154	8.04443661	7.99659104	9.94067644	10.31543504	10.70432618	11.47362409	12.01742237	12.32920010	12.70826496	13.10348671	13.33366316	13.56338070	13.78288607	13.69806795	13.22812943	13.07791572	13.02990235	12.98348487	12.93912860	12.89429616	12.84848601	12.80803941	12.77228974	12.73649128	12.70244352	12.66539494	12.61598735	12.54337766	12.45594133	12.37899291	12.31779776	12.26751625	12.22217490	12.17502300	12.11775401	12.03510957	11.90323598	11.79465951	11.72776036	11.68179076	11.64652365	11.61576251	11.58543712	11.55247579	11.52327525	11.51388513	11.53356007
	7.87191607	7.78050774	7.71506845	7.66913639	9.74182886	10.13854447	10.55735805	11.39419912	11.96866179	12.30330349	12.70272157	13.12924039	13.36427383	13.59999093	13.80818567	13.61117579	13.14270065	13.06865185	13.01998923	12.97264886	12.92678353	12.88005751	12.83212174	12.78955928	12.75113926	12.71202024	12.67402980	12.63182724	12.57401901	12.49357695	12.40533787	12.32857767	12.26668327	12.21504515	12.16747769	12.11675643	12.05349107	11.95912920	11.81644995	11.70780819	11.63952342	11.59149361	11.55364663	11.51967630	11.48536264	11.44754047	11.41375053	11.40338106	11.42433872
	7.66301089	7.57929616	7.52128540	7.47221318	9.62852692	10.03755665	10.47145041	11.35141621	11.94488344	12.29112336	12.70542894	13.15130081	13.39076403	13.62873732	13.82726086	13.49784845	13.12555334	13.06008544	13.01263316	12.96572246	12.91964420	12.87225802	12.82334379	12.77951533	12.73917302	12.69740328	12.65598410	12.60914600	12.54372659	12.45728049	12.37098068	12.29751855	12.23711149	12.18575502	12.13740277	12.08454622	12.01704960	11.91389627	11.76413927	11.65868335	11.59095288	11.54212955	11.50264689	11.46627406	11.42876788	11.38693630	11.34911845	11.33742972	11.35861912
	7.64089386	7.55811129	7.50204974	7.45681264	9.61943247	10.03003957	10.47047066	11.35414657	11.94363662	12.29350462	12.70506048	13.15504557	13.38967379	13.62552552	13.81045313	13.46659554	13.12720366	13.05959418	13.01184035	12.96470597	12.91844597	12.87089459	12.82190138	12.77811461	12.73779293	12.69610826	12.65484386	12.60815478	12.54293887	12.45676576	12.36917076	12.29478088	12.23382942	12.18211776	12.13350620	12.08042752	12.01270186	11.90933970	11.75852060	11.65243306	11.58437540	11.53539283	11.49584403	11.45948484	11.42204176	11.38029380	11.34287020	11.33164178	11.35330747
	7.36356797	7.28091954	7.22713391	7.18638799	9.46184255	9.88975788	10.35433869	11.30289676	11.92122557	12.29275948	12.72309138	13.19946194	13.44142466	13.68037615	13.84263586	13.30788113	13.11687500	13.06757671	13.01954628	12.97159622	12.92392208	12.87456131	12.82350258	12.77750926	12.73420199	12.68860318	12.64242636	12.58906251	12.51285194	12.41883062	12.33331880	12.26222776	12.20250010	12.15065283	12.10044033	12.04379479	11.96932629	11.85161156	11.69222700	11.58996300	11.52221555	11.47184431	11.42962405	11.38945907	11.34701659	11.29891030	11.25565981	11.24282910	11.26457494
	7.33689867	7.25321453	7.20025392	7.15982433	9.44564458	9.87627525	10.34600348	11.29814979	11.91646976	12.29023419	12.72139721	13.20097550	13.44216496	13.68060023	13.83660998	13.28836855	13.11464476	13.06671039	13.01859651	12.97056504	12.92282967	12.87337686	12.82220173	12.77613544	12.73272756	12.68701834	12.64073668	12.58723930	12.51096225	12.41610057	12.32991152	12.25843446	12.19839442	12.14631374	12.09590073	12.03906752	11.96441857	11.84675139	11.68570437	11.58283237	11.51470664	11.46411798	11.42177018	11.38155461	11.33913495	11.29119406	11.24784076	11.23506156	11.25725593
	7.22228024	7.12970806	7.08168571	7.04594808	9.37547620	9.81381293	10.29918919	11.28027967	11.91033112	12.29896535	12.73554307	13.23204215	13.47287390	13.72061577	13.87058776	13.27974168	13.12471301	13.07481212	13.02563202	12.97657513	12.92765211	12.87689302	12.82444166	12.77718279	12.73220921	12.68450269	12.63574681	12.57865238	12.49648687	12.40021506	12.31520912	12.24405277	12.18397460	12.13139995	12.07981530	12.02076315	11.94205336	11.81499657	11.65394262	11.55223949	11.48395536	11.43250239	11.38866658	11.34638744	11.30126785	11.24994167	11.20391556	11.19120642	11.21326140
	7.18915698	7.09192694	7.04672823	7.01570060	9.35702030	9.79264304	10.27927861	11.28587562	11.92141182	12.32084320	12.75445860	13.25731172	13.49604313	13.74944266	13.89755374	13.27819148	13.12953587	13.07947598	13.02959370	12.97984624	12.93002079	12.87837252	12.82520763	12.77727261	12.73118269	12.68192076	12.63099008	12.57050678	12.48219267	12.38601060	12.30436439	12.23562972	12.17700866	12.12499297	12.07292358	12.01197759	11.92893705	11.79044590	11.63467459	11.53776823	11.47117512	11.41970287	11.37457113	11.32990319	11.28124477	11.22496641	11.17737583	11.16502229	11.18590486
	7.33941200	7.24735211	7.19889450	7.16905926	9.44754250	9.86656832	10.33660023	11.32831041	11.94780507	12.34322327	12.75789176	13.24374573	13.47638010	13.72598943	13.87355033	13.30303986	13.11646498	13.06962746	13.01978513	12.97051732	12.92123077	12.87035108	12.81828304	12.77149807	12.72644015	12.67832311	12.62842701	12.56889175	12.48127859	12.38807486	12.30916060	12.24272695	12.18598663	12.13541011	12.08438791	12.02410088	11.94104550	11.80036380	11.65349599	11.56147753	11.49753665	11.44742236	11.40283083	11.35806877	11.30871805	11.25093126	11.20573206	11.19449262	11.21429116
	7.48032488	7.39525208	7.34341525	7.31416712	9.52527112	9.93501200	10.40754730	11.36189511	11.95620733	12.34881042	12.74447686	13.21904980	13.44285258	13.69441230	13.83023128	13.30233186	13.07696166	13.04240193	12.99420052	12.94627913	12.89848233	12.84907399	12.79862798	12.75345661	12.70975431	12.66311760	12.61470045	12.55665157	12.47157795	12.37993400	12.30269771	12.23761943	12.18228148	12.13299286	12.08324923	12.02442601	11.94333926	11.80639835	11.66262907	11.57318091	11.51103878	11.46231368	11.41905566	11.37571207	11.32807278	11.27263756	11.22864282	11.21829948	11.23846338
	7.83400643	7.74884451	7.70559567	7.68316535	9.74200215	10.11943958	10.55466904	11.45161496	12.00577116	12.37207902	12.74188371	13.18681869	13.39456090	13.63913565	13.79270629	13.17829852	13.03781402	12.99128596	12.95576904	12.91232879	12.86842193	12.82271690	12.77591776	12.73358008	12.69198271	12.64700896	12.59956073	12.54176807	12.45645281	12.37406538	12.30807448	12.25139897	12.20238812	12.15787075	12.11185838	12.05611172	11.97758111	11.84190276	11.71509714	11.63706816	11.58141961	11.53655547	11.49557002	11.45355520	11.40655642	11.35124765	11.30832646	11.29828290	11.31493359
	8.04245801	7.96424764	7.91936941	7.89556321	9.86839820	10.22769930	10.64969207	11.50829725	12.03426254	12.39209251	12.73677940	13.16078577	13.35854964	13.60181025	13.74710047	13.21302228	13.02295720	12.97985500	12.93743435	12.89537024	12.85299867	12.80901410	12.76423168	12.72389765	12.68419842	12.64137293	12.59618602	12.54089287	12.45931856	12.37992781	12.31622396	12.26166400	12.21461513	12.17187195	12.12757133	12.07367433	11.99732939	11.86511800	11.74578748	11.67190490	11.61894375	11.57594138	11.53641199	11.49565984	11.44978828	11.39580358	11.35616851	11.34736275	11.36363708
	8.41562036	8.34258648	8.30040953	8.28083416	10.08581323	10.41655041	10.81379719	11.59726562	12.07441511	12.40985355	12.71802106	13.10626293	13.28544763	13.50705456	13.62670987	13.12195712	12.96998305	12.93940731	12.90061825	12.86060572	12.82185241	12.78161488	12.74074641	12.70404727	12.66779331	12.62875245	12.58751104	12.53678226	12.46222564	12.38895896	12.32974323	12.27914326	12.23567197	12.19625290	12.15538742	12.10566183	12.03504999	11.91363019	11.80412079	11.73599507	11.68718162	11.64757575	11.61116909	11.57360409	11.53127020	11.48220000	11.44710166	11.43972895	11.45562263
	8.75952764	8.69675595	8.65617781	8.63928499	10.29528995	10.59496275	10.96267224	11.69232208	12.12649590	12.45004625	12.71973135	13.07419952	13.23999436	13.45997888	13.56681912	13.16847584	13.01696379	12.91567090	12.87710964	12.84161526	12.80477793	12.76686738	12.72888222	12.69495845	12.66134612	12.62522326	12.58672639	12.53861222	12.46783793	12.40091740	12.34672546	12.30048430	12.26075194	12.22444714	12.18631178	12.13918285	12.07097956	11.95452303	11.85888573	11.79844987	11.75426932	11.71765179	11.68319212	11.64689291	11.60520240	11.55799453	11.52818420	11.52240208	11.53661470
	8.82829574	8.76809760	8.72659276	8.71088803	10.33828899	10.63207768	11.00081906	11.71387766	12.13566387	12.45962907	12.71859933	13.06628459	13.22876332	13.45220385	13.54566151	13.16553408	13.04435766	12.89761018	12.85920101	12.83189216	12.79586226	12.75871622	12.72158210	12.68836456	12.65529140	12.61965341	12.58144577	12.53329811	12.46248136	12.39712351	12.34465591	12.29976715	12.26112242	12.22562297	12.18805789	12.14128183	12.07302512	11.95670295	11.86475217	11.80651652	11.76353823	11.72761890	11.69350713	11.65734235	11.61558985	11.56855438	11.53969853	11.53435389	11.54846385
	8.78618475	8.72893974	8.68582573	8.66722790	10.30936997	10.61035612	11.00893176	11.70483211	12.11974684	12.44949430	12.70402339	13.05301110	13.21382287	13.42814843	13.47293698	13.07754963	12.99770229	12.90692640	12.87558749	12.81769306	12.78267845	12.74623514	12.70964578	12.67686834	12.64408331	12.60873025	12.57091792	12.52321156	12.45337773	12.38561943	12.33181698	12.28590708	12.24654991	12.21060325	12.17283521	12.12609213	12.05830190	11.94302230	11.84721030	11.78716812	11.74334684	11.70720060	11.67328649	11.63778414	11.59707742	11.55160766	11.52191380	11.51686599	11.53365763
	8.81792944	8.76617197	8.72462053	8.70368612	10.32281972	10.62329907	11.04400875	11.71259830	12.11126581	12.44520992	12.68695020	13.02911445	13.18554543	13.39060736	13.39603708	13.00848891	12.90812532	12.86956167	12.83533239	12.79488401	12.76125627	12.72598519	12.69052340	12.65869626	12.62663589	12.59201597	12.55483785	12.50749375	12.43895152	12.37161330	12.31766399	12.27183464	12.23266174	12.19694005	12.15944568	12.11301589	12.04554217	11.93213633	11.83669860	11.77680048	11.73323706	11.69744821	11.66393884	11.62901685	11.58914909	11.54481520	11.51632807	11.51213449	11.53056304
	8.88643657	8.83410556	8.79668343	8.77835392	10.35721981	10.65141081	11.07855412	11.72813239	12.11173329	12.44300044	12.67679116	13.01127677	13.16284335	13.36156330	13.36348324	12.96901073	12.84870809	12.82124711	12.80817724	12.77600553	12.74324630	12.70883275	12.67428117	12.64319318	12.61164258	12.57749311	12.54055120	12.49300671	12.42417573	12.35902806	12.30674820	12.26225275	12.22415753	12.18923712	12.15229187	12.10616403	12.03854558	11.92444471	11.83327702	11.77564283	11.73333485	11.69820449	11.66501057	11.63013879	11.59022502	11.54528859	11.51779587	11.51440622	11.53184431
	8.88327381	8.83244245	8.80085893	8.78131185	10.36054383	10.65055106	11.07720739	11.74212698	12.12290318	12.46096936	12.69267342	13.02581372	13.18381477	13.40836993	13.39550704	13.12329824	12.86879568	12.82883959	12.80362383	12.78036487	12.74665947	12.71152523	12.67651884	12.64499183	12.61272807	12.57769056	12.53914911	12.48837432	12.41627707	12.35324057	12.30251897	12.25907691	12.22158343	12.18667731	12.14896016	12.10079214	12.02835170	11.91085575	11.82550765	11.77038143	11.72879145	11.69317385	11.65843032	11.62087096	11.57668530	11.53117189	11.50600224	11.50308874	11.51899781
	8.86845990	8.81996079	8.78477469	8.76514219	10.34178971	10.63287215	11.07567227	11.73825757	12.11007557	12.44961739	12.67901288	13.00807762	13.16176021	13.36771999	13.34932356	13.13310637	12.88029812	12.84138685	12.80572153	12.77093747	12.73667519	12.70122103	12.66626856	12.63510120	12.60345953	12.56949571	12.53240219	12.48363691	12.41447327	12.34773033	12.29342999	12.24768704	12.20881253	12.17311529	12.13504328	12.08697987	12.01511559	11.89936293	11.80990869	11.75285508	11.71041230	11.67448427	11.63980230	11.60258370	11.55891311	11.51474997	11.49094697	11.48901210	11.50656704
	8.84621088	8.79598209	8.76263887	8.74636176	10.32247713	10.61625252	11.11075265	11.74167055	12.09019617	12.43065598	12.65729843	12.98250340	13.13329292	13.33274506	13.27637370	12.94335058	12.82700940	12.79162659	12.75826274	12.73762248	12.70405567	12.66986458	12.63600155	12.60548555	12.57397847	12.53994217	12.50224371	12.45166952	12.38140682	12.31415938	12.26079734	12.21575546	12.17736125	12.14185425	12.10354568	12.05458994	11.98042297	11.86166569	11.77465259	11.71858498	11.67650492	11.64051949	11.60552954	11.56770851	11.52340953	11.47872635	11.45473482	11.45374425	11.47326547
	8.84010587	8.79377416	8.76065971	8.74564226	10.32675313	10.61472388	11.12956635	11.76479514	12.09075477	12.43202977	12.66110623	12.98148704	13.14071755	13.36259645	13.31347392	13.07944662	12.81617582	12.78182426	12.74952061	12.71754914	12.68387315	12.64995441	12.61645791	12.58580643	12.55348115	12.51791852	12.47713416	12.42032328	12.34929988	12.28546417	12.23548111	12.19262740	12.15554811	12.12032109	12.08102987	12.02901112	11.94662815	11.82795811	11.74897188	11.69635689	11.65535483	11.61876223	11.58159503	11.53994767	11.49061089	11.44813583	11.42735900	11.42735593	11.44547164
	8.90154566	8.85294423	8.81848528	8.80415110	10.36054684	10.64128290	11.17903844	11.78756238	12.08324299	12.41592213	12.63918252	12.94729071	13.09838248	13.29588468	13.20520653	12.93973530	12.77460432	12.74282414	12.71273057	12.68247694	12.65160052	12.61907787	12.58700536	12.55740614	12.52592742	12.49109992	12.45063148	12.39397069	12.32359763	12.26269548	12.21396504	12.17240968	12.13641705	12.10196771	12.06321160	12.01142794	11.92778837	11.81180675	11.73647204	11.68575970	11.64584220	11.60985196	11.57285784	11.53108390	11.48204376	11.44034576	11.42192758	11.42278349	11.43985444
	8.95478878	8.90890820	8.87512902	8.85735681	10.39254274	10.66627147	11.25836272	11.82866817	12.08022407	12.40347722	12.62188503	12.91449415	13.05251903	13.21277005	13.07087294	12.77915226	12.73940044	12.71056723	12.68237635	12.65361034	12.62401183	12.59277170	12.56219538	12.53381817	12.50353760	12.46997226	12.43039747	12.37446355	12.30647269	12.24478591	12.19636616	12.15520484	12.11978666	12.08575685	12.04735068	11.99561137	11.91083624	11.79662665	11.72370380	11.67433377	11.63513603	11.59944244	11.56230038	11.51998108	11.47057943	11.43107421	11.41426007	11.41618469	11.43502334
	9.03801981	8.99415819	8.96505179	8.94834704	10.44820538	10.71218066	11.34026380	11.86246782	12.09291532	12.40569892	12.62082154	12.89975440	13.03179417	13.17821333	13.02306666	12.75881798	12.72043397	12.69299330	12.66629157	12.63879304	12.61043443	12.58035227	12.55099663	12.52348492	12.49393038	12.46092160	12.42133300	12.36384361	12.29575052	12.23727900	12.19132098	12.15213704	12.11815878	12.08510799	12.04718244	11.99524525	11.90782172	11.79644944	11.72901680	11.68244881	11.64461812	11.60934833	11.57185981	11.52852427	11.47703881	11.44005729	11.42608417	11.42869626	11.44550396
	9.09387594	9.05454463	9.02990996	9.01165609	10.48910355	10.74539795	11.40763514	11.89222873	12.10407097	12.40791342	12.62197980	12.88747405	13.01395318	13.14149922	12.95853560	12.73404343	12.70043561	12.67525935	12.65006688	12.62367562	12.59630333	12.56713116	12.53871031	12.51168146	12.48235618	12.44919353	12.40838535	12.35077581	12.28583208	12.22862801	12.18419933	12.14628697	12.11313597	12.08048501	12.04229675	11.98887488	11.89716753	11.79195195	11.72835983	11.68365432	11.64653393	11.61095977	11.57221666	11.52630245	11.47519807	11.44200922	11.42991155	11.43321557	11.44999473
	9.10740599	9.07087332	9.04063700	9.01386128	10.51294312	10.76307825	11.50666229	11.91244395	12.11592182	12.41200144	12.62599013	12.87871268	12.99452473	13.07532467	12.83117538	12.69898970	12.67425613	12.65319253	12.63058324	12.60593428	12.57986316	12.55176860	12.52419118	12.49723185	12.46746475	12.43305175	12.38915097	12.32792776	12.26416296	12.21261784	12.17092954	12.13481011	12.10267504	12.07019733	12.03095877	11.97408987	11.87458602	11.77710142	11.71834296	11.67556334	11.63877269	11.60197108	11.56043604	11.50953550	11.45919649	11.43077295	11.42086181	11.42495352	11.44143274
	9.13878366	9.10135595	9.06810474	9.35017634	10.53833964	10.78207978	11.52838445	11.92137698	12.12218114	12.41038468	12.62263574	12.86572205	12.97455960	13.03280437	12.79117666	12.67432110	12.65400370	12.63502912	12.61391428	12.59041515	12.56521393	12.53794396	12.51097653	12.48418303	12.45426652	12.41918747	12.37336994	12.31065639	12.24823589	12.20100710	12.16131622	12.12666582	12.09543742	12.06323448	12.02350610	11.96452079	11.86135852	11.77002214	11.71478627	11.67354739	11.63709267	11.59960565	11.55618819	11.50237394	11.45421197	11.42885819	11.42021038	11.42460760	11.44057282
	9.20485086	9.16666379	9.13437768	9.95527804	10.58201202	10.81765332	11.55586136	11.93429023	12.13134780	12.40737049	12.61551221	12.84582733	12.94550661	12.98032966	12.74849535	12.64925118	12.63230553	12.61526191	12.59570469	12.57349747	12.54942234	12.52324880	12.49718857	12.47088851	12.44130037	12.40620112	12.35943660	12.29462568	12.23617573	12.19216903	12.15457144	12.12155678	12.09144932	12.05981358	12.02012232	11.95982251	11.85419897	11.76986046	11.71822586	11.67879345	11.64295952	11.60520708	11.56041872	11.50407827	11.45948939	11.43702274	11.42966180	11.43438569	11.44987161
	9.31689473	9.28516851	9.25923777	10.43279388	10.66035338	10.88650690	11.60282528	11.95983965	12.15395719	12.41081609	12.61594862	12.82526296	12.91471189	12.93114609	12.70945434	12.62915810	12.61523923	12.59979719	12.58137951	12.56033149	12.53739209	12.51248172	12.48757015	12.46211973	12.43342412	12.39884088	12.35150537	12.29074317	12.23717654	12.19332297	12.15729300	12.12563329	12.09661364	12.06561619	12.02600264	11.96421207	11.86088959	11.78352244	11.73544128	11.69792893	11.66292020	11.62498397	11.57877025	11.52235913	11.48325247	11.46369447	11.45782101	11.46301650	11.47825680
	9.36353007	9.33177320	9.30833289	10.48556095	10.70582544	10.92888256	11.64237705	11.98810932	12.18400883	12.43048618	12.63598427	12.83382131	12.91538357	12.91394544	12.70255877	12.63482371	12.62307411	12.60862696	12.59083582	12.57044900	12.54809125	12.52372896	12.49921942	12.47398072	12.44528715	12.41016584	12.36127412	12.30067833	12.24951238	12.20663547	12.17160289	12.14072508	12.11215527	12.08109628	12.04074651	11.97614650	11.87265820	11.79986354	11.75384669	11.71716536	11.68208212	11.64310502	11.59452966	11.53799776	11.50212920	11.48436846	11.47944019	11.48500998	11.50016696
	9.36439245	9.33336821	9.38338368	10.50856603	10.72621309	10.94779387	11.67120319	12.01293322	12.21173406	12.45401524	12.66165934	12.85493520	12.93269730	12.92108571	12.70228687	12.64378039	12.63499009	12.62207076	12.60513711	12.58534035	12.56331530	12.53910138	12.51439638	12.48855047	12.45875112	12.42149553	12.36962268	12.30841029	12.25707781	12.21873153	12.18503419	12.15495382	12.12659694	12.09505654	12.05312350	11.98395709	11.87910555	11.81122766	11.76708652	11.73089489	11.69520389	11.65440880	11.60217689	11.54529519	11.51193143	11.49571808	11.49147136	11.49722232	11.51210208
	9.31543582	9.28465810	9.50122996	10.50451551	10.72278651	10.94204212	11.69508410	12.04097091	12.24344521	12.48903170	12.70000460	12.89681019	12.97352454	12.95378623	12.71177361	12.66305109	12.65843907	12.64769339	12.63171731	12.61238483	12.59037364	12.56578276	12.54007350	12.51253610	12.48016961	12.43864607	12.38071710	12.31856159	12.27256699	12.23645090	12.20412124	12.17458099	12.14599929	12.11328141	12.06840545	11.99202755	11.88670939	11.82286712	11.78005413	11.74372673	11.70658187	11.66274234	11.60490249	11.54736471	11.51671471	11.50170676	11.49791764	11.50366125	11.51820309
	9.22859773	9.20011440	9.52086129	10.48347712	10.70492596	10.92648447	11.71764096	12.06893585	12.28126065	12.52942546	12.74889606	12.94726667	13.02183302	12.98972100	12.72537080	12.68959229	12.68940171	12.68044590	12.66510685	12.64583633	12.62338169	12.59802779	12.57091846	12.54130712	12.50584655	12.45931362	12.39520263	12.33398823	12.29071700	12.25580239	12.22394809	12.19426993	12.16482738	12.13021697	12.08127491	11.99554519	11.89072882	11.82950304	11.78718791	11.74999977	11.71054036	11.66246731	11.59771145	11.54115339	11.51258745	11.49861359	11.49533926	11.50135419	11.51593677
	9.12024669	9.09879499	9.86380273	10.44694168	10.67213806	10.89971601	11.72875268	12.08351340	12.30909021	12.55731887	12.78721807	12.98461019	13.05578144	13.00884254	12.72830320	12.70532583	12.70907004	12.70154190	12.68670011	12.66733358	12.64431243	12.61804814	12.58948982	12.55775444	12.51914895	12.46749753	12.39717531	12.33881790	12.29672597	12.26230912	12.23039191	12.20028417	12.16965621	12.13281653	12.07923870	11.98247195	11.88057395	11.82116893	11.77893114	11.74051435	11.69836091	11.64541869	11.57297438	11.51954331	11.49271017	11.47963142	11.47692793	11.48337065	11.49821513
	9.00718541	8.95916427	10.14471145	10.40821692	10.63599341	10.86738099	11.73601040	12.08870295	12.33129573	12.57390586	12.81583005	13.00729636	13.07331119	13.01012565	12.72022210	12.70945997	12.71628258	12.70988376	12.69545622	12.67599759	12.65250994	12.62547175	12.59562497	12.56199568	12.52048804	12.46332052	12.38870297	12.33174173	12.29116527	12.25710624	12.22501983	12.19441410	12.16257137	12.12331139	12.06455964	11.95635274	11.85892805	11.80157724	11.75948093	11.71974541	11.67463477	11.61620554	11.53694638	11.48752897	11.46270337	11.45069492	11.44868954	11.45568193	11.47092286
	8.94599547	9.21263108	10.11218349	10.38861653	10.61621473	10.84887171	11.74431175	12.09381109	12.34572714	12.58427471	12.83100470	13.02022481	13.08240208	12.99712814	12.70257870	12.70631716	12.71715338	12.71218165	12.69843079	12.67902156	12.65522310	12.62742829	12.59625068	12.56047923	12.51509795	12.45301882	12.38096301	12.32626692	12.28684072	12.25332835	12.22132889	12.19040387	12.15759057	12.11619607	12.05255705	11.93964404	11.84658042	11.79075919	11.74879056	11.70803530	11.66031513	11.59627411	11.51626424	11.46976126	11.44620247	11.43485073	11.43316618	11.44028366	11.45553964
	8.89048380	9.55772523	10.10287777	10.37617300	10.60131118	10.82858999	11.75817666	12.10582020	12.36232988	12.60019854	12.84795244	13.03985131	13.09936111	12.98613016	12.67122187	12.69755091	12.71574091	12.71391448	12.70171443	12.68286751	12.65887463	12.63016280	12.59704246	12.55801179	12.50680926	12.43659970	12.36703528	12.31886198	12.28300848	12.25161513	12.22071660	12.18999683	12.15631442	12.11236772	12.04251226	11.92290745	11.83806275	11.78554591	11.74447818	11.70284922	11.65210253	11.58123806	11.49954249	11.45761599	11.43605936	11.42561772	11.42415931	11.43107659	11.44580350
	8.67612978	9.61392633	10.00395433	10.28079511	10.51336750	10.75049140	11.74247773	12.08848532	12.37039180	12.60344534	12.86699626	13.05732828	13.11324526	12.99894520	12.66693007	12.69784031	12.71747717	12.71569528	12.70298894	12.68332211	12.65808900	12.62762625	12.59212723	12.54987132	12.49376723	12.41651737	12.34564885	12.29739204	12.26113446	12.22889005	12.19684547	12.16461354	12.12875310	12.08095222	12.00306389	11.87645045	11.79250636	11.73948553	11.69698528	11.65262120	11.59694733	11.51667514	11.43449076	11.39376352	11.37273237	11.36268275	11.36165289	11.36922547	11.38474884
	8.60936261	9.68475922	9.98411327	10.25798628	10.49118060	10.73386846	11.74651277	12.08437103	12.38006279	12.60403580	12.87418664	13.05924222	13.11115775	13.00480272	12.65472577	12.69226553	12.71339544	12.71202810	12.69932199	12.67947410	12.65386032	12.62271891	12.58620164	12.54238760	12.48405515	12.40321214	12.33329044	12.28606458	12.25034874	12.21819003	12.18604746	12.15343860	12.11672169	12.06707045	11.98504142	11.85616894	11.77459101	11.72231780	11.67965118	11.63419514	11.57604579	11.49060970	11.41004658	11.37102298	11.35077768	11.34119217	11.34050721	11.34835901	11.36407289
	8.70254603	9.74275936	10.03404255	10.29727129	10.52001320	10.75062436	11.78057955	12.10606991	12.39959795	12.61746950	12.88495175	13.06759119	13.11739688	12.90956827	12.60357078	12.66849594	12.69972885	12.70261811	12.69172052	12.67258057	12.64677614	12.61425794	12.57462292	12.52360002	12.45572763	12.37849473	12.31981446	12.27943099	12.24800170	12.21859305	12.18810630	12.15580729	12.11774869	12.06395245	11.97008369	11.85206069	11.78021418	11.73216135	11.69078773	11.64412185	11.58128178	11.48752710	11.41745107	11.38336396	11.36533299	11.35653811	11.35570197	11.36269175	11.37703212
	9.10636608	9.80662368	10.08726628	10.33848304	10.54764612	10.75748061	11.82048763	12.13138642	12.41856975	12.63306028	12.89727790	13.07908316	13.12773427	12.74696575	12.53306927	12.63467934	12.67944575	12.68791614	12.67930766	12.66092708	12.63454357	12.59973627	12.55512760	12.49223604	12.41291224	12.34405289	12.29993236	12.26808748	12.24207206	12.21611691	12.18753614	12.15531781	12.11497886	12.05472224	11.94522833	11.84439394	11.78434633	11.74132734	11.70121696	11.65238477	11.58154842	11.48048356	11.42382554	11.39549865	11.37999954	11.37201215	11.37078249	11.37650195	11.38896366
	9.57775581	9.85640787	10.12795762	10.36586987	10.56195772	10.75947382	11.85566108	12.13889895	12.42745237	12.62950052	12.89382951	13.06899432	13.11555830	12.43259976	12.45775676	12.58985958	12.64578358	12.65840373	12.65148226	12.63345029	12.60623001	12.56881610	12.51861580	12.44388804	12.35706162	12.30355549	12.26937418	12.24348924	12.22132647	12.19772267	12.17027529	12.13769674	12.09460948	12.02649079	11.90608340	11.82422669	11.77297484	11.73360259	11.69398996	11.64228964	11.56084199	11.46189431	11.41575462	11.39179492	11.37816323	11.37074936	11.36917166	11.37389293	11.38486825
	9.67593894	9.89374961	10.16004282	10.38881146	10.57742082	10.76844190	11.87714420	12.13931875	12.43019855	12.62177347	12.88830537	13.05483302	13.10040995	12.38323179	12.43812166	12.56337257	12.62451014	12.63866835	12.63231930	12.61433879	12.58654960	12.54756448	12.49300388	12.41095902	12.33287806	12.28487536	12.25356401	12.22955997	12.20858378	12.18568021	12.15846500	12.12545652	12.08075122	12.00621132	11.88939209	11.81465129	11.76672156	11.72869077	11.68906657	11.63560379	11.54515407	11.45559327	11.41351401	11.39130171	11.37839775	11.37118589	11.36940696	11.37366210	11.38392717
	9.74864401	9.95996384	10.21579245	10.43325177	10.60880592	10.79001343	11.91216312	12.15057710	12.43536982	12.61968165	12.88552328	13.04585823	13.09414809	12.36767200	12.41092182	12.52491034	12.59520663	12.61378348	12.60895308	12.59103999	12.56193789	12.51892500	12.45033327	12.36848293	12.30494676	12.26572578	12.23940933	12.21863673	12.19972769	12.17806217	12.15120877	12.11726262	12.06946352	11.98409533	11.87811415	11.81380724	11.77075734	11.73467398	11.69482193	11.63823738	11.53779117	11.46186631	11.42530294	11.40539286	11.39337720	11.38614514	11.38363936	11.38665903	11.39527905
	9.80166190	10.00713375	10.25248475	10.45724759	10.61844049	10.78947289	11.96873577	12.14953300	12.42889158	12.60497491	12.87533106	13.02452390	13.07476294	12.30959075	12.36520621	12.46897010	12.54715517	12.57107993	12.56783974	12.54968945	12.51779822	12.46464683	12.38407732	12.30921321	12.25930995	12.22899252	12.20779203	12.19025011	12.17335256	12.15274350	12.12577942	12.08996808	12.03464075	11.93686838	11.84732776	11.79409103	11.75603202	11.72161478	11.68063345	11.61644190	11.50868775	11.44764597	11.41698659	11.39947552	11.38831707	11.38095451	11.37750349	11.37901149	11.38567499
	9.86229878	10.05886221	10.29169083	10.48761238	10.63262942	10.79483016	11.98451502	12.16864621	12.43934185	12.61573850	12.90128567	13.04138741	13.11070068	12.30080438	12.33607938	12.41557595	12.49692644	12.53148545	12.53187284	12.50992115	12.46704004	12.39551312	12.32009376	12.26440398	12.23073667	12.20925471	12.19336278	12.17904418	12.16394209	12.14385172	12.11575972	12.07611174	12.00135953	11.90357021	11.83670444	11.79352224	11.75979493	11.72616728	11.68234671	11.59818171	11.50184203	11.45344491	11.42770900	11.41204557	11.40111668	11.39285328	11.38750418	11.38624480	11.38959289
	9.86934689	10.06313742	10.29248258	10.48474696	10.62401859	10.78384043	11.98120008	12.17016395	12.43998984	12.61629192	12.91075836	13.04628458	13.12319339	12.25827402	12.31744008	12.38716420	12.46877403	12.50652866	12.50800247	12.48292041	12.43413006	12.35904373	12.28609691	12.23981889	12.21201311	12.19376068	12.17975265	12.16652016	12.15187697	12.13163497	12.10259664	12.05987487	11.97687560	11.88110934	11.82249793	11.78296480	11.75063532	11.71683175	11.67106106	11.57677138	11.48706643	11.44349997	11.41962317	11.40462393	11.39370518	11.38501343	11.37885017	11.37645294	11.37846590
	9.86541168	10.05785916	10.28551399	10.47273417	10.60849916	10.76678951	12.03270425	12.16496379	12.43975320	12.61010631	12.91236550	13.03943923	13.11769068	12.26749120	12.30325587	12.37060527	12.45181313	12.49058846	12.49202194	12.46444917	12.41001431	12.33482582	12.26356492	12.22118221	12.19495556	12.17742556	12.16371907	12.15059303	12.13582015	12.11513238	12.08530381	12.04289717	11.95232747	11.85851501	11.80336990	11.76526171	11.73330291	11.69894515	11.65175673	11.54917203	11.46497157	11.42418647	11.40139405	11.38677824	11.37584040	11.36691167	11.36030983	11.35736054	11.35872645
	9.91665671	10.10653634	10.33026496	10.51093665	10.64010916	10.79369942	11.86465849	12.21515516	12.49843102	12.66627340	12.97897948	13.10847490	13.23068737	12.29031811	12.33265148	12.39766447	12.46942938	12.50301573	12.50075782	12.46866171	12.41274763	12.34431240	12.28320982	12.24634270	12.22333553	12.20762037	12.19486548	12.18207031	12.16694598	12.14496696	12.11263610	12.05428355	11.95880669	11.87988359	11.83125133	11.79603746	11.76469486	11.72875573	11.67477683	11.56232405	11.49088163	11.45472329	11.43366092	11.41941157	11.40804225	11.39807587	11.38991827	11.38498166	11.38401606
	9.91237409	10.10198988	10.32496854	10.50152999	10.62449352	10.77783165	12.12896617	12.24874996	12.53814453	12.70816384	13.02975372	13.16673281	13.32320655	12.29893259	12.33867986	12.39659055	12.45741407	12.49234483	12.48944906	12.45100201	12.38894991	12.32571543	12.27834796	12.24882660	12.22974978	12.21610522	12.20427966	12.19162147	12.17583764	12.15190379	12.11412774	12.04293557	11.94168498	11.87679517	11.83404210	11.80099947	11.76943145	11.73072307	11.66654666	11.54875410	11.48722111	11.45445203	11.43441926	11.42006965	11.40788295	11.39646391	11.38629460	11.37889764	11.37519460
	9.93197394	10.11955167	10.33896689	10.51151608	10.62865409	10.77908051	12.13232788	12.27176809	12.56280703	12.73548884	13.06159527	13.20528954	13.41338163	12.29424261	12.34092573	12.39478791	12.44751058	12.47610995	12.46979292	12.43184478	12.37342129	12.31654027	12.27653780	12.25127595	12.23463263	12.22233549	12.21112282	12.19852618	12.18212672	12.15683029	12.11342612	12.02815732	11.93574182	11.87956235	11.84084316	11.80941336	11.77779457	11.73727026	11.65798142	11.54900044	11.49410054	11.46375734	11.44450275	11.43009699	11.41729666	11.40477881	11.39307721	11.38374568	11.37774901
	9.95490623	10.14059135	10.35675918	10.52544817	10.63758530	10.78510579	12.07233379	12.29616819	12.58965487	12.76532778	13.09508994	13.24651208	13.49414961	12.40687667	12.34788498	12.39952242	12.44636014	12.46825409	12.45854936	12.42188011	12.36852312	12.31714760	12.28144489	12.25874331	12.24356567	12.23203273	12.22105876	12.20824163	12.19103913	12.16150472	12.11252351	12.01872026	11.93657524	11.88637365	11.85049114	11.82009976	11.78810818	11.74328392	11.65267440	11.55402248	11.50416284	11.47568534	11.45697542	11.44241009	11.42893986	11.41531125	11.40206636	11.39026529	11.38187619
	10.00199443	10.18451089	10.39510774	10.55827249	10.66174796	10.80446242	11.76761081	12.34786592	12.64692357	12.82952152	13.16796570	13.33780710	13.63550561	12.63821190	12.34135679	12.41121079	12.44548005	12.45608300	12.44141357	12.40744018	12.36415482	12.32479390	12.29708335	12.27922451	12.26686606	12.25685085	12.24633431	12.23291044	12.21470086	12.17312488	12.09900775	12.00988883	11.94868694	11.90830659	11.87712485	11.84832201	11.81519588	11.75985909	11.65227899	11.57512576	11.53299391	11.50738815	11.48938301	11.47426280	11.45931994	11.44339050	11.42726715	11.41009595	11.39599720
	10.01427801	10.19370846	10.40110584	10.56054983	10.65819697	10.79842919	11.57405424	12.35893692	12.65983189	12.84550010	13.18937094	13.37165177	13.68955619	12.65879125	12.36167517	12.38309290	12.40834619	12.41117342	12.39416194	12.36418987	12.33255915	12.30146968	12.27947167	12.26504354	12.25463077	12.24549477	12.23497909	12.22068191	12.18952546	12.14119278	12.05883948	11.98229003	11.93397454	11.89989459	11.87160475	11.84351448	11.80892416	11.74239698	11.63365062	11.56871388	11.53112803	11.50709443	11.48930988	11.47355921	11.45739587	11.43968143	11.41873564	11.39890126	11.38296639
	10.05310056	10.23035528	10.43243343	10.58404623	10.67564561	10.81320236	11.75256247	12.37051599	12.67082460	12.85818224	13.19929229	13.38959026	13.69898141	13.19682541	12.30703975	12.32028663	12.34108188	12.33974503	12.31942132	12.32394622	12.29673137	12.29139423	12.27171247	12.25863106	12.24886159	12.23983084	12.22893317	12.21245624	12.17569576	12.11396019	12.03213444	11.96925379	11.92796777	11.89756264	11.87100669	11.84317480	11.80758540	11.72550317	11.62602901	11.56997360	11.53596543	11.51334103	11.49577955	11.47947814	11.46225806	11.44359627	11.41902385	11.39367767	11.37674271
	10.13047437	10.30259148	10.49672353	10.64039503	10.72630374	10.85863125	11.70418544	12.38914424	12.68376625	12.87009487	13.20327896	13.39954776	13.69353063	13.59991903	12.28791419	12.32743896	12.34586631	12.34280919	12.35387363	12.35012886	12.32082878	12.29360044	12.27579355	12.26387682	12.25510194	12.24658279	12.23406402	12.21101006	12.16843460	12.10138701	12.02970039	11.97681754	11.94076988	11.91334053	11.88828965	11.86082597	11.82238456	11.72891366	11.64426355	11.59495040	11.56387345	11.54244531	11.52517433	11.50855023	11.49084200	11.47004811	11.44162789	11.41411821	11.39746678
	10.14865519	10.31825155	10.50817883	10.64679607	10.72715901	10.85689094	11.47591715	12.40433349	12.70212880	12.89411295	13.22907822	13.44920184	13.72831947	13.85381362	12.32022647	12.36277412	12.37118291	12.37412953	12.35202091	12.32838289	12.30279897	12.28015307	12.26400316	12.25276097	12.24373757	12.23435674	12.21413055	12.17836086	12.12952352	12.06660206	12.00526245	11.96325691	11.93287037	11.90825883	11.88405823	11.85506032	11.80042022	11.70505190	11.63542375	11.59267038	11.56407928	11.54321983	11.52542396	11.50743168	11.48700309	11.45788950	11.42524701	11.39933100	11.38415823
	10.24353490	10.40599499	10.58637505	10.71676376	10.78945477	10.91153365	11.28359392	12.44494731	12.74043342	12.93754258	13.26672860	13.52257395	13.76421233	13.87763506	12.31671382	12.34885850	12.34473652	12.35670136	12.35475039	12.33347670	12.31143778	12.28753358	12.26957316	12.25620373	12.23892647	12.22001302	12.19602481	12.16104043	12.11394175	12.06216136	12.01747265	11.98451684	11.95928838	11.93733102	11.91400206	11.87980802	11.80864904	11.72510169	11.66989522	11.63365688	11.60777868	11.58753970	11.56918213	11.54990297	11.52083899	11.48531467	11.45310037	11.43277610	11.42059044
	10.29345036	10.45007043	10.62582722	10.75775729	10.82516790	10.93801945	11.11728070	12.51297285	12.81688925	13.02546313	13.36550280	13.66604127	13.88275530	14.01405592	12.30061908	12.78968411	12.80827652	12.81244544	12.36550569	12.34331613	12.32050889	12.29420430	12.27372313	12.25740561	12.23619342	12.21357283	12.18822178	12.15543482	12.11549326	12.07809795	12.04698861	12.02171425	12.00047737	11.98005189	11.94868295	11.90399438	11.82781476	11.75976150	11.71494732	11.68303723	11.65840194	11.63762893	11.61759500	11.58910478	11.55188017	11.51484831	11.48708941	11.47045313	11.46004058
