	32.76483089	34.72048038	36.64975698	38.65836227	40.97258475	43.97530777	48.04844208	55.21909327	67.82114204	73.89180134	77.09556322	80.90946478	84.46580459	87.17700926	88.54349210	88.19292701	85.45992880	81.17174456	77.74279786	76.47636958	76.55449007	77.50353734	78.66302602	79.73995295	80.57607980	81.13648271	81.56969311	81.87779202	82.04787236	82.11077987	82.04825336	81.90612487	81.66083090	81.38430007	81.13524580	80.92063109	80.75242763	80.61228656	80.48839927	80.38766212	80.35404023	80.40742387	80.53963733	80.71817822	80.97649570	81.28466926	81.59474244	81.87508094	82.10186243
	25.92777098	28.48808623	30.95452277	33.46923779	36.58791262	40.70514708	46.81049800	58.95601050	80.31283059	85.11064354	87.62538472	91.55586347	95.31375378	98.44023155	100.16617495	99.42477411	95.05723139	88.43465809	83.35080330	81.23739663	80.98554980	81.53879946	82.30817890	83.04774038	83.63944098	83.96453250	84.23855550	84.38529221	84.42260885	84.32280902	84.06365368	83.81066109	83.48932610	83.16038291	82.86824110	82.62081717	82.43651270	82.30047914	82.20769544	82.15238390	82.18167711	82.32929488	82.59075238	82.92878967	83.36516590	83.91275444	84.49879782	85.06064773	85.56009314
	26.61301843	29.48443653	32.31835475	35.31445835	39.08266398	44.04976242	51.74055112	66.93093471	88.14292787	91.09013921	92.35988770	95.62402591	99.17650354	102.36904784	104.43353990	103.92872075	99.37572562	91.81491940	85.76208291	83.16134912	82.79014968	83.33908694	84.20244953	85.02683879	85.72507991	86.18354466	86.52407427	86.79619196	86.91488640	86.88480602	86.69961215	86.48744103	86.20777545	85.90201836	85.63391407	85.41828017	85.26156052	85.14895556	85.06693924	85.01086356	85.03066217	85.16667368	85.41629765	85.74997885	86.19958384	86.78215357	87.42711084	88.06549756	88.65780044
	27.34413153	30.41098483	33.47779042	36.79651613	41.01504431	46.60491981	55.59618285	73.46457983	93.19515424	94.23621458	94.95448203	97.76872895	101.03315727	104.10340211	106.23225216	105.79145027	101.08198360	93.03344121	86.59826751	83.90398483	83.57646521	84.19014289	85.11493955	85.99285863	86.74717157	87.25556798	87.64434349	87.97140263	88.12678739	88.12231289	87.97778100	87.78005753	87.50904327	87.20980625	86.94645793	86.73812176	86.58455832	86.47422771	86.39054350	86.33132098	86.34908167	86.48200397	86.72739552	87.05241707	87.49490309	88.07656576	88.72615336	89.37862077	89.99726428
	28.84841062	32.22171652	35.64561197	39.47661421	44.36458157	50.91135480	62.20950541	84.39112682	99.85044110	98.78493029	98.64269473	100.49656340	103.10969882	105.72911968	107.78262094	107.50916425	102.73595738	94.10373465	87.25732606	84.53889210	84.35091512	85.11159059	86.13471679	87.08885039	87.89148919	88.44105634	88.87031232	89.22775107	89.42580648	89.44515154	89.33291807	89.15878808	88.91524430	88.63812870	88.38601991	88.18815702	88.04058331	87.93644824	87.85414251	87.79791740	87.81961905	87.95376998	88.19898775	88.51167120	88.93322866	89.48918624	90.11408931	90.75080671	91.36791823
	29.47387246	33.11086654	36.84010592	41.14044474	46.60466069	54.05414391	67.52120256	92.65265190	103.62149438	102.07541740	101.56412707	102.77205330	104.93221634	107.26740147	109.25580977	109.00589268	103.96324284	94.75270946	87.64935451	84.97333662	84.90386750	85.77772796	86.87429869	87.87684934	88.71104928	89.29166936	89.76778658	90.16528671	90.41038346	90.47257577	90.40925720	90.27222138	90.06291867	89.81313967	89.58156814	89.40248597	89.27371152	89.18863667	89.11996841	89.07576446	89.10532401	89.24195611	89.48939604	89.80037572	90.22345671	90.78220374	91.41373021	92.06457640	92.70544817
	30.72103150	34.50789312	38.40137825	43.01527493	48.79789298	56.87603402	72.28846274	98.88972404	106.47617599	104.56852715	103.53741626	104.06293177	105.69605609	107.46113111	109.14075999	108.98190735	104.17196271	94.85107768	87.56494810	84.88681986	84.92236347	85.90734236	87.08673682	88.13732653	89.00583535	89.58837933	90.04981672	90.42407806	90.64635529	90.68622235	90.59872796	90.45185470	90.24665624	90.00087034	89.76937234	89.58850773	89.46036658	89.37627068	89.30893537	89.27388791	89.31684462	89.46400733	89.72013437	90.03189956	90.44185859	90.97614362	91.57976158	92.20561733	92.82966373
	31.24369171	35.42326772	39.75345393	45.11538754	51.78176746	61.92460443	82.78715001	107.83589319	109.09882110	107.68233882	106.64188147	106.71437575	107.77503497	109.09506339	110.35227756	109.75836078	104.41391687	94.82397207	87.81068332	85.48907724	85.74839864	86.86379065	88.10881159	89.17713793	90.04076232	90.64862311	91.14409901	91.55861333	91.81496966	91.91047127	91.86624103	91.77502829	91.61236246	91.40116657	91.19666324	91.03766989	90.93479357	90.86680211	90.81444684	90.80161922	90.87185285	91.04252081	91.30973777	91.62461316	92.03186356	92.55571488	93.14596497	93.76323075	94.38840926
	31.94646572	36.37261672	41.00121611	46.82631800	54.07481929	65.73212061	89.99154405	110.68756354	110.29761045	108.95644255	107.93054104	107.85683627	108.60739271	109.63982696	110.61143366	109.87443096	104.61744101	95.10672530	88.12463242	85.89743236	86.25694896	87.44596606	88.72416368	89.81397818	90.66907868	91.26770887	91.76864496	92.18994911	92.45992276	92.56919223	92.53614090	92.47675121	92.34560757	92.16001303	91.97567548	91.83141826	91.74144405	91.67365610	91.62430301	91.62228722	91.70608525	91.89049213	92.16000231	92.46968985	92.86000593	93.35621473	93.91523259	94.50307739	95.10467433
	33.04260151	37.76093583	42.76013704	49.08966019	57.04986119	70.63868602	97.43582647	111.49289748	110.79056275	109.57065756	108.73813552	108.65831935	109.22328770	110.03349717	110.71332724	109.76335355	104.58292550	95.14465026	88.23765689	86.20261944	86.73172474	88.02267409	89.34042614	90.41630990	91.24174433	91.82744411	92.32075620	92.73678003	92.99985269	93.09936193	93.06971021	93.02642327	92.91719519	92.75875420	92.60245662	92.48074451	92.41491241	92.36410650	92.32603371	92.34196048	92.44430438	92.64619049	92.92689005	93.23262549	93.60701632	94.07397590	94.59887497	95.15194563	95.72356898
	33.35868721	38.43748543	43.86370969	50.76121973	59.66717201	75.47854484	102.87015027	111.54065948	110.94353315	109.94578169	109.39410324	109.43930369	109.99442167	110.83762246	111.44596097	110.23071235	104.75655927	95.34714995	88.73675376	86.96241804	87.61718911	88.94554950	90.24823435	91.27638369	92.05624326	92.61923576	93.12671563	93.57474146	93.86184545	93.98111913	93.98161746	93.97382907	93.88738319	93.75067093	93.62039075	93.52365771	93.47746697	93.43476538	93.40278727	93.42735467	93.53876969	93.74395455	94.02576405	94.33401464	94.69599913	95.14103737	95.63634790	96.15831544	96.69986538
	33.80510550	39.05789318	44.70684309	51.88505595	61.35644316	78.50995763	105.32129171	111.51118685	110.98971682	110.09524491	109.66768281	109.77536123	110.32493215	111.15280225	111.68854789	110.36945955	104.82282577	95.47307147	89.00459639	87.34218933	88.06188323	89.42057365	90.72806416	91.75235324	92.51263781	93.07340555	93.58381110	94.04428943	94.34426115	94.47501546	94.48940535	94.49781946	94.42749584	94.30633615	94.18561744	94.09944415	94.06792859	94.02788980	93.99603438	94.01499704	94.12812892	94.32842530	94.60691661	94.90919450	95.25975519	95.68649244	96.15874051	96.65687412	97.17573836
	33.33062686	38.81170686	44.73850274	52.26751814	62.47782419	81.04477720	106.69997221	111.13394329	110.86204078	110.26496280	110.05744443	110.26864787	110.85821207	111.74717756	112.23217831	110.70245406	104.85946893	95.58089678	89.41013230	87.92425472	88.69137558	90.05490117	91.32546141	92.32417888	93.05722009	93.63504911	94.17795462	94.67528629	95.00366495	95.17855518	95.22892734	95.26731996	95.21796521	95.11386313	95.00459693	94.92343301	94.89004933	94.84192560	94.81024027	94.83109974	94.94950661	95.15089866	95.42700850	95.72950369	96.08651540	96.51014742	96.97141443	97.45433070	97.95657727
	33.09616651	38.77548187	44.96838115	52.83104718	63.69719459	83.30473130	107.58740602	110.98591338	110.71764729	110.28363460	110.23246927	110.53950452	111.17499895	112.10696469	112.59542153	111.02887803	105.13312121	95.87216092	89.78919309	88.37618649	89.16523926	90.52231400	91.77641515	92.75828639	93.46774483	94.03497710	94.60577363	95.11894711	95.46389764	95.65668214	95.72081897	95.76804218	95.73424159	95.63787321	95.54068938	95.46223744	95.42730609	95.37620669	95.33441608	95.35444533	95.48368061	95.68778401	95.96265869	96.25784061	96.61510555	97.03144569	97.48008050	97.94706539	98.43309808
	32.45388346	38.43584893	45.01546035	53.36898790	65.18683388	85.98632915	108.14227108	110.59076968	110.45527307	110.25405319	110.43972949	110.90724885	111.62999731	112.61954732	113.05009359	111.32005090	105.24182468	96.10966717	90.27352179	88.98552793	89.79287533	91.14120600	92.36214951	93.31846197	94.00777173	94.57363184	95.17001588	95.71668548	96.08945597	96.31731797	96.41459950	96.47816230	96.46184415	96.37376603	96.28698633	96.20932519	96.17120141	96.11564463	96.07029321	96.09172253	96.21736839	96.42799120	96.70349876	97.00510121	97.36600093	97.78588536	98.22490234	98.67641367	99.14529895
	32.01282616	38.28456382	45.20311442	54.01134903	66.73709364	88.43266295	108.17610202	109.96308408	110.03231974	110.07529529	110.50577056	111.15291817	111.97776069	113.00548905	113.32936902	111.42986627	105.24427767	96.33567039	90.74195690	89.55057589	90.36808842	91.70157393	92.89528446	93.83029110	94.50243359	95.08340349	95.70568648	96.27306728	96.67687580	96.92667810	97.05852744	97.13359368	97.13363590	97.06049661	96.97645449	96.89928439	96.86022628	96.80238849	96.75042060	96.77142440	96.88771021	97.11110444	97.38781130	97.69612587	98.05816350	98.48061435	98.91033700	99.34646809	99.79770046
	31.22865588	37.69336842	44.88355363	54.10398077	67.62985622	89.81113237	107.63598368	109.40971872	109.66919490	109.93439002	110.59259900	111.41461803	112.34739980	113.42529326	113.63990309	111.50423601	105.05418000	96.33745399	91.07364004	90.01877297	90.85219290	92.14447682	93.30835947	94.22001308	94.87406397	95.47464773	96.12540843	96.71293234	97.15072964	97.42640884	97.58916926	97.68653824	97.69627882	97.63890356	97.56002167	97.48475908	97.44341831	97.37822766	97.30691254	97.33135990	97.45630837	97.68688382	97.96959653	98.29179123	98.66567667	99.09999837	99.53224846	99.96311382	100.40496924
	30.97503676	37.67825131	45.18452338	54.94936207	69.50495483	92.20219819	107.26731867	108.79614665	109.16916076	109.67016356	110.56834498	111.57706599	112.61165786	113.69895908	113.79883490	111.52641080	105.04095864	96.52584676	91.47501977	90.51558192	91.38198321	92.65927077	93.82593057	94.71604675	95.33722826	95.93690825	96.62439090	97.22777638	97.68198876	97.97674396	98.15734755	98.26085121	98.28367437	98.24104148	98.17070955	98.09928871	98.06233015	97.99973318	97.93182392	97.94618180	98.06454708	98.30069008	98.59986031	98.91948341	99.29476578	99.72151180	100.14419451	100.55500814	100.97434641
	30.57149347	37.44129063	45.22300131	55.55866086	71.08764847	93.87295993	106.73392700	108.20943210	108.70966061	109.45523192	110.58731255	111.77563828	112.91050677	113.99881332	113.97163210	111.51587754	104.95471915	96.68525915	91.90786689	91.04963953	91.92398793	93.18942125	94.34811374	95.20972970	95.79122154	96.37533151	97.09757694	97.72749101	98.18857434	98.51018067	98.70714213	98.82724221	98.86141784	98.82900145	98.76572117	98.69346152	98.65987194	98.59568893	98.52576392	98.54282394	98.66418296	98.88927050	99.19670103	99.51947947	99.91276351	100.33088530	100.74933950	101.14352047	101.54212298
	30.24840837	37.27292026	45.38751146	56.35345804	72.94374863	95.49868453	106.18372178	107.61431331	108.25255314	109.25452693	110.59836315	111.94055769	113.15918527	114.24137286	114.09125502	111.49737762	104.94075384	96.89240685	92.33953262	91.56493296	92.44656849	93.71668509	94.84368550	95.68618679	96.24086928	96.80988514	97.53380539	98.19507722	98.65793072	98.99622062	99.20906583	99.34158536	99.38676053	99.36478655	99.31227855	99.24996553	99.22290830	99.14952003	99.07345308	99.10062148	99.23004680	99.45026781	99.75398338	100.09331238	100.49060147	100.90016798	101.30870124	101.68647296	102.06366704
	28.92170815	36.19361089	44.77373879	56.47969591	74.11190427	96.15668952	105.20010003	106.75121859	107.60737070	108.91582480	110.53322471	112.09594594	113.45603397	114.56561326	114.30231380	111.50575015	104.86881217	97.12933718	92.89158921	92.19996599	93.07412119	94.28563085	95.36329372	96.16880539	96.69950705	97.28137656	98.00361340	98.68498606	99.17286152	99.52306259	99.77698640	99.92179611	99.97779996	99.96405162	99.92029517	99.87467671	99.85306933	99.77118465	99.69280249	99.70122257	99.83773120	100.08492326	100.38610416	100.73635517	101.13881124	101.56736446	101.97664735	102.35518382	102.72268158
	27.60328887	35.11788720	44.24323445	56.88583492	75.72474228	96.96291957	104.23984493	105.78435910	106.93722254	108.59341309	110.47349317	112.23075171	113.72183990	114.83235018	114.40458768	111.42046770	104.85075192	97.47914813	93.53833224	92.91954527	93.76062012	94.92658800	95.97714618	96.72954034	97.21498866	97.80616360	98.55802407	99.22626116	99.73841205	100.10740330	100.38020431	100.53492115	100.60279803	100.59779701	100.56440493	100.52447214	100.50848096	100.42969488	100.36809321	100.37401181	100.50634893	100.75461000	101.07299955	101.42161497	101.84416061	102.28269867	102.68532634	103.06134658	103.41571420
	26.13894101	33.89260777	43.61991761	57.32886934	77.35768412	97.47234491	103.29721939	104.81869306	106.29490526	108.30159845	110.43276042	112.37836061	114.00199753	115.09361224	114.45203858	111.24106409	104.74376025	97.76497192	94.15863595	93.63000606	94.44513520	95.59013916	96.60310792	97.31130626	97.73399078	98.31758191	99.12042878	99.77692690	100.29455140	100.70296105	100.98694851	101.15593278	101.23486674	101.23904615	101.21547143	101.18527335	101.17486231	101.08765283	101.03453394	101.06446986	101.19600366	101.42006166	101.74888440	102.11148039	102.56048806	102.99654844	103.40107722	103.77230407	104.11405327
	25.46365756	33.38363990	43.81025269	58.78212676	79.88839101	98.38569867	102.53568861	104.12450386	105.94930019	108.21636942	110.47790591	112.51384207	114.20711866	115.28294940	114.52523163	111.26089939	104.93410406	98.18998222	94.75147119	94.26283302	95.09546057	96.20092029	97.17156075	97.85570916	98.21936351	98.79792853	99.60321821	100.28233928	100.79768005	101.20454511	101.51976983	101.70786922	101.79903741	101.81632727	101.80515529	101.78709496	101.78777100	101.70175270	101.62367098	101.66121338	101.80941340	102.03006907	102.33340818	102.72059293	103.14965461	103.57882676	103.98219852	104.33333357	104.65950830
	23.98043785	32.08113936	43.23810543	59.62379350	81.52436804	98.18174613	101.19958384	103.06151614	105.32403599	107.87972342	110.34246819	112.56088836	114.40508029	115.49912552	114.59759242	111.22181840	105.02824390	98.64758437	95.46397374	95.02384116	95.80290027	96.83814592	97.74789454	98.39470693	98.71140341	99.29342909	100.07734287	100.77042316	101.31029079	101.71950391	102.07183440	102.27816868	102.38349370	102.41122688	102.41271932	102.40414677	102.41287160	102.34608046	102.26012711	102.28166015	102.43379022	102.67276281	102.97163031	103.36756073	103.79631995	104.25195963	104.65981379	105.00944614	105.34028624
	22.54467336	30.94042466	43.43085930	61.97622936	84.29433544	98.13893019	99.95664083	102.17554381	104.90693963	107.74268328	110.32113403	112.64149887	114.59566212	115.68731199	114.64508819	111.26810042	105.33827279	99.34689003	96.37922432	95.96416040	96.66258215	97.66429136	98.50860678	99.10013699	99.38823347	99.96754003	100.74703204	101.42419343	101.98990607	102.42720059	102.78007471	103.00504602	103.12575612	103.17159421	103.18721212	103.19055533	103.20747347	103.15346015	103.08603534	103.10588293	103.23207064	103.46020059	103.78379151	104.15272107	104.60101185	105.06014943	105.44725432	105.79186906	106.11125449
	21.01863576	29.62152943	43.37563591	63.98551080	86.35148851	97.81217266	98.95167241	101.53897698	104.58295306	107.61124335	110.29187336	112.70063768	114.74733931	115.82046565	114.62835982	111.22522534	105.47316882	99.80409496	97.03918946	96.64297729	97.35336196	98.31949362	99.11121295	99.65660679	99.92470767	100.49704042	101.28053995	101.94498087	102.50188833	102.96741647	103.33689670	103.58320641	103.71615410	103.77999436	103.80830670	103.82325752	103.84931185	103.77352690	103.71189775	103.75605689	103.88678573	104.08725222	104.40626461	104.79946237	105.25649063	105.69862742	106.08525882	106.43190734	106.74184514
	19.31209562	28.12317193	43.44758456	66.43707040	88.05052864	97.19982314	97.87732106	100.94702765	104.21058517	107.38177050	110.18833455	112.71576401	114.88264046	115.96057733	114.65728248	111.22769891	105.58883895	100.22261698	97.64029460	97.30043351	97.99224455	98.91016838	99.66351314	100.16155186	100.41568130	100.96429852	101.76339819	102.41846665	102.97685116	103.44567399	103.84421652	104.10978332	104.25318106	104.33027990	104.36991346	104.39483724	104.42830576	104.35172181	104.28660078	104.32212711	104.47395827	104.67449088	104.97440754	105.39187284	105.83813083	106.29349433	106.68950834	107.03734995	107.34348995
	18.00375275	27.45202524	45.46023797	70.85010406	90.21943744	96.68461686	97.19774620	100.77390993	104.13244154	107.34546121	110.21774976	112.81039544	115.06248280	116.13359129	114.76092300	111.37992769	105.94789210	100.89505675	98.45640227	98.14850728	98.79533263	99.66445139	100.37558318	100.83000797	101.06333644	101.59376966	102.37691616	103.04585512	103.59996880	104.07006878	104.49118044	104.77613237	104.92940560	105.02165807	105.06558589	105.09693186	105.13982398	105.09522222	105.02396479	105.03678720	105.18944423	105.40553082	105.68516103	106.10101237	106.53425927	106.99484093	107.38480622	107.71988296	108.01596003
	16.25485848	26.53102458	47.60533708	74.65454459	91.39492601	96.15316142	96.87504981	100.65458449	103.96964813	107.21173015	110.19456868	112.89764254	115.25863597	116.31779961	114.84529148	111.46591746	106.20795783	101.50274901	99.22937347	98.96381333	99.58939854	100.42186705	101.10619550	101.53853832	101.75783626	102.28324575	103.01342872	103.70011697	104.26040452	104.74729321	105.17093804	105.46773810	105.62567292	105.72775835	105.78135672	105.81947227	105.86810995	105.85303561	105.80403219	105.82252872	105.93584692	106.17734185	106.46510707	106.85044721	107.31215351	107.76852832	108.15309475	108.48878637	108.79179304
	15.03244867	26.13386740	49.92509840	77.69552040	92.15102869	95.96211518	96.95016524	100.63967373	103.87103276	107.11883043	110.18089023	112.97101190	115.42515102	116.51558268	115.05206577	111.74184034	106.64092140	102.14445694	99.94095436	99.65640543	100.26577558	101.05919550	101.72072026	102.13311716	102.34143278	102.86572787	103.57182078	104.23317356	104.82164217	105.31774498	105.74979633	106.05131468	106.22375445	106.33437979	106.39933103	106.44735526	106.50104489	106.46315270	106.44521049	106.47365722	106.57564256	106.78863043	107.10313575	107.45950101	107.94564158	108.38818433	108.76972648	109.11431188	109.41994726
	14.25826465	26.38771310	52.33280837	79.72312230	92.58239994	96.08468720	97.30443596	100.77446453	103.91143600	107.14790693	110.25027127	113.08881962	115.59170620	116.70151588	115.24291364	111.96230740	106.94566357	102.57275813	100.40856429	100.11771272	100.71662121	101.49067071	102.14369605	102.54871837	102.75502640	103.27831495	103.97028164	104.61851075	105.20562725	105.71285081	106.15218876	106.45662831	106.64005995	106.75705549	106.82192990	106.88146011	106.94038148	106.89591360	106.87697341	106.91744753	107.01186221	107.21698034	107.53520635	107.88123892	108.36980950	108.80193020	109.18756100	109.53218821	109.83963429
	13.53636372	27.68220561	57.10638950	83.11927753	93.47005792	96.51393741	98.06339061	101.17105506	104.14713879	107.32700094	110.44985512	113.33028727	115.88192872	117.02486316	115.61770150	112.40319709	107.51086377	103.27415835	101.13346112	100.82967772	101.40793644	102.16067160	102.80424951	103.20406891	103.41112318	103.93350949	104.60955410	105.24504242	105.82551504	106.34296243	106.79065085	107.10231349	107.29753210	107.42364036	107.49719862	107.56491544	107.63340881	107.60073173	107.57418143	107.61200055	107.70003687	107.90176513	108.20390475	108.54004732	109.01398668	109.43836411	109.81938489	110.15567464	110.45928256
	12.12992700	26.62372150	56.87535787	82.80003051	92.99231202	96.01523214	97.68213196	100.77044632	103.74326724	107.00925333	110.26952750	113.26051842	115.87712881	117.02722544	115.55362183	112.27584847	107.38368499	103.26953049	101.21404754	100.94865402	101.52834984	102.27098931	102.90677632	103.30066993	103.50719025	104.02295029	104.69165700	105.31774938	105.89214792	106.41029680	106.86817936	107.17954350	107.37948150	107.50396568	107.57823689	107.64458984	107.71118175	107.67655054	107.64863974	107.69238322	107.78761854	107.99008720	108.29301578	108.64497377	109.12325383	109.56147728	109.95609432	110.30694055	110.62534783
	11.57250403	26.89794812	58.70254318	84.07449778	93.27607460	96.14397740	97.91339204	100.83677185	103.75166305	107.00514368	110.29644499	113.32701009	115.97726366	117.14971098	115.69441949	112.43032442	107.58423502	103.53921818	101.51196277	101.24166381	101.81457754	102.54937738	103.18044857	103.57156663	103.77848576	104.29259825	104.95398327	105.57678575	106.14505590	106.66485771	107.12565096	107.43888121	107.64540305	107.77393397	107.85461544	107.92328490	107.99457205	107.96784229	107.93648758	107.97852761	108.07347354	108.28117081	108.57397835	108.92503861	109.39968901	109.84029863	110.23633625	110.58655505	110.90768606
	11.53696120	31.04875910	66.65355732	87.91722990	94.43725484	96.58823150	98.79042588	101.37125227	104.07372698	107.24653205	110.55491517	113.62772827	116.32200169	117.52872086	116.16784595	112.99228298	108.25479453	104.30027188	102.29762790	102.00266735	102.55558688	103.27500931	103.89918476	104.29184329	104.50748419	105.02197173	105.66753937	106.28888498	106.85663615	107.36687991	107.84060545	108.16254865	108.37886365	108.51958240	108.61583681	108.68815269	108.76396996	108.75312275	108.71951765	108.73777450	108.83786714	109.03323829	109.28861344	109.64770686	110.08604980	110.52899330	110.90977459	111.24924862	111.56566812
	10.44780940	32.76068333	70.06582099	89.08228249	94.62672877	96.48365461	98.87938200	101.36715280	103.97738830	107.12850139	110.50575012	113.67794842	116.43276742	117.66645397	116.32828643	113.17737779	108.52722196	104.69401089	102.75880532	102.46397030	103.00435127	103.70717994	104.31946244	104.71148262	104.92985455	105.44067159	106.07518027	106.69630021	107.26432752	107.77001961	108.24865238	108.57926543	108.79629641	108.94367705	109.04639496	109.11995789	109.19579280	109.19598862	109.15935394	109.16868363	109.27594375	109.46263993	109.70155267	110.07236842	110.49838217	110.94632866	111.33047227	111.67357435	111.99633942
	9.25624842	33.87359338	71.99142633	89.41905979	94.44264355	96.13851838	98.55250852	101.09329521	103.66714049	106.83543108	110.30483394	113.60103760	116.43259417	117.69884934	116.35914861	113.21356151	108.62811892	104.91340186	103.05653572	102.77051883	103.30073207	103.98549517	104.58322785	104.97179406	105.18911477	105.69170721	106.31961220	106.93944893	107.50923443	108.01184237	108.49177186	108.82686645	109.04592241	109.19638789	109.30078878	109.37569791	109.45140755	109.45872856	109.42297037	109.42983154	109.54068364	109.72574587	109.95744024	110.33815307	110.76350161	111.22051297	111.61251132	111.96595089	112.29993097
	9.55855225	38.10362081	75.50475442	90.30845022	94.60732041	95.90435491	98.42183303	101.08692647	103.56754502	106.69816650	110.21375988	113.61947569	116.52148506	117.79504631	116.46649455	113.36207349	108.88222261	105.28771655	103.51254605	103.23307325	103.75675675	104.43217951	105.02631851	105.41229166	105.63431918	106.13522701	106.75448989	107.38127345	107.94896839	108.45904590	108.94891888	109.29240864	109.51642086	109.66818520	109.77461483	109.85105584	109.92804425	109.93639432	109.89934317	109.90247121	110.01259035	110.18592596	110.40722460	110.78265002	111.20249166	111.65113455	112.04382178	112.39933716	112.73293380
	9.56218120	41.73257093	78.19075880	90.86969338	94.64590945	95.73968708	98.15820376	100.96783914	103.41993699	106.51810338	110.07184409	113.57529409	116.55568039	117.83111957	116.48501816	113.40094321	109.01154457	105.53158672	103.84588809	103.58536888	104.10564136	104.77173357	105.35982774	105.74354411	105.96674782	106.46025383	107.07341234	107.70375114	108.26913242	108.78229424	109.27489114	109.62617732	109.85510924	110.00866269	110.11485662	110.19320261	110.27496062	110.28285555	110.24561589	110.24635046	110.35706109	110.52354879	110.73967282	111.11035349	111.52857608	111.97322065	112.36847824	112.72609179	113.06240351
	12.32671184	50.43172963	82.98259421	92.35741754	95.39170093	96.08939847	98.30314976	101.40710895	103.70342635	106.68114126	110.19926975	113.76329026	116.81921609	118.07535697	116.73656807	113.67485146	109.39736544	106.03870874	104.44387647	104.20905895	104.73979340	105.41862146	106.01749791	106.39684203	106.63752998	107.14101626	107.74661744	108.37872789	108.95339668	109.48557228	109.98386612	110.34732068	110.58706661	110.74831851	110.85955229	110.94270470	111.02892697	111.03276896	110.99131432	110.99682617	111.09311152	111.24230597	111.45527288	111.79961946	112.21139848	112.63497871	113.02343176	113.37496668	113.70594822
	11.01891769	51.72983976	83.39281722	91.96197694	95.00235553	95.78466771	97.64497807	101.01637363	103.36931224	106.31959205	109.89507811	113.56723664	116.73348159	117.97609719	116.56663072	113.48027634	109.31325017	106.13137344	104.67724505	104.48769980	105.02286861	105.69779213	106.28816229	106.65839786	106.89786403	107.39271569	107.98891423	108.61848238	109.19167004	109.72734317	110.22417771	110.59321827	110.83920576	111.00200476	111.11233678	111.19674270	111.28585922	111.29188165	111.25491791	111.26539788	111.36400786	111.51766657	111.73691067	112.08426749	112.50803961	112.93987621	113.34351764	113.70947386	114.05759158
	5.98990137	50.12817397	82.02521715	90.91480909	94.27365299	95.37515850	96.97176057	100.46330241	102.91301535	105.88115537	109.52770481	113.28868585	116.56480793	117.81002724	116.32943243	113.21437388	109.13543442	106.09892495	104.76057376	104.60743695	105.14297107	105.80574688	106.38730375	106.75113860	106.98745012	107.46947269	108.06183136	108.68626387	109.25824076	109.79015736	110.28596556	110.65804556	110.90909372	111.07247045	111.18205332	111.26696515	111.35588877	111.36706825	111.33577886	111.35069466	111.45766328	111.61976134	111.84758072	112.20671970	112.64608027	113.09396403	113.51635369	113.90068960	114.26961350
	19.51748143	54.39443456	83.70708887	91.41253377	94.55300508	95.57172809	96.88388833	100.55862810	102.99462642	105.86656321	109.48615661	113.26091738	116.61298111	117.86104846	116.39842828	113.30810548	109.31203528	106.35508308	105.06659613	104.92790178	105.46839168	106.13584760	106.72193511	107.07637235	107.32746466	107.81496986	108.40247918	109.03069458	109.60802504	110.14595740	110.64761336	111.02536930	111.28260603	111.45094595	111.56414228	111.65248515	111.74073472	111.75396848	111.72219999	111.74116687	111.84302182	112.00195813	112.22798339	112.58102230	113.01910455	113.46497101	113.88804870	114.27588650	114.64847445
	36.83672858	55.51322384	83.49621032	91.09417445	94.30146845	95.39876200	96.37454068	100.00487526	102.69981776	105.56032819	109.20086026	113.01841444	116.46826919	117.72813922	116.24900805	113.18741316	109.29274835	106.45197862	105.24126586	105.12187986	105.66122616	106.32078241	106.89481331	107.24011064	107.49445232	107.97433567	108.56078482	109.18990570	109.76789610	110.30414557	110.80783043	111.19054577	111.45016171	111.61976726	111.73347384	111.82324184	111.91138652	111.92669635	111.89665641	111.91836153	112.02161201	112.18490327	112.41201383	112.76939283	113.21419231	113.66920865	114.10119111	114.50194295	114.88479700
	1.74213207	61.41487980	85.16377300	91.05813313	94.13629062	95.36683336	95.78176052	99.05615820	102.27119352	105.09038623	108.71694994	112.58472739	116.23342086	117.52486457	116.01510299	113.07177427	109.44134110	106.86199568	105.81969727	105.73019931	106.25458063	106.88318707	107.44657774	107.77303044	108.02837081	108.49587984	109.07137510	109.69376840	110.27485991	110.81251775	111.32363078	111.72437337	111.98657663	112.15978715	112.27776932	112.37246040	112.46542865	112.47975244	112.44937415	112.47651250	112.58008678	112.74079827	112.97430428	113.32851050	113.78596952	114.24810790	114.69666045	115.11527778	115.51496154
	63.87665420	61.20490184	84.58383430	90.48533330	93.69795295	95.05442883	95.26848098	98.11669452	101.80266885	104.68849520	108.33397534	112.23958474	115.95871715	117.25626969	115.71327406	112.82731414	109.32029963	106.87929649	105.92725430	105.85998113	106.38080477	106.99949891	107.54129192	107.85861533	108.10697722	108.56024939	109.13043828	109.74907939	110.32855996	110.86087961	111.37126247	111.77544993	112.03635507	112.20892633	112.32623003	112.42118828	112.51541382	112.53243562	112.50512572	112.53779016	112.64718598	112.81537116	113.05609002	113.41995777	113.88891700	114.36588410	114.82890988	115.26363352	115.67772219
	71.56958774	66.14960606	85.42945306	90.51870066	93.67702970	95.07948621	94.99708786	97.12011467	101.54958582	104.48294227	108.04653552	111.94159562	115.75418811	117.07175335	115.46129489	112.65858332	109.35805055	107.10788897	106.28366743	106.25743302	106.78009402	107.40177938	107.93832664	108.24114730	108.49590617	108.94832500	109.52072216	110.13009484	110.71447144	111.25046509	111.76529544	112.17584489	112.44430699	112.62165834	112.74342753	112.84131649	112.93993032	112.95968547	112.93247408	112.96842019	113.07742276	113.24626338	113.48737749	113.85157689	114.32189197	114.80342025	115.27642511	115.71908375	116.14372018
	55.00895880	69.63095705	86.01618013	90.49939294	93.64357758	95.10830893	94.86063146	96.28748836	101.07466993	104.26681448	107.75731546	111.63258815	115.50211490	116.85281041	115.22599068	112.54853236	109.44240131	107.36221962	106.64325408	106.64775356	107.16770177	107.78170980	108.31525970	108.60365946	108.86165301	109.31317364	109.88307862	110.48948772	111.07317879	111.61592329	112.13660519	112.55271086	112.82961204	113.01183204	113.13850994	113.24105511	113.34311222	113.36401790	113.33862137	113.37685306	113.48688388	113.65570244	113.89768057	114.26276362	114.73570155	115.22298446	115.70600739	116.15873402	116.59530198
	16.73320867	73.87288058	86.94418794	90.72456216	93.80228778	95.30743085	94.90773928	95.61241578	100.69818910	104.14888332	107.52335947	111.35477621	115.26923913	116.65552540	115.01539005	112.47395347	109.57820501	107.68143869	107.07544413	107.11697781	107.63767923	108.25024159	108.78648244	109.06582170	109.32430253	109.78207713	110.35417174	110.95305696	111.53631287	112.08872456	112.61783094	113.04160879	113.32904035	113.51732898	113.65005406	113.75818466	113.86298063	113.88448038	113.86089477	113.90058658	114.01019624	114.17811138	114.41824530	114.78208158	115.25400272	115.74547460	116.23577771	116.69700856	117.14535960
	16.06359495	73.20827560	86.48142533	90.40521775	93.59288040	95.16448989	94.81217861	95.42542800	100.40330608	104.02362761	107.42025926	111.25904015	115.16631652	116.53909918	114.88418467	112.37453798	109.50879566	107.64388477	107.05691101	107.10281583	107.61656566	108.22388274	108.75634974	109.03009645	109.28499065	109.73845606	110.30878676	110.90151394	111.48212488	112.03254558	112.56047959	112.98360858	113.26984725	113.45733361	113.58958840	113.69797941	113.80308977	113.82644848	113.80288404	113.84522958	113.95860765	114.12954178	114.37299854	114.74127374	115.21802682	115.71491383	116.20910905	116.67490265	117.12823099
	81.46941762	75.12492499	86.40043604	90.12133010	93.35151646	95.07061842	94.67876760	94.28027291	98.58599993	103.60661407	107.02522190	110.81045973	114.70392502	116.01724995	114.29042897	112.02919033	109.48774530	107.92091625	107.50257393	107.60591113	108.12172547	108.72552337	109.23803610	109.51404403	109.74172423	110.19036503	110.76420964	111.34687889	111.92265163	112.47217771	113.00069698	113.43455653	113.72565500	113.91860167	114.05663486	114.17151270	114.28080627	114.31054539	114.28953563	114.33680168	114.45619576	114.63427093	114.88238697	115.25772731	115.74433996	116.25531206	116.76337635	117.24807776	117.72339450
	114.80574942	76.79408056	86.82899482	90.36535257	93.51520533	95.22595486	94.77771398	93.90015758	97.66995921	103.49857053	106.95582450	110.69816755	114.57658583	115.83771153	114.05493293	111.92009693	109.55177921	108.14101901	107.80645373	107.94153237	108.46606505	109.07428019	109.57105170	109.87183176	110.07040896	110.51940237	111.09978686	111.69211993	112.26858267	112.81457756	113.34339343	113.78380724	114.07921800	114.27702674	114.41992407	114.53857828	114.65110458	114.68294577	114.66412258	114.71051047	114.82749494	115.00785839	115.25534716	115.62986766	116.11871611	116.62727772	117.14015234	117.63079331	118.11241607
	50.76553494	77.50602306	86.22606469	89.76574840	93.00107082	94.84804341	94.57431321	93.42344274	96.03619167	102.86762238	106.67132600	110.41000653	114.21120896	115.32765476	113.47826041	111.55642014	109.42115734	108.26985690	108.07914398	108.26548187	108.78416599	109.37911799	109.86768462	110.15292738	110.34405127	110.78388479	111.34544866	111.93328755	112.50028257	113.04207109	113.56695664	114.01158476	114.31372696	114.51595003	114.66431088	114.78942630	114.90836815	114.94520969	114.93195960	114.98940802	115.11661309	115.31208129	115.56983715	115.95663333	116.46014663	116.98434438	117.51345002	118.02305262	118.51876733
	81.93677790	79.98741503	87.12311721	90.35045416	93.32389002	95.06201193	94.93171584	93.59944208	94.39777385	101.64493690	106.48911624	110.32309424	113.89848400	114.80785066	113.01577948	111.42265037	109.60630092	108.74262231	108.68007307	108.92208021	109.44730391	110.04039605	110.49576216	110.80082448	110.95796297	111.38322100	111.95114763	112.53588601	113.10157915	113.63867131	114.16159020	114.61485904	114.92670740	115.13635270	115.28912416	115.42151758	115.54876415	115.59018995	115.59010152	115.64704609	115.77592822	115.98115336	116.24153854	116.62815567	117.13694167	117.66151624	118.20357358	118.72362836	119.23392679
	43.85709258	80.31439115	86.82268667	89.94831837	92.91148149	94.75755360	94.82831694	93.57641430	93.42763150	99.81664920	106.04528699	110.12061141	113.48349621	114.21955179	112.46293398	111.10887152	109.52204595	108.87858189	108.91674441	109.19148529	109.70290181	110.28819825	110.71707521	111.01604699	111.15014689	111.55803266	112.11374385	112.68725784	113.24697204	113.77530381	114.29271328	114.74726076	115.06274976	115.27418567	115.43106368	115.57101477	115.70574998	115.75184982	115.76170196	115.82690835	115.96268655	116.18232387	116.44823638	116.84811693	117.36114612	117.90037711	118.45283415	118.98973056	119.51250625
	50.73286519	80.78370931	86.74489714	89.72452193	92.53752075	94.55032012	94.96130335	94.01079269	93.09349446	97.54061426	105.59984992	110.03472685	112.97326923	113.40198396	111.75034399	110.74131127	109.49993055	109.15021505	109.31925783	109.65301547	110.16525007	110.72330457	111.14604209	111.41016637	111.54388921	111.92328072	112.45355695	113.00717004	113.55071905	114.06884911	114.58266040	115.03963033	115.36300019	115.57859908	115.74592402	115.89511145	116.03733308	116.09880702	116.12209364	116.19664417	116.34798366	116.58144068	116.86027772	117.27351648	117.79313646	118.34998162	118.91857106	119.47702296	120.01831897
	50.80201201	82.83056020	87.70254981	90.36482202	92.94404621	94.87726347	95.41239951	94.60186678	93.25178799	96.26390726	105.60050546	110.14089389	112.75344581	112.96021357	111.37648993	110.60741156	109.60838505	109.43824640	109.68364045	110.05767514	110.58389332	111.13210158	111.55595048	111.80612639	111.94694656	112.31008166	112.83155837	113.37689442	113.91495384	114.42615929	114.93639418	115.39565024	115.72790000	115.95052249	116.12511804	116.28179292	116.43228403	116.49862223	116.53195041	116.60778330	116.76732933	117.00405531	117.28677136	117.69863411	118.21559295	118.77639760	119.34844831	119.91594924	120.46338069
	48.04427663	83.23790193	87.59690141	90.15392804	92.70469607	94.78994546	95.61588652	95.18171339	93.77781935	95.39561326	105.20928132	109.82258645	112.12694015	112.16146362	110.87831515	110.42088213	109.67640769	109.70787193	110.02341074	110.41907280	110.94744840	111.45445417	111.86190523	112.07519813	112.21247492	112.54808400	113.04454858	113.56306480	114.08258232	114.57821821	115.07916869	115.53667892	115.87248552	116.10005856	116.28087826	116.44483718	116.60351053	116.67912647	116.72552433	116.81380052	116.98846576	117.23798116	117.53655213	117.96022115	118.49541280	119.06908814	119.66140212	120.24694738	120.81232612
	137.08418677	86.10359715	89.29330398	91.45252623	93.72976593	95.59216849	96.55557353	96.34189942	94.78740185	94.75983024	105.00272362	109.92270365	111.86661028	111.62406680	110.56157524	110.38541753	109.93177707	110.16986055	110.55901005	111.01087829	111.57708101	112.06236690	112.48201738	112.66762590	112.80784925	113.12725118	113.60854995	114.10706454	114.61394878	115.10330337	115.60161656	116.06564759	116.41392865	116.65330713	116.84623533	117.01959678	117.18773090	117.27496044	117.32839167	117.42368096	117.59978193	117.84779300	118.14980442	118.56768083	119.10575513	119.67682158	120.27487318	120.86554094	121.43555628
	109.45705997	89.50551706	90.98983293	92.71362781	94.84056447	96.49072308	97.50965354	97.53113828	96.01336976	94.79954767	104.06768896	110.15968270	111.66555576	111.13532727	110.22348340	110.28847636	110.10307989	110.52050637	111.00822340	111.50519901	112.10651046	112.59219186	113.02415376	113.21418786	113.32082280	113.64498122	114.12690204	114.62244342	115.12288234	115.60356575	116.09557511	116.56388351	116.92328270	117.17637801	117.38158726	117.56375645	117.74002428	117.83763270	117.89839701	118.00408304	118.18423229	118.43185197	118.74331999	119.15804547	119.70252029	120.26802745	120.86709782	121.45767097	122.02697524
	156.37733804	88.44497568	90.19752629	92.08589421	94.33658676	96.20521611	97.40048958	97.63429527	96.18265176	94.46586401	103.72841518	109.75967328	111.14865089	110.62241410	109.90292992	110.08754567	110.02423970	110.54997893	111.08443165	111.61112626	112.20084102	112.69116686	113.11359537	113.28125215	113.37614679	113.69171961	114.15920500	114.63924470	115.12853127	115.60019648	116.08511168	116.55135014	116.91058980	117.16692400	117.37635960	117.56181417	117.74296573	117.84544044	117.91540955	118.03091748	118.22081050	118.47350977	118.79900912	119.22110348	119.77919241	120.35449466	120.96405334	121.56314363	122.14172590
	138.16812355	90.49293442	91.23802253	93.00644800	95.13258694	97.01359625	98.24070917	98.69139176	97.30163303	94.93701680	103.28337430	109.46570011	110.63959479	110.10913272	109.69244886	110.06394824	110.20405721	110.83078080	111.41709954	111.95785669	112.54442489	113.02656428	113.42174717	113.58985777	113.66168854	113.96183512	114.41329161	114.87645516	115.35679469	115.81630633	116.29086226	116.75403085	117.11460852	117.37433272	117.58838435	117.77511278	117.96313981	118.07575491	118.15400069	118.28102420	118.47959486	118.73937194	119.06991988	119.50012353	120.05966610	120.64330892	121.25423313	121.86133078	122.44691903
	139.25996660	91.71855485	91.77846148	93.52780073	95.56563996	97.54935992	98.87640121	99.58490139	98.23596703	95.14562726	102.54390830	108.70961272	109.77589725	109.36587209	109.31343662	109.89299568	110.26864590	111.03973532	111.69217863	112.26835746	112.85855785	113.33558384	113.69877093	113.87476374	113.92446824	114.20929009	114.64079766	115.08572906	115.54623469	115.98824573	116.44911420	116.90801398	117.27102806	117.53643384	117.75724118	117.95278122	118.14935241	118.27305473	118.35926471	118.50155252	118.70406544	118.97613087	119.31352175	119.75450028	120.31755014	120.91326524	121.52812916	122.14581403	122.74237965
	137.74408468	97.22405477	94.77505327	95.94183231	97.55247443	99.15891946	100.38842797	101.21926261	99.86031874	95.92830658	101.50311453	108.57916505	109.48685118	108.92388521	109.02301647	109.80864856	110.44550388	111.36239984	112.10376228	112.75548896	113.37572974	113.87511955	114.22970629	114.43776075	114.48649145	114.75854782	115.18872520	115.63091650	116.07895330	116.51741489	116.97247622	117.43308937	117.80638626	118.08109900	118.31084169	118.51833401	118.72166651	118.85306367	118.94113189	119.09076806	119.29101396	119.56330936	119.89387226	120.33084534	120.87570902	121.46394593	122.06921009	122.67938316	123.27157871
	152.35288195	98.76627056	95.46533157	96.50932673	98.03544629	99.66006072	100.94722079	101.89712793	100.61858321	96.36917762	101.04923659	108.03170983	108.96943545	108.49404511	108.80624738	109.71117602	110.48839911	111.48163056	112.27167735	112.96543131	113.58278168	114.09505552	114.44087166	114.63677832	114.69844915	114.96123429	115.38078762	115.81361433	116.25425119	116.68796358	117.13701170	117.59541745	117.97014615	118.24843043	118.48223483	118.69466242	118.90221685	119.03816964	119.13171823	119.28782365	119.49007329	119.76359026	120.09874214	120.53627076	121.08384989	121.67289528	122.28042654	122.89434752	123.49083199
	171.88206310	102.84408453	97.52331876	98.12862084	99.46162625	100.95827423	102.19602171	103.25219582	101.96151827	97.05173428	100.46001298	107.30195379	108.25184070	107.92003354	108.54588263	109.63793869	110.64215966	111.74845220	112.60908461	113.35407998	113.99403000	114.50734716	114.84389109	115.02887320	115.09180285	115.33867392	115.74207476	116.15955111	116.58523143	117.01076216	117.45176248	117.90866606	118.28716264	118.57311007	118.81312352	119.03268135	119.24784545	119.38768568	119.49074187	119.65341100	119.86100404	120.13479051	120.47508958	120.91476945	121.46185611	122.05427280	122.66345685	123.27976045	123.88292306
	171.40117653	107.30013677	100.08319683	100.16522948	101.21942365	102.40060181	103.51162238	104.57603829	103.37023338	98.06538628	99.88314025	107.12807617	108.02426045	107.64447293	108.40027926	109.67392155	110.84397449	112.02548161	112.94318317	113.73210820	114.39151156	114.92151668	115.25797381	115.43316812	115.51358184	115.75240651	116.15195391	116.56430807	116.98496931	117.40948507	117.84828259	118.30581503	118.69005520	118.98229438	119.22634170	119.44990332	119.66799238	119.80769504	119.91729731	120.07940969	120.28735136	120.55554747	120.89575927	121.32717762	121.86736844	122.45643115	123.05985623	123.67181139	124.27383924
	173.61560523	111.75578790	102.96008377	102.49176223	103.30255079	104.07148303	104.85567495	105.88374330	104.81005920	99.30764985	99.30772524	107.07130746	107.95188281	107.45942639	108.28508795	109.74336199	111.07454048	112.33735732	113.31047303	114.14524422	114.82502621	115.36798596	115.72601236	115.89984224	115.98232516	116.22174543	116.62273240	117.03343785	117.45031270	117.87478374	118.31510441	118.77831464	119.16979384	119.46852461	119.71683909	119.94543831	120.16586161	120.30699788	120.42286306	120.58229045	120.78791897	121.04652776	121.38080236	121.80343726	122.33330198	122.91235189	123.50516208	124.10935086	124.70503931
	173.03000752	115.16510184	105.11500393	104.23453709	105.12010004	105.77428869	106.39176492	107.40329895	106.13135995	99.73270596	98.61365818	106.32630553	107.20096354	106.95525690	108.08287885	109.74612728	111.26201499	112.62192013	113.66289535	114.54006996	115.21848302	115.75536144	116.13024055	116.28570589	116.35376187	116.58990083	116.97848973	117.37670248	117.78035806	118.19679991	118.62976456	119.09457862	119.48828301	119.79237171	120.04647836	120.27662942	120.50355005	120.65078302	120.77534777	120.93663481	121.14357099	121.40302393	121.73977653	122.16237099	122.69204898	123.27348802	123.86129860	124.46762043	125.06731268
	176.45278965	119.06748399	107.54867697	106.13833831	107.03171506	107.48610856	107.80250909	108.69541313	107.10378273	99.85298243	98.44206949	105.69710367	106.61378376	106.61851351	107.99470209	109.78421815	111.42309137	112.84912878	113.92654509	114.82656646	115.51867176	116.03491876	116.40188807	116.57183826	116.61322389	116.84291972	117.21922628	117.60599075	117.99570590	118.40087769	118.82720419	119.28812932	119.68278239	119.99004973	120.25228503	120.48111695	120.71205941	120.86978594	120.99705247	121.16230068	121.36765284	121.63179458	121.97255352	122.39473147	122.92595235	123.50604806	124.09317413	124.70109263	125.30509716
	180.29192888	125.88867059	112.33995009	109.97954105	110.79213292	110.77936921	110.44443444	110.93728014	108.65136813	100.02742381	98.11772199	104.75059052	105.93271065	106.24592180	107.92416892	109.94182000	111.74472474	113.29333975	114.43616581	115.36663531	116.10785823	116.63008675	116.98665999	117.16936744	117.21424096	117.43102933	117.79419960	118.17023030	118.54574289	118.93909293	119.35478617	119.80223103	120.20168978	120.51362254	120.78481459	121.02131907	121.25702037	121.42330283	121.55546687	121.72329523	121.93118360	122.19522207	122.53972419	122.96058970	123.48387851	124.05662567	124.63672279	125.24127319	125.84590107
	181.55728304	128.94242402	114.76759495	112.10647783	112.98989493	112.81930389	112.22692485	112.20689493	109.06196640	99.21123249	97.58392955	103.80484128	105.27374540	105.96485017	107.91483187	110.06607055	111.95073310	113.55935965	114.73757582	115.68650768	116.45665450	116.97099481	117.32453820	117.51536322	117.55474453	117.75832788	118.10886435	118.47426074	118.84033669	119.23258799	119.64226609	120.08461248	120.48551079	120.80020169	121.07160258	121.31362968	121.55584663	121.72153043	121.86224509	122.03402186	122.24696539	122.51783685	122.86695161	123.29661466	123.81998864	124.39264079	124.97247314	125.57897004	126.18789862
	182.59052108	133.31440928	118.85806742	115.78725272	116.57246249	116.01418409	114.79697093	113.83037203	109.38111876	98.04627081	97.28259777	102.84266416	104.70708223	105.95088107	108.24545113	110.51101582	112.40260989	114.06063986	115.24264774	116.19534472	116.97014146	117.48772541	117.82289905	118.01231364	118.04939962	118.23719919	118.57057525	118.92061707	119.27870561	119.65350551	120.05601720	120.49454882	120.89669065	121.21626066	121.48563661	121.73160586	121.98524470	122.15177514	122.29924589	122.47963304	122.69351188	122.97196478	123.33052958	123.76580336	124.29605027	124.86642906	125.44928128	126.05880094	126.67449496
	179.03462700	142.51112561	127.87367564	123.65289810	123.64063446	121.83050365	119.01064706	115.96399746	109.66229871	96.35430576	96.17721862	101.56154096	103.97892223	105.92253343	108.65172811	111.13241809	113.09178693	114.84253522	116.07958953	117.10622223	117.89075193	118.43268323	118.75046365	118.91871831	118.95142594	119.12967693	119.43897350	119.77659905	120.11227617	120.47029234	120.86284221	121.29274385	121.70932449	122.03702799	122.31345894	122.56636965	122.82099360	122.99784665	123.16062005	123.35248084	123.57472188	123.84867889	124.22184180	124.66124233	125.18785079	125.75215980	126.33465313	126.94382046	127.56442899
	179.98053448	148.79609661	134.24587244	129.17154822	128.50091866	125.53251452	121.51839590	117.03626873	109.95912974	95.89465104	95.73579037	101.14217257	103.80621894	105.97657231	108.89947974	111.51506917	113.52767061	115.33540994	116.62267892	117.66651803	118.46441924	119.02024987	119.32070145	119.48159243	119.51367222	119.68227257	119.97901911	120.31624776	120.64311690	120.99477221	121.38273628	121.80733055	122.21848643	122.55256039	122.82838080	123.08552752	123.33436759	123.51987168	123.69027830	123.88499364	124.10987063	124.38200323	124.75925338	125.20047380	125.71810233	126.27751422	126.85554538	127.46051736	128.08017777
	183.76598551	156.45919188	141.44164488	135.36905376	133.65450558	129.31026448	124.03069856	117.64412525	109.30575191	94.31295107	95.71465098	100.56502017	103.59436082	106.21285944	109.36855688	111.97520191	113.95664526	115.77088641	117.04369295	118.09324923	118.89257782	119.44082794	119.73314348	119.87587617	119.89638866	120.05270128	120.33087736	120.65047382	120.96397877	121.30659687	121.68859632	122.11144307	122.51695572	122.85090576	123.12568875	123.38037786	123.63214159	123.82797661	124.01013930	124.20684362	124.42376200	124.70519084	125.08913994	125.53136646	126.04903098	126.61118233	127.19446413	127.80413996	128.43258459
	186.08801834	164.30698642	150.43262399	143.72068748	140.73850118	134.31830893	126.98393491	118.37460448	108.97853585	93.18035105	95.17231342	100.01420179	103.31959872	106.27474875	109.70730073	112.48034878	114.58255875	116.49392607	117.83053611	118.92796169	119.78168068	120.32178510	120.61787925	120.77564667	120.80758358	120.94933488	121.21447833	121.51436868	121.82433307	122.16184093	122.54149335	122.96252119	123.37553803	123.70690675	123.98881352	124.24121208	124.48875202	124.68853730	124.89140085	125.08684094	125.29922702	125.59014408	125.97415794	126.41312229	126.92249699	127.47681830	128.05431861	128.65870600	129.28561657
	188.22649659	172.04090322	160.03427048	152.98333979	148.58401888	139.88450683	129.98833864	119.29101636	108.63986563	91.75735553	95.09472089	99.65459980	103.28513550	106.67750079	110.51514695	113.36481209	115.55155842	117.49981850	118.85991286	119.96383839	120.81715972	121.33971908	121.61298835	121.77694528	121.81208364	121.93303926	122.17971763	122.46446882	122.76045044	123.08962758	123.46114138	123.88880922	124.30396606	124.63792946	124.92818514	125.17710832	125.42379700	125.63215026	125.84733265	126.05507065	126.27478250	126.56759591	126.95997308	127.40971964	127.91739956	128.47156320	129.04691199	129.64996033	130.27737079
	191.04524396	176.10542934	164.60976973	157.38205381	152.00381446	142.14341264	131.18949780	119.35046274	107.57341295	90.24959416	95.35771375	99.30279799	103.24546591	107.00977487	110.97893609	113.70289015	115.85491267	117.76767988	119.11603557	120.19882333	121.06489524	121.58344986	121.83528112	121.98570134	122.03581709	122.14841544	122.38289133	122.65983436	122.94790902	123.27766295	123.64429068	124.07030327	124.48173833	124.82158544	125.11371174	125.36483670	125.60871435	125.82146850	126.03922366	126.24965410	126.47330391	126.76557740	127.16016519	127.61570076	128.12479339	128.68289988	129.26408929	129.87362641	130.50922367
	194.42223073	182.70095603	172.66823381	165.13887027	158.40554895	146.40864568	133.70330494	120.33101751	107.63793774	89.57367621	95.27365242	99.40786980	103.50942756	107.46254922	111.74840444	114.63917672	116.91294548	118.88208023	120.28880565	121.36012827	122.25070967	122.77796037	123.05066281	123.20318253	123.26859629	123.39302544	123.62703937	123.91348007	124.20652163	124.53797368	124.90865751	125.33895484	125.75370162	126.09120413	126.38461756	126.63366325	126.87703262	127.09296403	127.31331561	127.52245566	127.74584828	128.03657838	128.42822469	128.87991795	129.37798146	129.92136974	130.49197052	131.08983818	131.71684378
	196.24705388	185.26919655	175.80316121	168.32844670	160.79272148	147.80049641	134.59516073	120.27232870	106.46266472	88.35226570	95.18897117	99.13796521	103.47876591	107.71168139	112.07301774	114.88998411	117.14480073	119.10249565	120.49324963	121.57356544	122.48034621	123.01206185	123.28274180	123.45045041	123.52422189	123.64938330	123.88082782	124.16809730	124.46280736	124.79569015	125.17371699	125.60798371	126.02401350	126.35669035	126.64466229	126.89826503	127.13865455	127.35721733	127.57717027	127.78479153	128.00549913	128.29501290	128.68622429	129.13500375	129.63127232	130.17286588	130.74522828	131.34651710	131.97967046
	197.26574798	186.68514019	177.59362987	170.20911009	162.17552152	148.58600578	135.13290983	120.18189651	105.57903974	87.60284059	95.09485414	98.95357245	103.45676776	107.87646601	112.26351645	115.01660156	117.25145869	119.19764731	120.57456061	121.66473099	122.58187935	123.11963151	123.39127916	123.57179658	123.65123271	123.77751548	124.00917569	124.29674808	124.59398848	124.92891596	125.31245878	125.75069588	126.16604741	126.49645271	126.77886239	127.03633999	127.27484763	127.49539133	127.71406771	127.92063653	128.13874425	128.42707688	128.81782400	129.26409200	129.75867454	130.29919598	130.87269329	131.47666918	132.11455198
	197.72206359	187.04380529	177.94716437	170.58610077	162.38479759	148.69692394	135.17224322	120.05259878	105.11550019	87.35877342	95.02217373	98.83567822	103.43571449	107.95161538	112.30819596	114.98816885	117.18794707	119.10686176	120.46468931	121.54579519	122.45321125	122.99029707	123.26137554	123.43140311	123.50348641	123.62728292	123.86005145	124.14703331	124.44099919	124.77358558	125.14937461	125.58793386	126.00249543	126.33850391	126.62174506	126.87620959	127.11383064	127.33750596	127.55490128	127.76076409	127.98030644	128.26920372	128.66260690	129.11075808	129.60811850	130.15288448	130.73053667	131.33830126	131.98047631
	198.46053125	188.16136402	179.36540315	172.04272603	163.50154576	149.36804903	135.68272784	120.09631564	104.65066095	87.11677260	94.98181606	98.80768882	103.50517655	108.12142796	112.48436092	115.13621029	117.33049785	119.24081352	120.59693785	121.68864182	122.59536234	123.13913092	123.41863336	123.60116649	123.67232465	123.79991282	124.03660769	124.32636697	124.62396442	124.96130862	125.33793227	125.77909245	126.19087025	126.53052780	126.81164581	127.06763480	127.30392401	127.52860148	127.74619243	127.94930007	128.16752819	128.45500323	128.84777606	129.29501658	129.78871022	130.33162515	130.90805932	131.51578933	132.15953747
	199.31036093	189.77591666	181.54696816	174.30168146	165.30217418	150.46606520	136.56092578	120.26989684	104.17525118	86.81123002	94.96716554	98.83673547	103.62106929	108.33529767	112.74277187	115.41220301	117.63123902	119.55623146	120.92846600	122.04917680	122.97107537	123.52780449	123.82183849	124.03802267	124.11941949	124.25565963	124.49780900	124.79149891	125.09958843	125.44701836	125.83424243	126.28129420	126.68983235	127.02996884	127.30399831	127.56703931	127.80120012	128.02587302	128.24435898	128.44338457	128.65759901	128.94175874	129.33099288	129.77395609	130.25845598	130.79378697	131.36425287	131.96859486	132.61158223
	200.29754748	191.18934777	183.23143472	175.95038280	166.50922912	151.20114338	137.17194134	120.34493452	103.66334606	86.48277985	94.99839644	98.87069195	103.75550994	108.58477578	113.02785289	115.67333009	117.89136339	119.80938102	121.18636200	122.31940498	123.24867078	123.82013769	124.13292082	124.36431452	124.45466140	124.60207672	124.85009630	125.15180115	125.46704267	125.81749743	126.21106213	126.66305066	127.07202525	127.41895388	127.69064840	127.95267470	128.18219113	128.40845796	128.62789246	128.82145977	129.03226609	129.31459556	129.70277470	130.14419547	130.62359443	131.15538295	131.72365064	132.32819631	132.97286233
	201.73324672	193.09448727	185.41011186	178.03351051	168.01064154	152.08920012	137.89729163	120.41068227	102.97774932	86.11247863	95.02702593	98.92013910	103.94636837	108.93474431	113.40893398	116.00813396	118.21352992	120.11195608	121.48610086	122.62870693	123.56196308	124.15191823	124.48671202	124.73147886	124.83079794	124.99289816	125.24819145	125.56154873	125.88441171	126.23897709	126.63944575	127.09430660	127.50457345	127.86000401	128.13297897	128.39124920	128.61587182	128.84251253	129.06339229	129.24999241	129.45674088	129.73724099	130.12451962	130.56539241	131.03959514	131.56828674	132.13495781	132.74085018	133.38848503
	202.48994243	194.29001729	186.82971993	179.37381724	168.98589180	152.63496623	138.37006442	120.51605450	102.68458423	85.95095672	95.06403695	98.99480323	104.05063491	109.08681170	113.60385784	116.21614201	118.43788386	120.34549453	121.73092831	122.87730320	123.82821772	124.43674909	124.77928160	125.02990145	125.14693890	125.31768720	125.57726507	125.89731989	126.22741886	126.58275621	126.99125591	127.44771424	127.85913769	128.21761781	128.49054387	128.74805587	128.96939288	129.19707995	129.41797787	129.60057694	129.80331631	130.08138498	130.46641103	130.90360736	131.37305723	131.89627391	132.45912119	133.06260382	133.71009167
	202.70412235	194.69173396	187.31737615	179.82662844	169.30521883	152.79837674	138.52144909	120.55909443	102.59225571	85.89466448	95.07200445	99.01868299	104.06839120	109.11026067	113.65014695	116.27712504	118.51082579	120.42740653	121.82090339	122.96571147	123.92684745	124.54397690	124.88760506	125.13783451	125.26459815	125.43767154	125.69805513	126.02062258	126.35338117	126.70696378	127.11968705	127.57670741	127.98895752	128.34840172	128.62086561	128.87840274	129.09873944	129.32710701	129.54769209	129.72889476	129.92995773	130.20707872	130.59095645	131.02598483	131.49375696	132.01433317	132.57544569	133.17764191	133.82493052
	202.91219226	194.99445000	187.65376710	180.12722903	169.49815918	152.91790840	138.63678584	120.57494008	102.46014155	85.87121124	95.07683753	99.03296911	104.10499024	109.17251633	113.71481259	116.33623799	118.56921278	120.48303074	121.87920250	123.02241517	123.98179415	124.60510588	124.95490067	125.20711252	125.33374101	125.51211472	125.77419883	126.09873134	126.43262721	126.78568043	127.19976183	127.65963179	128.07284478	128.43411543	128.70588136	128.96302755	129.18083954	129.41049784	129.63142745	129.81116084	130.01098692	130.28717283	130.67113317	131.10556794	131.57236159	132.09218383	132.65302073	133.25591329	133.90386509
	204.55454442	196.93016737	189.93057328	182.46462630	171.12338076	153.79655547	139.16003445	120.26024838	100.79399057	85.39586305	94.72964407	98.81857958	104.15715073	109.50617510	113.93737304	116.40456713	118.57041114	120.44119094	121.79225491	122.92795379	123.90960555	124.53881135	124.88768086	125.13917072	125.28246931	125.46778028	125.73229116	126.05575931	126.39888681	126.75591875	127.17060062	127.64036607	128.05736350	128.41508723	128.68961723	128.94561415	129.16382676	129.39363340	129.61075792	129.78748785	129.98127414	130.25333616	130.63824849	131.07157722	131.53650889	132.05800802	132.62381667	133.23419226	133.89194995
	206.76921640	199.60595430	192.98407208	185.47483560	173.15564997	155.01227058	139.96726282	120.00309777	98.90503649	85.17524366	94.40175803	98.70357589	104.36597201	110.00971504	114.29175234	116.58245749	118.67235328	120.48988809	121.78615306	122.91552402	123.91628351	124.56086093	124.91230951	125.16747332	125.33382388	125.53042086	125.80368216	126.12485080	126.48233273	126.85263917	127.26389524	127.75010652	128.17450743	128.52870678	128.80596171	129.05893501	129.27668447	129.50637329	129.71765520	129.89116251	130.07582555	130.34004646	130.72547437	131.15597004	131.61630736	132.13913693	132.70956104	133.32771124	133.99552948
	208.17936412	201.37577305	194.92696034	187.28503653	174.32409591	155.81140931	140.57977292	119.98795373	98.00597541	85.32997468	94.32034414	98.78110981	104.61406314	110.37798605	114.57766876	116.78724213	118.84415706	120.63406589	121.90413321	123.03612410	124.04173875	124.70127845	125.06133786	125.32611507	125.50780410	125.71395772	125.99762368	126.31855254	126.68882106	127.07200103	127.47891542	127.97844937	128.40976977	128.76298611	129.04103036	129.29078454	129.50642922	129.73589154	129.94335255	130.11468221	130.29244113	130.54982771	130.93417038	131.36168692	131.81656301	132.33865520	132.90964224	133.53047303	134.20174234
	208.74728357	202.03072554	195.71783545	188.11700219	174.96879289	156.20689051	140.80874074	119.92537389	97.51135149	85.38701752	94.21008777	98.75578269	104.71199515	110.54424440	114.66377176	116.80439871	118.82464355	120.58369725	121.82632068	122.95964711	123.95215023	124.59128224	124.95347854	125.22212275	125.39467319	125.59238799	125.87389437	126.19569145	126.56979266	126.94934624	127.35306557	127.85315569	128.28775847	128.63784126	128.91926315	129.17039753	129.38375326	129.61332810	129.82235999	129.99098421	130.16889799	130.42947537	130.81377240	131.24511383	131.69988430	132.22505607	132.79907394	133.42351707	134.09863574
	210.95355330	204.70143744	198.69460511	190.93161429	176.93845596	157.74709355	141.96305823	119.91406941	95.92211032	85.60290679	93.87844606	98.77492897	105.04695051	111.06938340	115.03743515	117.06504937	119.03005237	120.74301234	121.95807338	123.09178942	124.10362368	124.74948530	125.14152748	125.42071002	125.62613045	125.82532572	126.11261973	126.45898231	126.83126921	127.23052191	127.64762770	128.15909930	128.60619332	128.95490089	129.22744366	129.47520706	129.69888902	129.92119604	130.12555425	130.28555741	130.45513721	130.70923726	131.08610524	131.51503938	131.96078482	132.48455317	133.06001238	133.68922746	134.37169700
	211.08524185	204.86095025	198.93668232	191.21234696	177.18277307	157.89958891	142.04483586	119.89460596	95.73800857	85.63073553	93.80643740	98.74255224	105.05744876	111.10066914	115.03624731	117.03986423	118.99191686	120.69458264	121.90163898	123.02903719	124.03905675	124.68033741	125.07126290	125.34659571	125.55253030	125.74797224	126.03137192	126.38122362	126.74867716	127.14966109	127.56547336	128.07773146	128.52649556	128.87435222	129.14528016	129.39359084	129.61998572	129.84172830	130.04640890	130.20570151	130.37564402	130.63092153	131.00763780	131.43779718	131.88435404	132.40970699	132.98656230	133.61714747	134.30124212
	213.18385095	207.20997431	201.42331712	193.53233573	178.89143744	159.25558901	142.93276471	119.70752360	94.21121209	85.81542506	93.40014188	98.62881401	105.30088639	111.53805725	115.29167442	117.18257566	119.06699039	120.71493345	121.88406893	123.01168141	124.01536115	124.65197115	125.05607871	125.33522911	125.54468952	125.73898446	126.03466360	126.38909510	126.75768420	127.16455835	127.60027712	128.10970866	128.55832547	128.90407476	129.17915814	129.42818143	129.65976200	129.87659836	130.07613673	130.22905815	130.39534506	130.64510218	131.02208419	131.45112428	131.89658441	132.42274950	133.00549604	133.64315327	134.33687428
	215.80508907	210.09474660	204.28673675	196.05964285	180.67644461	160.75985100	144.00069652	119.56702588	92.64122280	86.15257108	93.11978467	98.64602220	105.66139520	112.09737377	115.68738355	117.47924838	119.30492520	120.90791630	122.04878584	123.19077224	124.20074204	124.83944357	125.27801881	125.57577380	125.79271772	125.99405401	126.31336400	126.67786583	127.05412602	127.47015366	127.93351275	128.43899571	128.88529737	129.23292344	129.51054869	129.75712612	129.99016672	130.20167672	130.39284002	130.53694616	130.69557177	130.93568557	131.31103427	131.73681442	132.17595582	132.69792159	133.28316581	133.92545271	134.62771020
	217.28869449	211.51248877	205.58104181	197.15409735	181.50210130	161.50191489	144.54280979	119.52905496	92.04298795	86.47500609	93.12533052	98.76430709	105.91280574	112.40981022	115.92251043	117.67577002	119.47864944	121.05988071	122.19524286	123.34905705	124.36575373	125.00893475	125.46883014	125.78296308	125.99857723	126.21010692	126.54712380	126.91389017	127.29899384	127.72104401	128.19609105	128.69748469	129.13994883	129.49114791	129.76942952	130.01428974	130.24199426	130.45193681	130.63665936	130.77622364	130.93033076	131.16477485	131.53878040	131.96265741	132.39815061	132.91592082	133.50020847	134.14323672	134.84864217
	218.95809766	212.91774424	207.23095640	198.90698447	183.09053052	162.72645171	145.24597072	119.32771522	90.95650679	86.71154690	92.80143032	98.67507740	106.16155263	112.73702240	116.01908532	117.65668543	119.39231660	120.88520355	121.98962563	123.12153782	124.11584789	124.76173313	125.19410258	125.49900035	125.70525773	125.92579706	126.26582351	126.61046424	127.00741218	127.43376766	127.90441968	128.40451068	128.84620562	129.19483264	129.48165841	129.73133593	129.95458641	130.16256622	130.34202461	130.48188845	130.63738556	130.86965101	131.24424698	131.66808624	132.11139439	132.63509383	133.22626805	133.87832282	134.59275036
	219.97612063	214.60505890	208.74789751	200.10733677	183.87830432	163.60680879	145.93279590	119.16438359	90.14078762	86.82680969	92.77310032	98.82791680	106.53011451	113.14897583	116.32141454	117.92208912	119.63582111	121.09075189	122.18900977	123.31944717	124.31783360	124.97844334	125.42181818	125.74490283	125.96075891	126.19363820	126.53770579	126.89154141	127.29710485	127.72052615	128.21723711	128.72087704	129.15619029	129.50903893	129.79192348	130.03923477	130.26073742	130.46448235	130.64096987	130.77568143	130.92975101	131.15595052	131.52543035	131.94930419	132.38855390	132.90801719	133.49944282	134.15388290	134.87219888
	221.23503161	215.70662192	209.88627376	201.22471475	184.91787022	164.50564744	146.51531152	119.07577779	89.53909970	87.15504377	92.74421797	98.93947565	106.81774902	113.44753454	116.46489574	117.99803206	119.67297198	121.07591032	122.15418192	123.27798104	124.27281187	124.93092207	125.36489260	125.69367169	125.91146031	126.14347898	126.48657095	126.84257173	127.24438764	127.67463472	128.17241853	128.67461025	129.10905395	129.46005919	129.74337609	129.99408398	130.21038040	130.41292138	130.58625168	130.71804358	130.87241056	131.09974584	131.46730561	131.89401740	132.33493092	132.85662022	133.44977007	134.10809835	134.83168588
	222.51479168	216.67365442	210.99538933	202.44086581	186.17287871	165.55465082	147.14929962	118.95364816	88.80409695	87.24366403	92.58508759	98.93207610	107.04021323	113.69017877	116.52599301	117.97603853	119.60289030	120.95259178	122.02071076	123.13034193	124.11607258	124.77626868	125.20514484	125.53634446	125.73632444	125.98774212	126.31507657	126.68303292	127.08403484	127.51503525	128.02049693	128.52589104	128.96036033	129.31324538	129.59619744	129.84014151	130.05843463	130.25988775	130.43025856	130.56134909	130.71482475	130.94387858	131.31198323	131.73865532	132.18507055	132.70937445	133.30606253	133.96947670	134.69983518
	225.18207483	219.00940289	213.11482293	204.37605872	188.10459970	167.44799075	148.44556049	118.67225757	87.65039922	87.20092635	92.57757174	99.22949548	107.73269154	114.33684971	116.89590098	118.24423253	119.80695996	121.07392491	122.11696706	123.24018652	124.23805734	124.92744388	125.34827703	125.70244074	125.94102575	126.21023890	126.52929012	126.93062992	127.33344453	127.78332913	128.29869840	128.81476303	129.25419175	129.59872171	129.87146330	130.10682805	130.32580578	130.51890583	130.67634794	130.79599788	130.93911792	131.16383307	131.52689250	131.94338747	132.38342490	132.91286655	133.50847642	134.17571121	134.91367631
	226.97478912	220.39740642	214.39750858	205.58278877	189.25817505	168.49998078	149.07778894	118.37957251	86.97548351	87.07115754	92.53361034	99.37719062	108.12058663	114.65129588	117.02360709	118.30409564	119.82445137	121.03668797	122.05239237	123.17098498	124.15979697	124.85385701	125.25779477	125.61471223	125.87846559	126.13784125	126.45605444	126.86740024	127.26742810	127.72806098	128.24327919	128.76544447	129.20740413	129.54489793	129.81700121	130.05166554	130.27356153	130.46316151	130.61441700	130.72807432	130.86839753	131.09272967	131.45577054	131.86836320	132.30747553	132.84371025	133.44142893	134.11200953	134.85502319
	230.86606273	221.36100348	215.34513691	206.73309072	190.49923265	169.45273184	149.42631277	117.94093671	86.45968470	86.89976310	92.43072693	99.46651122	108.40729358	114.74914572	116.86564052	118.04531660	119.50014185	120.66618638	121.62903927	122.70096103	123.63975723	124.29643639	124.68338868	125.01257748	125.26485201	125.48687034	125.81712867	126.21856408	126.60721229	127.06847773	127.57834825	128.10125377	128.54387817	128.87975496	129.16297262	129.40574878	129.63349088	129.82311014	129.97006021	130.08406078	130.23239438	130.46449617	130.83455011	131.25243995	131.70428465	132.24994273	132.86132540	133.53621734	134.28681305
	236.90336250	223.20881534	216.88651944	208.35695057	192.28496340	170.99539410	150.13360100	117.36676765	85.65760139	86.59771943	92.34243841	99.67185246	108.90882042	115.00645166	116.80409061	117.86029928	119.22991235	120.34737049	121.24373379	122.28333787	123.17340905	123.80856433	124.19498912	124.50895013	124.75640391	124.95634586	125.30732988	125.71133572	126.09727971	126.56657059	127.07382586	127.60178271	128.04894570	128.38322546	128.67589064	128.92343685	129.15453735	129.33571395	129.47105384	129.57847003	129.72916418	129.96330243	130.33419736	130.75027163	131.20936793	131.76084431	132.38627945	133.06386160	133.82220669
	247.14982024	226.06937995	218.50324924	209.71627810	193.70824455	172.35805877	150.85885624	117.04192473	85.18883250	86.46974796	92.40854125	99.97151126	109.37488085	115.26646868	116.85946788	117.83807025	119.13795061	120.21613375	121.08346876	122.10074292	122.97645136	123.62254717	123.99991680	124.30847844	124.55809305	124.77986446	125.13292933	125.53710360	125.94008206	126.41425795	126.93620092	127.47269791	127.91903194	128.24877698	128.54307562	128.78905993	129.02132089	129.19847374	129.32341203	129.42554165	129.57606544	129.80254782	130.17156746	130.58803877	131.04842570	131.60036519	132.23118770	132.91403081	133.67542517
	245.31583170	226.54029787	219.36113559	210.43164014	194.56689018	173.42183797	151.53172543	116.74067550	84.61669200	86.36865269	92.54578046	100.36675897	110.01009265	115.76029418	117.20399084	118.14381402	119.40519907	120.46814722	121.33459672	122.32541103	123.22503919	123.90612914	124.30283066	124.65954974	124.89629579	125.15847792	125.51699017	125.94746988	126.36906622	126.84130045	127.38380484	127.93149585	128.37636640	128.70574291	128.99038032	129.22857739	129.45150536	129.62294010	129.72496298	129.81790598	129.95723208	130.17682145	130.53724229	130.94638938	131.39841712	131.94213880	132.57720100	133.25972691	134.02384061
	263.29637450	230.51237982	220.63307472	211.33869270	195.65441164	174.31464213	151.88773697	116.48327160	84.45551875	86.42713820	92.66087796	100.62314011	110.29336270	115.81440587	117.08066579	117.94078474	119.13040786	120.15100243	120.99519746	121.96184832	122.85204349	123.52578058	123.89063429	124.23947261	124.46369151	124.75031714	125.08519405	125.51506557	125.94473195	126.42451282	126.96999081	127.51694728	127.95632842	128.28794882	128.56952775	128.81301733	129.03948531	129.21983840	129.32080325	129.41638782	129.55216898	129.77335076	130.13834813	130.55620317	131.01462958	131.56172913	132.20067507	132.89201443	133.65853059
	282.54096567	236.96300267	223.89301589	213.91598691	198.37713320	176.88986332	153.20295549	116.10493636	84.16114730	86.66006085	93.08926054	101.59864135	111.36482987	116.23522546	117.09588764	117.78453675	118.82247228	119.73548695	120.48359256	121.45001113	122.22271417	122.88620763	123.21974943	123.53190231	123.79494866	124.06566942	124.38519596	124.83094640	125.26544324	125.78122874	126.33171494	126.87324489	127.30575564	127.62939812	127.92182469	128.17128331	128.40751283	128.59719693	128.67737966	128.76349058	128.90507405	129.12590156	129.50203050	129.93239305	130.40334398	130.96319415	131.60838133	132.32072220	133.09958593
	289.35657052	241.40618876	226.52419723	215.91571454	200.82458728	179.64483384	155.24641519	116.53436515	84.04397967	87.05717188	93.73622159	102.85839220	112.69448815	116.97836872	117.55048024	118.10323231	119.00990417	119.84085850	120.53982044	121.48485078	122.22342187	122.86903834	123.22803830	123.53580494	123.81747275	124.10959225	124.42998414	124.87328057	125.33943992	125.88417558	126.43113328	126.95803274	127.39461645	127.71275311	128.00092522	128.26166458	128.49257659	128.68023529	128.74774821	128.80560356	128.94233684	129.15778835	129.54649792	129.97158108	130.44751613	131.01496403	131.65915869	132.38651448	133.18530435
	296.03135102	245.78416300	228.83106708	217.80990117	203.06020645	182.01607098	157.19899461	117.25440670	84.27005091	87.50616110	94.32613888	103.84983486	113.50517314	117.27321556	117.63328040	118.07748604	118.86607161	119.65431470	120.30748755	121.14563075	121.90009240	122.51354370	122.84488563	123.12569225	123.38563843	123.67940113	124.03448850	124.45124558	124.95546277	125.49303445	126.02407885	126.55394886	126.96248189	127.29229788	127.59755548	127.85444626	128.08129880	128.29476092	128.37067610	128.41727437	128.56468356	128.78975221	129.18474081	129.61871813	130.10375820	130.68253656	131.33019837	132.06569808	132.88193196
	301.33082203	252.93613934	232.17176342	220.43448352	206.10878051	185.33820444	160.41234772	118.71650898	84.92939462	88.38171646	95.36855912	105.25288174	114.43660885	117.50022629	117.61987178	117.92315704	118.57340199	119.29281434	119.88794176	120.57937541	121.34094133	121.92891025	122.19676064	122.45735230	122.67179207	122.96351854	123.34017592	123.79473355	124.30719355	124.80122640	125.34397550	125.86532703	126.23722974	126.56163238	126.88609853	127.16428688	127.41120552	127.67282181	127.75223772	127.78920670	127.95503686	128.18483913	128.59282731	129.05310410	129.54589863	130.13983148	130.80257949	131.54642586	132.37871643
	297.79043872	255.35239995	234.45327079	222.26372777	208.22059773	187.96893530	163.39701900	120.23640891	85.52694819	89.14857534	96.28756807	106.26432398	115.03331340	117.71089178	117.71621477	117.94899518	118.52837760	119.18921353	119.72607365	120.39959631	121.16791617	121.69178107	121.95783092	122.21874299	122.40523911	122.70497971	123.07914096	123.54524636	124.04354788	124.53086717	125.06793453	125.58213136	125.95469436	126.28255009	126.59415630	126.88164242	127.15188027	127.45086369	127.53376278	127.57217105	127.74731347	127.97268785	128.39765803	128.86713921	129.37516797	129.97310082	130.64812282	131.39642086	132.23568035
	295.35876224	259.06621000	237.18855229	224.37662328	210.63211279	191.09366123	167.10520837	122.36294624	86.50602207	90.22234695	97.47871555	107.47242883	115.71666793	117.96908351	117.84993080	118.00798359	118.50857310	119.07443806	119.51251807	120.18943062	120.95597951	121.37119557	121.66801552	121.89548701	122.03684240	122.32251438	122.72175706	123.18829639	123.66324301	124.14255704	124.67600500	125.18828022	125.55378264	125.87187464	126.18911134	126.48334820	126.76984976	127.11464860	127.21352787	127.26682286	127.45423112	127.69141689	128.13810776	128.62261173	129.14488995	129.76482230	130.45666672	131.21245808	132.05856220
	290.48910706	259.90855408	239.22842772	226.72112948	213.79970349	195.56173956	172.71304679	126.43812545	88.36754830	92.04239587	99.37692573	109.19925416	116.63329147	118.36600641	118.07017040	118.14035586	118.53724958	118.93244351	119.29747115	119.94543100	120.65158458	121.00654452	121.28195860	121.53093332	121.61610601	121.84921436	122.27523062	122.75476061	123.20157843	123.67979577	124.19990427	124.69276755	125.06809002	125.39085670	125.70652329	126.02566747	126.35558110	126.71395390	126.83147597	126.91468713	127.11852491	127.37820594	127.85437369	128.37224469	128.92402128	129.56268836	130.27208388	131.03856384	131.89780873
	286.07216156	258.99590685	239.98947522	227.92898821	215.50220233	198.06226783	175.99872617	129.11210999	89.61767732	93.17179866	100.60581099	110.16802769	117.12410550	118.61783052	118.25161630	118.28748236	118.60870455	118.95500648	119.28525885	119.90887493	120.57050512	120.90994497	121.18805250	121.41934619	121.47025876	121.71749365	122.15521634	122.59631366	123.05385432	123.52211660	124.03511890	124.51928261	124.89813582	125.22769842	125.54477231	125.87145320	126.20488234	126.58715038	126.71317365	126.81241920	127.02888220	127.29846887	127.78784360	128.32447068	128.88747006	129.53271778	130.25003836	131.02451142	131.88942945
	281.53045704	258.26321202	241.10842704	229.48107639	217.52415026	200.88044996	179.58489908	132.05825271	90.90847394	94.33674524	101.91332419	111.05501426	117.49513307	118.75648346	118.32176667	118.31676983	118.55043779	118.85949288	119.15572724	119.75238902	120.36492014	120.69699792	120.97758309	121.17593734	121.20967489	121.45914519	121.89464866	122.30119699	122.77418191	123.22559834	123.73007018	124.21160083	124.59104363	124.92823059	125.25701122	125.58342267	125.91406891	126.33739617	126.47043714	126.59071789	126.82277578	127.10143758	127.60599827	128.16186513	128.74020448	129.39420298	130.11797489	130.90012678	131.77425956
	275.20924170	257.70553916	243.18287999	232.04082370	220.64420138	205.09744012	184.78721676	136.37023017	92.64187954	96.05331531	103.92754670	112.31399455	117.98546706	118.90695501	118.38255306	118.30858022	118.44102534	118.67624284	118.91768311	119.47271402	120.02166329	120.34889940	120.59996675	120.74130588	120.78838540	121.04072400	121.43262113	121.83437099	122.27970753	122.71333202	123.20487063	123.68098854	124.06197204	124.41407935	124.75859731	125.10048280	125.45474033	125.88410528	126.04524564	126.18714219	126.44610234	126.73898841	127.26365057	127.84144869	128.44096274	129.11921388	129.85363375	130.64941324	131.53269266
	272.47125318	257.50316685	244.31177540	233.58982153	222.61055444	207.81026686	188.24543924	139.54675216	93.93362505	97.36719007	105.47967358	113.22107120	118.33152085	119.00655941	118.42475110	118.28460785	118.34908753	118.53945971	118.72778758	119.24736142	119.73915845	120.04502979	120.28616138	120.37163182	120.42568173	120.68268905	121.03401750	121.43522841	121.86151105	122.28008640	122.76393309	123.23359176	123.61629820	123.98042801	124.33467024	124.69369960	125.07347998	125.51087877	125.68908968	125.85575013	126.12416690	126.43865596	126.98408958	127.58147341	128.19917688	128.89391253	129.63947576	130.45416220	131.34646793
	269.76296150	256.23640937	244.35229501	234.30845068	223.77937523	209.56000526	190.63215783	141.98425632	94.90325649	98.29865900	106.53553333	113.84284520	118.60890008	119.14969201	118.54200294	118.35794723	118.38172959	118.55031597	118.71067539	119.21158548	119.66128499	119.96444600	120.18886269	120.25503488	120.30428202	120.56317545	120.88904530	121.29747146	121.71457460	122.12623888	122.60703345	123.07402211	123.45779204	123.82918281	124.19125791	124.55913022	124.94280687	125.40091685	125.58732303	125.77368295	126.04783204	126.37696785	126.93867966	127.54761937	128.17759212	128.88461628	129.63444773	130.46031460	131.36024556
	266.93376154	254.18709199	243.39320162	234.12660910	224.13465057	210.49924363	192.23927041	144.08556136	95.65428048	98.94693502	107.27428435	114.38718593	118.98007780	119.45041326	118.82838757	118.60133177	118.60929562	118.76782532	118.91810952	119.40743283	119.82510685	120.13643033	120.33866858	120.40691829	120.45280923	120.72419960	121.02000394	121.43935614	121.86433904	122.27441125	122.75540479	123.22553017	123.61128918	123.97961510	124.34613199	124.71362426	125.08825923	125.57716874	125.75952838	125.96616734	126.24038706	126.58289360	127.15459763	127.77442877	128.41031347	129.12783189	129.87730170	130.71222938	131.61803305
	263.89637178	252.45813091	242.90651652	234.42470789	224.99038298	212.01117638	194.48005967	146.73673490	96.70000992	100.13635628	108.40340934	115.10077719	119.35675131	119.71023957	119.05828100	118.77909162	118.77282678	118.87831027	119.00189348	119.45699689	119.85212248	120.14493222	120.32247123	120.38650235	120.42695785	120.68581005	120.95835450	121.37439799	121.78790981	122.19315149	122.67298580	123.14471484	123.53542922	123.90960288	124.28740673	124.66362249	125.05267719	125.54216539	125.73730663	125.98324080	126.25101914	126.61048237	127.19932838	127.82802047	128.48091478	129.21603533	129.96534127	130.81189058	131.72073856
	261.35664271	251.47308132	243.06200679	235.23732842	226.30724461	213.97108077	197.13860378	149.75957124	97.90851134	101.71271979	109.72099085	115.88288687	119.68704457	119.90298131	119.22637076	118.90941912	118.87480817	118.91545022	119.00002403	119.41330641	119.78184294	120.03851762	120.19792417	120.23746468	120.25338035	120.51093921	120.77207989	121.17639752	121.56797237	121.96699275	122.44427750	122.91568906	123.31267450	123.69873932	124.09203461	124.48767345	124.89000495	125.37494624	125.59045300	125.88354789	126.12817044	126.53008199	127.12568060	127.77191074	128.44640156	129.18081349	129.95024275	130.80809114	131.72405044
	259.06314839	250.73518263	243.41057908	236.30165635	227.98989865	216.43502214	200.46841654	153.71310645	99.45748034	103.85347190	111.32981318	116.82338310	120.06079432	120.10439251	119.38145593	119.03057643	118.90898796	118.87400478	118.89543557	119.23375013	119.60535864	119.79445549	119.92995743	119.93931804	119.93224416	120.17269955	120.42979325	120.81386234	121.17268472	121.56393659	122.03304665	122.50066664	122.90357342	123.32172283	123.73726370	124.15201344	124.56452000	125.04136628	125.28663968	125.62772013	125.86267300	126.30524694	126.92283366	127.58840537	128.28876710	129.03286982	129.82076743	130.69359154	131.62668542
	258.07046740	250.58225245	243.74545789	236.96623598	228.99856491	217.92897691	202.54064292	156.34610580	100.45845396	105.21762341	112.23844408	117.33659118	120.28178426	120.24343426	119.49294736	119.11979404	118.94279422	118.86596872	118.84723476	119.13928365	119.51102121	119.66873248	119.78354491	119.78627998	119.76485816	119.98675018	120.25234192	120.62088299	120.96073835	121.34842902	121.81641549	122.28264295	122.69377061	123.12806644	123.55564038	123.98585106	124.43423330	124.86955929	125.14384282	125.50772917	125.75285745	126.21341122	126.85056841	127.53005064	128.24630989	129.00144822	129.79642304	130.67875635	131.62218347
	256.16645676	249.38174437	243.13594383	236.79569956	229.21429377	218.61997411	203.85440870	158.70027257	101.43100172	106.30375998	113.00140564	117.88451054	120.65970833	120.57894613	119.82340890	119.42420143	119.22143686	119.13104597	119.09425747	119.36686405	119.71520804	119.86215899	119.96174961	119.95856361	119.94013945	120.15162161	120.42291222	120.77796482	121.11763637	121.50488525	121.97356583	122.44273065	122.85656245	123.30436340	123.73577493	124.17632983	124.64463207	125.05209949	125.35349012	125.73880550	125.98891296	126.46397146	127.11414038	127.80197157	128.53600365	129.29326861	130.09124082	130.98546508	131.93194129
	255.67649290	249.72482943	244.01929698	238.08421275	230.98290068	221.01439697	206.95722068	162.41830431	102.75754884	108.44607541	114.09580778	118.37658422	120.75078843	120.56211508	119.78884374	119.36924759	119.11474108	118.94543883	118.85359256	119.06450705	119.41085107	119.48645186	119.57815344	119.54815332	119.47935587	119.65780839	119.96194795	120.28566503	120.60508931	120.98843709	121.45049499	121.91118157	122.33089242	122.80222787	123.25733347	123.72276686	124.18766002	124.62610599	124.98354606	125.36121709	125.63066999	126.13291846	126.80154242	127.52185373	128.26507070	129.04300630	129.85209174	130.76027068	131.72157530
	255.25317167	249.78763463	244.40965087	238.72196236	231.91023670	222.32960864	208.74396205	164.71456875	103.68111487	109.93633363	114.82663792	118.71372226	120.83995909	120.58319893	119.79609301	119.35257517	119.06597304	118.84313414	118.71658960	118.89603253	119.24359519	119.26845069	119.35149052	119.31745618	119.21583084	119.36621067	119.70142271	120.01140998	120.32179554	120.70326932	121.16060633	121.61774888	122.04093416	122.51847030	122.99509650	123.47148777	123.92629064	124.35819316	124.76253999	125.14612600	125.43362169	125.94603512	126.63257091	127.36342816	128.11959869	128.90974792	129.72458329	130.64310398	131.61804889
	253.80779150	248.78403697	243.74921631	238.32472097	231.81058607	222.63467984	209.64133679	167.07207299	104.95723754	111.25025505	115.72024467	119.36590409	121.35372036	121.06070529	120.26806200	119.80327405	119.48966905	119.26043002	119.13810017	119.28129067	119.61473485	119.63525819	119.71673437	119.69098915	119.61140717	119.74375245	120.06389855	120.40180722	120.71468394	121.10160924	121.56255067	122.02816629	122.45937081	122.93994790	123.42592874	123.90990274	124.33399742	124.78246026	125.24124343	125.60488514	125.90559514	126.44006037	127.14407134	127.87851404	128.64292306	129.43151438	130.25466862	131.17664493	132.15607889
	251.83577450	247.26353518	242.61308484	237.49854168	231.34674462	222.65412877	210.39012890	169.85286277	106.61577961	112.91554143	116.93360339	120.31776751	122.12748316	121.77889800	120.96968335	120.47349553	120.12386383	119.88814821	119.78016589	119.86751957	120.18413992	120.20190908	120.29328028	120.24616451	120.23212135	120.33741816	120.62293186	120.99286632	121.30335774	121.69823681	122.16009555	122.63664281	123.07767206	123.58985538	124.07862615	124.55575347	124.95473907	125.46140173	125.96706674	126.28859193	126.61029564	127.17136676	127.90042625	128.64641741	129.41481602	130.20144293	131.03761928	131.96771709	132.94460479
	250.44143653	246.29618077	241.99661000	237.19045905	231.44478696	223.32699090	211.88833814	173.36360065	108.58659480	115.10313821	118.25694377	121.22630967	122.74957215	122.32071678	121.48863876	120.94926720	120.55510650	120.29108831	120.15819810	120.19629676	120.45337305	120.49374919	120.54339837	120.51151242	120.50334217	120.60555175	120.80432778	121.19756294	121.55274496	121.94184964	122.40088131	122.87198195	123.33887773	123.84458128	124.33225289	124.81278693	125.24887317	125.82200097	126.33346915	126.64668906	127.00320035	127.59749842	128.36194040	129.12858619	129.91587515	130.70350599	131.56415336	132.50140839	133.48110243
	250.19913017	246.25399480	242.10969377	237.45655438	231.93084860	224.16486890	213.18259102	175.57019527	109.94130249	116.46050796	118.99799125	121.66792256	123.00089146	122.52839196	121.68546838	121.11882697	120.70491540	120.42222561	120.27647004	120.27689870	120.50227091	120.56359170	120.56971105	120.56500307	120.52716710	120.63583549	120.82115762	121.16608867	121.55251695	121.94622489	122.40658147	122.89212018	123.35751159	123.83656261	124.31490010	124.81426302	125.32702787	125.88472218	126.41174997	126.73592634	127.10852291	127.71538169	128.49675360	129.28041611	130.07704827	130.87138046	131.74115992	132.67657263	133.66495868
	249.57176873	245.84698873	241.88226519	237.40047374	232.09185271	224.74767706	214.28568769	177.96177365	111.52752677	117.69210689	119.84572568	122.28045308	123.49604196	122.99738680	122.14876775	121.56113120	121.14030432	120.87023270	120.67136321	120.70036129	120.88205754	120.97481922	120.96347305	120.95581771	120.91499350	121.03825611	121.24417252	121.53879101	121.92658243	122.29253677	122.76001685	123.30591337	123.74845719	124.20702197	124.72523284	125.25721356	125.80384748	126.38701385	126.88931835	127.22682012	127.62715838	128.24121502	129.05237935	129.85310014	130.65026530	131.43979662	132.31540509	133.24708349	134.23264347
	249.09423832	245.63517655	241.89096903	237.63009652	232.58943255	225.81380681	216.02848741	181.33650536	113.70520853	119.28702954	120.84992467	122.97129381	124.03782686	123.49787018	122.62987976	121.99629233	121.53010583	121.22711921	120.97695407	120.97951302	121.12910107	121.18931638	121.16578815	121.12451470	121.06306302	121.20079913	121.42524106	121.68086674	121.99229385	122.37543180	122.85908133	123.38746757	123.84301530	124.31138277	124.85502657	125.49047813	126.06972163	126.68317791	127.20289455	127.56777163	128.01941162	128.65525413	129.50316651	130.34533948	131.14789000	131.94600070	132.83958480	133.77147345	134.76228953
	248.08680415	244.88162235	241.34540395	237.27965132	232.45166749	226.23713138	217.08919262	184.29833488	115.84651775	120.72143095	122.12890902	124.05218664	125.02265012	124.44431889	123.56016473	122.87910527	122.43338761	122.11656372	121.86395798	121.88560982	122.00397947	122.06047634	122.09748479	122.08748375	122.02844560	122.14808270	122.41760093	122.68157960	122.96534938	123.34899215	123.82200973	124.32650629	124.81439601	125.31056973	125.88657409	126.56062712	127.16303476	127.76936357	128.29178581	128.69623021	129.20787392	129.84187056	130.71943390	131.58535232	132.37078502	133.16204669	134.06903941	134.98422831	135.95865608
	247.75312330	244.66842569	241.23686668	237.28033473	232.58167673	226.67728552	217.91071541	186.11481447	117.27168493	121.76758859	122.89610689	124.63520479	125.49470207	124.87750462	123.97880472	123.27667645	122.81351635	122.47874403	122.18580252	122.21268274	122.30109802	122.36338033	122.37777656	122.38110758	122.31527747	122.41631723	122.70090621	122.96086421	123.24068758	123.61351785	124.06966537	124.56621443	125.06518700	125.61098791	126.20705136	126.88878258	127.51757439	128.13575915	128.65623754	129.08809219	129.63492283	130.28016218	131.17707931	132.06823305	132.84842966	133.64528497	134.56235494	135.47239756	136.44138866
	247.81372063	244.83689288	241.50846760	237.67453392	233.13218133	227.53583384	219.18803060	188.23643768	118.93137325	123.01914527	123.59821730	125.06079499	125.74510307	125.07679101	124.16499308	123.46562657	122.96502175	122.58872062	122.23357896	122.25491756	122.29636650	122.38834044	122.32556932	122.32618781	122.25131467	122.31879064	122.59902497	122.84579473	123.12206583	123.48641817	123.92164894	124.41393525	124.91798713	125.52151532	126.14386171	126.83331712	127.51630270	128.15349471	128.66990236	129.12832837	129.71182908	130.37911801	131.29728382	132.21288313	133.00009803	133.80961677	134.74384718	135.65600494	136.63447780
	247.47534839	244.62113305	241.40607998	237.69888858	233.31442469	227.99978444	220.30233917	190.50377380	121.40053376	124.46802826	124.65292838	125.85885994	126.38946454	125.67610464	124.76748487	124.05729767	123.52555365	123.14408271	122.83967883	122.86525473	122.92757361	123.03718532	122.97563215	122.96440021	122.94733894	123.04036897	123.33185802	123.54887661	123.83291435	124.21164477	124.65144662	125.15443394	125.68524165	126.28351665	126.89861527	127.58764696	128.29500380	128.93456492	129.46281637	129.93920981	130.53694741	131.20593032	132.12775250	133.03524714	133.80274674	134.60750732	135.53109479	136.43121870	137.40409116
	247.32426136	244.60228017	241.51545885	237.95463544	233.75615261	228.71708276	221.80169212	193.43236929	123.45381172	126.08285572	125.77944318	126.74447498	127.10456394	126.33476932	125.42243086	124.71771690	124.16465956	123.70612975	123.38758051	123.38430498	123.39032528	123.46309075	123.42108693	123.37085239	123.36764587	123.45894099	123.72927374	123.94372111	124.23478654	124.61176182	125.05311542	125.57136115	126.08441225	126.67738955	127.36343364	128.11045125	128.86594011	129.52351973	130.10278822	130.64574880	131.26430843	131.99497410	132.92654458	133.85665197	134.62408318	135.44283962	136.36484940	137.25840099	138.23739787
	247.11011506	244.46886922	241.46322736	237.99267954	233.90527884	229.01189403	222.54143707	194.98133259	124.74148555	126.92918911	126.44921465	127.28664592	127.60037536	126.80731039	125.89725108	125.21585633	124.66602003	124.19569642	123.87532962	123.88575589	123.89661385	123.99942764	123.94586096	123.91634811	123.91837188	124.04825900	124.28768912	124.52614767	124.82977187	125.21213595	125.65723349	126.19094497	126.70126953	127.30561891	128.02170794	128.78658978	129.52772915	130.17492613	130.79398396	131.37556750	131.99564051	132.74735970	133.66321566	134.60404737	135.35031119	136.17251471	137.07273468	137.96154879	138.92569338
	246.99624143	244.42113426	241.48536203	238.09556427	234.11005555	229.34844592	223.22243646	196.40458197	126.04298436	127.73087493	127.06643875	127.76957604	128.02949032	127.21297498	126.30536291	125.64816054	125.09874159	124.63015217	124.31246150	124.34843869	124.36332057	124.49267999	124.44202585	124.43041254	124.43911487	124.60131615	124.81496898	125.07324691	125.38371174	125.78000076	126.23038975	126.76867556	127.28915755	127.90325634	128.64501816	129.40640597	130.12184901	130.77787061	131.43660862	132.04555504	132.65289400	133.42428534	134.33451154	135.26713216	135.99752790	136.82447888	137.69667642	138.57906388	139.53102657
	246.54934851	244.07328361	241.24542594	237.97946719	234.14784220	229.58502011	223.89505291	198.48646619	128.39332314	129.23754603	128.30038802	128.75554582	128.92450761	128.06968341	127.17997818	126.57374475	125.99580349	125.56389926	125.30465128	125.38296913	125.40777477	125.57801301	125.57218314	125.57687337	125.61350703	125.77678478	126.01173415	126.25680117	126.61015125	127.01868154	127.50128632	128.03848967	128.58473232	129.21239737	129.98751558	130.70065029	131.37812541	132.12402186	132.82107542	133.47902866	134.05210890	134.85255877	135.77981972	136.64877149	137.36597415	138.19002666	139.00972197	139.85930640	140.79127384
	246.12554431	243.73292051	241.00045162	237.84872425	234.16204268	229.78755912	224.40595687	200.39938511	130.41699816	130.47616163	129.36099106	129.62293254	129.66785322	128.78555187	127.89789688	127.31818712	126.64569128	126.17701356	125.88002785	125.91102157	125.88813575	126.00316430	125.99629906	125.98331497	126.00626758	126.14485054	126.36409103	126.54340018	126.90478114	127.28893292	127.77666758	128.33282954	128.89626423	129.55768693	130.31397313	131.15308638	131.90883674	132.72701777	133.44373260	134.18999893	134.79120112	135.63469533	136.58648490	137.45062664	138.18210615	139.00572654	139.78537798	140.64568968	141.56825649
	246.16716897	243.83796202	241.18660873	238.13806307	234.58756070	230.38678516	225.18876048	202.10028404	132.03136068	131.34566949	129.96688447	130.09440685	130.01958117	129.15029166	128.29371444	127.69614236	126.99927544	126.57709559	126.28063731	126.30451411	126.26306191	126.35199679	126.36648269	126.34096503	126.32758693	126.45288463	126.68136217	126.86202675	127.20813445	127.61649378	128.11013605	128.69083341	129.29082977	129.91900762	130.66352185	131.60295034	132.38421743	133.25840151	134.03980248	134.81554861	135.42709301	136.29281745	137.27628661	138.11407389	138.85575395	139.67143759	140.43845697	141.29202976	142.22682115
	246.18877828	243.90950009	241.32161562	238.35274501	234.90519200	230.83223379	225.74588523	203.34395736	133.56938962	131.93112303	130.48212151	130.56320153	130.39486548	129.54396743	128.71092251	128.10400395	127.39315546	126.96849421	126.68037579	126.68227660	126.62264473	126.69219037	126.72331929	126.67932921	126.64798044	126.76123507	126.97256260	127.18185162	127.45211362	127.89979511	128.36745585	128.98521393	129.61274142	130.23155244	131.00311509	131.98175780	132.82350015	133.72371400	134.56606028	135.34328278	135.95748077	136.83580313	137.84960856	138.66156374	139.42276129	140.21220385	140.97465298	141.82455516	142.78914870
	246.03904256	243.81986551	241.30989012	238.44078550	235.12177975	231.21310970	226.32357507	205.03764463	135.55975065	132.99851875	131.44703000	131.45345862	131.19431855	130.36500043	129.56303016	128.95567553	128.22651105	127.78794072	127.50553677	127.48746870	127.40123415	127.44279515	127.46389497	127.40620955	127.36050165	127.39560999	127.63157475	127.83747327	128.08640238	128.49968965	128.93873800	129.56100647	130.23644877	130.94870280	131.78842123	132.79633175	133.71203974	134.66688725	135.56933155	136.35664946	136.99849425	137.88529699	138.91176067	139.69705053	140.45002332	141.22941941	141.95839964	142.81491112	143.80061948
	245.90264942	243.73273322	241.29215410	238.51724290	235.32491759	231.58044241	226.87915043	206.70299723	138.09931438	134.17027774	132.49018646	132.39229677	132.04388913	131.24937252	130.48726292	129.87998369	129.15720162	128.75716528	128.47058311	128.42351772	128.38469364	128.40190011	128.36519273	128.40565237	128.34371751	128.38020349	128.58571763	128.78097624	129.03935973	129.41807767	129.83254205	130.45667170	131.19092754	132.00125112	132.92615092	133.98229207	134.94752547	135.91859671	136.88328850	137.68420909	138.36639445	139.22744992	140.24396139	141.02625904	141.74748443	142.49535602	143.19691986	144.05200435	145.02289131
	245.14935191	243.00812214	240.60210351	237.87112987	234.73841361	231.08581422	226.59777170	207.82300898	142.59032756	135.96125967	134.39296252	134.17758619	133.76067665	132.97643840	132.23486851	131.64879123	130.88034523	130.49428909	130.27364818	130.21125380	130.24585205	130.26748180	130.24110083	130.31774865	130.31466943	130.35561749	130.52662788	130.67397735	130.93730293	131.30362030	131.70092854	132.34239757	133.12327239	133.96475806	134.95291730	136.01987212	137.02138006	138.03826597	139.02165961	139.82798289	140.53402646	141.34315624	142.32437148	143.06017609	143.72407884	144.40065199	145.04755591	145.88933290	146.82654399
