	4.13961593	4.17844347	4.18513388	4.16133291	4.09277103	4.00770573	3.93024661	3.85239203	2.99232102	2.04375658	3.12819255	3.30227643	3.55390064	3.75465004	5.14926061	4.46413632	5.34700549	5.49764380	5.52866882	5.45967094	5.68493234	5.89666925	6.05258398	6.23028226	6.38986760	6.59714210	6.77902777	6.94018555	6.99228299	7.07279344	6.60341232	6.60986966	6.66099184	6.57240116	6.59274355	6.68394133	6.73689197	6.80927560	6.85584597	8.11288198	8.12854458	8.06499937	8.06556629	8.06297513	8.05514969	8.01733258	7.95082981	7.88218324	7.83190322
	3.28782332	3.29766837	3.27196287	3.21883159	3.13561621	3.15626317	3.07926787	2.36702194	1.24003834	1.40580330	2.60674442	2.89991639	3.06379557	3.29014397	3.54554816	4.22532167	4.47720435	4.57518163	4.67833689	4.78853478	4.94568084	5.06861780	5.13838156	5.21545674	5.31134496	5.47237835	5.56807767	5.68302375	6.04190683	5.61631010	4.81960326	4.84434343	4.73351597	4.77561772	4.82943510	4.89561292	5.00372798	5.05320650	6.19695130	6.75747503	6.78250506	6.97051833	7.00272638	7.03915173	7.07829554	7.10385151	7.11689113	7.12186806	7.12085092
	3.29603742	3.30075462	3.27570413	3.23064683	3.30141859	3.47943057	3.77125885	1.26672555	1.05177121	1.24151853	2.59166613	2.88664078	3.12872307	3.37073270	3.61018541	4.20913960	4.45568806	4.59251347	4.67890462	4.80612256	4.96377786	5.06938084	5.15746574	5.25168831	5.34786674	4.98670938	5.05959413	5.13667398	5.27660905	4.46123868	4.50581038	4.62266614	4.71471860	4.80993360	4.89603664	5.00987004	5.08732769	5.16005300	6.01430697	7.03134252	7.07089252	7.11101391	7.14545873	7.17297255	7.19323781	7.20621652	7.21339680	7.21608716	7.21515820
	3.27968098	3.27922672	3.24858699	3.19263284	3.30014627	3.72805103	4.15964297	0.29035828	0.72186581	1.55715655	2.57693434	2.75227765	2.95445613	3.17300431	3.38776107	3.86318947	4.09293709	4.22057359	4.31312637	4.43979086	4.36756454	4.45799204	4.55809163	4.64412062	4.73363036	4.36019695	4.41151591	4.46243207	4.53527407	4.31366923	4.36865900	4.46778393	4.50732005	4.56529926	4.61475018	4.68473131	4.79812790	4.84856000	6.76986772	6.98737102	6.99317895	7.02713450	7.06640457	7.10602851	7.14142553	7.16990799	7.19071554	7.20389581	7.20997282
	3.23800843	3.22499812	3.18251765	3.10970801	3.41572742	4.23678704	4.25245314	2.40834920	0.81693267	2.42017508	2.64577774	2.78020654	3.07183317	3.26513829	3.48113629	3.56970200	4.35305167	4.46907182	3.90731255	4.02470541	3.86405225	3.95370870	3.95232428	4.03449362	4.11138123	4.17465744	4.23752585	4.29220440	4.34484996	4.40084405	4.46168512	4.51053762	4.52879626	4.54010172	4.55039541	4.56579014	4.68473043	4.74511346	5.91431105	6.58265889	6.87888692	6.92308149	6.97026490	7.02474287	7.07999953	7.12959492	7.16367926	7.18617772	7.19902386
	3.22188953	3.20346611	3.15680647	3.09523850	3.89712678	4.24599817	4.26193403	3.60626861	1.05697614	2.47273918	2.90782147	3.13273284	3.58609513	3.87591889	4.08308929	3.92771614	4.92009989	5.04343499	4.20289514	4.28027892	4.41522632	4.51624609	4.17184705	4.25622626	4.34770191	4.42852689	4.49764354	4.56647574	4.63026106	4.69927729	4.77654286	4.84892607	4.89622884	4.93359491	4.97341314	5.01618552	5.09909021	5.22252278	6.15694984	6.22946456	6.89897834	6.95759993	7.01482195	7.07965893	7.14688018	7.20806781	7.24973314	7.27397364	7.28523908
	3.18481240	3.15744955	3.09380541	3.38874714	4.06903030	4.24788380	4.25737685	4.26247170	1.23911510	2.33277033	2.81056117	3.16733251	3.66079327	3.99529559	4.06472376	3.58170448	3.58473326	3.65221817	3.70262442	3.77298747	3.94334409	4.03703128	4.12487915	4.22874227	4.33291852	4.41819488	4.48780058	4.56156436	4.62698221	4.69518941	4.77300902	4.83809505	4.87060571	4.88820628	4.90004500	4.90404617	4.91391289	4.94618771	5.34544953	5.84656637	6.80031990	6.85680478	6.90967667	6.97069517	7.03869291	7.10508398	7.15938687	7.19173676	7.21035243
	3.15199010	3.11052093	3.04882613	4.23578967	4.25221164	4.26115059	4.26533675	4.26809530	2.01855308	2.44339379	3.10418201	3.29372889	3.76847325	4.14302833	4.30585455	4.21828820	4.08653605	4.63353249	4.71601273	4.78789852	4.27739957	4.34600997	4.43088633	4.52917330	4.62504539	4.71346595	4.79151794	4.86327171	4.93963919	5.01933586	5.09469274	5.16034574	5.19288085	5.21417681	5.23290429	5.24635406	5.25653005	5.29820360	5.32971952	5.52587323	6.75344559	6.83554641	6.90869166	6.99433554	7.09041608	7.17245850	7.23352499	7.27534787	7.29524352
	3.12072157	3.06538781	3.63124174	4.24489518	4.25906083	4.26421480	4.26692917	4.26923624	3.77351719	2.45713195	3.10857419	3.29053727	3.74380222	4.12307057	4.31572391	4.40223903	4.39601064	4.92094511	4.97505824	5.00940776	4.40493051	4.45410108	4.53952436	4.63490446	4.71763002	4.81589517	4.89769866	4.97934798	5.05498464	5.12415405	5.20457828	5.27695742	5.30866208	5.32931448	5.34556507	5.35897241	5.36224204	5.39492034	5.41865633	5.45305994	6.38818469	6.78350486	6.86778109	6.96457920	7.07125403	7.15845610	7.22180378	7.26722285	7.28873232
	3.06311385	3.00623567	4.25160732	4.25364436	4.26120732	4.26432019	4.26633528	4.26846609	4.29221752	2.45571125	3.10549723	3.26592317	3.69335517	4.08827152	4.29821034	4.43737929	4.49160786	5.06142980	5.13013250	5.19894879	4.56222993	4.56791304	4.61997123	4.68649229	4.76026651	4.85706526	4.93601108	5.02498030	5.10987745	5.18332407	5.25987947	5.33976813	5.37703495	5.39957547	5.41684058	5.43295351	5.43781629	5.47017343	5.49102371	5.51613663	5.59422249	6.72218389	6.81083069	6.90785969	7.01296793	7.10779331	7.18268063	7.23256002	7.26161202
	3.01195725	3.24233414	4.25447439	4.26556416	4.26973534	4.27136609	4.27248242	4.27376309	3.94561405	2.57013435	3.11877438	3.28789943	3.71091099	4.10121809	4.33375043	4.53785620	4.68963689	6.03358437	6.14806501	6.28475420	5.32638311	4.85408088	4.82728007	4.89059110	4.97967958	5.05747237	5.11257887	5.18121214	5.26061434	5.35906805	5.45149723	5.52544107	5.56256418	5.58503890	5.60558068	5.62481996	5.63744896	5.66420198	5.68729407	5.71177204	5.78086133	6.69466691	6.79004694	6.90542781	7.03476018	7.15082690	7.23570294	7.28030082	7.30720177
	2.98393837	3.94622422	4.26090683	4.26896377	4.27201604	4.27324313	4.27412602	4.27394611	3.38865431	2.45484434	3.11800109	3.28089177	3.70867721	4.10267300	4.33443469	4.56088488	4.72614068	6.20576519	6.37619855	6.50917941	5.48504468	4.97306823	4.92247300	4.96337267	5.04132889	5.11935892	5.18057954	5.24098822	5.31823880	5.41361032	5.50897919	5.59041931	5.63042307	5.65247774	5.67435598	5.69453126	5.70487018	5.72873457	5.74781881	5.76916809	5.82033008	6.52300129	6.77002964	6.88855591	7.02141331	7.14435473	7.24240543	7.29035096	7.31895166
	2.95902143	4.14997068	4.27232748	4.27835730	4.28035288	4.28087493	4.28443324	3.47964318	1.86691079	2.45066625	3.12721414	3.30217796	3.73344941	4.12151618	4.37273101	4.62067968	4.85035920	6.40029747	6.85998134	6.94313020	6.42792065	5.57084862	5.14978619	5.16375994	5.21141797	5.27104190	5.32489036	5.38557098	5.47137272	5.56388629	5.64238675	5.70800080	5.74412160	5.76681159	5.78913409	5.80865051	5.81875302	5.83659871	5.84785298	5.85517090	5.88008712	6.19986768	6.75508017	6.90051183	7.06613334	7.20542262	7.29735437	7.34344956	7.36714883
	2.92388517	4.27115850	4.27642462	4.28132388	4.29869339	4.29900996	4.01189238	1.76508899	0.78490773	2.46636184	3.13608401	3.31887472	3.75439025	4.13418717	4.39395729	4.65025404	4.92137929	6.45184930	6.83762876	7.03603464	6.84222504	6.47692713	5.32985135	5.29390255	5.30983496	5.35692757	5.40951592	5.46888056	5.54657261	5.62567443	5.69690872	5.76489124	5.80566138	5.83100263	5.85726734	5.87894855	5.88898569	5.90378602	5.91035802	5.91059522	5.92658867	6.08192917	6.73988824	6.89751068	7.07510205	7.22677685	7.31482709	7.36011809	7.38270006
	2.88335544	4.28344072	4.29009692	4.29351552	3.63631135	3.63631602	2.06386764	0.29952027	1.28689388	2.46712763	3.14639097	3.34821352	3.78739002	4.15592497	4.43822345	4.70209209	5.04103608	6.55842784	6.83870676	7.02692329	7.15705446	7.23393003	5.53454275	5.46345409	5.45286569	5.49373184	5.54984018	5.59950606	5.65788272	5.72107522	5.80003033	5.89007865	5.93628782	5.96219673	5.98783472	6.01037142	6.02393003	6.03718581	6.04323292	6.03934997	6.05095880	6.15395762	6.70703447	6.89860342	7.11396240	7.27573319	7.35160494	7.39241026	7.41328743
	2.80976988	3.51483937	3.52983667	3.53190172	2.19356504	2.23713298	0.41382229	0.39630093	1.76425966	2.47259830	3.15251460	3.37161624	3.81002305	4.17270166	4.46933663	4.74348158	5.12231770	6.68281188	6.84144597	7.03980545	7.31727940	7.38907391	5.94181938	5.59546315	5.57531511	5.61264332	5.66346682	5.69736810	5.74911397	5.81511839	5.90530938	6.00402778	6.04978244	6.07349183	6.09423220	6.11653669	6.13305137	6.14655061	6.15235877	6.14902218	6.15986115	6.23580775	6.65989037	6.89258982	7.14837851	7.30114430	7.37667221	7.41428587	7.43414035
	2.70203060	2.11961682	1.76828652	1.76957002	0.74111416	0.45826170	1.14539494	1.25897386	2.38972914	2.53041629	3.16158368	3.40950577	3.84297996	4.19749950	4.51450463	4.80253064	5.32727089	6.68610267	6.84745448	7.05653853	7.32410581	7.39445429	6.69473090	5.70178817	5.70395729	5.73716507	5.77985618	5.80339088	5.85282114	5.93736215	6.03893750	6.12849255	6.16531438	6.18345293	6.20006668	6.21875694	6.23821187	6.25366537	6.26138542	6.26222953	6.27378961	6.33785319	6.60001283	6.90242998	7.20772400	7.35238672	7.41389698	7.44781881	7.46522203
	2.61796114	1.25102342	1.09378955	1.08624389	1.15293481	0.64304084	1.77328167	1.89054075	2.37359771	2.54670768	3.16270335	3.42130972	3.85160117	4.20592157	4.52936114	4.82875013	5.43003499	6.68181159	6.85080932	7.07234142	7.33028129	7.40047272	7.18775125	6.31550126	5.81581674	5.83218511	5.86766277	5.89202633	5.94282707	6.03299307	6.12479412	6.19787915	6.23003604	6.24618390	6.26274888	6.28057800	6.30077936	6.31587324	6.32035706	6.31838401	6.32412956	6.36131941	6.53493191	6.87169039	7.21484657	7.35735428	7.42034162	7.45489303	7.47269256
	2.43623031	1.63788542	1.03481537	1.02105167	1.58736728	1.67690367	2.14566756	2.26421772	2.38233365	2.58664945	3.16797047	3.44493838	3.86962977	4.22037443	4.55195354	4.86541898	5.67900048	6.67969002	6.85697370	7.09333359	7.33806824	7.40856636	7.45880005	7.12479279	5.92741869	5.92085454	5.95322646	5.98279263	6.03696578	6.12139796	6.19791440	6.26147674	6.29012676	6.30675364	6.32484024	6.34277079	6.36459182	6.37920079	6.38030885	6.37354321	6.37370896	6.39388950	6.49271349	6.84562370	7.23433440	7.37200706	7.43369896	7.46777195	7.48531346
	2.30088952	2.09191233	1.54021576	1.53002497	2.02466193	2.07976783	2.16351344	2.29306752	2.39652640	2.59779312	3.16853121	3.45525365	3.87707284	4.22754234	4.56067256	4.88571482	5.64655851	6.67625498	6.86128423	7.10969279	7.34483853	7.41706971	7.45111511	7.44722112	6.03880408	6.01932480	6.04313486	6.06559977	6.11444632	6.18292838	6.25255240	6.31855667	6.34927647	6.36640670	6.38549451	6.40655571	6.43100140	6.44542119	6.43888977	6.42306241	6.41368695	6.42053535	6.48367418	6.80720215	7.23849791	7.37524474	7.43815135	7.47281465	7.49084795
	2.32918152	2.17597806	2.14036677	2.13178103	2.12669166	2.16758509	2.24637242	2.34771861	2.43164718	2.71637606	3.18316449	3.49856643	3.91373779	4.25893936	4.59567408	4.95864339	5.89121750	6.68272330	6.87820935	7.15211956	7.35887665	7.43330990	7.47174241	7.46788020	6.40505600	6.20525507	6.21460283	6.22250192	6.24653056	6.28942993	6.35313450	6.42661731	6.46209383	6.47954492	6.50061191	6.52673521	6.55568663	6.57082638	6.55222892	6.52162011	6.49592450	6.48571934	6.51474317	6.80998282	7.28773731	7.40393044	7.46478643	7.49741153	7.51394741
	2.38122898	2.23321145	2.18724994	2.18092393	2.19721522	2.23381726	2.30510362	2.38469852	2.46982739	2.75031086	3.19207205	3.52685975	3.93927557	4.28067431	4.61896753	5.00600498	6.02929122	6.68683171	6.89248848	7.18892269	7.37196181	7.44970852	7.49285604	7.49252423	6.94841848	6.34559749	6.34838211	6.34209909	6.34875443	6.38373880	6.46025797	6.54773204	6.58333269	6.59985943	6.61768384	6.64180915	6.66890026	6.68454078	6.66411194	6.62748127	6.58618461	6.55369996	6.55825634	6.80178354	7.30509560	7.42061365	7.48160700	7.51355802	7.52948521
	2.44620500	2.30106147	2.24070471	2.23196947	2.25094375	2.29933248	2.36674817	2.41989126	2.51811859	2.75803708	3.20033248	3.55413418	3.96507326	4.30240968	4.64148127	5.04699689	6.07149675	6.69185754	6.90778006	7.22760757	7.38530194	7.46680755	7.51493496	7.52307077	7.48100890	6.47623154	6.47375254	6.45437733	6.45028480	6.48914620	6.58241383	6.67437832	6.70443123	6.71712662	6.73056818	6.74897625	6.77095019	6.78736112	6.77228247	6.73844474	6.68889056	6.63601624	6.61343905	6.80921728	7.32252280	7.43706471	7.49820045	7.52943968	7.54470087
	2.43443679	2.31459702	2.26390332	2.26089250	2.28739978	2.33358083	2.38892001	2.44424124	2.55792207	2.78048263	3.20384808	3.56005561	3.96995142	4.30759704	4.64772288	5.05600939	6.06284303	6.69239508	6.91638028	7.24263826	7.39472364	7.48040683	7.53353087	7.54802231	7.50100082	6.74473946	6.60756984	6.55740123	6.54500009	6.57978474	6.66534757	6.74155330	6.76725662	6.77862594	6.79087488	6.80817376	6.82966697	6.84673604	6.83467904	6.80464948	6.76116574	6.71082827	6.67832748	6.82200627	7.31752935	7.43722808	7.50035272	7.53245428	7.54826688
	2.47190075	2.37835140	2.33372826	2.33347613	2.35704586	2.38593256	2.42691515	2.49657812	2.62086272	2.85402598	3.23171798	3.60095343	4.00891826	4.34324366	4.68441816	5.11793269	6.10909546	6.70660681	6.94442574	7.28060577	7.41562048	7.50680996	7.56725922	7.59178172	7.55401915	7.21410948	6.88667630	6.78818582	6.75382698	6.76062355	6.80660889	6.85693646	6.87332820	6.88035889	6.89126364	6.90702173	6.93026478	6.94994399	6.94354484	6.91768365	6.88231670	6.84065703	6.81378703	6.92261592	7.33388923	7.46124549	7.52591020	7.55686207	7.57113832
	2.49472750	2.42023087	2.38981958	2.38920353	2.40169653	2.42204121	2.46546402	2.55588002	2.65665848	2.89520214	3.24374381	3.61973096	4.02785848	4.35970761	4.70180062	5.14505197	6.11802396	6.71315335	6.96408752	7.29941533	7.43317215	7.53161658	7.60090214	7.63555705	7.60857295	7.36139374	7.05964468	6.95422116	6.90625269	6.88832655	6.90733026	6.94781034	6.95961685	6.96323121	6.97496114	6.99201653	7.01774928	7.04070457	7.03421358	7.00800538	6.97377270	6.93549253	6.90759645	6.98527441	7.33151585	7.46896448	7.53767449	7.56917606	7.58324925
	2.52667149	2.45051994	2.41917564	2.41710704	2.42942397	2.45588464	2.51899085	2.60193972	2.68317690	2.90767655	3.24809871	3.62977436	4.04355244	4.37508010	4.71673560	5.16554408	6.12525050	6.71907333	6.98126539	7.31067510	7.44690666	7.55099486	7.62596088	7.66381675	7.63568226	7.40250661	7.13496285	7.05303090	7.00877869	6.98479420	7.00076888	7.04425989	7.05423753	7.05402134	7.06576054	7.08422562	7.11212008	7.13819397	7.12654893	7.09195050	7.05036637	7.00854235	6.97434511	7.02722704	7.32716951	7.47475207	7.54907507	7.58140169	7.59492581
	2.57726574	2.49175018	2.45347350	2.45024209	2.46639688	2.50405234	2.57475205	2.63952008	2.72565826	2.94564505	3.26565944	3.64974080	4.06823759	4.40285745	4.74427672	5.20519798	6.14747745	6.73108298	7.00781426	7.32706696	7.46565202	7.57648320	7.65853470	7.70119591	7.67188533	7.45456664	7.25395984	7.20075845	7.16089849	7.13470605	7.14803997	7.19197623	7.19774691	7.19046576	7.19634542	7.21259303	7.23904573	7.26064597	7.24675844	7.20351701	7.15202201	7.10139718	7.05824221	7.08917103	7.32987550	7.48682731	7.56804240	7.60117938	7.61338036
	2.60624598	2.53117251	2.48275651	2.48223464	2.51171441	2.55957103	2.61868855	2.66901498	2.76735091	2.96975261	3.27805083	3.66501029	4.08762592	4.42398237	4.76372634	5.22975087	6.15812861	6.73955817	7.03068919	7.34137359	7.48377856	7.60309361	7.69525519	7.74639008	7.72786240	7.54373047	7.37619200	7.32515922	7.28838159	7.26964274	7.28107656	7.31849605	7.31978323	7.30808777	7.30729323	7.31819278	7.33737719	7.35445338	7.33830957	7.29678784	7.24361050	7.18048735	7.12643272	7.13709679	7.32759104	7.48998917	7.57727129	7.61189436	7.62362251
	2.63661010	2.57004953	2.52911733	2.53364615	2.56974860	2.61185324	2.65117737	2.70330070	2.82776464	2.99622874	3.29474495	3.69065439	4.11464717	4.45887979	4.79765829	5.27327738	6.18506519	6.75417243	7.06285115	7.35883750	7.50580861	7.63415525	7.73552852	7.78960302	7.77052664	7.61091093	7.49018753	7.44915807	7.42358263	7.41240944	7.42042225	7.44239776	7.43661228	7.42081641	7.41355669	7.41726122	7.42853713	7.44111822	7.42706327	7.39323452	7.34546380	7.28025128	7.22127808	7.21035919	7.34403734	7.50680347	7.60056139	7.63546301	7.64480019
	2.65433549	2.59958730	2.56661153	2.57157252	2.60078414	2.63314868	2.67055947	2.73314453	2.86494193	3.02197812	3.31496039	3.71497439	4.13261193	4.48850615	4.82535199	5.30691918	6.20722503	6.76726113	7.09227258	7.37491545	7.52728679	7.66565542	7.77931559	7.84267762	7.83003590	7.68192375	7.57549483	7.53758191	7.51414021	7.50440632	7.50476396	7.51831792	7.50897269	7.49029358	7.47959069	7.48040944	7.48924521	7.50044660	7.48742182	7.45601878	7.41127089	7.35395530	7.29409377	7.26947827	7.36064197	7.51818750	7.61572788	7.65098850	7.65879198
	2.66317414	2.61661485	2.58839070	2.59327983	2.61856427	2.64822505	2.68984931	2.76572975	2.88685421	3.04140508	3.32185196	3.72241612	4.13922458	4.50190374	4.83844259	5.32278851	6.21503294	6.77298468	7.10698199	7.38347026	7.53938894	7.68384104	7.80421282	7.86968661	7.85251277	7.70836516	7.61549162	7.58406872	7.56543744	7.55709426	7.55533186	7.56670313	7.55647854	7.53612394	7.52330129	7.52244270	7.53018766	7.54075491	7.52816664	7.49774276	7.45461622	7.40091725	7.34060740	7.30788685	7.37314296	7.52405188	7.62509933	7.66145620	7.66849522
	2.67247447	2.62904792	2.60739060	2.61368553	2.63699914	2.66779598	2.72115239	2.81368037	2.91524301	3.07084670	3.33088084	3.72586859	4.14314465	4.50877106	4.84973970	5.33442839	6.21584214	6.77634868	7.11921407	7.39112810	7.55150111	7.70265177	7.82950931	7.89573529	7.87270657	7.73603483	7.65021737	7.62559894	7.61434378	7.61050668	7.61209993	7.62651659	7.61741989	7.59490241	7.57921145	7.57621772	7.58306912	7.59341171	7.58061636	7.55001315	7.50755271	7.45517180	7.39455528	7.35256328	7.39070213	7.52982699	7.63576267	7.67415938	7.68031196
	2.69707396	2.65036182	2.63084382	2.63382578	2.65224616	2.68310245	2.74547659	2.83428934	2.93020259	3.10065910	3.35817081	3.75190529	4.15942465	4.53349790	4.88225378	5.37568960	6.24623152	6.78887862	7.14161022	7.40110600	7.56380731	7.71736505	7.84336889	7.89991888	7.86314656	7.73714543	7.67842674	7.66660983	7.66303882	7.66052532	7.66365665	7.68021301	7.66991583	7.64361823	7.62449643	7.61953202	7.62612472	7.63688139	7.62394053	7.59360387	7.55213206	7.50208294	7.44431139	7.40245543	7.42721706	7.55679039	7.66492117	7.70151400	7.70401881
	2.71002178	2.66149418	2.64033596	2.64311975	2.66177941	2.69495415	2.76607321	2.85906391	2.94633051	3.12078987	3.37112697	3.75855582	4.16550897	4.53845908	4.89444512	5.39122274	6.25334589	6.79284588	7.15084779	7.40602177	7.57101851	7.72711792	7.85380970	7.90636526	7.86442167	7.74823638	7.69698784	7.68991009	7.69115487	7.69258643	7.69945974	7.71972461	7.71020345	7.68151955	7.65969139	7.65334185	7.65949249	7.67052426	7.65710535	7.62604844	7.58436734	7.53471497	7.47716931	7.43216754	7.44440296	7.56641102	7.67785190	7.71488367	7.71579719
	2.69289929	2.65424985	2.64129108	2.64717619	2.66709658	2.70592624	2.79928198	2.88667654	2.97080225	3.15384450	3.39452973	3.76809773	4.16713375	4.54330299	4.90243660	5.39717654	6.25060689	6.79457983	7.15992584	7.41241299	7.58146417	7.74350003	7.87617379	7.92963719	7.88369385	7.77450797	7.73068535	7.72896388	7.73490504	7.74006078	7.75220846	7.78009737	7.77293492	7.74059533	7.71458341	7.70543133	7.71119862	7.72259554	7.70706052	7.67319570	7.62964483	7.57941692	7.52223643	7.47474296	7.46926145	7.57248121	7.68455090	7.72422801	7.72517154
	2.70901560	2.67321468	2.65867061	2.66210571	2.68281557	2.72935825	2.82787911	2.90389008	2.99314842	3.17679256	3.42745359	3.79471875	4.18604160	4.55897756	4.92871106	5.42982934	6.26934963	6.80411219	7.17908385	7.42282635	7.59569988	7.76190670	7.89592847	7.94396772	7.89374004	7.79852018	7.76618911	7.77070203	7.78365597	7.79823037	7.82415144	7.86943695	7.86619379	7.82502256	7.78919368	7.77551995	7.78030145	7.79293877	7.77336609	7.73278775	7.68362796	7.63023978	7.57273475	7.52507993	7.51129758	7.59913747	7.71051427	7.74960415	7.74693834
	2.72857814	2.68573933	2.67130557	2.67553971	2.69814299	2.75545846	2.85282806	2.91848323	3.01399438	3.19796858	3.46118650	3.82444205	4.20826978	4.57671097	4.95926793	5.46634638	6.29253780	6.81516372	7.20003812	7.43386510	7.61043503	7.78064896	7.91558241	7.95713214	7.90117376	7.82060664	7.80224917	7.81316506	7.83478819	7.86126289	7.90181854	7.95794554	7.95636648	7.91160609	7.87083146	7.85358986	7.85702129	7.86967379	7.84629893	7.79737384	7.74071799	7.68254757	7.62372297	7.57582790	7.55534634	7.62936499	7.73943581	7.77772479	7.77099835
	2.73385715	2.69678550	2.68332965	2.68852383	2.71488902	2.78255964	2.87420629	2.93295309	3.03563173	3.21041649	3.47825524	3.84190025	4.22255133	4.58791289	4.97505482	5.48371876	6.29857596	6.81946202	7.20973152	7.44037570	7.62004883	7.79369962	7.93072900	7.97173579	7.91623097	7.84468437	7.83074968	7.84644676	7.87674221	7.91742659	7.97250240	8.03546722	8.03677933	7.99436633	7.95118572	7.93114691	7.93276282	7.94424508	7.91872246	7.86165906	7.79394641	7.72873030	7.66677951	7.61774481	7.59143658	7.65128361	7.75759811	7.79590594	7.78638634
	2.74216574	2.70613895	2.69457702	2.70267166	2.73457278	2.80688890	2.88752149	2.94508744	3.05668156	3.21971827	3.49138169	3.86354699	4.24039820	4.60259215	4.99298472	5.50541090	6.31056427	6.82650191	7.22309485	7.44871078	7.63133973	7.80880241	7.94949039	7.98857913	7.93872959	7.87375660	7.86130436	7.88096803	7.92059003	7.97158703	8.03066180	8.08524312	8.08573832	8.04983847	8.01200423	7.99243954	7.99217736	8.00080635	7.97714140	7.91911901	7.84883720	7.77327826	7.70517159	7.65353880	7.62323036	7.67353216	7.77493167	7.81259236	7.80013511
	2.73021060	2.69963986	2.69315034	2.70577330	2.74316423	2.82686793	2.90350064	2.95994622	3.07979776	3.22800761	3.49720151	3.87000005	4.24640712	4.60612841	4.99711270	5.50675984	6.30387273	6.82528878	7.22402778	7.45120630	7.63609835	7.81642680	7.96070089	7.99931243	7.95418214	7.89530968	7.88425904	7.90640378	7.95400801	8.01553997	8.08126090	8.13383681	8.13520496	8.10452998	8.06993533	8.05022311	8.04816337	8.05437712	8.03212169	7.97222674	7.89753943	7.81188596	7.73630992	7.68193442	7.64634861	7.68324962	7.77773227	7.81733578	7.80476398
	2.76678732	2.73712770	2.73058458	2.74398051	2.78418869	2.85770127	2.92127000	2.98042690	3.11108009	3.24672038	3.52345575	3.90538729	4.27278233	4.63268532	5.03025645	5.55396459	6.32947090	6.83698489	7.24196094	7.46293593	7.65080218	7.83090632	7.97018281	7.99873159	7.96830352	7.92985852	7.93479010	7.97660490	8.04067830	8.10587304	8.15888837	8.19891433	8.19752565	8.16971626	8.13849962	8.11931075	8.11496116	8.11832504	8.10009607	8.05599939	7.99471888	7.90590296	7.82532695	7.76365465	7.72106424	7.74813823	7.83697834	7.87089702	7.84859222
	2.80686725	2.77667521	2.76974002	2.78497492	2.82641963	2.88590553	2.93711757	3.00091429	3.13367877	3.26389783	3.54681368	3.93466282	4.29348736	4.65600234	5.05982015	5.59705646	6.35267591	6.84666381	7.25608524	7.47238043	7.66245101	7.84058037	7.97165091	7.99328088	7.97126262	7.95463075	7.97936397	8.04294643	8.11855943	8.18157235	8.22377046	8.25336139	8.24907630	8.22290199	8.19407276	8.17542234	8.16964950	8.17127857	8.15541469	8.12213805	8.07319403	7.99532379	7.91882940	7.85168370	7.79920192	7.81774982	7.90296300	7.93113530	7.89788094
	2.79987284	2.77755221	2.77634385	2.79600166	2.83888961	2.89546977	2.94692856	3.01715438	3.14883622	3.27588256	3.55680742	3.94133464	4.29718883	4.66091777	5.06562302	5.60230724	6.34912284	6.84527863	7.25315495	7.47323357	7.66424757	7.84091139	7.96868917	7.99144489	7.97521041	7.97105555	8.00634232	8.08042042	8.15788849	8.21755700	8.25602660	8.28218307	8.27798794	8.25331572	8.22603465	8.20770446	8.20100957	8.20154065	8.18667375	8.15576244	8.11109658	8.04701534	7.97623748	7.90118418	7.84015902	7.84789688	7.92592429	7.95437094	7.91891946
	2.82200576	2.79997945	2.80038282	2.82203100	2.86214954	2.90811041	2.95853087	3.03748907	3.16388108	3.29384132	3.57377029	3.95947388	4.31446554	4.67965785	5.08806073	5.63134721	6.36523950	6.85199242	7.25921946	7.47881899	7.67052007	7.84501769	7.96742700	7.99047784	7.98152979	7.99169167	8.04089999	8.12671348	8.20497800	8.25992416	8.29351811	8.31555147	8.31070187	8.28699218	8.26087135	8.24273354	8.23520059	8.23482606	8.22129497	8.19372984	8.15404707	8.10280876	8.04053589	7.96672128	7.90369641	7.90109605	7.97043927	7.99522568	7.95600823
	2.85158415	2.83171542	2.83582557	2.85663469	2.88787324	2.92736838	2.98366374	3.08025175	3.18644997	3.33382886	3.60094256	3.98784656	4.35555677	4.71690780	5.13254018	5.68444357	6.39737220	6.86755918	7.27157268	7.49279498	7.68598721	7.86026858	7.98089137	8.01050142	8.01519504	8.04070289	8.10673251	8.19659605	8.26942904	8.31803494	8.34742723	8.36750959	8.36322200	8.34034735	8.31492812	8.29648264	8.28760031	8.28605172	8.27369741	8.24943297	8.21509179	8.17080222	8.11615703	8.06197899	8.00636166	7.98874961	8.03356696	8.05402237	8.01844850
	2.87294771	2.85578346	2.85926894	2.87619308	2.90287871	2.93984214	3.00150560	3.10284143	3.19904542	3.36259857	3.62065046	4.00831759	4.38743008	4.74542250	5.16593866	5.72515971	6.42421931	6.88168010	7.28093381	7.50469745	7.69770518	7.87040988	7.98886197	8.02034443	8.03517867	8.07194412	8.14774935	8.23660808	8.30458118	8.34995462	8.37766375	8.39729350	8.39320271	8.37026923	8.34480454	8.32599434	8.31638781	8.31433300	8.30264385	8.28012797	8.24855123	8.20794030	8.15759723	8.10894953	8.06068701	8.03911493	8.06973877	8.08690268	8.05585700
	2.88463357	2.87399605	2.88056119	2.89459523	2.91812181	2.95361991	3.02325130	3.12512315	3.21191959	3.39151761	3.63718499	4.02554110	4.41713710	4.76940243	5.19320940	5.75441169	6.43889626	6.89122438	7.28718598	7.51598280	7.70993633	7.88433950	8.00414315	8.04095181	8.06484644	8.11069793	8.19151667	8.27724209	8.34030289	8.38332866	8.41084248	8.43175555	8.42882917	8.40577187	8.37981604	8.36020453	8.34953741	8.34684786	8.33543769	8.31396012	8.28446749	8.24673096	8.19980504	8.15418864	8.10685568	8.08251757	8.09849305	8.11313216	8.08673138
	2.89248778	2.88412685	2.89272160	2.90695137	2.93040376	2.96739593	3.04768820	3.14292500	3.22675724	3.42366604	3.66805972	4.05358976	4.45140961	4.80160799	5.22462181	5.78549244	6.45602476	6.90415991	7.29638631	7.53092064	7.72499253	7.90316571	8.02611581	8.07065776	8.10257426	8.15447706	8.23354534	8.31285184	8.37239161	8.41624450	8.44681288	8.47149903	8.47019435	8.44612688	8.41853072	8.39728355	8.38512228	8.38162700	8.36987775	8.34833341	8.31932862	8.28262307	8.23728857	8.19274695	8.14530448	8.11613817	8.12259639	8.13348177	8.10991119
	2.89625355	2.89024364	2.90139806	2.91679873	2.94109549	2.98025485	3.07293620	3.16131468	3.24360632	3.45826296	3.70489382	4.08596218	4.48773890	4.83591675	5.25693213	5.81615673	6.47217857	6.91711782	7.30595888	7.54655881	7.74080139	7.92385965	8.04928196	8.10387868	8.14395376	8.20130997	8.27789242	8.35071189	8.40709991	8.45242043	8.48692196	8.51621147	8.51683976	8.49146594	8.46175758	8.43847366	8.42451716	8.42006411	8.40777608	8.38587144	8.35712018	8.32106968	8.27720437	8.23360119	8.18601870	8.15149276	8.14760501	8.15400496	8.13325212
	2.90242860	2.89670455	2.90706610	2.92144531	2.94553081	2.98514613	3.07886591	3.16325879	3.24553929	3.46066261	3.71273122	4.09225789	4.49278766	4.84417317	5.26353490	5.82255210	6.47661209	6.92023462	7.30810784	7.54972295	7.74379535	7.92809594	8.05390648	8.10923374	8.14985735	8.20787036	8.28372556	8.35567210	8.41221223	8.45882821	8.49486074	8.52550880	8.52642787	8.50050161	8.47011436	8.44623568	8.43188713	8.42725148	8.41479020	8.39269007	8.36375617	8.32749146	8.28359278	8.23982939	8.19242034	8.15793471	8.15323599	8.15877001	8.13816166
	2.92405556	2.92093802	2.93252303	2.94724767	2.97442737	3.02250798	3.12003442	3.18745815	3.27111229	3.49117853	3.76770766	4.13177580	4.52240243	4.88996082	5.30517814	5.85749066	6.49320540	6.93327863	7.31631203	7.56489215	7.75637169	7.94583296	8.07838476	8.14318795	8.19201599	8.25474930	8.32530904	8.39160143	8.45023182	8.50565124	8.55292885	8.59397470	8.59844449	8.56969661	8.53485514	8.50700069	8.48957784	8.48346720	8.46954677	8.44540941	8.41493245	8.37716346	8.33273788	8.28824354	8.23979667	8.20104204	8.18621463	8.18599083	8.16819244
	2.92928654	2.92744939	2.94056870	2.95672020	2.98657615	3.03996352	3.13931494	3.19983031	3.28462010	3.50317165	3.79176162	4.14463432	4.52688338	4.90575710	5.31952818	5.86701191	6.49483662	6.93493850	7.31639469	7.56755478	7.75714653	7.94720506	8.08418245	8.15295279	8.20527294	8.26981650	8.33849835	8.40322793	8.46406417	8.52470998	8.57826662	8.62492052	8.63155842	8.60144245	8.56426881	8.53432618	8.51531289	8.50843506	8.49365764	8.46815072	8.43650053	8.39757951	8.35231315	8.30727904	8.25766411	8.21676860	8.19761555	8.19501454	8.17858026
	2.94943220	2.94895480	2.96347464	2.98380162	3.02304445	3.08711963	3.17008230	3.22032298	3.31189699	3.52134575	3.82554740	4.17646981	4.55381197	4.94843995	5.36514808	5.90519876	6.51966513	6.95080388	7.32845515	7.58052740	7.76830928	7.96854055	8.10542676	8.17521936	8.22879216	8.29201082	8.35648135	8.42119861	8.48929369	8.56084663	8.62612657	8.68187305	8.69152154	8.65867210	8.61765729	8.58488642	8.56315296	8.55527012	8.53888679	8.51042849	8.47596438	8.43363844	8.38603784	8.33847560	8.28725806	8.24418625	8.22067826	8.21470314	8.19948561
	2.95757064	2.96013541	2.98028673	3.00996733	3.05982337	3.12247353	3.19407150	3.24145991	3.34743095	3.54210629	3.86110694	4.21769526	4.59271402	4.98973299	5.41456663	5.94232564	6.53895713	6.96385894	7.33947788	7.59187219	7.77846373	7.99433590	8.13310335	8.20511647	8.25857445	8.31779626	8.37915289	8.44755032	8.52686638	8.61290399	8.69394331	8.75944190	8.77158446	8.73803978	8.69144617	8.65318566	8.62708073	8.61748740	8.59848459	8.56563539	8.52574512	8.47751490	8.42518168	8.37406312	8.31953890	8.27281604	8.24301594	8.23150777	8.21631192
	2.96980734	2.97388999	2.99766576	3.03585221	3.09229472	3.15405048	3.21334174	3.25787849	3.37351646	3.55518836	3.87884375	4.23691315	4.61277037	5.00832859	5.43943708	5.95826543	6.54397583	6.96912090	7.34464539	7.59822449	7.78390589	8.00971408	8.14986085	8.22236329	8.27520067	8.33242855	8.39344952	8.46705843	8.55688756	8.65656907	8.74637119	8.81188580	8.82524450	8.79611274	8.75131107	8.71266585	8.68484167	8.67372735	8.65189876	8.61468151	8.56918322	8.51491103	8.45771297	8.40266832	8.34517513	8.29626276	8.26337661	8.24848607	8.23298106
	3.00189179	3.00969086	3.04052229	3.08489185	3.13995882	3.18675205	3.23714334	3.28443284	3.41385295	3.58169587	3.90958497	4.27595211	4.65470012	5.04566581	5.48503103	5.99154064	6.55778692	6.98018866	7.35800695	7.60988419	7.79681536	8.03945557	8.18061038	8.25269051	8.30403766	8.35937191	8.42462188	8.51166030	8.62300909	8.74350814	8.83207710	8.88765831	8.90265696	8.88277168	8.84861674	8.81542559	8.78778777	8.77561428	8.75202773	8.71144769	8.65520398	8.58712266	8.51759583	8.45291631	8.38870922	8.33491600	8.29651469	8.27542450	8.25826430
	3.01272064	3.02234795	3.05504258	3.09995363	3.15747228	3.20191330	3.25207933	3.30178993	3.43306980	3.59727774	3.92420603	4.29690821	4.67945637	5.07151038	5.51218261	6.01354126	6.56864822	6.98752358	7.36732790	7.61681054	7.80691222	8.06043550	8.20066866	8.27154920	8.32150666	8.37717672	8.44667621	8.54392265	8.67032802	8.79681013	8.87455586	8.92579336	8.94214459	8.92632245	8.89862209	8.87037293	8.84602019	8.83495399	8.81340146	8.77420448	8.71165145	8.63567852	8.55596013	8.48426119	8.41471715	8.35683198	8.31457603	8.28932055	8.27044087
	3.04327790	3.05714331	3.09614791	3.14405482	3.18984877	3.22557391	3.27258267	3.32706063	3.45816701	3.62812181	3.95092522	4.33291177	4.71871084	5.11992923	5.56354368	6.05915659	6.59718605	7.00604356	7.39133092	7.63281515	7.83219313	8.09913242	8.23087047	8.29801110	8.34722357	8.40761705	8.48899147	8.60800563	8.75745383	8.86058447	8.92647370	8.97593214	8.99407061	8.98284911	8.96084341	8.93795937	8.91866226	8.91017175	8.89384102	8.86291117	8.80981805	8.73044089	8.63238779	8.54479814	8.46398973	8.39953965	8.35310302	8.32382153	8.30221201
	3.05661799	3.07262862	3.11002291	3.16064751	3.21110940	3.24748161	3.29704793	3.35581260	3.47615808	3.64707679	3.96271747	4.34773396	4.73461387	5.13975057	5.58485635	6.07436606	6.60094453	7.00784388	7.39748476	7.63611886	7.84169139	8.11703854	8.24601896	8.31239336	8.36289778	8.42834032	8.51922363	8.65353532	8.81011474	8.89781444	8.96023097	9.00946048	9.02952380	9.02151862	9.00277400	8.98285749	8.96588712	8.95833990	8.94446221	8.91806105	8.87416489	8.79909717	8.69728530	8.59363416	8.50193414	8.43034628	8.37933637	8.34619618	8.32202421
	3.74179610	3.07383025	3.12101560	3.17633842	3.22322321	3.25908738	3.31191207	3.37407472	3.48776798	3.66167712	3.97167919	4.35750674	4.74229894	5.14948274	5.59362260	6.07814586	6.59942642	7.00874291	7.40164469	7.63972792	7.85139304	8.13285971	8.26018956	8.32689395	8.37922832	8.44968036	8.55091614	8.70273138	8.84471070	8.92374056	8.98381172	9.03256842	9.05380929	9.04762167	9.03049814	9.01203376	8.99597057	8.98880247	8.97620109	8.95243064	8.91277747	8.84855564	8.74601210	8.63010278	8.52806035	8.44978658	8.39439422	8.35762872	8.33097041
	3.97527887	2.98944329	3.03876966	3.19755522	3.23884228	3.27260055	3.32622125	3.39188217	3.49941775	3.68092781	3.98320736	4.36777752	4.75207530	5.16247627	5.60930451	6.09222479	6.60586186	7.01206981	7.40871921	7.64338089	7.86116574	8.14281095	8.26679812	8.33338632	8.38769526	8.46300049	8.57123494	8.73276680	8.86317216	8.94006445	9.00062106	9.05020114	9.07279744	9.06836573	9.05282903	9.03573097	9.02064544	9.01388113	9.00222392	8.98044543	8.94416134	8.88710532	8.79183710	8.66969904	8.55789468	8.47443551	8.41646308	8.37847920	8.35103352
	5.40306970	3.74305461	3.76828146	3.17689950	3.25924933	3.29386761	3.35351633	3.41865245	3.51516728	3.70261254	3.99654874	4.37985959	4.76403302	5.17681531	5.62634459	6.10816827	6.61424833	7.01609798	7.41620223	7.64743624	7.87420428	8.15530412	8.27600556	8.34312344	8.40073680	8.48293327	8.60173943	8.77483061	8.88406677	8.95899580	9.01960845	9.07017433	9.09435881	9.09187413	9.07780799	9.06182063	9.04752729	9.04110666	9.03055031	9.01042057	8.97751342	8.92591931	8.84362663	8.72245877	8.59565256	8.50355597	8.44090980	8.40033415	8.37123755
	5.77213971	5.10815126	4.42575530	3.35749927	3.28293805	3.32414047	3.39625617	3.45855389	3.54002286	3.74183835	4.02246439	4.39775133	4.78229427	5.19627648	5.64944447	6.13214332	6.62745283	7.02160844	7.42697144	7.65309857	7.89450555	8.17025464	8.28682027	8.35601992	8.42015760	8.51268550	8.64537664	8.81736161	8.90986560	8.98401578	9.04574000	9.09804855	9.12447769	9.12442688	9.11239914	9.09770445	9.08435650	9.07826513	9.06888601	9.05083276	9.02201008	8.97713152	8.90710546	8.80120165	8.65951368	8.55195061	8.48123582	8.43672540	8.40548953
	6.10910919	6.21312016	5.49989943	4.65728438	3.91716885	3.32862354	3.41732357	3.47801501	3.55213158	3.75426060	4.02853968	4.40237370	4.78626655	5.19899712	5.65173059	6.13287454	6.62558598	7.02073876	7.42833784	7.65489739	7.90502438	8.18003891	8.29690495	8.36894948	8.43765446	8.53805796	8.68362330	8.84071910	8.92742920	8.99905382	9.05999262	9.11257525	9.14021478	9.14097263	9.12939722	9.11481562	9.10142996	9.09530166	9.08641451	9.06893572	9.04163159	8.99881008	8.93281538	8.83319365	8.69126588	8.57153794	8.49392383	8.44483554	8.41087376
	5.96786691	6.08315669	5.58896682	5.51342072	4.65651863	3.87588141	3.40672958	3.50073105	3.56610932	3.77205183	4.04154326	4.41140676	4.79613926	5.20867874	5.66343828	6.14648319	6.63447333	7.02488934	7.43518895	7.65925547	7.91995540	8.18972747	8.30466113	8.37882041	8.45213079	8.56007700	8.71597856	8.85826550	8.94127781	9.01209305	9.07363285	9.12709856	9.15610492	9.15801175	9.14710606	9.13300167	9.11982611	9.11392302	9.10530368	9.08866437	9.06289256	9.02281622	8.96149212	8.87070736	8.73206470	8.59955626	8.51592392	8.46370621	8.42803650
	6.04225286	6.14724656	5.95902005	6.08407607	6.13628303	5.07923744	3.84316016	3.53713694	3.58784533	3.79412942	4.06433332	4.42664320	4.81213090	5.22277331	5.67877936	6.16584456	6.64986566	7.03245719	7.44552020	7.66697329	7.94803529	8.20431746	8.31801212	8.39699132	8.47882887	8.59856361	8.76663784	8.88333897	8.96215388	9.03219527	9.09419972	9.14893146	9.17990219	9.18353455	9.17340062	9.15970545	9.14667948	9.14083255	9.13252938	9.11669726	9.09250983	9.05545310	8.99952871	8.91726839	8.79261915	8.64746947	8.55138938	8.49252092	8.45337969
	6.01571209	6.12121483	6.32370390	6.43971062	6.51015194	6.11744918	4.50136080	3.56276227	3.60193521	3.80310197	4.06853201	4.42845945	4.81459691	5.22434953	5.68044353	6.16739379	6.64933806	7.03185199	7.44688418	7.66841747	7.95679028	8.21009412	8.32434481	8.40630128	8.49284419	8.61931212	8.79198701	8.89630605	8.97275960	9.04196021	9.10407018	9.15956401	9.19160545	9.19611457	9.18614234	9.17243752	9.15930104	9.15347458	9.14528814	9.12969403	9.10622302	9.07035304	9.01677164	8.93791889	8.82008925	8.66951097	8.56639829	8.50354881	8.46222386
	6.00965137	6.11510947	6.23533786	6.34850660	6.45527858	6.60454567	5.22364099	3.58538405	3.61433259	3.80756184	4.06792447	4.42676474	4.81281306	5.22136469	5.67615334	6.16069874	6.64163230	7.02741355	7.44327789	7.66619567	7.95630438	8.21094971	8.32686294	8.41114062	8.50101039	8.63262163	8.80489125	8.90407715	8.97906601	9.04754549	9.10947636	9.16552002	9.19856195	9.20371727	9.19378091	9.17981001	9.16627782	9.16050700	9.15230385	9.13666760	9.11341282	9.07796729	9.02534697	8.94794603	8.83223838	8.68020376	8.57178658	8.50566965	8.46245204
	5.98685746	6.09511746	6.21391810	6.32485067	6.42823293	6.55270718	6.56104585	3.62284966	3.63724146	3.82356057	4.08827315	4.44106550	4.82574167	5.23122512	5.68593476	6.17425485	6.65478137	7.03529194	7.45311036	7.67587541	7.98533242	8.22652678	8.34320823	8.43464707	8.53568430	8.68437862	8.84016070	8.92825696	8.99995513	9.06698342	9.12845944	9.18534414	9.22035505	9.22679079	9.21715733	9.20298605	9.18904337	9.18318122	9.17504883	9.15937126	9.13679366	9.10248376	9.05293535	8.98065691	8.87405218	8.73094334	8.60563310	8.53010361	8.48193369
	5.96771929	6.07806380	6.19111324	6.30010361	6.40510891	6.51602323	6.65961166	3.61535412	3.65930176	3.83787083	4.10540554	4.45300500	4.83680055	5.23985627	5.69492409	6.18686719	6.66693742	7.04212934	7.46171325	7.68388421	8.00846125	8.23897804	8.35616863	8.45375082	8.56445128	8.72811703	8.86597918	8.94689347	9.01620499	9.08216472	9.14358566	9.20124023	9.23777665	9.24532215	9.23605214	9.22167047	9.20741869	9.20136336	9.19312672	9.17741426	9.15511026	9.12156529	9.07401492	9.00568919	8.90638524	8.77055786	8.63346840	8.54989595	8.49750087
	5.94264894	6.05399705	6.16873037	6.27676484	6.37838472	6.48101225	6.62481300	4.55559404	3.70117947	3.85653874	4.12071051	4.46240327	4.84631781	5.24678612	5.70106806	6.19511850	6.67461719	7.04630502	7.46739704	7.69013092	8.02782078	8.24935218	8.36891166	8.47480105	8.59700283	8.77524718	8.88824070	8.96526182	9.03346201	9.09867335	9.16056352	9.21983905	9.25902159	9.26854349	9.25973691	9.24514842	9.23018765	9.22378761	9.21528341	9.19935664	9.17689828	9.14397140	9.09825844	9.03383229	8.94153885	8.81789502	8.67155575	8.57544551	8.51654907
	5.92449782	6.03579197	6.15254342	6.26041708	6.35986196	6.45746757	6.57259310	5.33642776	3.73613414	3.87247340	4.13802409	4.47623307	4.85845600	5.25744790	5.70993856	6.20578516	6.68590626	7.05366596	7.47339702	7.69712892	8.04049295	8.25600110	8.37800865	8.48943458	8.61653243	8.79503471	8.89830131	8.97556649	9.04470089	9.11004945	9.17255405	9.23308285	9.27451578	9.28578028	9.27757961	9.26302983	9.24774564	9.24111080	9.23236131	9.21621775	9.19360511	9.16108204	9.11671507	9.05493760	8.96755503	8.85283733	8.70890096	8.60179461	8.53757499
	5.90274122	6.01103267	6.13095637	6.23925734	6.33702154	6.43005678	6.53263849	6.12173674	3.77214208	3.89282038	4.16144584	4.49839648	4.87837011	5.27427965	5.72355339	6.22140602	6.70249124	7.06591950	7.48172710	7.70757514	8.05563656	8.26549921	8.39156128	8.50965573	8.64262846	8.81424345	8.91251079	8.99025596	9.05998884	9.12508344	9.18810653	9.25077079	9.29602305	9.30995612	9.30282931	9.28824384	9.27246293	9.26546684	9.25610525	9.23931287	9.21628227	9.18386641	9.14069937	9.08165335	8.99985383	8.89372070	8.75986710	8.63825989	8.56492707
	5.87795776	5.97751242	6.10178991	6.21168367	6.30893534	6.39870469	6.49227094	6.16423961	3.82099176	3.91806512	4.18221718	4.51241765	4.89179650	5.28540635	5.73154345	6.23001200	6.71037941	7.07083230	7.48570128	7.71408515	8.06598736	8.27483340	8.40660314	8.53253701	8.67385148	8.83564357	8.93254750	9.01023933	9.07902812	9.14299062	9.20598201	9.27204123	9.32331181	9.34158623	9.33601946	9.32101418	9.30393383	9.29634646	9.28605183	9.26802421	9.24371525	9.21057529	9.16739227	9.11050402	9.03369225	8.93560759	8.81444994	8.67856287	8.59117938
	5.86549919	5.95884443	6.08482327	6.19624820	6.29396174	6.38292922	6.47315208	6.20155686	3.85078797	3.93467299	4.19238310	4.51844388	4.89645264	5.28859987	5.73289217	6.23050358	6.70956194	7.07040683	7.48496881	7.71471014	8.06655378	8.27729672	8.41209860	8.54115782	8.68556300	8.84361866	8.94136281	9.01936006	9.08766530	9.15083939	9.21360773	9.28135919	9.33586774	9.35681122	9.35232742	9.33706718	9.31904156	9.31107617	9.30012247	9.28142450	9.25600902	9.22215417	9.17853646	9.12234157	9.04720102	8.95208730	8.83528806	8.69414847	8.59973258
	5.85118879	5.93753523	6.06408904	6.17756762	6.27634416	6.36538432	6.45327953	6.62060771	3.88568307	3.95492882	4.21378499	4.54286127	4.91655735	5.30543606	5.74655260	6.24504685	6.72348443	7.08144750	7.49240979	7.72346159	8.07444440	8.28629084	8.42346983	8.55271021	8.69718940	8.85386312	8.95511453	9.03394326	9.10112977	9.16269461	9.22524747	9.29589493	9.35578181	9.38148380	9.37930942	9.36419934	9.34549812	9.33705835	9.32499829	9.30500407	9.27830449	9.24325429	9.19932668	9.14379064	9.07113490	8.98093753	8.87163817	8.73679861	8.62888192
	5.83926550	5.91766089	6.04199822	6.15747747	6.25743238	6.34678220	6.43311556	6.54913501	3.90435393	3.97347685	4.21705552	4.53779729	4.91517595	5.30354782	5.74272099	6.23798982	6.71247403	7.07182491	7.48606056	7.71725696	8.06599122	8.28607864	8.42507718	8.55437242	8.70221136	8.86187633	8.96586135	9.04464671	9.11053003	9.17086675	9.23403423	9.30823083	9.37467078	9.40570631	9.40559883	9.39031756	9.37039868	9.36117568	9.34811643	9.32664588	9.29816194	9.26166198	9.21667790	9.16100904	9.08977683	9.00246084	8.89708090	8.76703283	8.64742788
	5.82646199	5.89558480	6.01529407	6.13378492	6.23563248	6.32582963	6.41127627	6.50365607	4.40711287	4.00053371	4.22552638	4.53808664	4.91653200	5.30262358	5.73928269	6.23194269	6.70313491	7.06430081	7.48087291	7.71273344	8.05999225	8.28745059	8.42856187	8.55923526	8.71304064	8.87344634	8.97865999	9.05664557	9.12061868	9.17945422	9.24280187	9.32052570	9.39383053	9.43094404	9.43356355	9.41818874	9.39700229	9.38677793	9.37233307	9.34873659	9.31786999	9.27923360	9.23276307	9.17654477	9.10629898	9.02162854	8.91997438	8.79470386	8.66342043
	5.82107619	5.88565153	6.00101534	6.12156346	6.22492913	6.31680411	6.40373806	6.49611551	3.94589310	4.01015997	4.23359958	4.54730473	4.92473186	5.30954138	5.74523472	6.23783388	6.70680438	7.06601973	7.48343559	7.71434880	8.05991774	8.29183345	8.43105956	8.55809151	8.71300302	8.87947224	8.98717801	9.06447380	9.12683218	9.18407794	9.24751097	9.32790301	9.40595982	9.44726760	9.45217830	9.43731842	9.41583995	9.40514163	9.38971672	9.36468604	9.33273568	9.29319158	9.24635251	9.19002308	9.12084407	9.03875397	8.94110375	8.82318876	8.68714067
	5.81272708	5.86901387	5.97479160	6.09878154	6.20405711	6.29721437	6.38467079	6.47497288	4.73713754	4.04386641	4.24099318	4.54053798	4.92005900	5.30337775	5.73716796	6.22526790	6.68841973	7.05194356	7.47269939	7.70375124	8.04423863	8.28802812	8.42714183	8.55299340	8.71322439	8.88636991	8.99582879	9.07181349	9.13231170	9.18827662	9.25210645	9.33586360	9.42087818	9.46876422	9.47635051	9.46140634	9.43857609	9.42686358	9.40971158	9.38227285	9.34784271	9.30610041	9.25746684	9.20029170	9.13133415	9.05056405	8.95502492	8.83860232	8.69827226
	5.80920705	5.86118377	5.96165490	6.08611284	6.19261630	6.28725873	6.37641102	6.46760315	4.32214195	4.05645192	4.24829085	4.54777491	4.92672364	5.30748645	5.74052550	6.22816346	6.68880265	7.05155582	7.47351537	7.70347005	8.04324939	8.29160025	8.42835938	8.55261654	8.71793532	8.89511010	9.00466112	9.07876849	9.13707367	9.19181651	9.25615785	9.34256992	9.43240229	9.48468802	9.49439725	9.47971043	9.45649728	9.44419929	9.42603154	9.39689452	9.36100202	9.31792297	9.26846499	9.21071373	9.14220852	9.06288025	8.96986710	8.85694909	8.71724435
	5.80716274	5.85631855	5.95326629	6.07750429	6.18473368	6.28030634	6.37061513	6.46450427	4.03641838	4.06451915	4.25285394	4.55311895	4.93179791	5.31034375	5.74280701	6.23020434	6.68932281	7.05138345	7.47419839	7.70322640	8.04320069	8.29398027	8.42905096	8.55282559	8.72256836	8.90162421	9.01056196	9.08318181	9.13999278	9.19400320	9.25883722	9.34703627	9.44011795	9.49537574	9.50646174	9.49196175	9.46849445	9.45571901	9.43686754	9.40656826	9.36962762	9.32559405	9.27552803	9.21727751	9.14893733	9.07037141	8.97879098	8.86781280	8.72930636
	5.80704867	5.85591948	5.95242022	6.07624872	6.18349983	6.27936220	6.37022703	6.50176679	4.06827256	4.06255768	4.25490208	4.55936116	4.93685853	5.31419635	5.74680041	6.23534630	6.69473904	7.05433588	7.47754388	7.70532646	8.04756015	8.29653016	8.43041788	8.55424314	8.72623643	8.90480984	9.01289279	9.08472868	9.14094898	9.19487277	9.25986403	9.34875976	9.44245590	9.49833068	9.50961000	9.49518949	9.47181576	9.45884844	9.43976142	9.40917762	9.37205540	9.32789671	9.27775351	9.21937144	9.15116412	9.07285301	8.98174501	8.87159925	8.73465681
	5.80538222	5.85194727	5.94555079	6.06885186	6.17657564	6.27294438	6.36447251	6.36142918	4.10582434	4.07211964	4.25874942	4.56334708	4.94086805	5.31606500	5.74782063	6.23600637	6.69456216	7.05355095	7.47755105	7.70446248	8.04781567	8.29732793	8.43025189	8.55478383	8.73123201	8.90957100	9.01641296	9.08705103	9.14241177	9.19596395	9.26127019	9.35138382	9.44722953	9.50504627	9.51723288	9.50298017	9.47935278	9.46596148	9.44621598	9.41479181	9.37674612	9.33181987	9.28108677	9.22228880	9.15400042	9.07593706	8.98534832	8.87580749	8.73926349
	5.80239004	5.84494566	5.93359681	6.05639521	6.16502240	6.26211354	6.35438295	6.14761159	4.10702215	4.09138653	4.26385866	4.56450920	4.94311740	5.31568227	5.74584508	6.23222022	6.68879283	7.04918245	7.47423444	7.70083583	8.04365962	8.29650736	8.42875326	8.55423253	8.73642246	8.91539239	9.02100273	9.09021699	9.14446954	9.19737896	9.26313772	9.35487285	9.45424349	9.51524526	9.52897508	9.51493310	9.49075152	9.47674786	9.45603608	9.42329675	9.38373654	9.33749726	9.28576756	9.22631292	9.15779079	9.08001435	8.99007004	8.88108000	8.74390901
	5.80059230	5.84050575	5.92582940	6.04741620	6.15665619	6.25435645	6.34633881	6.11444195	4.12327068	4.10213899	4.26886902	4.56950408	4.94758405	5.31782968	5.74715695	6.23320478	6.68864242	7.04837122	7.47425658	7.69988612	8.04372128	8.29726726	8.42841307	8.55457272	8.74152310	8.92030242	9.02457099	9.09246657	9.14574403	9.19824544	9.26420920	9.35725255	9.45889759	9.52220552	9.53709993	9.52329215	9.49892384	9.48444636	9.46292411	9.42910780	9.38848857	9.34133868	9.28892193	9.22900239	9.16042533	9.08297361	8.99365885	8.88545225	8.74876565
	5.79864539	5.83559835	5.91714605	6.03691676	6.14674647	6.24508586	6.33912346	5.94923759	4.15514420	4.11355322	4.27548612	4.57805308	4.95510672	5.32194345	5.75013096	6.23621472	6.69070991	7.04866936	7.47550006	7.69952358	8.04560827	8.29855371	8.42815650	8.55544280	8.74872049	8.92623840	9.02855254	9.09474641	9.14688541	9.19894518	9.26511770	9.35974365	9.46387910	9.52965299	9.54587266	9.53244419	9.50793083	9.49292631	9.47035055	9.43526290	9.39333943	9.34516463	9.29190741	9.23148884	9.16283856	9.08574052	8.99710391	8.88975389	8.75380340
	5.79735227	5.83240111	5.91164555	6.03044681	6.14066461	6.23919959	6.33343381	5.92693695	4.16167365	4.12173860	4.27742385	4.57826866	4.95542745	5.32118500	5.74878979	6.23417909	6.68773856	7.04641886	7.47390930	7.69792455	8.04423866	8.29802072	8.42768729	8.55612728	8.75292602	8.92881538	9.03020636	9.09575528	9.14748193	9.19933855	9.26562797	9.36101537	9.46675880	9.53419921	9.55131717	9.53810104	9.51332910	9.49805493	9.47488619	9.43897326	9.39612143	9.34725163	9.29334573	9.23261984	9.16384357	9.08686503	8.99848949	8.89136705	8.75533929
	5.79691524	5.83130694	5.90979949	6.02827873	6.13864983	6.23721411	6.33145352	5.97322961	4.16580122	4.12450662	4.27735856	4.57689347	4.95420034	5.31993580	5.74745272	6.23248483	6.68565874	7.04507628	7.47287893	7.69717513	8.04343145	8.29768249	8.42767485	8.55671830	8.75478243	8.92961560	9.03070205	9.09612779	9.14778091	9.19959230	9.26592787	9.36152832	9.46786920	9.53597832	9.55343990	9.54028783	9.51538397	9.50002887	9.47667255	9.44044777	9.39723128	9.34809620	9.29392183	9.23308388	9.16425550	9.08731325	8.99902787	8.89198138	8.75596643
	5.79666380	5.83050600	5.90833265	6.02630725	6.13681463	6.23543516	6.32977259	5.96705353	4.16743584	4.12629874	4.27784136	4.57695290	4.95408232	5.31962260	5.74709082	6.23199119	6.68477578	7.04439781	7.47257806	7.69678183	8.04339300	8.29772668	8.42763451	8.55705959	8.75644975	8.93061211	9.03133069	9.09653688	9.14801841	9.19978268	9.26618871	9.36202685	9.46886381	9.53749152	9.55521431	9.54212261	9.51717728	9.50173487	9.47819848	9.44172942	9.39824831	9.34890450	9.29455858	9.23363281	9.16478975	9.08792409	8.99978551	8.89293637	8.75719725
	5.79521962	5.82609232	5.90011363	6.01511016	6.12558065	6.22430362	6.35273487	5.37924376	4.17332395	4.12987424	4.28359311	4.59015514	4.96651822	5.32713173	5.75276218	6.23815187	6.69031432	7.04613596	7.47597458	7.69746335	8.04983574	8.30038852	8.42819278	8.56056848	8.77119544	8.93950392	9.03675330	9.09959560	9.14956767	9.20102753	9.26831274	9.36648249	9.47674610	9.54806019	9.56717996	9.55486851	9.52978449	9.51376060	9.48872395	9.45083371	9.40545241	9.35498361	9.29951821	9.23805506	9.16909601	9.09266043	9.00550368	8.90014507	8.76723363
	5.79396108	5.82122451	5.89057477	6.00098202	6.11142915	6.20976292	6.12128633	4.65969122	4.18415780	4.13848212	4.29179198	4.60789386	4.98268677	5.33720951	5.76032781	6.24658118	6.69857882	7.04871628	7.48077621	7.69852266	8.05935798	8.30327016	8.42863147	8.56558582	8.78965616	8.94965112	9.04227423	9.10222534	9.15043403	9.20150873	9.26970723	9.37039583	9.48391029	9.55756575	9.57816337	9.56671443	9.54150299	9.52486534	9.49808885	9.45854591	9.41106285	9.35932926	9.30262486	9.24065190	9.17150189	9.09555385	9.00931090	8.90519722	8.77437060
	5.79352783	5.81865816	5.88523326	5.99226319	6.10279191	6.20055912	5.80438178	4.31436770	4.19317114	4.14737561	4.29726948	4.61829427	4.99181367	5.34296997	5.76450042	6.25126603	6.70344244	7.04996557	7.48343701	7.69889055	8.06518484	8.30427003	8.42844025	8.56861838	8.79990210	8.95456124	9.04437533	9.10273397	9.15002940	9.20088655	9.26941412	9.37123355	9.48586632	9.56020687	9.58153156	9.57049600	9.54523804	9.52831863	9.50062712	9.46019496	9.41169083	9.35929455	9.30198432	9.23982180	9.17051726	9.09481797	9.00885965	8.90496961	8.77410182
	5.79357873	5.81804544	5.88378776	5.99015591	6.10013807	6.19744389	5.74815022	4.29974520	4.19471172	4.14836005	4.29914476	4.62353871	4.99704361	5.34678878	5.76727457	6.25436099	6.70688526	7.05119998	7.48524177	7.69944749	8.06873429	8.30498564	8.42846073	8.57019507	8.80476810	8.95689458	9.04543365	9.10291803	9.14981811	9.20087632	9.26969622	9.37237401	9.48736322	9.56182571	9.58339643	9.57245890	9.54723756	9.53019066	9.50216691	9.46138973	9.41260220	9.35988957	9.30241693	9.24011752	9.17071020	9.09517431	9.00940816	8.90576636	8.77544161
	5.79409596	5.81465207	5.87542330	5.97583655	6.08526580	6.18045706	4.90714450	4.26410944	4.21022382	4.16602338	4.30882175	4.64019091	5.01206036	5.35651978	5.77293870	6.25985247	6.71258242	7.05241758	7.48818568	7.69976238	8.07800437	8.30631241	8.42904257	8.57836177	8.82214485	8.96581462	9.04950357	9.10430331	9.14993756	9.20095159	9.27082614	9.37582537	9.49298887	9.56939140	9.59219919	9.58160114	9.55624037	9.53852148	9.50908102	9.46609168	9.41543676	9.36094445	9.30232853	9.23928379	9.16968244	9.09459898	9.00952889	8.90657174	8.77683546
	5.79417873	5.81451435	5.87498346	5.97502896	6.08431201	6.20393091	4.75294238	4.26482126	4.21097354	4.16701995	4.30984335	4.64260544	5.01426782	5.35814947	5.77412936	6.26122390	6.71421658	7.05324097	7.48916736	7.70032113	8.07997153	8.30693824	8.42946167	8.57964969	8.82456766	8.96718353	9.05025676	9.10470364	9.15017299	9.20122378	9.27127874	9.37661847	9.49397272	9.57049298	9.59335877	9.58273917	9.55733884	9.53957426	9.51003679	9.46686820	9.41608048	9.36145941	9.30274309	9.23963030	9.16999330	9.09495221	9.00996173	8.90711943	8.77770524
	5.79623535	5.81393837	5.87122832	5.96773394	6.07561255	5.98083044	4.44636414	4.27377006	4.21690700	4.17390228	4.31470618	4.65460779	5.02675215	5.36766101	5.77908149	6.26555458	6.71919814	7.05456691	7.49122636	7.70095917	8.08724703	8.30751675	8.43026929	8.58727615	8.83632135	8.97262625	9.05239947	9.10514405	9.15005191	9.20140770	9.27281021	9.37993258	9.49882740	9.57643281	9.59977528	9.58944944	9.56422795	9.54593453	9.51540329	9.47047386	9.41832005	9.36206801	9.30262529	9.23880938	9.16917512	9.09451805	9.01024691	8.90821927	8.77999260
	5.79804510	5.81253397	5.86596251	5.95810477	6.06450232	5.76220391	4.22421953	4.28427000	4.22492158	4.18267377	4.31955263	4.66577204	5.03855549	5.37598003	5.78287491	6.26832321	6.72195535	7.05404095	7.49154250	7.69989095	8.09186471	8.30645615	8.42952520	8.59286043	8.84617249	8.97658056	9.05326362	9.10442408	9.14878504	9.20032773	9.27287515	9.38145986	9.50182321	9.58066460	9.60469372	9.59487301	9.56995169	9.55105550	9.51935228	9.47247595	9.41883524	9.36074647	9.30058211	9.23603521	9.16647771	9.09222174	9.00855406	8.90705720	8.77874088
	5.79922009	5.81240784	5.86429376	5.95475976	6.06200916	5.61607938	4.28283608	4.28847510	4.22748039	4.18585611	4.32130449	4.67058862	5.04432077	5.38072236	5.78491358	6.26960546	6.72345920	7.05395201	7.49136954	7.69922540	8.09303078	8.30512208	8.42849974	8.59428784	8.84831831	8.97658714	9.05221747	9.10295930	9.14724752	9.19886332	9.27173457	9.38045509	9.50087090	9.57965333	9.60378098	9.59431111	9.56971488	9.55059695	9.51841862	9.47090966	9.41674798	9.35798183	9.29765671	9.23286542	9.16343545	9.08931408	9.00578371	8.90424751	8.77484106
	5.80346710	5.81546079	5.86589026	5.95507035	6.07518977	5.04625592	4.32331556	4.29594723	4.22801903	4.18915454	4.32596776	4.68398409	5.05949977	5.39654212	5.79339077	6.27719849	6.73405489	7.06020026	7.49679284	7.70399355	8.10483218	8.30767619	8.43214748	8.60644980	8.86008100	8.98166073	9.05408451	9.10358358	9.14782077	9.20001487	9.27413334	9.38415398	9.50490927	9.58279625	9.60638074	9.59702411	9.57276431	9.55337659	9.52064781	9.47244808	9.41726830	9.35772136	9.29689410	9.23165587	9.16227692	9.08839778	9.00569594	8.90510896	8.77747750
	5.80696615	5.81679988	5.86448249	5.95002478	6.07835592	4.85826443	4.34194864	4.31206303	4.24024933	4.20025722	4.33143021	4.69169114	5.06662375	5.40377082	5.79593905	6.27854946	6.73617505	7.06153015	7.49777988	7.70592883	8.10914612	8.30847021	8.43535444	8.61791877	8.86820881	8.98529934	9.05581546	9.10450671	9.14858215	9.20113837	9.27593169	9.38712318	9.50892866	9.58752187	9.61154974	9.60240738	9.57815380	9.55833850	9.52440159	9.47494222	9.41793874	9.35716043	9.29538286	9.22965597	9.16019569	9.08672021	9.00460975	8.90473315	8.77770992
	5.81020598	5.81891399	5.86519484	5.94923490	6.02234921	4.73081088	4.35415590	4.32033332	4.24368589	4.20481505	4.33505268	4.69952791	5.07503438	5.41336191	5.80050559	6.28207288	6.74086843	7.06448034	7.50011596	7.70843332	8.11505762	8.30955022	8.43775024	8.62664102	8.87539933	8.98832801	9.05696025	9.10492548	9.14890768	9.20193436	9.27755951	9.38970671	9.51195398	9.59031178	9.61421636	9.60521043	9.58111513	9.56105644	9.52647432	9.47635343	9.41832224	9.35685415	9.29456336	9.22848379	9.15901135	9.08576203	9.00419243	8.90494155	8.77891162
	5.81398925	5.82157278	5.86645437	5.94896570	5.88390529	4.40563606	4.36661986	4.32878134	4.24681683	4.20945522	4.33930556	4.70890070	5.08538764	5.42492148	5.80634794	6.28708708	6.74805494	7.06938899	7.50386454	7.71261203	8.12325606	8.31180953	8.44178028	8.63844834	8.88439984	8.99246357	9.05893794	9.10601254	9.14993603	9.20352807	9.27994072	9.39326306	9.51583801	9.59386065	9.61763195	9.60868167	9.58468482	9.56441719	9.52905563	9.47823849	9.41902037	9.35681814	9.29400318	9.22754353	9.15806193	9.08510710	9.00412928	8.90562871	8.78093594
	5.82291863	5.82833742	5.87060123	5.95012550	5.92606957	4.38979116	4.40505987	4.35812470	4.26232907	4.22269708	4.34699348	4.72242092	5.09998151	5.44307679	5.81421708	6.29217401	6.75507673	7.07463693	7.50698463	7.71782667	8.13158901	8.31356549	8.44759077	8.65672897	8.89514341	8.99666956	9.06040909	9.10653994	9.15044825	9.20495434	9.28254626	9.39722554	9.52013636	9.59798240	9.62191292	9.61337515	9.58996229	9.56924309	9.53216324	9.47975148	9.41828772	9.35463139	9.29066639	9.22383970	9.15433517	9.08212751	9.00217458	8.90520769	8.78259222
	5.82880121	5.83386484	5.87573213	5.96142084	5.94610565	4.41440197	4.42728937	4.37349579	4.26797808	4.22762669	4.35091279	4.73051417	5.10951983	5.45681099	5.82080665	6.29673401	6.76131536	7.08021915	7.51002247	7.72277700	8.13723165	8.31538922	8.45196752	8.66805116	8.90029597	8.99862814	9.06111348	9.10698680	9.15108146	9.20621726	9.28463155	9.39984482	9.52241996	9.59960502	9.62331079	9.61497300	9.59203358	9.57116980	9.53338900	9.48040100	9.41805730	9.35384814	9.28936203	9.22248945	9.15298061	9.08123534	9.00186654	8.90594851	8.78540340
	5.83749585	5.84444521	5.88864749	5.99675633	5.59359060	4.43862903	4.45081924	4.38633518	4.26733710	4.23046132	4.35682001	4.74229454	5.12405452	5.47972338	5.83428554	6.30653113	6.77432343	7.09335258	7.51690358	7.73300634	8.14665964	8.31962345	8.45886253	8.68138932	8.90524644	9.00064824	9.06221013	9.10818320	9.15293517	9.20887561	9.28831761	9.40370250	9.52468982	9.59980536	9.62260518	9.61451220	9.59218172	9.57149366	9.53372306	9.48099536	9.41876122	9.35465682	9.29014617	9.22345562	9.15409197	9.08281548	9.00417003	8.90969984	8.79296459
	5.85072130	5.85944181	5.90602200	6.00128999	5.33291236	4.48033772	4.49208195	4.41408789	4.27336659	4.23774791	4.36488741	4.75666842	5.14170646	5.50717469	5.84997119	6.31698111	6.78785078	7.10689257	7.52363777	7.74384364	8.15601276	8.32344150	8.46619632	8.69623594	8.90997550	9.00187074	9.06241327	9.10855594	9.15418020	9.21100157	9.29155189	9.40686942	9.52573442	9.59835583	9.62035243	9.61298111	9.59168817	9.57117825	9.53316114	9.48045277	9.41817396	9.35400910	9.28948708	9.22314538	9.15413091	9.08363231	9.00618917	8.91387175	8.80209687
	5.86277558	5.87249068	5.92110940	6.01942299	5.50359330	4.51855649	4.52718375	4.44222128	4.28282499	4.24676845	4.37279056	4.76669561	5.15353964	5.52406718	5.86218753	6.32323954	6.79500089	7.11601134	7.52722575	7.75138920	8.16060226	8.32561130	8.47122492	8.70619817	8.91222437	9.00208220	9.06225059	9.10849767	9.15469446	9.21220942	9.29325751	9.40845505	9.52591478	9.59719340	9.61927768	9.61282277	9.59243955	9.57203745	9.53362924	9.48046432	9.41800862	9.35338214	9.28884793	9.22265990	9.15409559	9.08426448	9.00802481	8.91765935	8.80937497
	5.87264478	5.88192885	5.93027433	6.01745612	5.67232766	4.56263632	4.56780335	4.48435979	4.30421083	4.25866339	4.37864944	4.77341666	5.16107101	5.53396065	5.86634855	6.32448705	6.79605346	7.11565521	7.52642394	7.75158221	8.15966222	8.32413043	8.47135375	8.70777911	8.91109198	8.99993674	9.05989712	9.10618714	9.15278636	9.21059393	9.29180493	9.40678494	9.52343540	9.59407088	9.61673147	9.61139636	9.59207042	9.57147202	9.53218213	9.47797452	9.41498422	9.34959659	9.28494733	9.21888673	9.15072596	9.08138371	9.00600234	8.91681259	8.81021544
	5.88194544	5.89291035	5.94466320	6.02264609	5.71176153	4.58538069	4.58409893	4.49640875	4.30587410	4.26422079	4.38621995	4.78185181	5.17124419	5.54860012	5.88056345	6.33171882	6.80377760	7.12778380	7.53066813	7.76019409	8.16426633	8.32667580	8.47579848	8.71513779	8.91221417	8.99985501	9.05981742	9.10632862	9.15320087	9.21164935	9.29311151	9.40769838	9.52259209	9.59170829	9.61426061	9.60952319	9.59094605	9.57057392	9.53143507	9.47725014	9.41463727	9.34913704	9.28476186	9.21893310	9.15108161	9.08210003	9.00752324	8.91964162	8.81508918
	5.90614752	5.92075343	5.97937128	6.03991897	5.56592407	4.63709865	4.62308421	4.53519448	4.31917010	4.27972831	4.40725980	4.80315100	5.19641281	5.58225825	5.91337271	6.34750979	6.82098427	7.15420298	7.54054828	7.78096544	8.17549088	8.33362236	8.48823993	8.73627745	8.91669357	9.00092355	9.06037376	9.10734965	9.15497024	9.21488694	9.29758003	9.41201362	9.52403909	9.59091896	9.61427695	9.61141709	9.59423206	9.57450881	9.53468444	9.47905649	9.41601061	9.34924099	9.28496374	9.21903342	9.15200936	9.08399358	9.01143658	8.92684212	8.82808670
	5.93560761	5.95582989	6.02726420	6.04689958	5.23370480	4.69630921	4.67402869	4.58505638	4.35445444	4.30320401	4.43574757	4.82298838	5.21859858	5.60745034	5.94399755	6.35880807	6.83185526	7.17633437	7.54743973	7.79973070	8.18352954	8.33965090	8.50029671	8.75870281	8.92158654	9.00290868	9.06144953	9.10865142	9.15686232	9.21796256	9.30230025	9.41730899	9.52804760	9.59441359	9.61995497	9.61893535	9.60312122	9.58384792	9.54242515	9.48376921	9.41865836	9.34960111	9.28405722	9.21769982	9.15099165	9.08382503	9.01309040	8.93169376	8.83817273
	5.96259502	5.99053586	6.03745978	5.63124563	4.93133300	4.73616260	4.70840612	4.61175851	4.36808845	4.31838418	4.46689952	4.84204033	5.23961732	5.63067114	5.98332365	6.37461136	6.84607592	7.20904358	7.55758960	7.82381144	8.19384225	8.34767365	8.51242886	8.77896290	8.92623866	9.00575072	9.06366493	9.11069969	9.15953206	9.22148351	9.30648643	9.42057502	9.52819314	9.59331856	9.61915339	9.61962011	9.60555147	9.58740410	9.54598788	9.48653252	9.42095608	9.35118862	9.28512626	9.21888441	9.15248815	9.08625318	9.01695646	8.93839591	8.84945658
	5.99581483	6.02488882	6.08537590	4.79051813	4.73623314	4.77798663	4.74746458	4.64168779	4.37609968	4.33479996	4.51534533	4.86495282	5.26498827	5.65643758	6.03347012	6.39510510	6.86215456	7.24967680	7.56964999	7.85407635	8.20478255	8.35650825	8.52437407	8.79406931	8.92981668	9.00774347	9.06529817	9.11212997	9.16172148	9.22475364	9.31029366	9.42281702	9.52648853	9.59022126	9.61683835	9.61966930	9.60814592	9.59181037	9.55103283	9.49084649	9.42459036	9.35446365	9.28803308	9.22222729	9.15626397	9.09129279	9.02379592	8.94880956	8.86551828
	6.01129705	6.03537164	5.77797878	4.69974956	4.78830137	4.80352734	4.77582284	4.67389197	4.39931649	4.35064665	4.54977590	4.87828168	5.27899928	5.66765351	6.05223681	6.40457964	6.86808231	7.26442149	7.57506011	7.86981899	8.20988566	8.36103803	8.53126112	8.80267867	8.93392474	9.01035634	9.06728060	9.11399035	9.16390754	9.22771007	9.31410128	9.42690835	9.53046452	9.59539627	9.62380937	9.62851267	9.61854842	9.60304373	9.56179008	9.49969853	9.43140104	9.36008108	9.29258362	9.22664660	9.16072139	9.09641749	9.03006127	8.95733712	8.87749868
	6.02749592	6.04704636	5.46786781	5.16679021	4.81471741	4.83093777	4.80455889	4.70601852	4.43003022	4.37095959	4.59180634	4.89909987	5.29873334	5.68302510	6.07731557	6.41941216	6.87707768	7.28663249	7.58283917	7.89196315	8.21704940	8.36688479	8.53976314	8.81305724	8.93895693	9.01374065	9.06975558	9.11623453	9.16647859	9.23087157	9.31771325	9.42996796	9.53272948	9.59802158	9.62821414	9.63508263	9.62710981	9.61291378	9.57170007	9.50838196	9.43841424	9.36612162	9.29784938	9.23207997	9.16634566	9.10281280	9.03768276	8.96732510	8.89146435
	6.03878903	6.05351095	5.53793901	4.87197922	4.83480463	4.84822230	4.81213576	4.72736314	4.49107368	4.40582310	4.64202193	4.93050986	5.32792188	5.70309844	6.10581370	6.43685213	6.88661188	7.30844876	7.59091780	7.91579481	8.22423554	8.37230616	8.54815838	8.82292347	8.94471889	9.01748172	9.07232173	9.11846826	9.16903651	9.23386468	9.32075224	9.43222175	9.53423247	9.60054570	9.63334787	9.64324470	9.63790651	9.62565078	9.58435899	9.52046436	9.44871681	9.37523446	9.30675211	9.24107838	9.17590603	9.11333066	9.05015764	8.98295268	8.91199854
	6.04286960	6.06677438	5.36733868	4.94707537	4.88078965	4.88957833	4.95051726	4.76706428	4.53230606	4.43062071	4.66387524	4.95140540	5.34564000	5.71396225	6.11893330	6.44693198	6.89125825	7.31717785	7.59491631	7.92907263	8.22784504	8.37500638	8.55339254	8.82892159	8.94829625	9.01984471	9.07398212	9.11987472	9.17049979	9.23542545	9.32197649	9.43284382	9.53402806	9.60077979	9.63485149	9.64639392	9.64255799	9.63152417	9.59054628	9.52696443	9.45449941	9.38044569	9.31207961	9.24646843	9.18161194	9.11952472	9.05734156	8.99171575	8.92306330
	6.04330283	5.97331853	5.10827108	4.86674210	4.91507389	4.91642397	4.96959372	4.76109776	4.57360487	4.46229555	4.68307732	4.97326425	5.36281746	5.72369209	6.12910649	6.45542223	6.89477704	7.32359074	7.59838907	7.94148333	8.23152524	8.37823200	8.56071756	8.83674950	8.95339566	9.02356996	9.07704209	9.12279226	9.17366275	9.23899744	9.32583356	9.43713947	9.53891451	9.60691231	9.64279905	9.65579743	9.65357908	9.64400435	9.60302692	9.53908460	9.46499647	9.38964667	9.32076917	9.25490311	9.19003254	9.12825379	9.06688316	9.00268130	8.93613381
	6.04362260	5.81342831	5.15543117	4.95839520	5.05500830	5.07226985	5.50995810	5.33199555	4.62499606	4.52007243	4.71053639	5.01809363	5.39473893	5.74135962	6.14684942	6.47541156	6.90253882	7.33602568	7.60517168	7.96463271	8.23758672	8.38349275	8.57253847	8.84754571	8.95986445	9.02820832	9.08078185	9.12644199	9.17759435	9.24315198	9.32989112	9.44039163	9.54159253	9.61013024	9.64859018	9.66412381	9.66448047	9.65715430	9.61766640	9.55415820	9.47856262	9.40209732	9.33270406	9.26683700	9.20194376	9.14058601	9.08016233	9.01773987	8.95392136
	6.04766181	5.87674504	5.28167971	5.07725657	5.18738353	5.23147678	5.85718838	5.88178021	4.66055782	4.56483138	4.72974685	5.05585513	5.42286914	5.75705135	6.16252937	6.49524788	6.91056436	7.34899098	7.61195879	7.98566587	8.24347318	8.38866678	8.58399833	8.85612922	8.96464430	9.03130907	9.08310850	9.12862284	9.17976209	9.24501497	9.33070911	9.43867374	9.53706180	9.60507975	9.64516568	9.66366887	9.66571141	9.66038720	9.62358908	9.56150007	9.48594728	9.40942452	9.34016102	9.27453182	9.20971225	9.14875315	9.08893509	9.02769458	8.96574980
	6.05014088	5.92630630	5.38997344	5.16831465	5.25111696	5.32365151	6.08355570	6.15484166	4.78982072	4.59621514	4.74185466	5.07718221	5.44017104	5.76611809	6.16978473	6.50513563	6.91385306	7.35410969	7.61501880	7.99501852	8.24671748	8.39196904	8.59258747	8.86289753	8.96874016	9.03409636	9.08531564	9.13074067	9.18191569	9.24713483	9.33239566	9.43931505	9.53703873	9.60548739	9.64712218	9.66686958	9.67007074	9.66642009	9.63216968	9.57025109	9.49391762	9.41661922	9.34682805	9.28099903	9.21601211	9.15515195	9.09564508	9.03512182	8.97431249
	6.05119071	6.04833172	5.52095254	5.20185480	5.28095394	5.34491120	6.06710377	6.13429488	5.03338819	4.61983409	4.74884198	5.08488955	5.44574073	5.76844661	6.16912824	6.50125788	6.91131105	7.35047280	7.61311188	7.99281682	8.24632297	8.39202529	8.59575892	8.86648294	8.97119096	9.03575477	9.08670912	9.13210491	9.18344040	9.24892412	9.33449169	9.44199307	9.54096214	9.61092594	9.65424461	9.67394910	9.67761636	9.67493725	9.64309265	9.58019864	9.50217486	9.42350156	9.35260927	9.28625216	9.22084271	9.15982372	9.10034481	9.04011977	8.97978942
	6.04933333	6.01223584	5.49415084	5.23277085	5.30393250	5.42940519	6.06532003	6.13050766	5.62910724	4.64198958	4.75749861	5.09792414	5.45558152	5.77322689	6.17020757	6.49991125	6.90913381	7.34712170	7.61106620	7.99078956	8.24573243	8.39182932	8.59910521	8.87006272	8.97354419	9.03745470	9.08822102	9.13370147	9.18530084	9.25100763	9.33673918	9.44465591	9.54500853	9.61688371	9.66229689	9.68086329	9.68494867	9.68319319	9.65700022	9.59342524	9.51374018	9.43371513	9.36169661	9.29470286	9.22868271	9.16731802	9.10778190	9.04793525	8.98827428
	6.04374813	5.99612529	5.46140538	5.26608689	5.32383773	5.47974483	6.06358503	6.12638470	6.11677451	4.66305096	4.76820334	5.11753264	5.47068961	5.78181130	6.17544773	6.50628636	6.91003071	7.34828333	7.61125756	7.99393483	8.24660608	8.39285169	8.60454738	8.87429245	8.97618409	9.03941349	9.08998283	9.13553361	9.18722011	9.25268045	9.33771793	9.44472828	9.54519098	9.61846585	9.66631495	9.68400136	9.68873960	9.68802643	9.66857497	9.60510079	9.52470484	9.44393946	9.37132979	9.30382376	9.23738330	9.17560762	9.11591378	9.05638216	8.99745787
	6.03608661	5.96466454	5.35336323	5.29280751	5.34245576	5.46160458	6.06171814	6.12050027	6.16599058	4.69004380	4.78178619	5.14132009	5.48825015	5.79223530	6.18168860	6.51369572	6.91122111	7.35042825	7.61190601	8.00037316	8.24836762	8.39491584	8.61297282	8.88029823	8.98008931	9.04237149	9.09273510	9.13825048	9.18981062	9.25461504	9.33812029	9.44314949	9.54319564	9.61787666	9.66838630	9.68705498	9.69238360	9.69304048	9.67827097	9.61849508	9.53777285	9.45635447	9.38327536	9.31527842	9.24841369	9.18600435	9.12599682	9.06669119	9.00855710
	6.03125169	5.93931763	5.35416489	5.30971952	5.35401469	5.44950848	6.06052488	6.11650652	6.15339993	4.70909853	4.79108371	5.15468764	5.49755629	5.79797485	6.18446744	6.51728249	6.91128879	7.35062136	7.61182564	8.00184149	8.24914798	8.39607717	8.61767271	8.88363613	8.98234729	9.04420658	9.09448671	9.14005207	9.19138960	9.25573615	9.33820792	9.44200004	9.54202135	9.61781277	9.66884589	9.68832983	9.69422228	9.69559101	9.68182131	9.62622621	9.54537514	9.46350222	9.39012033	9.32176214	9.25446010	9.19150643	9.13117876	9.07187368	9.01408178
	6.02865261	5.93290458	5.49548339	5.33736214	5.37465832	5.55132760	6.06003176	6.11360587	6.15078717	4.73015901	4.79951029	5.16267468	5.50149336	5.80007510	6.18337354	6.51351428	6.90831731	7.34616530	7.60919559	7.99644859	8.24811443	8.39560019	8.61958996	8.88574110	8.98401706	9.04561566	9.09580749	9.14147167	9.19267296	9.25687680	9.33900163	9.44275424	9.54404518	9.62146780	9.67203290	9.69129262	9.69740313	9.69925438	9.68653396	9.63480368	9.55317870	9.47024314	9.39608175	9.32698002	9.25895558	9.19529321	9.13447777	9.07498496	9.01725563
	6.01625093	5.82023552	5.34372709	5.36102000	5.39436125	5.66544104	6.06020208	6.11204834	6.14771855	4.75212703	4.81347356	5.18464565	5.51824646	5.81135975	6.19126010	6.52667354	6.91192321	7.35263032	7.61182365	8.00777824	8.25145840	8.39928417	8.63016548	8.89142679	8.98750455	9.04844931	9.09842181	9.14400023	9.19470662	9.25778158	9.33761734	9.43837086	9.53804075	9.61548282	9.66944847	9.69013619	9.69693207	9.69984222	9.68840225	9.64090483	9.56065182	9.47835268	9.40446157	9.33514094	9.26655780	9.20224506	9.14107357	9.08173039	9.02460020
	5.99918922	5.70032104	5.36255356	5.38183542	5.41176666	5.74038919	6.05874189	6.11046720	6.14540338	4.76715017	4.82254867	5.19628913	5.52686948	5.81725437	6.19443285	6.53223100	6.91260253	7.35397999	7.61219360	8.01043906	8.25276948	8.40120202	8.63630112	8.89502498	8.98993580	9.05057691	9.10037441	9.14589486	9.19638865	9.25896842	9.33787862	9.43765944	9.53738527	9.61573227	9.66954724	9.69141376	9.69856799	9.70205639	9.69142803	9.64838866	9.56842626	9.48598186	9.41175197	9.34180586	9.27250697	9.20750790	9.14590337	9.08651112	9.02963756
	5.99600486	5.76625268	5.46304970	5.40879651	5.49483236	5.84742709	6.05717160	6.10713334	6.14246003	4.79067190	4.83268597	5.20104439	5.52555056	5.81527163	6.18962222	6.52076695	6.90655104	7.34473987	7.60722562	8.00033152	8.25066215	8.39997743	8.63757862	8.89749542	8.99230732	9.05284779	9.10254981	9.14829770	9.19892522	9.26171963	9.34126915	9.44244807	9.54498090	9.62653873	9.67807875	9.69827617	9.70545680	9.70908094	9.69910888	9.66331874	9.58258806	9.49789782	9.42148450	9.34974341	9.27890551	9.21259192	9.15008224	9.09022211	9.03315809
	6.00687519	5.88370122	5.55608664	5.49148961	5.70795615	5.98942650	6.05720707	6.10392895	6.13972470	5.08928187	4.84726022	5.20722004	5.52192080	5.81059801	6.18167997	6.50120180	6.89710019	7.33026289	7.59931328	7.98384928	8.24671579	8.39678320	8.63628918	8.89951712	8.99452259	9.05497487	9.10462150	9.15066458	9.20154684	9.26456227	9.34502627	9.44802435	9.55425109	9.64007711	9.68878511	9.70696360	9.71416975	9.71786266	9.70872460	9.67974745	9.60083173	9.51302967	9.43359692	9.35940737	9.28648177	9.21835886	9.15458421	9.09401490	9.03661513
	6.00212282	5.90051503	5.66209812	5.61586579	5.80114544	6.00115387	6.05328189	6.09825240	6.13429445	5.41075819	4.87171255	5.21890375	5.52032121	5.80687820	6.17378972	6.48344461	6.88729023	7.31502647	7.59103614	7.96636771	8.24289328	8.39380290	8.63638313	8.90258296	8.99746685	9.05765640	9.10725533	9.15341765	9.20434615	9.26699104	9.34785681	9.45197498	9.56153853	9.65175770	9.69621588	9.71455948	9.72195108	9.72595610	9.71793136	9.69143655	9.62137092	9.53076662	9.44845712	9.37153410	9.29626473	9.22603589	9.16077165	9.09940342	9.04162612
	5.99178186	5.87106043	5.68111117	5.66802668	5.78383444	5.96474718	6.04928917	6.09447993	6.13052073	5.53832503	4.88675017	5.22712172	5.52151254	5.80638845	6.17086017	6.47750661	6.88297560	7.30792482	7.58723088	7.95867055	8.24126605	8.39275481	8.63755805	8.90446271	8.99919830	9.05915758	9.10883732	9.15497112	9.20583737	9.26819151	9.34903646	9.45347095	9.56449538	9.65683079	9.69939708	9.71793746	9.72548918	9.72981962	9.72245607	9.69682487	9.63270757	9.54075337	9.45712838	9.37874675	9.30218057	9.23079767	9.16471920	9.10290971	9.04498405
	5.98569644	5.86868170	5.71566170	5.70438539	5.79209716	5.94648167	6.04613788	6.09095056	6.12712616	5.85718457	4.90481304	5.23500700	5.52039957	5.80393442	6.16544463	6.46705706	6.87631763	7.29522607	7.58137920	7.94338746	8.23796299	8.39007586	8.63525041	8.90499845	9.00015194	9.06009586	9.10998812	9.15609613	9.20697710	9.26919602	9.35008802	9.45526361	9.56829856	9.66296467	9.70322173	9.72188400	9.72952724	9.73417921	9.72744634	9.70272506	9.64567076	9.55187526	9.46642485	9.38614382	9.30804687	9.23534482	9.16836244	9.10603288	9.04792165
	5.97573859	5.87046902	5.74730969	5.73283495	5.80003353	5.92946665	6.03971684	6.08523430	6.12217709	6.11159108	4.93176890	5.24579812	5.51965983	5.80117519	6.15912489	6.45492493	6.86881221	7.28079672	7.57538411	7.92838550	8.23566169	8.38872623	8.63627534	8.90785881	9.00325298	9.06310120	9.11304525	9.15917565	9.20983748	9.27179671	9.35217623	9.45786189	9.57304349	9.67210994	9.70832754	9.72714772	9.73485907	9.74000439	9.73427446	9.71092238	9.66546478	9.56900311	9.48093467	9.39814128	9.31801527	9.24360113	9.17540683	9.11249123	9.05420693
	5.97865233	5.89091015	5.78604774	5.76581980	5.82296164	5.94349042	6.03659576	6.08007396	6.11732017	6.09110954	5.00540589	5.25683904	5.51239841	5.79298702	6.14560797	6.43415179	6.85569524	7.24722928	7.56439321	7.89876030	8.22801503	8.38162975	8.62533553	8.90502876	9.00244189	9.06279596	9.11301928	9.15966752	9.21036287	9.27243879	9.35310268	9.46009814	9.57803484	9.67744079	9.71270002	9.73142392	9.73894037	9.74416080	9.73877818	9.71604221	9.67448424	9.57800030	9.48679325	9.40166274	9.31990800	9.24421622	9.17520551	9.11193901	9.05352248
	5.97913291	5.89751059	5.80162241	5.77985545	5.83143286	5.94196437	6.03419178	6.07748679	6.11539285	6.09315074	5.06757267	5.26514698	5.51124328	5.79055709	6.14057281	6.42632644	6.85065033	7.23408713	7.56038836	7.88813857	8.22567469	8.37960353	8.62255132	8.90483745	9.00300580	9.06359366	9.11384600	9.16061564	9.21117123	9.27293809	9.35320540	9.46007040	9.57861363	9.67862523	9.71398889	9.73274729	9.74021569	9.74557934	9.74052585	9.71828152	9.67772286	9.58281617	9.49040658	9.40445775	9.32214990	9.24600029	9.17669627	9.11338066	9.05504477
	5.96981762	5.88343908	5.78842199	5.76616095	5.81002487	5.90394173	6.02596095	6.07129267	6.11080962	6.09076793	5.12415208	5.27255037	5.51306911	5.79048304	6.13891559	6.42393256	6.84890001	7.23121210	7.56037066	7.89066897	8.22853603	8.38340290	8.63203043	8.91108591	9.00809074	9.06845678	9.11871392	9.16577920	9.21661136	9.27862397	9.35903004	9.46682093	9.58706349	9.68404142	9.71956189	9.73831282	9.74572530	9.75124560	9.74671730	9.72537829	9.68623130	9.59858515	9.50350741	9.41581307	9.33219026	9.25501816	9.18518598	9.12184363	9.06377475
	5.96569118	5.88410286	5.80123014	5.77908718	5.81691179	5.89522641	6.01325137	6.06564905	6.10580501	6.09036856	5.22246509	5.28620833	5.51132393	5.78594616	6.12977418	6.41227457	6.83930837	7.20671034	7.55208492	7.87296993	8.22297666	8.37901741	8.62661662	8.90980323	9.00813097	9.06915242	9.11992512	9.16738255	9.21877411	9.28116531	9.36209784	9.47153499	9.59511975	9.69038565	9.72603790	9.74484507	9.75219757	9.75776423	9.75373542	9.73319655	9.69565580	9.61444654	9.51544316	9.42507638	9.33948698	9.26076282	9.18993181	9.12614001	9.06796947
	5.96365925	5.88293885	5.80156181	5.77617455	5.80673035	5.87502454	5.99899747	6.05802586	6.10096006	6.09255045	5.30804332	5.30288198	5.51088491	5.78187074	6.12046379	6.40021948	6.83055379	7.18265743	7.54636223	7.85846050	8.22108270	8.37804539	8.62543825	8.91221565	9.01114737	9.07249305	9.12358699	9.17132772	9.22315678	9.28583391	9.36673983	9.47698548	9.60358670	9.69661802	9.73298453	9.75203319	9.75959634	9.76535046	9.76208640	9.74267599	9.70650053	9.63548335	9.53341771	9.44045287	9.35310260	9.27318058	9.20180390	9.13807784	9.08040825
	5.96421468	5.88906998	5.81450754	5.78800855	5.81472720	5.87698408	5.99188455	6.05389429	6.09730410	6.09226006	5.36031893	5.31365079	5.50960675	5.77827233	6.11351474	6.39217369	6.82400877	7.16692872	7.54116657	7.84680876	8.21778481	8.37547251	8.62192364	8.91181145	9.01159925	9.07321380	9.12458826	9.17253690	9.22455752	9.28771226	9.36916171	9.48064187	9.61016928	9.70133565	9.73791222	9.75706343	9.76468056	9.77046614	9.76754528	9.74865392	9.71319537	9.64756133	9.54439448	9.44934138	9.36043269	9.27932489	9.20717276	9.14307580	9.08532271
	5.96196078	5.88961381	5.81958256	5.79235752	5.81583552	5.87232954	5.97988021	6.04862280	6.09233687	6.08988892	5.40452893	5.32389826	5.50803636	5.77415095	6.10575966	6.38397648	6.81663031	7.15164885	7.53515728	7.83524478	8.21389163	8.37259628	8.61853662	8.91140438	9.01204253	9.07400088	9.12573823	9.17408620	9.22646357	9.29026016	9.37256466	9.48549132	9.61808256	9.70669752	9.74330461	9.76244310	9.77005375	9.77584042	9.77325898	9.75497721	9.72042308	9.66110752	9.55645142	9.45892057	9.36814426	9.28561504	9.21250288	9.14787256	9.08988241
	5.96047884	5.89304398	5.83053415	5.80282075	5.82202746	5.87171927	5.96444022	6.04079504	6.08425571	6.08619987	5.51005158	5.34498472	5.50492128	5.76593152	6.09005199	6.36798173	6.80177132	7.12198888	7.52269447	7.81069384	8.20455334	8.36499514	8.60691959	8.90764381	9.01068466	9.07357321	9.12594656	9.17505591	9.22784898	9.29219505	9.37558302	9.49034635	9.62728616	9.71323508	9.74996596	9.76912397	9.77671458	9.78237403	9.77991105	9.76223074	9.72853784	9.67529449	9.57087408	9.47014033	9.37684053	9.29228898	9.21774460	9.15228026	9.09386024
	5.96967334	5.90946121	5.85573818	5.82704332	5.84164967	5.88693086	5.97022850	6.04010252	6.08386255	6.09042186	5.66072212	5.37256081	5.50842632	5.76287014	6.08091485	6.35967946	6.79414580	7.10648816	7.51752048	7.79784745	8.20063636	8.36179157	8.59927157	8.90524914	9.01028108	9.07368392	9.12613159	9.17530150	9.22788735	9.29199856	9.37553750	9.49055542	9.62935522	9.71553746	9.75298569	9.77252361	9.78024616	9.78586182	9.78342382	9.76560976	9.73164518	9.68041716	9.57530522	9.47381616	9.38026796	9.29554045	9.22096412	9.15570526	9.09764446
	5.96923369	5.91099453	5.86211773	5.83382179	5.84527691	5.88611643	5.95804855	6.03568301	6.07892484	6.08836990	5.75922954	5.39660143	5.51392362	5.76097965	6.07424807	6.35354197	6.78793567	7.09485463	7.51322365	7.78959506	8.19873375	8.36118467	8.59911756	8.90674229	9.01264175	9.07653746	9.12931809	9.17880357	9.23171411	9.29593805	9.38024620	9.49664413	9.64044508	9.72170119	9.75901507	9.77844935	9.78605879	9.79135749	9.78895591	9.77147276	9.73818839	9.68972898	9.59023267	9.48622063	9.39113715	9.30517082	9.22972547	9.16398335	9.10570364
	5.96684144	5.90820035	5.86156269	5.83391303	5.84380099	5.88208272	5.94751095	6.02828386	6.07311491	6.08519043	5.82275426	5.41315012	5.51607715	5.75803587	6.06657946	6.34756166	6.78135013	7.08463724	7.50861269	7.78115747	8.19540483	8.35890351	8.59520720	8.90541165	9.01265739	9.07718948	9.13038663	9.18026417	9.23362799	9.29813524	9.38332493	9.50113595	9.64548453	9.72549676	9.76280195	9.78217391	9.78966599	9.79466308	9.79221883	9.77485095	9.74190494	9.69440355	9.59858602	9.49356831	9.39698535	9.30991574	9.23375596	9.16763058	9.10917946
	5.96690795	5.91056267	5.86926080	5.84300658	5.85026067	5.88425355	5.94107827	6.02281509	6.06754006	6.08313439	5.89327393	5.43711044	5.51914295	5.75452106	6.05690340	6.33959843	6.77217789	7.07109059	7.50291012	7.77107632	8.19220184	8.35751586	8.59293787	8.90644313	9.01475291	9.07963479	9.13315862	9.18345344	9.23724623	9.30254040	9.38909194	9.50918333	9.65790857	9.73295190	9.77022182	9.78954168	9.79704457	9.80161742	9.79915152	9.78206647	9.74998672	9.70380881	9.61657123	9.50809663	9.40905584	9.32016170	9.24282662	9.17609729	9.11743221
	5.96809001	5.91447955	5.87877142	5.85455627	5.85972292	5.89032154	5.94051207	6.01729315	6.06196872	6.07995906	5.93905685	5.47315652	5.52712977	5.75196888	6.04721595	6.33200619	6.76295582	7.05895106	7.49728898	7.76231518	8.18972444	8.35714311	8.59274832	8.90852626	9.01786588	9.08314611	9.13702355	9.18781020	9.24179863	9.30739524	9.39467219	9.51631325	9.66751546	9.73867453	9.77582826	9.79507043	9.80261302	9.80681714	9.80434263	9.78769890	9.75667075	9.71208119	9.63476257	9.52380210	9.42277849	9.33227815	9.25383408	9.18646894	9.12750988
	5.97624382	5.92679556	5.89868878	5.87663291	5.87927537	5.90702306	5.95437000	6.02067515	6.06325271	6.08343283	5.99584569	5.51308133	5.53278419	5.74743537	6.03361362	6.32160981	6.74947151	7.04156301	7.48702595	7.74490558	8.18001357	8.34959596	8.57761356	8.90108695	9.01377702	9.07999362	9.13422735	9.18521819	9.23919454	9.30455285	9.39117229	9.51193882	9.66381107	9.73744084	9.77529050	9.79492307	9.80269020	9.80667703	9.80406288	9.78741825	9.75654991	9.71211330	9.63435397	9.52306010	9.42200080	9.33158492	9.25341864	9.18649489	9.12803755
