	9.89754002	10.01761979	10.12559966	10.23403008	6.87695979	6.99199978	7.11175927	7.22262810	7.29934583	7.34403178	7.37705901	6.89615850	6.80740748	6.86451898	7.49027181	7.48716013	7.61566811	7.61489147	7.61881920	7.63188915	7.64474685	7.67612479	7.66774728	7.62786116	7.55457608	7.44061768	7.31158546	7.19712058	6.58431884	6.80691307	7.01448851	7.50621235	6.21565340	6.37695714	6.45945229	6.47777630	6.47247579	6.46328287	6.45422614	6.45073482	6.45301095	6.45297008	6.44545826	6.43200213	6.41559217	6.36047987	6.24069003	6.03758224	5.85227566
	10.89295800	12.09137802	12.25821018	12.37552781	12.15764666	12.29903231	12.44246255	12.57772616	12.72476133	12.89204734	13.05539477	13.17543190	13.36112465	13.41276931	13.49802147	13.45823803	13.20142615	13.11106762	13.01891149	12.94542206	11.31362699	8.25985270	8.24538858	8.20443645	8.12720654	12.65041378	12.52207944	12.19149639	12.44184930	10.20892325	7.08499262	7.89202116	5.74464390	4.70129341	4.79920643	4.82074387	4.81358868	4.80205838	4.79138270	4.78878661	4.79344580	4.79681047	4.79868042	4.79515206	4.79240116	4.74037410	4.59912774	4.36000414	4.14724888
	8.80662285	12.42995788	12.55558074	12.66198595	12.80805481	12.97223847	13.12457729	13.27154108	13.43766126	13.61158785	13.75672310	13.87680945	13.95237511	13.99724541	13.99505516	13.95621051	13.91402912	13.83273438	13.73066106	13.65885002	10.71721179	10.41663128	10.38413795	10.33196515	10.25799916	13.28974081	13.17804594	12.96467016	12.84112027	9.58970371	6.76477745	7.68935762	6.64944548	4.66946430	4.76211688	4.78661419	4.78506923	4.77838100	4.77176224	4.77226456	4.77722147	4.77923302	4.77637819	4.77234465	4.76811514	4.71002366	4.55953190	4.31904033	4.08711810
	9.90987566	12.57827878	12.71413862	12.77753618	12.90386761	13.04755479	13.19265732	13.32156144	13.45786421	13.61732966	13.76564270	13.89702605	14.00902752	14.06008669	14.07212685	14.05198390	14.01291620	13.95895480	13.88925729	13.81946497	13.20654117	13.15615559	13.11416144	13.06509911	12.99121989	13.48027838	13.38674006	13.25425482	13.14514619	12.45382676	8.84622141	6.04139398	5.12690291	4.64279168	4.72786240	4.75217920	4.75085191	4.74761765	4.74426329	4.74708608	4.75199074	4.75289494	4.74898105	4.74477185	4.73910318	4.67361535	4.50248301	4.26541686	4.02084164
	10.05823992	10.17581644	12.71569791	12.83592137	13.02483992	13.16820102	13.30426898	13.41897118	13.52874658	13.65307411	13.79526276	13.92934744	14.04447670	14.09823960	14.11671475	14.10492173	14.07671020	14.03497929	13.97934579	13.91784317	13.86034597	13.81340275	13.77767328	13.73802816	13.68759567	13.62933646	13.56242045	13.48809880	13.40885374	13.33591684	13.27606227	4.07562363	4.33397715	4.52549905	4.61381156	4.64569110	4.65619421	4.66113793	4.66557946	4.67301888	4.67772021	4.67667480	4.67052732	4.66541414	4.65696911	4.57721648	4.37914582	4.14654572	3.89686818
	10.52815785	10.62955262	12.50357871	12.72940537	12.93576425	13.07786486	13.20841041	13.32822094	13.43585031	13.54696382	13.67211099	13.78381185	13.88836629	13.94907966	13.97402772	13.96962649	13.94966991	13.91845777	13.88011160	13.83732023	13.79492491	13.75967127	13.73369502	13.70561901	13.66504990	13.61423796	13.55225716	13.48047783	13.39475018	13.31088409	13.24614975	3.93940560	4.26312868	4.44583539	4.54259247	4.58265950	4.59868507	4.60839202	4.61719954	4.62660292	4.63044118	4.62772992	4.61962934	4.61445235	4.60346294	4.50746085	4.30980815	4.06689010	3.82752277
	9.54244467	9.66000207	10.67121170	12.76057278	13.16448886	13.29484561	13.41148981	13.52120900	13.63391121	13.76154105	13.90306440	14.02731894	14.14002209	14.20060720	14.22478859	14.21767638	14.19320843	14.15544100	14.10665912	14.05170094	13.99902629	13.95138342	13.91560484	13.88086650	13.83193713	13.77546850	13.71190656	13.64272892	13.57122251	13.50121296	13.53587958	3.75857801	4.17159315	4.33524673	4.43726984	4.48679173	4.50860762	4.52403856	4.53920843	4.55213777	4.55597149	4.55163409	4.54056484	4.53522538	4.52329650	4.41450723	4.23086225	3.96614553	3.71407436
	10.10236939	11.73228548	11.94560031	12.15190200	13.17953175	13.22673788	13.34275298	13.44622725	13.54808684	13.66102279	13.78093845	13.90519156	14.03296583	14.10514422	14.13738096	14.13682801	14.12055398	14.09097473	14.05202514	14.00866762	13.97166192	13.94161606	13.91803570	13.89730756	13.85940320	13.81209442	13.75481170	13.69000788	13.62068355	13.79151286	4.21130845	3.68012371	4.05993606	4.24341343	4.32422437	4.36779311	4.39455657	4.41583968	4.43639043	4.44949881	4.44987171	4.44163825	4.42690021	4.42896983	4.41477164	4.31024953	4.11139345	3.84070042	3.58748100
	7.73243184	9.63999067	11.59335969	11.80100572	11.92146516	13.27192751	13.39795212	13.51009081	13.62325065	13.75076089	13.87972143	14.01646152	14.15668163	14.23098303	14.26205373	14.26126639	14.24400278	14.21225114	14.16886193	14.11831640	14.07159183	14.03276391	14.00065955	13.97352759	13.92825255	13.87584203	13.81452183	13.74662688	13.69607456	6.31463594	3.11753518	3.52479331	3.94142846	4.15147720	4.24113012	4.28259191	4.30991974	4.33261336	4.35327309	4.36369237	4.36270792	4.35461467	4.34149712	4.34926209	4.33640194	4.23213377	4.00583878	3.72887835	3.51147078
	7.76815696	7.90179336	9.57072574	9.76454921	13.30979263	13.34401025	13.47285352	13.59572777	13.72362151	13.87425338	14.03753441	14.18971572	14.33701621	14.41716401	14.44952749	14.45097963	14.43400517	14.40094619	14.35468574	14.29983107	14.24588308	14.19915074	14.15651070	14.12463715	14.07180401	14.00721781	13.93490934	13.85985808	5.18487134	2.85822854	3.04600231	3.35937716	3.71760684	3.97718579	4.09203584	4.16205699	4.19471689	4.22015678	4.24151552	4.25072671	4.24987390	4.24258604	4.23169157	4.24420932	4.23064254	4.10876090	3.86119036	3.59074530	7.61339715
	7.18836054	7.32412055	10.63197096	10.84908768	12.76547757	13.31605865	13.45010267	13.57938306	13.71463788	13.87188624	14.04519479	14.21561609	14.36303571	14.44530542	14.48078596	14.48639576	14.47524923	14.44980769	14.41320041	14.36811163	14.32332835	14.28254046	14.24276507	14.21544455	14.17175187	14.11547453	14.04833014	11.30688849	2.78357483	2.92698935	3.11792937	3.33302967	3.60257899	3.85488266	3.98420369	4.07738393	4.12815281	4.16107104	4.18385807	4.19122384	4.18838540	4.17871139	4.16634695	4.18490585	4.15933623	3.99761815	3.74510724	3.50533628	10.39301889
	6.08035083	7.51206686	11.08192564	11.30883674	13.19332420	13.33243340	13.47134489	13.60821924	13.75512398	13.92819090	14.10863429	14.29013149	14.43408936	14.51445473	14.55121153	14.56064516	14.55188705	14.52949116	14.49698879	14.45665823	14.41511147	14.37625847	14.33696839	14.30885386	14.26703530	14.21871599	14.16373885	5.43776487	2.80428264	2.93709230	3.12073363	3.29638229	3.49302106	3.69937087	3.82634203	3.93454197	4.01255137	4.07413758	4.12081406	4.13384982	4.12900885	4.11050053	4.09137506	4.12795132	4.09010625	3.91869432	3.65425888	3.44184056	12.03289704
	7.87343468	9.89026801	11.54340644	12.68518187	13.11509583	13.26017269	13.39572024	13.52647051	13.66332343	13.82113466	13.99410885	14.16634294	14.31390910	14.40352402	14.44356521	14.45676549	14.45452415	14.44108395	14.42014504	14.39200345	14.36477957	14.33989147	14.31396167	14.29852475	14.27060456	14.23805748	14.19916584	2.64672286	2.89055552	3.02664539	3.21368403	3.36917419	3.53222880	3.68239238	3.78574228	3.88140131	3.96670928	4.03882263	4.09257304	4.10469218	4.10138251	4.08542197	4.06627985	4.11671070	4.06343253	3.87764464	3.59985580	3.38733906	12.07023731
	9.34510945	11.01340629	11.71145972	12.99046077	13.10150112	13.24525960	13.37903237	13.50810532	13.64276601	13.79698956	13.97163399	14.15140791	14.30007566	14.38551909	14.42618352	14.44224868	14.44286925	14.43297310	14.41663373	14.39335051	14.37156737	14.35205014	14.33102482	14.31925552	14.29732669	14.27034748	14.27713478	2.81965395	2.93613252	3.08716167	3.26348400	3.42527515	3.54841817	3.65919356	3.74306478	3.82225125	3.89711203	3.96479934	4.01461878	4.02799544	4.02598405	4.01478553	3.99902974	4.05623631	4.00177350	3.81307279	3.53352066	3.30362652	12.12385433
	11.19603333	11.88479988	12.08462071	12.87830290	13.06243567	13.20152187	13.32747551	13.44611419	13.56686506	13.69993311	13.85169703	14.01231277	14.16152341	14.25676907	14.30821532	14.33148463	14.33795352	14.33499753	14.32733557	14.31280314	14.30151085	14.29267746	14.28266617	14.28133260	14.27157970	14.25533844	12.52372460	2.89018327	3.03225258	3.18250995	3.36721872	3.52251096	3.64394556	3.72433286	3.78266958	3.83508402	3.88350965	3.93041023	3.96403954	3.97599922	3.97433030	3.96762758	3.95571345	4.00686462	3.94248699	3.73997252	3.45016061	3.19951960	12.25610143
	10.92417054	12.34888854	12.55466737	12.84236067	13.03993131	13.17446230	13.29420612	13.40481193	13.51514969	13.63355868	13.77260853	13.91228554	14.04785125	14.14456368	14.20218595	14.23080326	14.24117467	14.24248075	14.23993508	14.23130840	14.22654976	14.22441937	14.22209747	14.22878109	14.22854927	14.21967077	8.44473276	2.95566506	3.10400258	3.25449755	3.42995923	3.59105013	3.70664112	3.77477362	3.82063802	3.86017176	3.89330063	3.92663770	3.94774874	3.95352728	3.94964537	3.94146982	3.93074732	3.96075059	3.88150069	3.64716763	3.35665474	3.10852680	12.37523670
	12.21139095	12.30640962	12.47905145	12.76614077	12.98873292	13.11891262	13.23050882	13.32868075	13.42173566	13.51621903	13.62159929	13.73877214	13.86411032	13.96224777	14.02279023	14.05603967	14.07076239	14.07661241	14.07948151	14.07711606	14.07993333	14.08605095	14.09401291	14.11326164	14.12682576	14.12811120	5.01811402	3.04795036	3.19842307	3.35375011	3.52974708	3.68053148	3.78463836	3.84457799	3.88248667	3.91017177	3.93497464	3.96069183	3.97511678	3.97701074	3.97160687	3.96220620	3.95174254	3.95697280	3.85387614	3.60461876	3.31902636	3.07045031	12.50806922
	12.15786433	12.29805907	12.46394272	12.73160569	12.97100205	13.09886222	13.20799001	13.30260855	13.39060098	13.47866534	13.57587838	13.68287838	13.79413241	13.88340857	13.93938310	13.97226484	13.98764610	13.99377660	13.99693290	13.99602792	13.99940856	14.00611712	14.01531406	14.03593491	14.05197106	14.05478870	2.83319119	3.09816338	3.24321143	3.40383066	3.56653676	3.71852192	3.81194637	3.85771088	3.88916913	3.91592271	3.94288909	3.96465399	3.97345071	3.97044771	3.96176138	3.94863549	3.93281305	3.90816389	3.77510912	3.50621585	3.22851159	2.98950927	12.58082516
	12.13725849	12.26871249	12.41790676	12.65466593	12.93177217	13.05925058	13.16629011	13.25658189	13.33768203	13.41668507	13.50137721	13.59389436	13.68716630	13.76591922	13.81998407	13.85240378	13.86757642	13.87311830	13.87585008	13.87586785	13.87891177	13.88481978	13.89373839	13.91269369	13.92734084	13.95423294	2.89865919	3.15038220	3.30023549	3.45454732	3.61603296	3.75705574	3.84389075	3.88024594	3.90589568	3.92890364	3.95286360	3.97091705	3.97438153	3.96744230	3.95558176	3.94031661	3.92247033	3.87949740	3.70974156	3.44087323	3.17101930	2.92183307	12.63603350
	12.12206958	12.24812127	12.38590462	12.59571602	12.87970871	13.02705773	13.13348678	13.22258602	13.30071956	13.37546539	13.45401148	13.53983240	13.62469791	13.69761551	13.74903810	13.77991537	13.79403473	13.79817905	13.79944221	13.79904517	13.80014555	13.80352052	13.80977970	13.82406295	13.97287138	12.07557549	3.04971162	3.17977267	3.31668664	3.48185028	3.62775811	3.78094502	3.85046351	3.88314235	3.90680363	3.92646454	3.94464996	3.96072609	3.96171806	3.95261853	3.93894856	3.92163615	3.90287717	3.85265157	3.66367565	3.39154579	3.12587266	2.86512014	12.77833142
	12.07542043	12.18828385	12.30414136	12.47157264	12.72440702	12.93269285	13.05559596	13.14437024	13.21829803	13.28689528	13.35694306	13.43356602	13.50758064	13.57304922	13.62078460	13.64917942	13.66166662	13.66335717	13.66190651	13.82397174	13.82174355	13.82141963	13.82496324	13.83463330	12.36167189	6.84838438	3.14036770	3.26041365	3.41169835	3.56842485	3.72493543	3.87972085	3.93710955	3.96938444	3.99303362	4.01215580	4.02823021	4.04209279	4.04136954	4.03158943	4.01720143	3.99813305	3.97671318	3.92061682	3.72074732	3.44220322	3.16477400	2.90807724	11.36764936
	12.03255717	12.13784594	12.23950744	12.38050777	12.58219142	12.82058709	12.97669321	13.07493624	13.14770398	13.21341125	13.27940454	13.35155114	13.42052231	13.48304141	13.52948510	13.55673322	13.56849907	13.56826783	13.05592112	9.18927728	9.17124797	9.14359663	9.10669486	9.07303635	8.61329595	3.01344494	3.22090613	3.34875650	3.49991918	3.65386394	3.81224276	3.94153920	4.00962275	4.05055841	4.07553185	4.09243885	4.10555461	4.11544106	4.11245703	4.10127958	4.08477966	4.05595172	4.02602485	3.95433973	3.76837530	3.48905336	3.21695242	2.95759859	7.68052997
	11.98520861	12.08348357	12.17148525	12.28764490	12.44946472	12.67041068	12.88180928	12.99758484	13.07039756	13.13422804	13.19759374	13.26658643	13.33205847	13.39283809	13.43875425	13.46509998	13.47628587	13.47402646	9.49951279	3.39086672	3.35050240	3.28256981	3.20455264	3.12447556	3.03855452	3.23126808	3.31657682	3.45185923	3.59182463	3.76558855	3.89917726	4.04315963	4.10529831	4.13861378	4.15381232	4.16309899	4.17244297	4.17875594	4.17343073	4.16062765	4.14291433	4.11317391	4.08545417	4.01506886	3.82396158	3.56323548	3.29316601	3.02744064	3.38396366
	11.97384012	12.07154859	12.15553201	12.26374140	12.41215453	12.61023709	12.81858933	12.95104474	13.03609648	13.09851915	13.16201501	13.23028296	13.29513242	13.35598524	13.40264557	13.42927133	13.43282873	13.51978618	4.51196056	3.63155286	3.59216929	3.52124170	3.44892547	3.37185115	3.28479760	3.25258355	3.34026314	3.47165554	3.61990245	3.79170716	3.92607591	4.06686729	4.12385198	4.15002752	4.16115927	4.16927763	4.17771804	4.18303294	4.17676989	4.16339788	4.14526845	4.11754825	4.09079963	4.00944651	3.81814885	3.55446182	3.28271327	3.01425282	3.57531934
	11.92922292	12.02298635	12.09786560	12.19009383	12.31228656	12.46981883	12.65484793	12.82131948	12.94297446	13.00656525	13.07214397	13.14067740	13.20570606	13.26699322	13.31439185	13.34126974	13.31277851	10.08667473	3.71861896	3.72460847	3.68882674	3.62118004	3.53858483	3.46390111	3.37886597	3.35861435	3.44061051	3.57555292	3.72809252	3.88181413	4.03842263	4.15825283	4.20277265	4.21956765	4.22694647	4.23233640	4.23828496	4.24203971	4.23493145	4.22109284	4.20323380	4.17958569	4.15620157	4.07845873	3.87849139	3.63844602	3.35587563	3.07763783	2.81593822
	11.89993615	11.99438883	12.06526079	12.14925204	12.25805033	12.39593336	12.55856467	12.73706398	12.88305089	12.95341459	13.02091981	13.08983576	13.15442269	13.21575700	13.26392326	13.28240339	10.73977862	4.44240522	3.80307474	3.80364756	3.76700250	3.70339064	3.61498275	3.53549637	3.46891649	3.44903863	3.51281991	3.66448850	3.81723826	3.94844363	4.11770970	4.21151613	4.24299477	4.25492656	4.26010897	4.26374245	4.26847100	4.27078451	4.26193571	4.24679530	4.22839745	4.20791542	4.18750086	4.11449882	3.90762494	3.69194819	3.41265956	3.13366496	2.85193648
	11.86148717	11.95653111	12.02424102	12.10171182	12.20087621	12.32562716	12.47139295	12.63160486	12.77082039	12.85003408	12.93002446	13.01360660	13.09115739	13.15499648	13.20496075	12.24581517	5.56778038	3.81890946	3.85849553	3.86018877	3.82471492	3.76617431	3.68192250	3.60825110	3.54539819	3.51982804	3.58965463	3.73670820	3.88309289	4.02097913	4.17129091	4.26185916	4.29811379	4.30819880	4.31200121	4.31438103	4.31841124	4.31975454	4.30852028	4.28700271	4.26341575	4.24105749	4.22018002	4.14970700	3.95841593	3.72749018	3.46309869	3.18259268	2.89416321
	11.79212523	11.89777540	11.96235383	12.03299489	12.12216085	12.23329678	12.36160031	12.50079905	12.63205952	12.73301214	12.84494192	12.94095369	13.02238338	13.08830305	13.13954795	6.08371306	4.10082075	3.88050970	3.91724026	3.91837589	3.88449586	3.83815151	3.77555294	3.70801780	3.61585954	3.59152574	3.68244204	3.81714807	3.95084158	4.12125411	4.22886317	4.30461958	4.34193619	4.35432212	4.35724305	4.35846935	4.36217587	4.36223933	4.34384176	4.31738634	4.29128605	4.26833014	4.24876549	4.19712910	4.01760733	3.79296493	3.51697635	3.23459500	2.94324410
	11.74125767	11.86234462	11.92488984	11.99155438	12.07500848	12.17882861	12.29784707	12.42651575	12.54946009	12.65640520	12.77722201	12.88381909	12.97897519	13.05202616	13.10256614	4.61587706	3.88254825	3.91855635	3.96403882	3.96235418	3.92057122	3.87150297	3.81938622	3.76118281	3.68531362	3.66115937	3.73928481	3.85538690	4.01182141	4.16472117	4.25044915	4.32958748	4.36936572	4.38048293	4.38088776	4.38049842	4.38236206	4.38000016	4.35846676	4.32720262	4.29776192	4.27270513	4.25250293	4.20140708	4.03858013	3.81253504	3.54325636	3.26863532	2.97199069
	11.54959679	11.77905872	11.85529922	11.91551026	11.98972767	12.08011598	12.18424852	12.29734451	12.40510459	12.50267860	12.61818118	12.72262539	12.81869417	12.92720102	12.61810663	3.92549286	3.93506794	3.97695145	4.02549799	4.02043505	3.97924847	3.92551213	3.86750635	3.80708897	3.73785697	3.71477037	3.78811916	3.90497099	4.06071558	4.20079052	4.29055742	4.37288876	4.40466841	4.41166055	4.40964455	4.40748610	4.40636606	4.40184120	4.38246104	4.35427870	4.32808333	4.30367079	4.27847441	4.22175181	4.06319802	3.84591837	3.58695240	3.31109275	3.00702184
	11.40451902	11.73315096	11.80294600	11.86424989	11.93630369	12.01954554	12.11557184	12.22045897	12.32067462	12.41052863	12.51520738	12.63222471	12.75550581	12.88500948	10.26142402	3.90215399	3.95442778	4.00945062	4.06188450	4.05651140	4.01045135	3.94541913	3.88817653	3.83751371	3.77870728	3.75685948	3.82122432	3.92142442	4.09411042	4.21726207	4.29971889	4.38853742	4.42768232	4.43376558	4.42995793	4.42508138	4.42103898	4.41330907	4.38868536	4.35442024	4.32433065	4.29811026	4.27659133	4.22539757	4.07772745	3.85812415	3.60605597	3.34261875	3.03419407
	11.29912957	11.66844647	11.77001871	11.83368683	11.89842399	11.97521954	12.06452851	12.16255038	12.25660034	12.34081032	12.43639021	12.55548160	12.68115973	12.81346704	10.71140216	4.08729837	3.98447094	4.03801121	4.08708758	4.08366438	4.03909020	3.97547496	3.90453667	3.85266435	3.80746051	3.78608878	3.84047102	3.93993775	4.11700672	4.22396464	4.30515273	4.41000405	4.44600748	4.45106003	4.44687110	4.44153229	4.43637532	4.42838534	4.40456085	4.36332501	4.32660852	4.29570152	4.27147621	4.22449019	4.09281032	3.86239844	3.63188556	3.36779782	3.05877664
	11.19341328	11.58111975	11.71946268	11.79179392	11.85686364	11.93100381	12.01570798	12.10926329	12.20041044	12.28289831	12.37606452	12.49398507	12.60975829	12.72260010	12.14200166	4.57300638	3.99790589	4.04119030	4.07987136	4.08073422	4.04107746	3.99030908	3.92253635	3.86591468	3.81794884	3.79690589	3.84962561	3.95215502	4.10687163	4.22235302	4.30486229	4.39884138	4.42303883	4.42613552	4.42256326	4.41789786	4.41247163	4.40593887	4.38774633	4.35099662	4.31464974	4.28391289	4.25951657	4.21384389	4.06801737	3.86270274	3.63791045	3.37320797	3.06925118
	11.04737205	11.45256699	11.62838824	11.70871082	11.77151871	11.83641838	11.90535632	11.97915204	12.05137697	12.11792181	12.19098869	12.28206749	12.39153543	12.53004466	11.00562688	5.84999641	4.05529641	4.10444918	4.14612694	4.14922059	4.10983185	4.04729751	3.97399181	3.90768003	3.85917043	3.84276875	3.88682200	4.00399481	4.16770137	4.25052693	4.34485906	4.45798799	4.48766580	4.49061107	4.48590743	4.47936793	4.47230323	4.46411140	4.44266487	4.40038985	4.35546569	4.31828438	4.28978123	4.24228103	4.12906641	3.89663806	3.69373502	3.43520264	3.12812300
	10.99498672	11.38971632	11.58023196	11.66803705	11.73471694	11.79993725	11.86607096	11.93599996	12.00473723	12.06907217	12.13945737	12.22796629	12.32968410	12.45097900	12.58717418	6.33141450	4.06453399	4.10360496	4.14148335	4.14627442	4.10836713	4.05742410	3.99571458	3.92937899	3.87539593	3.85572915	3.90553312	4.01869041	4.16274343	4.25870062	4.35770364	4.45410630	4.47566750	4.47801431	4.47380621	4.46818832	4.46169400	4.45498663	4.43791647	4.40282505	4.36178901	4.32662437	4.29853240	4.24641604	4.11831158	3.91040589	3.69775482	3.43699132	3.13309110
	10.90082419	11.30544393	11.51991981	11.62410867	11.69591981	11.76086857	11.81820210	11.87975055	11.94155589	12.00042038	12.06372064	12.14331711	12.24396830	12.37678172	12.50721481	8.39845065	4.02785192	4.07491200	4.11583932	4.12196955	4.08563429	4.02287355	3.96384230	3.90383487	3.85357804	3.83596539	3.87761888	3.97748802	4.13508396	4.23070786	4.31110428	4.39341913	4.42004354	4.42298958	4.41743098	4.41001552	4.40225254	4.39415575	4.37435881	4.34385394	4.30829141	4.27758331	4.25279670	4.21013090	4.08031737	3.87496853	3.66754392	3.42439802	3.13045778
	10.82556234	11.22152508	11.43775312	11.55193722	11.63191765	11.69758728	11.74903251	11.80202471	11.85335033	11.90458843	11.95962975	12.02921527	12.12056247	12.24337593	12.36814039	9.57363372	4.04723115	4.09866396	4.14161604	4.14644488	4.11643253	4.04771999	3.98382134	3.93122214	3.88453962	3.86401245	3.90230543	3.99089755	4.15494149	4.25058270	4.32449817	4.40021104	4.42902413	4.43216784	4.42570334	4.41728516	4.40865099	4.39981113	4.37933477	4.34890988	4.31764133	4.29048794	4.26790356	4.22625848	4.09784072	3.89475725	3.68978517	3.44935190	3.15635611
	10.75030672	11.13304413	11.34747418	11.46989186	11.55832268	11.62478122	11.67061797	11.71405968	11.75383885	11.79558380	11.84143772	11.89908538	11.97719194	12.08422601	12.19790887	12.11754853	4.09873111	4.14515756	4.18161862	4.18418064	4.16314893	4.10304334	4.03845901	3.96557165	3.90612944	3.88139944	3.92238833	4.04210089	4.18597227	4.25821514	4.34424854	4.44402050	4.47789085	4.48064946	4.47343720	4.46280166	4.45040397	4.43825726	4.41288485	4.37344610	4.33273148	4.29933000	4.27359842	4.23490510	4.13776621	3.90953208	3.73716923	3.47689781	3.18139276
	10.70106500	11.08680928	11.30629857	11.43162515	11.52137989	11.58739759	11.63294908	11.67275805	11.70823834	11.74526175	11.78715802	11.83963648	11.91344376	12.01701569	12.13184565	12.28491633	4.94608328	4.13960807	4.18113801	4.18610386	4.16382381	4.11185199	4.05126796	3.97866687	3.92256974	3.89686067	3.93607585	4.04815304	4.18329865	4.26079902	4.34601111	4.43499411	4.46696978	4.46904774	4.46219732	4.45153842	4.43854458	4.42591540	4.40114213	4.36625700	4.33115062	4.29890140	4.27100276	4.23052114	4.11888250	3.91529113	3.73748421	3.48528975	3.19590045
	10.66067601	11.05892975	11.28460332	11.41189541	11.50023477	11.56563323	11.61059749	11.64971943	11.68410123	11.71755177	11.75627566	11.80435622	11.87599492	11.97793587	12.09459344	12.21296850	6.12417046	4.15397762	4.19085693	4.19738495	4.17808972	4.13226171	4.06834310	3.99834300	3.93813191	3.90849404	3.95128072	4.06053208	4.19145670	4.26064168	4.34616389	4.43862034	4.47189574	4.47381376	4.46615803	4.45453338	4.44045388	4.42664864	4.40031525	4.36003706	4.32338051	4.29121303	4.26457437	4.22823465	4.12483662	3.91578325	3.75316957	3.49385050	3.07110482
	10.61614448	11.02980328	11.26386678	11.39495734	11.48428818	11.55029328	11.59441844	11.63217589	11.66480618	11.69582873	11.73155052	11.77657224	11.84713948	11.94944058	12.07195151	12.15620164	9.08567409	4.13572797	4.16284834	4.17641711	4.15500160	4.11699926	4.05758737	3.98737811	3.92765929	3.89848471	3.93870843	4.04049807	4.16311241	4.24257296	4.32066405	4.40233492	4.43198665	4.43346547	4.42531357	4.41425287	4.40184013	4.38915988	4.36553379	4.32847161	4.29414541	4.26415512	4.23832332	4.19616467	4.08353143	3.89314605	3.73117021	3.48078412	4.35640681
	10.56293068	10.99708467	11.23632092	11.36842450	11.45678780	11.52158333	11.56404870	11.60010959	11.63141845	11.66072139	11.69154744	11.73001918	11.79279412	11.88576557	12.00391192	12.08987666	9.98169353	4.35705780	4.19399313	4.20983006	4.19079091	4.15590046	4.10849486	4.05182253	3.99238560	3.96020525	4.00247742	4.08845407	4.19452996	4.28224493	4.37433798	4.45028726	4.47333636	4.47434140	4.46627701	4.45661116	4.44687397	4.43637214	4.41663924	4.37784537	4.34000901	4.30440831	4.27387508	4.22635630	4.11676651	3.94080310	3.76512211	3.51993145	5.10846168
	10.52096114	10.96596923	11.20803712	11.33983315	11.42681859	11.48956517	11.53008141	11.56448386	11.59430558	11.62262558	11.64929119	11.68147186	11.73281767	11.81155720	11.92040191	12.00197874	10.02693432	6.09506828	4.23544821	4.24768709	4.23494645	4.20814936	4.17484448	4.12272546	4.06407307	4.02860469	4.07242237	4.15545307	4.23420668	4.31368713	4.43297107	4.51690126	4.53883987	4.53942754	4.53132613	4.52121334	4.51059686	4.49874089	4.47657207	4.43197209	4.38662574	4.34085552	4.30303485	4.25692185	4.16994612	3.98969289	3.81212606	3.55545438	7.19153899
	10.49565365	10.95145820	11.19884104	11.33179601	11.41884390	11.48117129	11.52107291	11.55488753	11.58418914	11.61245691	11.63860066	11.66925738	11.71565330	11.79033138	11.89780076	11.98017461	11.86006163	8.36590386	4.23761051	4.25003116	4.23865098	4.21135823	4.17620526	4.11913548	4.06690371	4.03668763	4.07036083	4.15157155	4.23576795	4.31624385	4.42325210	4.49748662	4.52095494	4.52145066	4.51232723	4.50120690	4.49009528	4.47677116	4.45421051	4.41702897	4.37725121	4.33576400	4.30064240	4.25484827	4.15958494	3.98536360	3.81151088	3.56167213	9.35121189
	10.47569474	10.93618517	11.18729397	11.32054346	11.40680178	11.46794769	11.50675347	11.53971322	11.56837780	11.59635383	11.62198152	11.64935704	11.68876794	11.75473687	11.85636783	11.93662827	11.96699633	10.34970186	4.17722252	4.26837908	4.25753921	4.23226663	4.20271479	4.15872616	4.11056571	4.07581475	4.11207413	4.18244722	4.25398862	4.34007461	4.45078369	4.53135785	4.55273561	4.55286833	4.54433999	4.53354468	4.52043342	4.50434448	4.47951618	4.44049376	4.39901522	4.35639227	4.32082122	4.27327627	4.18110347	4.01056305	3.83116085	3.58786136	11.34094479
	10.45045916	10.92117394	11.18163748	11.31651043	11.40201813	11.46252844	11.50036199	11.53241314	11.56111515	11.58887836	11.61384262	11.63907477	11.67339115	11.72816341	11.82120193	11.89765285	11.93047356	11.99244593	5.99012850	4.29028165	4.28048477	4.25791959	4.23235600	4.20238206	4.16462953	4.13000165	4.16427712	4.21470381	4.27303324	4.36993318	4.49306754	4.57370864	4.59168854	4.59163333	4.58428411	4.57446418	4.56038638	4.54380095	4.51777147	4.47689350	4.42922888	4.37207739	4.32814283	4.27854380	4.20500709	4.05102276	3.85322320	3.63318674	11.21448085
	10.45796202	10.93167294	11.19355486	11.32711148	11.41122233	11.47113004	11.50830721	11.54002653	11.56910352	11.59738057	11.62215964	11.64629134	11.68008613	11.73374635	11.82229160	11.89542369	11.92680260	11.90571089	7.70134030	4.33823128	4.32522664	4.29720159	4.26645099	4.23518436	4.19996465	4.16898205	4.19785246	4.24643198	4.32105324	4.42422546	4.53541566	4.60333095	4.62087813	4.62056696	4.61317270	4.60319226	4.58892041	4.57300760	4.55061563	4.52009325	4.48074312	4.42463512	4.37994966	4.32747172	4.23478617	4.10000294	3.89085665	3.68298661	11.21131224
	10.44852088	10.93448394	11.20580007	11.34075859	11.42462502	11.48495756	11.52200034	11.55369915	11.58354595	11.61267046	11.63764019	11.66058514	11.69378531	11.75020080	11.83593467	11.90695654	11.93767772	11.91732000	11.19251350	4.25398626	4.34275064	4.31466856	4.28362403	4.25349030	4.22342653	4.20046470	4.21897329	4.26058261	4.33561466	4.44926499	4.55624152	4.61510681	4.63062172	4.63007838	4.62278533	4.61307091	4.60135467	4.58681065	4.56455106	4.53579464	4.49641555	4.43705252	4.38767489	4.33404635	4.24250248	4.12279782	3.90544995	3.71853204	11.21414942
	10.44212638	10.94551458	11.22859706	11.36539313	11.44947902	11.51086006	11.54804928	11.57984724	11.61064149	11.64088868	11.66608807	11.68772789	11.72141794	11.77963168	11.86275897	11.93145070	11.96121453	11.94062787	12.09099703	5.65917294	4.32783421	4.34358589	4.30829499	4.27436391	4.24303476	4.21917107	4.23605400	4.27848882	4.35945934	4.46774292	4.56374112	4.62262549	4.63888771	4.63846700	4.63061504	4.61998006	4.60756947	4.59137558	4.56888290	4.53970200	4.50141422	4.44665364	4.40020942	4.34978490	4.25252049	4.13252673	3.93057273	3.74283932	11.21964287
	10.43246380	10.95630077	11.25366199	11.39285659	11.47727662	11.53990604	11.57726476	11.60907023	11.64085937	11.67232753	11.69783778	11.71813561	11.75244978	11.81065576	11.89079936	11.95723511	11.98632581	11.96568569	11.90047565	8.19870827	4.20085822	4.36102660	4.32469113	4.28891167	4.25699418	4.23215951	4.24750785	4.28935662	4.36741339	4.47419333	4.56405987	4.62330122	4.64009449	4.63985599	4.63153745	4.62015701	4.60707537	4.58881960	4.56573904	4.53539662	4.49604758	4.44350059	4.39646434	4.34832981	4.25434411	4.13444523	3.94425543	3.75860640	11.22617867
	10.43852341	10.96375416	11.26075163	11.39913049	11.48296733	11.54537576	11.58260879	11.61434528	11.64630252	11.67799855	11.70360398	11.72404481	11.75819897	11.81539820	11.89429679	11.95971840	11.98807353	11.96755180	11.96880723	8.36959566	5.01656630	4.37521302	4.33607774	4.29798742	4.26504313	4.24088492	4.25517670	4.29815924	4.38243936	4.49299759	4.57998483	4.63219065	4.64807580	4.64797474	4.64001665	4.62912220	4.61712400	4.60160324	4.58108863	4.55299495	4.51394125	4.46149652	4.41185669	4.35896061	4.26094162	4.15071312	3.95570446	3.77232925	11.22714562
	10.42419968	10.96475631	11.28142879	11.42410589	11.50864707	11.57181388	11.60906771	11.64005162	11.67214486	11.70358644	11.72832426	11.74641118	11.77684990	11.82680202	11.89719545	11.95657270	11.98228379	11.96325192	11.87749809	10.12365170	8.30955646	4.43029899	4.39304883	4.35510568	4.31970966	4.29064626	4.30424096	4.35096157	4.43136892	4.53974184	4.61518407	4.66208602	4.67912844	4.67799267	4.66896044	4.65689737	4.64447849	4.63025061	4.61136896	4.58529755	4.54829287	4.49864389	4.44484774	4.38665215	4.29522653	4.18768100	3.99965953	3.81892235	11.22898258
	10.40873456	10.95559767	11.28472946	11.43086886	11.51633000	11.57974057	11.61691850	11.64724312	11.67891105	11.70921217	11.73313232	11.74986718	11.77774703	11.82429292	11.89101559	11.94797407	11.97285574	11.95477628	11.90470724	10.22477999	10.16028327	4.39443466	4.41004739	4.37452321	4.33877869	4.30760173	4.32083462	4.36895943	4.44046468	4.54495989	4.62335973	4.66852187	4.68609017	4.68449773	4.67504262	4.66228490	4.64919027	4.63559051	4.61733490	4.58738543	4.54638338	4.49674991	4.44404190	4.38851826	4.30350352	4.19588344	4.00894764	3.83134560	11.22823701
	10.35911422	10.88323092	11.24011498	11.40006397	11.49192463	11.55749789	11.59565820	11.62490029	11.65417681	11.68182348	11.70274297	11.71473030	11.73457516	11.77010341	11.82583346	11.87509084	11.89742540	11.88170711	11.83331031	11.69297349	9.27674821	6.14155718	4.44933802	4.44040887	4.39238730	4.35549308	4.36765187	4.42786672	4.51190590	4.60297508	4.65642308	4.69781122	4.71542701	4.71510492	4.70466092	4.69060365	4.67768133	4.66465638	4.64913625	4.62826492	4.60107620	4.55770545	4.50673230	4.43874762	4.33089041	4.23208549	4.07451818	3.87078041	11.21301392
	10.31217679	10.80789829	11.18475826	11.35843268	11.45703857	11.52413397	11.56305151	11.59072270	11.61694962	11.64058925	11.65887300	11.66905735	11.68473542	11.71280680	11.75767532	11.79878907	11.81877117	11.80710651	11.76592454	11.71863427	10.77496294	8.19151032	5.16863993	4.47450243	4.43455095	4.39743397	4.40935844	4.45843928	4.53551299	4.61030302	4.66518434	4.70809835	4.72716619	4.72788715	4.71438544	4.69928938	4.68503987	4.67072284	4.65396406	4.63186273	4.60186211	4.55989425	4.51367590	4.44933603	4.34688787	4.24136639	4.09970079	3.89444848	11.19802582
	10.26844921	10.72469124	11.11780869	11.30515939	11.41111365	11.48065387	11.52117416	11.54841967	11.57250793	11.59352798	11.60940288	11.61774377	11.62964004	11.65198088	11.68888721	11.72393993	11.74159571	11.73168124	11.69489792	11.64369401	11.45226519	7.86941962	6.19404938	4.52354543	4.48346046	4.44328596	4.45530397	4.50459074	4.58083480	4.63768443	4.68458016	4.72596290	4.74455349	4.74556987	4.73105984	4.71635501	4.70164909	4.68710923	4.67106279	4.65101788	4.62632896	4.59551901	4.55041676	4.48738769	4.37013484	4.26115340	4.14308422	3.92513061	11.17864266
	10.22050562	10.61858519	11.00664997	11.20828804	11.32386699	11.39632799	11.43865002	11.46488692	11.48554525	11.50180498	11.51401798	11.52178401	11.53212471	11.55140936	11.57972071	11.60809563	11.62308423	11.61551659	11.58521022	11.53990652	11.49838504	7.54224285	5.93750769	4.59248230	4.55924100	4.52253762	4.53179079	4.57092550	4.62337425	4.67159963	4.72198444	4.77110615	4.79348423	4.79548689	4.77726538	4.75770932	4.73815739	4.71979691	4.70098942	4.67976001	4.65548632	4.62740386	4.58976207	4.54596507	4.43864025	4.30441446	4.19615161	3.99785922	11.14276047
	10.18302877	10.54996174	10.94043118	11.15241716	11.27444212	11.34948448	11.39318628	11.41917898	11.43810080	11.45182745	11.46165672	11.46838847	11.47719197	11.49448123	11.51870735	11.54338290	11.55640302	11.54884536	11.52045938	11.47744795	11.42982678	9.65499963	7.00002887	4.57943678	4.58111624	4.54812773	4.55301761	4.58784822	4.63334858	4.67896262	4.73161962	4.78532970	4.80897422	4.81040396	4.79298136	4.77112753	4.74884658	4.72835089	4.70802655	4.68615784	4.66138085	4.63320559	4.59753159	4.55607844	4.45729674	4.31992041	4.21223786	4.03182954	11.12135492
	10.14124801	10.45562029	10.82251209	11.04267098	11.17254807	11.25154547	11.29772233	11.32436727	11.34197934	11.35349948	11.36132129	11.36744553	11.37552910	11.39030270	11.40915440	11.42853198	11.43844321	11.43077940	11.40457930	11.36425894	11.31731772	11.25540677	8.05310676	4.53103709	4.62774095	4.60256524	4.60454418	4.63156759	4.66770500	4.71192085	4.76962504	4.83450373	4.86281877	4.86439728	4.84430651	4.81508534	4.78633383	4.76121879	4.73782052	4.71359844	4.68764521	4.66062559	4.63025589	4.59825392	4.51657808	4.36325103	4.24581439	4.10164784	11.07396208
	10.11194804	10.40372683	10.76025174	10.98900361	11.12490765	11.20717910	11.25505197	11.28215005	11.29924064	11.30989381	11.31676293	11.32257662	11.33022337	11.34368303	11.36008851	11.37728766	11.38621692	11.37901267	11.35381737	11.31413637	11.26766821	11.21892379	11.07387292	5.99777878	4.58758127	4.62505272	4.62479243	4.65028920	4.68679729	4.73614831	4.80044809	4.85463208	4.88130545	4.88311235	4.86492658	4.84054258	4.81668147	4.79192246	4.76072403	4.73115878	4.70159978	4.67110043	4.63858551	4.60591927	4.52325652	4.39590157	4.26943550	4.13624828	11.04791781
	10.08547359	10.36569439	10.71599640	10.95373195	11.09518420	11.18068362	11.23028315	11.25804360	11.27503527	11.28533724	11.29155217	11.29696785	11.30415611	11.31679278	11.33217491	11.34848358	11.35706845	11.35038326	11.32584182	11.28646161	11.24010799	11.19124536	11.15193145	7.89741837	7.70836503	4.64181048	4.63424107	4.65591412	4.68585649	4.72669445	4.78088076	4.84038045	4.87572537	4.87987979	4.85777972	4.82822708	4.80102055	4.77538582	4.74814425	4.72197434	4.69562420	4.66896974	4.64108479	4.61458504	4.54350286	4.39648910	4.27927143	4.16830020	11.03442767
	10.07833221	10.34224746	10.67270479	10.91392052	11.05787318	11.14519027	11.19600165	11.22465719	11.24236877	11.25333322	11.25987331	11.26544868	11.27248979	11.28432534	11.29846695	11.31345180	11.32111546	11.31426596	11.28992093	11.25078694	11.20450868	11.15560440	11.10839860	9.52112784	7.86866613	4.42746721	4.66355802	4.68416442	4.71461983	4.76275541	4.83215062	4.89515889	4.92978005	4.93369310	4.91215762	4.88213483	4.85324312	4.82293762	4.78528488	4.75203463	4.72099686	4.69269564	4.66446032	4.64043828	4.58293360	4.44921057	4.30984931	4.05537423	11.01149402
	10.06299256	10.31220223	10.61914350	10.86927682	11.01804166	11.10860763	11.16138027	11.19128202	11.20983055	11.22155120	11.22838726	11.23382635	11.24036897	11.25109687	11.26368880	11.27708111	11.28366970	11.27666177	11.25252511	11.21365850	11.16736509	11.11808358	11.07045116	10.36102978	9.46777798	5.91179038	4.68823507	4.70748266	4.73840236	4.78730773	4.86334792	4.93255629	4.96854523	4.97319991	4.95256196	4.92250284	4.89167818	4.85376818	4.81077989	4.77310753	4.73902310	4.70956300	4.68007020	4.65877758	4.61131673	4.49812300	4.34564365	4.98599851	10.98741592
	10.04750187	10.27687708	10.54736214	10.80751559	10.96273488	11.05782064	11.11346515	11.14533928	11.16540865	11.17851791	11.18607129	11.19130456	11.19692946	11.20580471	11.21572489	11.22645385	11.23123333	11.22358681	11.19938711	11.16057378	11.11385726	11.06358649	11.01470767	10.97495618	11.04593318	8.66456050	4.72657549	4.74640862	4.78380716	4.83534308	4.91210991	4.98137562	5.01687552	5.02157864	5.00326453	4.97486639	4.94344386	4.90542072	4.86095391	4.81801982	4.77816000	4.74115711	4.70920827	4.68777422	4.64402907	4.55482984	4.40141012	8.23298378	10.94918069
	10.02410432	10.25126472	10.51293341	10.78078590	10.94289893	11.04218338	11.10015036	11.13312098	11.15358998	11.16685182	11.17423358	11.17877415	11.18337447	11.19082618	11.19920413	11.20858200	11.21280370	11.20516671	11.18120212	11.14250987	11.09544940	11.04440143	10.99435747	10.95130506	10.91955191	10.89894847	4.71283861	4.73849146	4.77157129	4.82159153	4.89636849	4.97005600	5.01322309	5.01941320	5.00184216	4.97076802	4.93518675	4.89996563	4.85761866	4.81124084	4.77006195	4.73544993	4.70720589	4.68856957	4.64741821	4.55955573	4.40802934	10.84467618	10.93853214
	10.01223155	10.23046330	10.47411469	10.74292456	10.91060978	11.01359954	11.07388615	11.10826824	11.12969892	11.14368808	11.15141691	11.15558678	11.15934840	11.16516456	11.17182241	11.17947544	11.18258126	11.17442681	11.15038774	11.11170835	11.06421251	11.01238808	10.96127284	10.91684817	10.88405699	10.89309763	5.72344069	4.75836712	4.79342653	4.84744987	4.92535270	5.00399271	5.04335530	5.04796056	5.03404435	5.00682535	4.97276811	4.93414450	4.88877788	4.83816460	4.79251180	4.75338899	4.72460612	4.70703994	4.66863403	4.59244817	4.44138056	11.02633830	10.91699674
	9.99676136	10.20558431	10.43130049	10.69608006	10.87152370	10.97969926	11.04328561	11.07952498	11.10215161	11.11696968	11.12501261	11.12851377	11.13089379	11.13440055	11.13873115	11.14413645	11.14583254	11.13695091	11.11291919	11.07440047	11.02634129	10.97349498	10.92058803	10.87343659	10.83766312	10.81519142	7.95470157	4.77669590	4.84401801	4.90006259	4.97165182	5.04542038	5.07832540	5.08197266	5.06941715	5.04692052	5.01874985	4.98261333	4.94199878	4.89353242	4.84635192	4.79987542	4.76214912	4.74186886	4.70314344	4.63348585	4.50315301	10.95875313	10.88838517
	9.98331893	10.18897523	10.40750795	10.66982129	10.85154792	10.96344518	11.02934387	11.06686327	11.09018732	11.10546045	11.11365223	11.11677178	11.11840016	11.12077874	11.12393726	11.12829126	11.12938095	11.12021253	11.09623870	11.05780832	11.00937719	10.95588102	10.90178971	10.85288364	10.81518830	10.78758480	9.89496942	4.81650160	4.84290641	4.89917249	4.97367030	5.05005041	5.08258948	5.08626491	5.07406325	5.05298541	5.02670857	4.99105292	4.94838520	4.89709342	4.84877489	4.79860736	4.76262428	4.74407890	4.70879794	4.64353467	4.51880514	10.94322361	10.87656627
	9.96886028	10.17543780	10.39290983	10.65461263	10.84246933	10.95745085	11.02514420	11.06351894	11.08717809	11.10262657	11.11079430	11.11353392	11.11456612	11.11628210	11.11871274	11.12249998	11.12337984	11.11419450	11.09030482	11.05185394	11.00303135	10.94892125	10.89389029	10.84370141	10.80456549	10.78047004	10.80659072	6.23685064	4.83894727	4.89188352	4.96193478	5.03980868	5.07720532	5.08161402	5.06916775	5.04572062	5.01710559	4.98197165	4.94039457	4.89393604	4.84811043	4.79950035	4.76319352	4.74471497	4.71116228	4.64687431	4.52154967	10.94430304	10.87227713
	9.95564142	10.15808926	10.36722455	10.61700957	10.81524231	10.93493585	11.00577226	11.04591179	11.07060107	11.08665184	11.09507548	11.09714630	11.09679376	11.09674745	11.09721568	11.09909139	11.09866937	11.08882754	11.06500788	11.02681955	10.97774593	10.92274420	10.86578745	10.81269056	10.77016472	10.74343458	10.73935177	8.86515863	4.88692799	4.93755828	5.00716492	5.07267494	5.10537456	5.10804558	5.09529971	5.07230631	5.04590435	5.01805864	4.98323447	4.94007947	4.89065627	4.83867596	4.79520478	4.77391906	4.74055810	4.68075185	4.58248013	10.92622283	10.85157627
	9.94511134	10.14414598	10.34633725	10.58723649	10.79330305	10.91699418	10.99046774	11.03208526	11.05765266	11.07420796	11.08285144	11.08433565	11.08288930	11.08130533	11.08018111	11.08043767	11.07879734	11.06838156	11.04453537	11.00645688	10.95713541	10.90126844	10.84254174	10.78695311	10.74154374	10.71165818	10.70367766	10.40227588	4.82105314	4.89598659	4.97446593	5.10546581	5.13326690	5.13456756	5.12197034	5.10132023	5.07648103	5.04937309	5.01833065	4.98127965	4.93288265	4.87602977	4.82623794	4.80198199	4.76734662	4.71102805	4.52861112	10.91015397	10.83416966
	9.93064705	10.12764443	10.32352324	10.55242403	10.76754522	10.89606075	10.97269295	11.01613666	11.04275224	11.06000450	11.06909929	11.07031186	11.06780309	11.06454860	11.06210295	11.06068370	11.05783874	11.04688532	11.02308627	10.98516614	10.93553522	10.87871414	10.81803786	10.75890818	10.70986188	10.67654709	10.69198157	10.68603829	6.63000653	6.61847708	5.04073069	5.13180953	5.15703569	5.15682705	5.14316588	5.12177301	5.09632794	5.07214061	5.04455157	5.01052429	4.96718761	4.91434081	4.86343917	4.83622191	4.79953457	4.74204271	6.46183049	10.89408130	10.81438349
	9.93256747	10.12689700	10.31901366	10.54173279	10.75677560	10.88551855	10.96258609	11.00641402	11.03335018	11.05092605	11.06039206	11.06171956	11.05880559	11.05483204	11.05189246	11.04962139	11.04611176	11.03473704	11.01076510	10.97264273	10.92249302	10.86478031	10.80282933	10.74192212	10.69092770	10.65533299	10.63305084	10.61239248	9.38139349	8.06912529	5.17118985	5.11472701	5.13673185	5.13465351	5.11945930	5.09667154	5.11579566	5.09268437	5.06802467	5.03840667	5.00077517	4.95464964	4.90566370	4.87858470	4.83546322	4.77170856	8.08917599	10.88175616	10.79993759
	9.93608244	10.12849733	10.31746485	10.53449864	10.74781013	10.87615858	10.95324519	10.99717024	11.02421243	11.04205819	11.05193891	11.05358788	11.05016019	11.04553948	11.04175204	11.03836287	11.03392392	11.02194436	10.99750606	10.95879540	10.90759154	10.84821257	10.78437695	10.72094987	10.66637150	10.61753324	10.57982950	10.55085449	9.98909688	9.54499117	7.56391483	6.00753612	6.02974690	6.03248408	6.02461149	6.01027258	5.07724671	5.15390268	5.13257906	5.07896253	5.05227143	5.01824612	4.97599296	4.94899106	4.90382414	4.82993893	9.78751468	10.86597113	10.78089112
	9.92686931	10.11982070	10.30619061	10.51763159	10.73369533	10.86536197	10.94448225	10.98951573	11.01704317	11.03517809	11.04530229	11.04720736	11.04291016	11.03726172	11.03219491	11.02759595	11.02208364	11.00926298	10.98411705	10.94441601	10.89140762	10.82916674	10.76127326	10.69246305	10.62394679	10.55371575	10.50593554	10.47205207	10.53999346	10.54059551	10.67718979	8.56230384	8.62272999	8.65471531	8.67540692	8.69192258	8.51121063	6.85286178	6.57172719	5.09510752	5.08192598	5.10918267	5.08225806	5.06096483	5.02081073	4.88944070	11.00791443	10.84710980	10.75846887
	9.91370229	10.10836153	10.29365800	10.50175196	10.72034890	10.85492698	10.93565884	10.98154246	11.00937716	11.02759751	11.03776331	11.03986299	11.03516997	11.02873802	11.02284422	11.01768593	11.01133006	10.99788292	10.97236146	10.93219972	10.87825868	10.81446693	10.74388220	10.67166828	10.58723932	10.51246189	10.46025544	10.42354720	10.40196138	10.44012188	10.47029236	9.86395736	9.94661640	10.01943074	10.05968035	10.09673207	10.29765109	8.60430722	6.92753015	6.54032097	6.53088324	5.33403536	5.09296573	5.07276935	5.03801082	6.43264892	10.93822206	10.83511345	10.74490828
	9.91769148	10.11131166	10.29493673	10.50005648	10.71695596	10.85133371	10.93155847	10.97692259	11.00406561	11.02170957	11.03174127	11.03400000	11.02917506	11.02199158	11.01527935	11.00902754	11.00131799	10.98666727	10.96024733	10.91919481	10.86392616	10.79806159	10.72426321	10.64654161	10.54600110	10.46790850	10.41095157	10.37059825	10.34757445	10.39540810	10.42697091	10.56072088	10.65378150	10.77014942	10.82904123	10.88262669	9.40488338	9.43921088	7.87152403	7.86830468	7.86828551	4.99264916	5.16865977	5.15086439	5.12094647	6.30470559	10.93412119	10.81866807	10.72483008
	9.91124920	10.10793801	10.29335755	10.49961686	10.71814292	10.85460690	10.93570947	10.98092716	11.00740921	11.02449181	11.03440156	11.03644467	11.03125306	11.02321518	11.01582105	11.00845845	10.99996283	10.98464876	10.95774260	10.91616880	10.86000226	10.79264689	10.71658424	10.63165145	10.52524665	10.44293516	10.38133480	10.33696525	10.31183052	10.34795327	10.37975017	10.44082910	10.53307522	10.65894545	10.73004218	10.78405143	10.46971739	10.50588264	10.55982504	9.69479353	9.70540677	7.59701061	5.18873993	5.16930190	5.14135309	6.56902205	10.91409729	10.81046809	10.71450755
	9.89383474	10.09417859	10.28099219	10.48627516	10.70815444	10.84881551	10.93195312	10.97758374	11.00358942	11.02018300	11.03004613	11.03190249	11.02589967	11.01695276	11.00809290	10.99900953	10.98931155	10.97337234	10.94589025	10.90375903	10.84661072	10.77745895	10.69866976	10.59916086	10.48828647	10.40164884	10.33467036	10.28511259	10.25697698	10.25738363	10.28885283	10.35006605	10.44189987	10.56763783	10.67536401	10.73162096	10.79410521	10.83611622	10.86834442	10.73694778	10.75081677	10.57300359	6.21230856	6.20412391	6.17898341	7.42341008	10.86154936	10.79583146	10.69757363
	9.90554942	10.10503236	10.29181988	10.49795304	10.71814876	10.85801666	10.94021675	10.98498843	11.01025070	11.02608045	11.03545507	11.03686094	11.03033117	11.02106604	11.01128776	11.00144402	10.99099980	10.97410386	10.94594083	10.90316504	10.84537303	10.77522483	10.69483681	10.59108576	10.47959912	10.39172558	10.32316567	10.27238332	10.24349529	10.24354786	10.27507701	10.33625771	10.42274222	10.54897177	10.66553326	10.72297499	10.77351710	10.81657356	10.84914252	10.87157783	10.88556788	10.89420016	6.79148683	5.19588229	5.16147796	6.63910882	10.85039577	10.78957665	10.68933451
	9.89274229	10.09689985	10.28671876	10.49509159	10.71939136	10.86295588	10.94692515	10.99202503	11.01681998	11.03191430	11.04070855	11.04150683	11.03415180	11.02387897	11.01314400	11.00247050	10.99128901	10.97362327	10.94487367	10.90176060	10.84334599	10.77203318	10.68952833	10.57895476	10.46412399	10.37240842	10.29942638	10.24447421	10.21220766	10.21041564	10.24155033	10.30321144	10.39483496	10.52234294	10.66042080	10.72008107	10.77231082	10.81508576	10.84875328	10.87140941	10.88541625	10.89363700	9.63665913	8.03799488	6.77862068	8.15174916	10.84812948	10.78342153	10.68181011
	9.90127661	10.10596129	10.29722871	10.50818732	10.73210789	10.87472180	10.95768690	11.00180092	11.02542351	11.03954672	11.04754832	11.04759614	11.03959095	11.02854113	11.01730908	11.00606795	10.99422545	10.97599184	10.94676338	10.90337715	10.84467483	10.77289695	10.68965212	10.57748514	10.46119904	10.36794073	10.29323575	10.23658491	10.20288883	10.20019746	10.23112061	10.29321202	10.38610586	10.51607717	10.65886324	10.72010575	10.77297249	10.85943373	10.89378981	10.91672231	10.93058587	10.93829935	9.00359743	8.26759076	6.52047080	8.12150874	10.89049430	10.77889362	10.67583083
	9.90713510	10.11253453	10.30522183	10.51866977	10.74238829	10.88404889	10.96609171	11.00937841	11.03211544	11.04548705	11.05285582	11.05232781	11.04385575	11.03232383	11.02079514	11.00921695	10.99697295	10.97848071	10.94898277	10.90542128	10.84654264	10.77451722	10.69094772	10.57838595	10.46087425	10.36643160	10.29055349	10.23275771	10.19807092	10.19470029	10.22545600	10.28774227	10.38165145	10.51370794	10.65839447	10.72060840	10.77378441	10.87391182	10.90843632	10.93142640	10.94985283	10.95714756	8.05150529	8.08066819	6.40113673	8.00422539	10.90723489	10.77576802	10.67202283
	9.91427163	10.11937757	10.31273852	10.52802120	10.75108079	10.89113655	10.97216675	11.01473341	11.03702862	11.05001757	11.05703240	11.05617281	11.04738879	11.03569505	11.02415925	11.01262705	11.00041007	10.98187227	10.95224632	10.90856986	10.84960818	10.77756678	10.69405418	10.58273502	10.46452585	10.36966043	10.29356717	10.23567593	10.20094994	10.19759527	10.22852335	10.29079530	10.38558252	10.51934827	10.66153603	10.72278318	10.77573759	10.83229756	10.86605788	10.88849861	10.99384656	11.00094045	7.16595910	7.18266681	5.53622787	7.08576365	10.95114301	10.77410065	10.67076011
	9.91471957	10.12112312	10.31594532	10.53337598	10.75727948	10.89743996	10.97822626	11.02032947	11.04213218	11.05458777	11.06112732	11.05979851	11.05062141	11.03858642	11.02674498	11.01497247	11.00249262	10.98370635	10.95379850	10.90989091	10.85065881	10.77822448	10.69418448	10.58168977	10.46236675	10.36643031	10.28925343	10.23028397	10.19459729	10.19049142	10.22108027	10.28391935	10.37904288	10.51372069	10.66061667	10.72222026	10.77545105	10.81978874	10.85346687	10.87473369	10.66364252	10.66929249	6.97577251	6.94236797	5.77134854	6.83892521	10.60373648	10.77087099	10.66502703
	9.90958337	10.11861816	10.31554077	10.53531856	10.76124192	10.90290899	10.98408538	11.02596504	11.04723830	11.05904315	11.06502309	11.06313673	11.05354168	11.04103128	11.02865367	11.01640744	11.00344193	10.98427380	10.95400237	10.90981768	10.85021517	10.77712877	10.69215686	10.57673406	10.45592079	10.35834952	10.27933725	10.21844853	10.18103514	10.17556445	10.20545454	10.26804475	10.36318499	10.49828022	10.65499205	10.71821759	10.77212718	10.81698947	10.85100890	10.86731463	10.18309689	10.18683711	7.27100418	7.24267227	7.11664154	7.14367891	10.09940131	10.76561755	10.65734492
	9.90916036	10.11963536	10.31806323	10.53988330	10.76724088	10.90935392	10.99050740	11.03200827	11.05279808	11.06405331	11.06950948	11.06708514	11.05693903	11.04392775	11.03115503	11.01856669	11.00524480	10.98579164	10.95519549	10.91076185	10.85084127	10.77727237	10.69161425	10.57439718	10.45227709	10.35338962	10.27299299	10.21067583	10.17192351	10.16540126	10.19476128	10.25723205	10.35035320	10.48621256	10.64769171	10.71367654	10.76793743	10.81301057	10.84710278	10.98999000	10.11972490	10.12276367	6.98775876	6.95666864	7.06472915	6.84938826	10.03027358	10.75762672	10.64782766
	9.90958950	10.12149541	10.32155588	10.54569747	10.77467627	10.91723110	10.99830099	11.03928766	11.05945735	11.07004732	11.07485819	11.07175487	11.06086499	11.04720392	11.03393357	11.02089165	11.00705993	10.98717771	10.95611106	10.91129883	10.85091500	10.77669322	10.69010129	10.57030287	10.44687122	10.34661813	10.26475537	10.20087319	10.16057985	10.15278776	10.18138110	10.24345629	10.33875070	10.47521059	10.64342188	10.71305641	10.76783529	10.81319177	10.84736390	10.93397887	9.74623137	9.74745008	6.73624653	6.70358411	6.66440899	6.58968819	9.63572458	10.75213230	10.63048333
	9.90494647	10.11789649	10.31841649	10.54261823	10.77337950	10.91729767	10.99900889	11.04016372	11.06023704	11.07063403	11.07525055	11.07193802	11.06073975	11.04671363	11.03309074	11.01970308	11.00548704	10.98540040	10.95419376	10.90929509	10.84874482	10.77417737	10.68702328	10.56482539	10.44104082	10.34016392	10.25746615	10.19260926	10.15128750	10.14254709	10.17037804	10.23171887	10.32600672	10.46128557	10.63753816	10.70867875	10.76390520	10.80955591	10.84391490	10.12827101	9.69627365	9.69739244	6.86144574	6.83038740	6.79383204	6.72070162	9.58238196	10.74693868	10.61646439
	9.90204630	10.11530342	10.31573180	10.53943313	10.77100043	10.91567625	10.99781040	11.03918112	11.05931988	11.06972815	11.07434542	11.07102877	11.05976405	11.04561491	11.03185454	11.01831502	11.00393805	10.98380344	10.95260348	10.90773514	10.84718136	10.77252882	10.68520032	10.56191941	10.43818917	10.33719327	10.25425176	10.18907569	10.14738336	10.13826480	10.16572214	10.22662328	10.32026854	10.45461841	10.63444944	10.70640443	10.77197632	10.81798047	10.85257603	9.63882142	9.80330393	9.80859511	6.87980761	6.88227154	6.88461964	6.77446858	9.69798214	10.74501268	10.60978631
	9.90094613	10.11434158	10.31477209	10.53830922	10.77033877	10.91543149	10.99777576	11.03922399	11.05935605	11.06972040	11.07426916	11.07088647	11.05951669	11.04524042	11.03135382	11.01766652	11.00315126	10.98292808	10.95166722	10.90676524	10.84616664	10.77140400	10.68389461	10.55983872	10.43612259	10.33503583	10.25192463	10.18648865	10.14448023	10.13503638	10.16218141	10.22275861	10.31598012	10.44980923	10.62888479	10.70472937	10.79488625	10.84148206	10.87642018	9.67861116	9.78919123	9.82825771	6.75468393	6.79974427	6.84720907	6.68980949	9.71727896	10.74255962	10.60325365
	9.90831996	10.12189805	10.32354679	10.54973735	10.78249213	10.92718628	11.00869499	11.04907225	11.06810711	11.07741540	11.08099053	11.07669290	11.06440283	11.04936615	11.03484515	11.02048977	11.00520647	10.98426128	10.95239462	10.90699872	10.84593745	10.77055385	10.68226301	10.55628216	10.43205889	10.33044360	10.24677050	10.18047178	10.13725118	10.12638996	10.15208332	10.21120370	10.30291189	10.43555638	10.61549190	10.69962019	10.42435283	10.46327554	10.58616413	8.37555417	8.41271878	8.10915276	5.99097738	6.02825428	6.01535631	5.90813422	7.91771361	10.80953010	10.55480104
	9.91497849	10.12845223	10.33085583	10.55908245	10.79366141	10.93897716	11.02009226	11.05947634	11.07730959	11.08536894	11.08773126	11.08227955	11.06880798	11.05276570	11.03736182	11.02215795	11.00583962	10.98396667	10.95143544	10.90546007	10.84384343	10.76766841	10.67831882	10.54933511	10.42492915	10.32284803	10.23849531	10.17091628	10.12586060	10.11282271	10.13632325	10.19005992	10.27925481	10.40943651	10.58708256	10.68701817	9.90731469	9.93426864	9.45324319	6.72180292	6.70993707	6.29912837	5.55503672	5.55359871	5.51393050	5.43610783	6.03094931	10.22824681	10.48763282
	9.91582417	10.12914878	10.33143371	10.55976528	10.79632725	10.94309377	11.02462507	11.06378171	11.08108987	11.08850046	11.09017928	11.08405990	11.06987995	11.05319534	11.03719400	11.02147033	11.00449276	10.98207707	10.94924594	10.90298323	10.84107631	10.76442840	10.67438458	10.54303578	10.41878793	10.31648380	10.23163463	10.16303727	10.11656725	10.10189273	10.12382301	10.20422274	10.29238287	10.42231381	10.59882519	10.71466153	9.51298687	9.53022083	8.14172649	5.88879909	5.88025309	5.60788582	5.68170596	5.65588777	5.62536037	5.55122908	5.31731260	9.41406755	10.44424658
	9.91926887	10.13176252	10.33356269	10.56170015	10.79871037	10.94573930	11.02718962	11.06608332	11.08309433	11.09016051	11.09154163	11.08509681	11.07066350	11.05376914	11.03760952	11.02175994	11.00462162	10.98204059	10.94916390	10.90290111	10.84108476	10.76452707	10.67458976	10.54332745	10.41901282	10.31662654	10.23166480	10.16283735	10.11596985	10.10076363	10.12219025	10.19796246	10.28564468	10.41488423	10.59034648	10.70687922	8.51111438	8.50669666	7.09095284	5.85450102	5.84565933	5.70875340	5.68940478	5.66766631	5.63999899	5.57032417	5.43287896	9.23822438	10.42512471
	9.91965882	10.13150529	10.33255685	10.55998017	10.80074330	10.95108009	11.03368530	11.07244791	11.08873502	11.09482230	11.09524667	11.08781967	11.07240724	11.05471995	11.03782124	11.02136548	11.00344739	10.98038598	10.94749988	10.90124700	10.83944179	10.76265917	10.67219684	10.53836980	10.41306952	10.30948589	10.22297998	10.15178114	10.10168296	10.08288274	10.10102935	9.47921698	9.54600234	9.63053670	9.74438671	9.83183992	7.32443785	7.28923001	5.89781402	5.75301500	5.74330185	5.72963348	5.71150662	5.69321460	5.67091931	5.61101397	5.48549455	6.95728196	10.35896331
	9.92130387	10.13277680	10.33364168	10.56104204	10.80185216	10.95211438	11.03459398	11.07321299	11.08937813	11.09533894	11.09564953	11.08810518	11.07261183	11.05487417	11.03793219	11.02144978	11.00348317	10.98039695	10.94753519	10.90132327	10.83958317	10.76287561	10.67250027	10.53880559	10.41346083	10.30985951	10.22334711	10.15210644	10.10209612	10.12945326	10.14695308	9.29427669	9.42974950	9.50711767	9.61377185	9.69802911	7.05508020	7.02111667	5.72804295	5.75221479	5.74245347	5.72936020	5.71147321	5.69393453	5.67261631	5.61431764	5.49086329	6.60383735	10.35247431
	9.92287938	10.13291614	10.33242747	10.55816517	10.80136676	10.95460523	11.03825218	11.07703842	11.09287340	11.09833934	11.09817910	11.09018152	11.07418326	11.05613465	11.03895129	11.02221242	11.00382971	10.98044505	10.94756380	10.90134861	10.83962265	10.76278915	10.67209000	10.53709138	10.41084986	10.30632915	10.21862548	10.14546446	10.09649271	9.71540319	9.73372025	8.86623702	8.35822633	8.37308013	8.37314573	8.36749787	6.29533508	6.28096299	5.80256974	5.78101318	5.77051812	5.75647194	5.73710698	5.72047685	5.70153498	5.64791082	5.53672779	5.83564600	10.29857604
	9.92068112	10.13013675	10.32870082	10.55295498	10.79971851	10.95708830	11.04241383	11.08154862	11.09700957	11.10192003	11.10123374	11.09275081	11.07615168	11.05769436	11.04018616	11.02313604	11.00427896	10.98054641	10.94758814	10.90127547	10.83941682	10.76221316	10.67085670	10.53364739	10.40616121	10.30028228	10.21086940	10.13511827	10.12949007	9.36242906	9.38060683	8.15943126	7.06375195	7.00927663	6.87481334	6.75139926	5.78090611	5.76904609	5.83791593	5.81618256	5.80421499	5.78812817	5.76671300	5.75007748	5.73308810	5.68425332	5.58613855	5.28529143	10.24111496
	9.91824156	10.12772898	10.32602222	10.54963387	10.79830587	10.95801106	11.04434069	11.08380228	11.09916220	11.10389549	11.10303426	11.09438732	11.07756347	11.05897377	11.04139504	11.02426641	11.00521602	10.98130980	10.94822631	10.90174441	10.83968029	10.76213214	10.67026474	10.53179369	10.40356111	10.29687332	10.20646401	10.12922390	10.00443356	8.98441562	9.00402598	7.58253537	6.48250893	6.40132611	6.20661612	6.01985289	5.94307289	5.91942008	5.86179124	5.83798142	5.82518022	5.80803081	5.78515345	5.76744132	5.75025985	5.70169719	5.60799963	5.44410318	10.21559702
	9.92267970	10.12941101	10.32537795	10.54593055	10.79540770	10.95758940	11.04529300	11.08545940	11.10110611	11.10586089	11.10491922	11.09606305	11.07905279	11.06044258	11.04291009	11.02567720	11.00623044	10.98199440	10.94874922	10.90207054	10.83990332	10.76219383	10.66995128	10.53070259	10.40202548	10.29490408	10.20374552	10.12492400	9.33959646	7.40760112	7.43638875	7.55211894	6.63604894	6.55746830	6.38867525	6.21025200	6.04940689	5.95172956	5.89598355	5.87165268	5.86133586	5.84636429	5.82312754	5.80549588	5.78782019	5.73537777	5.64325667	5.49140389	10.16770496
	9.91720847	10.12367776	10.31838146	10.53645369	10.78830126	10.95574031	11.04634313	11.08787477	11.10387143	11.10853293	11.10739669	11.09830208	11.08083825	11.06186634	11.04399347	11.02646210	11.00663726	10.98207349	10.94869056	10.90178081	10.83935740	10.76115771	10.66798398	10.52624554	10.39644279	10.28803124	10.19518428	10.11369093	9.59362066	7.46380888	7.48718725	7.36780421	6.67440417	6.61461429	6.44154029	6.25096060	6.08032493	5.97408508	5.91529537	5.89186537	5.88397297	5.87168785	5.84899622	5.83112150	5.81339726	5.75874550	5.66541573	5.51807421	10.13791741
	9.91813237	10.12332598	10.31671864	10.53294615	10.78604217	10.95616595	11.04818605	11.09038775	11.10654458	11.11115315	11.10991668	11.10064060	11.08299233	11.06394512	11.04605108	11.02845783	11.00840855	10.98363632	10.95014219	10.90308616	10.84055827	10.76218525	10.66866564	10.52637507	10.39573261	10.28657425	10.19281348	10.10974891	9.29346043	6.76820447	6.79458918	6.82190231	6.69366544	6.64150923	6.48417722	6.28676781	6.11318450	6.00263709	5.94066447	5.91547667	5.90824954	5.89667372	5.87367276	5.85598922	5.83859353	5.78206203	5.68925521	5.54627824	10.10841928
	9.92021802	10.12387116	10.31577100	10.53012133	10.78439816	10.95728197	11.05082569	11.09367522	11.10998348	11.11444478	11.11298357	11.10347544	11.08558342	11.06642135	11.04845864	11.03080272	11.01053664	10.98558164	10.95201642	10.90486905	10.84232318	10.76385995	10.67007823	10.52758925	10.39606634	10.28618099	10.19156071	10.16096212	8.33965297	6.64411965	6.66813880	6.68511004	6.70240986	6.65117234	6.49574410	6.29533974	6.11994407	6.01145345	5.95084966	5.92892191	5.92588174	5.91823172	5.89616858	5.87857872	5.86092693	5.80057859	5.70656642	5.50757621	10.08106288
	9.91589930	10.11751264	10.30582524	10.51459717	10.76806856	10.95105525	11.05018638	11.09579413	11.11309161	11.11774344	11.11629345	11.10664837	11.08853529	11.06922496	11.05103774	11.03319095	11.01252910	10.98709607	10.95310446	10.90553746	10.84257365	10.76352638	10.66865530	10.52320581	10.38980586	10.27793025	10.18057690	9.72828730	7.06569585	6.70092129	6.72188468	6.74143747	6.74411135	6.69785449	6.57538556	6.37711607	6.18320672	6.06159387	5.99269407	5.96938367	5.96931682	5.96639417	5.94795313	5.93283135	5.91835682	5.85224917	5.74986390	5.55891141	10.03208326
	9.91596733	10.11540109	10.30078620	10.50539840	10.75677179	10.94493413	11.04702448	11.09427592	11.11234129	11.11737426	11.11619563	11.10669605	11.08871332	11.06952875	11.05134071	11.03345454	11.01261137	10.98689949	10.95260077	10.90476426	10.84156933	10.76226948	10.66693445	10.51993679	10.38608570	10.27359639	10.17516159	9.44816233	6.64365575	6.72033796	6.74174019	6.76188644	6.76654470	6.72411143	6.61909280	6.42282485	6.21570393	6.08327179	6.00878055	5.98411965	5.98551628	5.98604172	5.97173323	5.96063398	5.95063821	5.88219540	5.77355577	5.81344374	10.00520564
	9.92445587	10.11918153	10.30008575	10.49931278	10.74439050	10.93563133	11.03966475	11.08855305	11.10783373	11.11387878	11.11355541	11.10475063	11.08755093	11.06908569	11.05139335	11.03376368	11.01296659	10.98713462	10.95254846	10.90453364	10.84132021	10.76216465	10.66709040	10.52061599	10.38710570	10.27485493	10.17647402	9.77264812	6.71871822	6.73844437	6.76003828	6.78002432	6.78408626	6.74124161	6.63626118	6.44513212	6.23702493	6.09221665	6.00891154	5.98123414	5.98231896	5.98499031	5.97564415	5.97188526	5.96958375	5.90663287	5.79543069	7.12908956	9.98320261
	9.93025747	10.11905955	10.29341340	10.48399137	10.71756890	10.91719330	11.02629597	11.07872580	11.10032402	11.10810589	11.10919086	11.10153995	11.08551916	11.06803605	11.05098094	11.03364762	11.01288389	10.98679231	10.95171783	10.90332831	10.83993115	10.76072016	10.66562141	10.51833430	10.38473827	10.27202418	10.17263754	10.01312992	6.75633490	6.77764557	6.79992941	6.82036327	6.82549169	6.78248386	6.68166452	6.50906947	6.30825679	6.14064584	6.03919161	6.00328929	6.00160661	6.00481464	5.99942121	6.00258085	6.00910238	5.95552898	5.84094488	8.77278353	9.94808428
	9.93041734	10.11496967	10.28407591	10.46722200	10.68945519	10.89799160	11.01291257	11.06921205	11.09312181	11.10262603	11.10509942	11.09855532	11.08353652	11.06680753	11.05023654	11.03310783	11.01238060	10.98604442	10.95054947	10.90176358	10.83810479	10.75868302	10.66328439	10.51407821	10.37978786	10.26595358	10.16477540	9.56394941	6.79768579	6.81822908	6.84014380	6.86041031	6.86712253	6.82537928	6.72942894	6.57301514	6.38563579	6.20902982	6.08878590	6.04323956	6.03785561	6.03933338	6.03291839	6.03730466	6.04675692	5.99810932	5.88877280	9.07327523	9.92226504
	9.92409862	10.10646702	10.27158891	10.44824908	10.65864596	10.87876384	11.00136509	11.06215518	11.08839361	11.09941463	11.10310277	11.09747271	11.08328470	11.06707972	11.05085889	11.03389004	11.01316082	10.98660073	10.95065798	10.90139347	10.83725972	10.75728260	10.66112644	10.50887764	10.37283886	10.25676537	10.15245570	8.75944395	6.85956464	6.88062934	6.90489965	6.92881924	6.94223927	6.91022473	6.81800681	6.68554091	6.51926917	6.34869070	6.19555871	6.12948281	6.11367996	6.10764635	6.09637004	6.09730565	6.10537649	6.06239109	5.90672759	9.94271697	9.89609658
	9.92840516	10.10727430	10.26897819	10.44134148	10.64458707	10.86874896	10.99415748	11.05693368	11.08444844	11.09664417	11.10131575	11.09646288	11.08307236	11.06754405	11.05180044	11.03515424	11.01458772	10.98797480	10.95184692	10.90243433	10.83826836	10.75838960	10.66243718	10.51045361	10.37369008	10.25692398	10.15170680	7.69691405	6.87312456	6.89243142	6.91480686	6.93695748	6.94922858	6.91316076	6.81303865	6.68155841	6.53524470	6.37335920	6.21466357	6.14173139	6.12223977	6.11441008	6.10217144	6.10496130	6.11690985	6.07609006	5.94444651	9.95741337	9.88390915
	9.93307906	10.10414819	10.25755680	10.41884988	10.60524264	10.83449170	10.97207268	11.04227302	11.07406688	11.08978261	11.09710174	11.09413339	11.08268248	11.06855473	11.05388463	11.03781007	11.01746892	10.99052351	10.95366522	10.90349925	10.83868539	10.75823514	10.66154269	10.50569071	10.36538290	10.24448981	10.13368382	6.87341264	6.92515272	6.94445338	6.96911419	7.00058792	7.03343212	7.01759033	6.90554440	6.75028027	6.60499833	6.47543186	6.33298125	6.25173443	6.22434975	6.21105378	6.19187174	6.19279841	6.20792737	6.15833797	8.43089967	9.91646865	9.85455179
	9.93114478	10.09718512	10.24427447	10.39709986	10.57252551	10.80477850	10.95845393	11.03697817	11.07314118	11.09228547	11.10178979	11.10003159	11.09020922	11.07737074	11.06381987	11.04838470	11.02851321	11.00142623	10.96392104	10.91307526	10.84734592	10.76571226	10.66758582	10.50670245	10.35733613	10.22738349	10.10563955	7.14798850	6.99811557	7.02386118	7.06350961	7.12612241	7.20413651	7.23067238	7.12705601	6.91706793	6.71602582	6.59206140	6.49024762	6.42122152	6.39263680	6.37516991	6.35017226	6.34511426	6.36743070	6.30511010	10.01365272	9.88592732	9.83071533
	9.93664391	10.09752490	10.23951275	10.38660486	10.55559983	10.78649975	10.94948496	11.03298360	11.07263386	11.09451456	11.10573075	11.10502005	11.09678523	11.08549135	11.07330807	11.05870643	11.03938610	11.01237850	10.97455087	10.92332227	10.85699736	10.77470400	10.67575294	10.51311208	10.35581479	10.21808208	10.08699337	7.52132234	7.05476450	7.09782366	7.16811739	7.26360477	7.35610045	7.38580522	7.31987055	7.12863020	6.87163662	6.67443834	6.56951839	6.52081950	6.51183872	6.50764846	6.49444712	6.49260156	6.51935891	6.45955983	9.89586849	9.87135949	9.82019803
	9.94721522	10.10176459	10.23817583	10.37979599	10.54355420	10.77367028	10.94431754	11.03240843	11.07586331	11.10059042	11.11348958	11.11405485	11.10789069	11.09873302	11.08843834	11.07491148	11.05634205	11.02950520	10.99151319	10.93996938	10.87309294	10.79026356	10.69062197	10.52979249	10.36047303	10.21180951	10.06793391	7.05435345	7.16139598	7.23945744	7.34465407	7.44144622	7.50645532	7.52017459	7.48611954	7.39908984	7.18415637	6.83870186	6.67460739	6.62810650	6.62423149	6.62871880	6.62337887	6.63685673	6.66866258	7.59255954	9.88072188	9.86148024	9.81437178
	9.95308841	10.10520258	10.23982297	10.38022554	10.54398328	10.77857393	10.95206275	11.04193004	11.08662039	11.11190282	11.12515416	11.12613067	11.12097687	11.11308023	11.10389513	11.09113739	11.07315488	11.04660257	11.00871804	10.95700889	10.88970673	10.80625721	10.70584786	10.54930755	10.36810285	10.20950754	10.05446772	7.18581787	7.28832311	7.36931950	7.44990075	7.51760802	7.56514711	7.57367585	7.54216523	7.47636218	7.36472789	7.04229706	7.44426922	7.40600480	7.40013912	6.69112846	6.68558854	6.69139864	6.71321020	8.25842025	9.87444001	9.85913550	9.81517320
	9.96265741	10.11165704	10.24446259	10.38433155	10.54965404	10.78943128	10.96230619	11.05269900	11.09801961	11.12362798	11.13740771	11.13942684	11.13557588	11.12941427	11.12163222	11.11005030	11.09289807	11.06692795	11.02910712	10.97720986	10.90937270	10.82513513	10.72377283	10.57435915	10.37868770	10.20861338	10.04088401	8.09215648	7.41633113	7.47522013	7.52903988	7.57659082	7.61473705	7.62084303	7.59093627	7.53197675	7.44086029	7.25261348	8.62714857	9.11948936	8.58167271	6.72986306	6.72217257	6.72754912	6.75280654	9.10096670	9.87105778	9.85948651	9.81863408
	9.97302440	10.11947191	10.25123083	10.39203646	10.56164402	10.80876165	10.97810258	11.06779486	11.11263851	11.13785800	11.15236704	11.15629260	11.15384182	11.14924957	11.14296600	11.13329773	11.11716914	11.09164478	11.05364780	11.00117173	10.93195456	10.84592169	10.74213071	10.59814173	10.38175716	10.19540827	10.00945493	7.63668172	7.52326731	7.55334222	7.58580295	7.62103407	7.65840587	7.66906188	7.64169391	7.58631309	7.51023560	7.40616062	9.22280513	10.00100541	8.92682122	6.76487109	6.80780337	6.80591304	6.82879077	9.86118787	9.86573518	9.85968099	9.82325620
	9.97831365	10.12389966	10.25576773	10.39800717	10.57151453	10.82265207	10.98871514	11.07699274	11.12068169	11.14546913	11.16027539	11.16558324	11.16394810	11.15975929	11.15443681	11.14583006	11.13015645	11.10473344	11.06649644	11.01353113	10.94332188	10.85599579	10.75044724	10.60802911	10.37968869	10.18441540	9.99384640	7.53663692	7.54964587	7.57479331	7.60529177	7.64252068	7.68620993	7.70343649	7.67736021	7.61906910	7.54177335	7.44443552	9.27763814	9.97189218	8.78123450	7.16509897	6.86915092	6.86276806	6.88402595	9.84713066	9.86425070	9.86107400	9.82702935
	9.98380342	10.12871984	10.26074074	10.40435766	10.58199344	10.83584710	10.99842627	11.08479905	11.12702527	11.15153540	11.16684798	11.17374070	11.17330426	11.16965032	11.16586328	11.15855618	11.14356931	11.11847140	11.08026211	11.02706645	10.95617312	10.86788527	10.76099166	10.62331859	10.37896051	10.17177331	9.97152038	7.55098551	7.56324267	7.58767930	7.62015912	7.66303148	7.71549353	7.74079313	7.71676547	7.65470015	7.57250340	7.47509632	8.92255460	9.96305293	9.46163416	6.88732636	6.91936524	6.91235227	6.93591703	9.84370713	9.86471537	9.86497276	9.83369450
	9.99434246	10.13778325	10.26979124	10.41561466	10.60079325	10.85617279	11.01211830	11.09435590	11.13427134	11.15892666	11.17532969	11.18466471	11.18678423	11.18460186	11.18383070	11.17849979	11.16466837	11.14018633	11.10214004	11.04868495	10.97705430	10.88776901	10.77957009	10.64881328	10.38157561	10.15198032	9.74126256	7.58078065	7.59356356	7.61921015	7.65628228	7.70903237	7.77559517	7.81373348	7.79410423	7.72718046	7.63578677	7.53298808	9.31766244	9.92834791	9.70878463	8.14526308	6.97520288	6.98363795	7.00262473	9.84373094	9.87052385	9.87528685	9.84722656
	10.00197664	10.14394512	10.27569100	10.42316406	10.61518145	10.86831668	11.01804407	11.09616748	11.13449721	11.16000424	11.17772913	11.18902034	11.19382361	11.19394784	11.19557780	11.19140486	11.17825039	11.15393884	11.11571860	11.06186150	10.98968022	10.89984897	10.79094073	10.65909525	10.38278657	10.13846665	9.61800182	7.61990182	7.63230200	7.65891060	7.69959243	7.76049645	7.84158042	7.92067963	7.91016269	7.80579839	7.70266103	7.59140419	9.67809129	9.92659670	9.58903371	9.37805750	7.74254777	7.05360969	7.58812848	9.84769580	9.87775597	9.88496513	9.85848340
	10.00505358	10.14655139	10.27842044	10.42720421	10.62432416	10.87486269	11.02045983	11.09570739	11.13293529	11.15910004	11.17782121	11.19046746	11.19730744	11.19948929	11.20268137	11.19928491	11.18660511	11.16241779	11.12413522	11.07010037	10.99775236	10.90777865	10.79872617	10.66626925	10.38558645	10.13273980	9.91112962	7.65380955	7.66538063	7.69217079	7.73500548	7.80119286	7.90211067	8.01371951	8.01237954	7.88697214	7.75544757	7.63750983	9.86593283	9.92647010	9.97693517	9.62286689	8.19879838	7.10936216	7.92714333	9.85018663	9.88246148	9.89173157	9.86676434
	10.00289990	10.14493105	10.27722431	10.42676333	10.62648154	10.87571387	11.01947716	11.09314004	11.12944691	11.15591423	11.17546685	11.18903997	11.19737818	11.20107200	11.20523353	11.20242896	11.19007986	11.16608160	11.12788331	11.07390512	11.00165627	10.91180048	10.80285597	10.67012245	10.38561338	10.12750609	9.87527157	7.68532226	7.69625178	7.72325480	7.76793436	7.83776787	7.96747215	8.09355287	8.10002036	7.98457632	7.80163235	7.67742451	9.85343760	9.92183181	9.93793590	9.92173068	8.47774252	7.17254916	7.88361140	9.84772382	9.88207602	9.89378276	9.87079571
	10.00302967	10.14526099	10.27832063	10.42971224	10.63500495	10.88024541	11.02013350	11.09087020	11.12599163	11.15247682	11.17300889	11.18749149	11.19688394	11.20232665	11.20696563	11.20436329	11.19192834	11.16773825	11.12927203	11.07509244	11.00282901	10.91316546	10.80449982	10.67170566	10.38024576	10.11638065	9.86101408	7.86951910	7.87610736	7.76130526	7.80859919	7.90378130	8.04626524	8.18044806	8.19272315	8.08240528	7.96163948	7.93068263	9.84849818	9.91818124	9.93581823	9.91979615	9.16597168	7.24528724	7.77039808	9.84588459	9.88302318	9.89741086	9.87629230
	10.00651333	10.14826573	10.28203297	10.43575622	10.64884672	10.88732825	11.02184199	11.08889543	11.12296629	11.14944522	11.17088594	11.18615565	11.19601216	11.20302393	11.20768622	11.20465025	11.19163256	11.16667132	11.12740627	11.07252857	10.99975394	10.90979442	10.80094614	10.66704071	10.36311128	10.09563825	9.83816591	8.59265174	8.04165941	7.80637363	7.85799923	7.97914698	8.17164451	8.28877258	8.30953212	8.24265725	8.11309300	8.18294098	9.84472447	9.91325565	9.93147692	9.91550974	9.89021420	7.31576420	8.79487703	9.84237520	9.88350434	9.90136884	9.88235394
	10.00881869	10.14967630	10.28364534	10.43887872	10.65791737	10.88799117	11.01658525	11.07969385	11.11283617	11.13944634	11.16198607	11.17809491	11.18798774	11.19604194	11.19993512	11.19561584	11.18112080	11.15455619	11.11380527	11.05771776	10.98408747	10.89335923	10.78362465	10.64016585	10.32047128	10.05927679	9.80916833	9.20347419	8.35478242	7.96950314	8.01833178	8.13134880	8.30097148	8.36130748	8.38415777	8.38622130	8.31981442	8.98921577	9.83311388	9.89853637	9.91700099	9.91965089	9.17731956	7.65806214	8.50275669	9.83006846	9.87729904	9.90133608	9.88657589
	10.00769968	10.14842501	10.28244896	10.43827801	10.65886978	10.88517671	11.01065234	11.07158076	11.10395599	11.13016961	11.15266472	11.16871389	11.17800474	11.18570542	11.18807420	11.18203938	11.16583304	11.13761540	11.09542018	11.03809676	10.96342842	10.87151294	10.76011683	10.58982382	10.27255381	10.02310564	9.78308196	9.09912081	8.48878142	8.08758373	8.10359971	8.22170172	8.34009377	8.38938605	8.41024055	8.41304864	8.38383881	9.39039635	9.81322532	9.87616370	9.90245028	9.84125409	8.46743096	7.40922277	7.55134530	9.81855845	9.86291502	9.89276486	9.88234892
	10.00488992	10.14659298	10.28144182	10.43863779	10.66135454	10.88613184	11.00963849	11.06897460	11.10033630	11.12566198	11.14748160	11.16287274	11.17106849	11.17730615	11.17787629	11.16998806	11.15204376	11.12223528	11.07866520	11.02010496	10.94427266	10.85097840	10.73764361	10.53436421	10.23439974	9.99709671	9.76859969	9.11964648	8.57600761	8.36302035	8.31374919	8.33481933	8.39866985	8.43511953	8.45515645	8.46662104	8.49625758	9.50515983	9.79155347	9.85323253	9.54172686	9.51685082	8.17835207	7.50401871	7.50505780	9.44931981	9.84554206	9.88091082	9.87509506
	10.00757088	10.14977937	10.28654093	10.44843231	10.68064503	10.89686053	11.01428112	11.06995888	11.09961191	11.12289940	11.14250139	11.15570933	11.16121909	11.16311924	11.15922487	11.14692134	11.12472684	11.09098985	11.04385993	10.98199411	10.90276187	10.80552941	10.68373127	10.41642705	10.15815721	9.94697348	9.63825919	8.84897528	8.51551419	8.31359144	8.29943447	8.35077625	8.41275856	8.45137061	8.46985528	8.47254380	8.46782522	8.79653917	9.62520185	9.66888575	9.15335991	8.95153294	7.58328581	7.56015236	7.56356442	8.86642554	9.81373265	9.85892327	9.86095194
	10.01002871	10.15306303	10.29170783	10.45761489	10.69724189	10.90842023	11.02236762	11.07603420	11.10447245	11.12623437	11.14422609	11.15583846	11.15937246	11.15809670	11.15143901	11.13644350	11.11160820	11.07535323	11.02578606	10.96146064	10.87955372	10.77914603	10.64679769	10.35393317	10.11829843	9.92209913	9.42012232	8.61920019	8.45103205	8.33727301	8.33143374	8.36819932	8.42759506	8.46676037	8.48442392	8.48370228	8.47078193	8.44520871	9.33742714	9.35338766	8.83223983	8.23834612	7.62149112	7.59830747	7.60248135	8.15970182	9.79327612	9.84505367	9.85245443
	10.01002943	10.15525687	10.29644330	10.46677713	10.71463231	10.92460653	11.03730292	11.09013038	11.11761963	11.13820974	11.15491199	11.16515968	11.16706787	11.16375039	11.15555512	11.13913561	11.11287478	11.07520785	11.02419696	10.95833424	10.87471700	10.77233739	10.63440914	10.33731326	10.10867482	9.91839702	9.41303274	8.63335760	8.49309514	8.40265485	8.38540850	8.41029536	8.46127878	8.49748651	8.51470273	8.51483039	8.50461314	8.48688202	9.30812290	9.32253668	9.19471995	8.22934124	7.66337048	7.63821923	7.63965888	7.98369253	9.77966951	9.83601025	9.84801596
	10.00915228	10.15731264	10.30166989	10.47755849	10.73642481	10.94483825	11.05616233	11.10831662	11.13505754	11.15458431	11.16996119	11.17882986	11.17913606	11.17384853	11.16421874	11.14651982	11.11898462	11.08002475	11.02770393	10.96047396	10.87543557	10.77158758	10.63672877	10.33313420	10.10936304	9.92447776	9.66180080	8.69054749	8.56581886	8.49007614	8.46049727	8.47055647	8.51070987	8.54354668	8.56108347	8.56370917	8.55974493	8.56112074	9.59347486	9.64681621	9.65853453	8.58950302	7.72114482	7.69204945	7.68929381	7.65612616	9.76776803	9.82789808	9.84476697
	10.00996303	10.16136485	10.31019404	10.49422463	10.76580284	10.96897101	11.07745130	11.12892525	11.15498245	11.17336850	11.18743228	11.19524822	11.19450915	11.18786746	11.17730441	11.15866886	11.12985685	11.08936718	11.03526923	10.96603292	10.87878955	10.77268636	10.63610771	10.33217635	10.11232164	9.93261097	9.62674336	8.68491064	8.60122009	8.54001211	8.51159244	8.51769767	8.55456793	8.58744720	8.60583351	8.60824721	8.60233429	8.60075071	9.09984369	9.82435852	9.56184858	8.81495203	7.78239595	7.74953281	7.74361090	7.72640166	9.77017983	9.81897003	9.84282495
	10.01193605	10.16506845	10.31692772	10.50658060	10.78521645	10.98363050	11.08977490	11.14073110	11.16636643	11.18413946	11.19765924	11.20516653	11.20406407	11.19691817	11.18591244	11.16678320	11.13720592	11.09576492	11.04051935	10.96993749	10.88121557	10.77357772	10.63387796	10.33206134	10.11387852	9.93666181	9.48527865	8.65087683	8.58749094	8.53980128	8.51897436	8.52881498	8.56766182	8.60212047	8.62075930	8.62159593	8.61103553	8.59802255	8.79773993	9.77944526	9.31975441	8.80594114	7.80648056	7.77232062	7.76524325	7.74777136	9.74298998	9.81453921	9.84263685
	10.01159896	10.16674556	10.32141495	10.51600186	10.80059203	10.99555312	11.09996979	11.15072883	11.17619449	11.19385273	11.20737334	11.21491598	11.21352094	11.20596890	11.19477137	11.17530484	11.14526570	11.10309914	11.04692561	10.97520698	10.88532628	10.77656336	10.63652863	10.33632841	10.11829710	9.94246412	9.56179412	8.65390154	8.60141951	8.56117944	8.54391902	8.55507879	8.59447022	8.63071027	8.65041383	8.65050665	8.63709444	8.61814533	8.66827084	9.81618329	9.42845048	8.95745058	7.84740117	7.81003233	7.80016182	7.78139262	9.77648857	9.80872990	9.84119470
	10.01038961	10.16825520	10.32675252	10.52801560	10.81643200	11.00566210	11.10758828	11.15784849	11.18293247	11.20057150	11.21425718	11.22177648	11.21983726	11.21196371	11.20025170	11.18040226	11.14934468	11.10588008	11.04819531	10.97465043	10.88278028	10.77191692	10.62158847	10.32659854	10.11397985	9.94278891	9.69317700	8.65088586	8.61605889	8.58683356	8.57398603	8.58791195	8.62936318	8.66823661	8.68971899	8.68890957	8.67190684	8.63115770	8.59218352	9.32527009	9.64251409	8.63905720	7.86875330	7.82714534	7.82259946	7.79461921	9.55895070	9.79473841	9.83507779
	10.00235732	10.16314163	10.32366180	10.52672512	10.81668954	11.00573441	11.10755044	11.15771367	11.18261867	11.20019618	11.21406518	11.22167202	11.21979679	11.21188789	11.20036978	11.18070046	11.14949188	11.10583419	11.04805367	10.97457517	10.88288285	10.77241384	10.62256890	10.33043043	10.11800585	9.94795856	9.79276580	8.68678243	8.64536916	8.61343549	8.59979807	8.61122852	8.65083117	8.68982644	8.71183043	8.70976325	8.68964273	8.66095696	8.63091384	9.16432834	9.49426798	8.86397402	7.95935121	7.89953234	7.88192086	7.85685004	9.31728183	9.78135309	9.82750150
	9.99813800	10.16051343	10.32226242	10.52667070	10.81577827	11.00358060	11.10498723	11.15468278	11.17920049	11.19658466	11.21032181	11.21778442	11.21582796	11.20762371	11.19619857	11.17624243	11.14472292	11.10066986	11.04242781	10.96844041	10.87616712	10.76514094	10.61048796	10.31658719	10.10844219	9.94118288	9.79977355	8.70625000	8.64024356	8.61444270	8.60628971	8.61968958	8.65954651	8.69792709	8.71776353	8.70939257	8.68595186	8.65493639	8.62168966	9.10875298	9.26741832	8.88698157	8.01855351	7.90636865	7.87609867	7.84564674	8.97828429	9.76720849	9.81882494
	10.00064888	10.16447313	10.32913487	10.53914200	10.82712075	11.00875908	11.10792452	11.15603942	11.17933493	11.19571251	11.20859256	11.21536587	11.21287752	11.20389647	11.19205316	11.17120598	11.13874202	11.09364950	11.03421348	10.95892991	10.86508986	10.75246662	10.57997320	10.29333046	10.09214763	9.92921443	9.78008065	8.68061195	8.66567394	8.63910827	8.63072586	8.64598877	8.68942328	8.73155012	8.75579389	8.75301015	8.72855989	8.69493297	8.64270289	8.85971664	8.77990393	8.62193688	8.02445717	7.95232754	7.91671354	7.89321140	8.28060832	9.74826497	9.80853561
	10.00167136	10.16917033	10.33887476	10.55800858	10.84876224	11.02594682	11.12432672	11.17068577	11.19271922	11.20804103	11.21975909	11.22556929	11.22223347	11.21217854	11.19935017	11.17747489	11.14399753	11.09786597	11.03749196	10.96132892	10.86671288	10.75364474	10.57456577	10.29482585	10.09200007	9.92875992	9.78038883	8.90081528	8.69857699	8.67410178	8.66667760	8.68195657	8.72503346	8.76877002	8.79659344	8.79516689	8.76905592	8.73259799	8.73453999	8.83840865	8.76359747	8.62696130	8.44181149	8.10270208	8.02292296	7.97077264	8.21887479	9.73202956	9.79951832
	9.99985578	10.17077315	10.34485254	10.57210069	10.86247924	11.03445888	11.13238069	11.17676059	11.19688584	11.20989562	11.21969721	11.22386671	11.21909431	11.20789564	11.19355478	11.17067111	11.13596921	11.08852161	11.02692020	10.94960012	10.85373209	10.73935139	10.54241504	10.26490935	10.06809348	9.90841424	9.76232563	8.74985947	8.71498713	8.69243253	8.68827965	8.70733370	8.75674520	8.81142054	8.84396894	8.84471368	8.81512945	8.76896877	8.69171682	8.63554547	8.55409784	8.42743650	8.25910224	8.12542778	8.04673350	7.99197194	7.91761925	9.68298062	9.77830500
	10.00005278	10.17313994	10.34982792	10.58252933	10.87386420	11.04418192	11.14237844	11.18655912	11.20614271	11.21839469	11.22772920	11.23128080	11.22569010	11.21344066	11.19791819	11.17409243	11.13845039	11.09013168	11.02778070	10.94990845	10.85358071	10.73899652	10.54338485	10.26724425	10.07110598	9.91223508	9.76738179	8.87278866	8.74820906	8.71911733	8.71505381	8.73478917	8.78791015	8.84770592	8.88310375	8.88771452	8.86035973	8.81302264	8.74732541	8.68607172	8.61245055	8.50036077	8.35248671	8.19788567	8.12081848	8.06699021	8.00279649	9.65649080	9.77210020
	10.00247415	10.17794589	10.35823405	10.59855034	10.89135674	11.05935027	11.15744717	11.20126116	11.21999511	11.23115762	11.23978785	11.24257454	11.23604870	11.22269811	11.20607937	11.18131697	11.14470143	11.09550247	11.03243753	10.95404988	10.85731224	10.74259355	10.55156593	10.27704166	10.07923269	9.92000359	9.77580300	8.98388012	8.77846142	8.74069382	8.73656835	8.75711667	8.81407830	8.87688786	8.91349697	8.92110466	8.89721869	8.85107409	8.78183039	8.70957869	8.63927892	8.53289609	8.39395220	8.24513415	8.16549462	8.10942233	8.03753082	9.64738364	9.76920828
	10.00296547	10.18232447	10.36774394	10.61771472	10.91474322	11.08163885	11.18037333	11.22443114	11.24190907	11.25147865	11.25905112	11.26083073	11.25282902	11.23760206	11.21952527	11.19330625	11.15515957	11.10444123	11.04000229	10.96040926	10.86254895	10.74691118	10.55810125	10.29235694	10.09235490	9.93277502	9.78964827	9.17364724	8.85908075	8.79501545	8.78452378	8.80596089	8.86392180	8.92467502	8.96076573	8.97205830	8.95669826	8.91629362	8.85638145	8.77891785	8.67137450	8.57358683	8.44661190	8.32642932	8.23973783	8.18508649	8.12922951	9.56851562	9.75871390
	9.99545190	10.17701204	10.36301914	10.61237495	10.91053483	11.07918119	11.17959694	11.22607863	11.24434951	11.25442235	11.26215687	11.26374968	11.25471239	11.23716359	11.21669902	11.18810562	11.14804546	11.09547493	11.02935056	10.94814570	10.84861936	10.73112749	10.52747455	10.26831863	10.08001528	9.92714226	9.78882677	9.46811364	8.99801104	8.88165273	8.85726103	8.87954753	8.93928403	8.99204723	9.02479649	9.04108004	9.04255534	9.03513953	9.01716571	8.97680826	8.76532107	8.68192093	8.57419416	8.43746621	8.35545597	8.31688644	8.33942698	9.33260643	9.73074774
	9.99971179	10.18328032	10.37301368	10.63061193	10.92724007	11.09415702	11.19476159	11.24252348	11.25980443	11.26897934	11.27600652	11.27636667	11.26538552	11.24546138	11.22231552	11.19117339	11.14852804	11.09336166	11.02472154	10.94093291	10.83869669	10.71837352	10.50010235	10.24809611	10.06454615	9.91408280	9.77691391	9.47729714	9.05406043	8.92927324	8.89790028	8.91494356	8.96391584	9.01004533	9.03924109	9.05347102	9.05468752	9.04971317	9.04953826	9.03536572	8.75497344	8.66609542	8.55583936	8.41577556	8.33782229	8.29363011	8.29338379	8.98705667	9.70682491
	10.00008671	10.18561245	10.37823722	10.64237025	10.93684199	11.10327358	11.20418937	11.25351715	11.27056113	11.27951057	11.28642095	11.28620106	11.27411426	11.25263263	11.22763922	11.19457962	11.15006477	11.09305196	11.02276010	10.93739361	10.83375607	10.71211280	10.48391488	10.23607432	10.05423650	9.90393449	9.76626325	9.43413262	9.07092219	8.95625436	8.92376045	8.93548375	8.97800240	9.01986895	9.04717345	9.06135542	9.06209996	9.05423789	9.03774309	8.99979968	8.80487768	8.65141649	8.53800086	8.43163287	8.34905888	8.29562312	8.26705320	8.69496487	9.68747641
	10.00088760	10.18709697	10.38069221	10.64753727	10.93863339	11.10340801	11.20405809	11.25641588	11.27468276	11.28442412	11.29231742	11.29258733	11.28020651	11.25786654	11.23158052	11.19736856	11.15166822	11.09359327	11.02232902	10.93622724	10.83197736	10.70985668	10.48289786	10.24102962	10.06100912	9.91166573	9.77508980	9.50387065	9.16807343	9.03614810	8.99275483	8.99507505	9.02762712	9.06304410	9.08828274	9.10416775	9.11117616	9.11728731	9.13333056	9.19044256	9.16106575	8.74765488	8.64016860	8.49419632	8.41107376	8.35725684	8.33700968	8.72671694	9.66440694
	10.00165075	10.18978876	10.38620133	10.65917331	10.94374918	11.10610726	11.20604483	11.26048459	11.27881903	11.28921098	11.29786529	11.29819312	11.28482528	11.26015632	11.23116611	11.19421653	11.14587856	11.08534633	11.01176444	10.92355333	10.81709172	10.69275663	10.45316190	10.22236351	10.04831195	9.90168389	9.76605561	9.50683091	9.23641165	9.10643872	9.05677393	9.05004665	9.07233493	9.10091800	9.12355835	9.13967524	9.14978496	9.16237395	9.19261509	9.26892045	9.24220526	8.97849134	8.84854310	8.55253001	8.47010430	8.41134150	8.38857762	8.63392686	9.51499755
	9.99208242	10.18274612	10.37979991	10.65247040	10.94088374	11.10469259	11.20595877	11.26304402	11.28265383	11.29392639	11.30326284	11.30433093	11.29148007	11.26636297	11.23707798	11.19996820	11.15135229	11.09057580	11.01676606	10.92849367	10.82224382	10.69816428	10.46339007	10.23580700	10.06367358	9.91914993	9.78621399	9.57903222	9.30783595	9.16981824	9.11387126	9.10225752	9.12016704	9.14662308	9.16973804	9.18841873	9.20339304	9.22335428	9.26357034	9.34867501	9.36391544	9.19439724	8.92080664	8.64347332	8.55861654	8.50834139	8.51092179	8.78133988	9.47901548
