	-2784.61734436	-2784.64430453	-2784.65786345	-2784.67274454	-2784.67217438	-2784.64881062	-2784.61199227	-2784.54231726	-2784.42950295	-2784.29030307	-2784.13783117	-2783.97437336	4.64733541	5.53437332	5.99602147	6.40723675	6.80970099	7.34588471	8.10054544	8.56733622	8.68115170	8.64462856	8.51494798	8.34526008	8.16877342	8.01165741	7.85498142	7.73078748	7.63326844	7.56606572	7.50728346	7.62162246	7.90842833	8.26559498	8.68767647	9.19942180	9.77493257	10.14019018	10.32752552	10.40796401	10.42196994	10.41491304	10.38531791	9.99909708	9.34528196	8.69776382	8.16499422	7.70003112	7.28173594
	4.33621064	4.28965555	4.26239117	4.23739405	4.24426670	4.29699578	4.38059620	4.53344028	4.77474856	5.06859288	5.38798008	5.71853218	6.09065865	6.45729331	6.78448488	7.12870675	7.42861392	7.76585181	8.11594726	8.25491201	8.28660613	8.27493371	8.23415537	8.17915299	8.12757706	8.07526779	8.02794524	7.98513707	7.95060599	7.92342740	7.89903127	7.95195497	8.07512591	8.21806999	8.36275598	8.49687012	8.64114677	8.70362856	8.72733042	8.73415606	8.72908967	8.72272285	8.71285522	8.61535054	8.46378282	8.29038568	8.10842514	7.92572731	7.72750871
	4.39249715	4.33023757	4.27542483	4.23349345	4.22886100	4.27060675	4.34501230	4.50017658	4.75750309	5.07625987	5.42711944	5.79543404	6.18761608	6.59657674	6.95649106	7.32716164	7.67555689	8.03154416	8.42016121	8.59293752	8.62222770	8.61010272	8.56302888	8.49840313	8.43722471	8.37470085	8.32791360	8.27846614	8.24392895	8.21674427	8.19718218	8.26065255	8.40255336	8.56460991	8.73005993	8.88421541	9.04621079	9.11266657	9.13024890	9.12846462	9.11713957	9.10547941	9.08875097	8.97752965	8.80968057	8.61558690	8.40948009	8.19916845	7.97661851
	4.32671657	4.25686159	4.19368340	4.14689110	4.14315879	4.18814230	4.26651392	4.43362028	4.71165824	5.05464856	5.43311464	5.82857951	6.24661440	6.68668977	7.07523817	7.46082250	7.86010694	8.23212780	8.63784352	8.82851442	8.86316874	8.84994943	8.79903968	8.72181256	8.64587494	8.57602835	8.52621517	8.47233313	8.44774316	8.41874162	8.39883086	8.47019512	8.62349812	8.80250178	8.97758737	9.15888940	9.33770088	9.40387335	9.42202551	9.41211705	9.39301903	9.37610900	9.35033595	9.22702104	9.05205902	8.83577361	8.60574756	8.37951445	8.13774506
	3.94131189	3.85103257	3.77633136	3.72484734	3.72685394	3.78471656	3.87853319	4.08188126	4.41911132	4.83400422	5.29832731	5.77591924	6.27166422	6.81170618	7.30569834	7.74913199	8.24786709	8.73707575	9.16386270	9.39505798	9.44390757	9.41436324	9.34153928	9.23974922	9.13738514	9.04664459	8.98146646	8.92700168	8.89500238	8.87584220	8.85835065	8.96332423	9.17112901	9.38600623	9.60156029	9.83408796	10.07260133	10.16488474	10.17729445	10.14808763	10.09150332	10.07976926	10.02782834	9.85510265	9.62102046	9.34826058	9.05975714	8.78671085	8.50759281
	4.02472187	3.93027774	3.84544931	3.79222479	3.79481652	3.84859514	3.93502643	4.13683257	4.47702944	4.89896052	5.37933879	5.86761116	6.36339148	6.90859558	7.41920709	7.88318928	8.37826943	8.89755304	9.33038440	9.54903855	9.60031343	9.56304525	9.48166041	9.37364175	9.26561141	9.17724870	9.12838453	9.06700648	9.02836223	9.02101694	9.01955678	9.13984871	9.36868755	9.57566882	9.81864556	10.07122695	10.32915465	10.43679536	10.40406465	10.36610581	10.32135697	10.30346630	10.21195429	10.02012054	9.76889144	9.47432325	9.17800636	8.90045611	8.61046029
	4.71964877	4.65070946	4.58834830	4.55014928	4.55494302	4.59756303	4.66453714	4.81816821	5.07297150	5.39326391	5.74582778	6.11622918	6.48606237	6.87059957	7.27022431	7.63245450	7.97403518	8.36243781	8.71899114	8.85843702	8.88816198	8.86053243	8.79539183	8.70329522	8.63082332	8.55113830	8.50829956	8.46118492	8.43110599	8.41457148	8.40208762	8.50777383	8.68735310	8.85666171	9.04197902	9.23571610	9.44718042	9.52693739	9.49752169	9.46924250	9.43264902	9.39057521	9.31648556	9.17685078	8.97437334	8.75122989	8.53754447	8.33999493	8.10904532
	5.33005209	5.27454228	5.21865461	5.18842733	5.19200602	5.22026617	5.26586246	5.38297027	5.58069016	5.83827486	6.11215437	6.40594111	6.70043322	6.98453475	7.28598799	7.58558209	7.87327460	8.14737294	8.44221616	8.58190212	8.62197323	8.57627750	8.52439586	8.43938596	8.35980642	8.30372070	8.26891465	8.24353806	8.22727788	8.24540060	8.24015882	8.32998843	8.47030643	8.62616088	8.77345573	8.91935031	9.09597201	9.13061065	9.11928657	9.07427869	8.99865045	8.95499948	8.91688431	8.80135050	8.64266508	8.45005934	8.28337530	8.11300264	7.93706232
	5.55847466	5.50431782	5.45346115	5.42572255	5.42607956	5.44708775	5.48396442	5.58414283	5.75474624	5.98095903	6.22203755	6.47645542	6.73160541	6.97846602	7.22894123	7.49224700	7.77027916	7.99564603	8.24660808	8.36998255	8.40202891	8.35216872	8.30883639	8.24116573	8.16157556	8.11456742	8.08662902	8.07078844	8.06003414	8.09361054	8.09070371	8.17564179	8.29303687	8.44308736	8.57050697	8.69913076	8.84666356	8.87976003	8.85586280	8.80437557	8.74101752	8.71309592	8.66166500	8.55282729	8.40774447	8.24905828	8.08710183	7.93717605	7.78225682
	5.84906941	5.80753057	5.77040086	5.74903401	5.74699436	5.75938267	5.78330847	5.85172653	5.97043579	6.12742635	6.29630251	6.47200800	6.65127227	6.82305019	6.98894885	7.16869362	7.35182998	7.53780208	7.71200470	7.78912705	7.79398699	7.76738820	7.72937461	7.68585980	7.63973728	7.60871314	7.59276984	7.58678107	7.57876684	7.59725564	7.60220855	7.66329556	7.75477696	7.85596656	7.95677356	8.03946207	8.14572405	8.17427863	8.16237872	8.10934046	8.05858940	8.03775856	7.98915168	7.91236302	7.80635682	7.68721674	7.58182631	7.47416701	7.36303628
	6.04440168	6.01439267	5.98733272	5.97184287	5.97001256	5.97737758	5.99311619	6.04362986	6.13592002	6.25173168	6.37790294	6.51087186	6.64682103	6.77699669	6.90282080	7.03681495	7.17651982	7.31805618	7.45884289	7.51670013	7.51908941	7.49499855	7.46627810	7.43002155	7.39678769	7.37519207	7.35836334	7.36142637	7.36544731	7.37887364	7.38711764	7.43579239	7.51571768	7.58603666	7.65155832	7.73045491	7.81399942	7.84306292	7.81867550	7.79321394	7.74007166	7.70665589	7.66861302	7.60467695	7.52224827	7.43342461	7.35009306	7.26088477	7.17199465
	6.10591383	6.07887241	6.05311836	6.03735960	6.03435703	6.03976793	6.05281661	6.09787309	6.18121268	6.28643043	6.40034469	6.52078945	6.64425212	6.76218203	6.87430054	6.99254266	7.11841759	7.24761483	7.38043228	7.43286163	7.43908051	7.41595968	7.38899710	7.34990015	7.31750247	7.30929745	7.28651776	7.29770319	7.29676118	7.30720583	7.31697586	7.36804309	7.44233181	7.50896377	7.56878767	7.64251913	7.71406165	7.73482613	7.70953526	7.68410529	7.63927856	7.60084507	7.56952794	7.50854238	7.42778144	7.35114152	7.27383480	7.19141790	7.11226214
	6.17587957	6.15156108	6.12741434	6.11336084	6.11079999	6.11533840	6.12768098	6.17449820	6.26327048	6.37107104	6.49052095	6.61734256	6.74692692	6.87162968	6.98931739	7.11651870	7.24761536	7.38455943	7.53034707	7.57892261	7.58264700	7.55964864	7.52801923	7.49427460	7.45576837	7.44441752	7.43003427	7.43884640	7.44849387	7.46448965	7.47875967	7.53473302	7.60925565	7.67769809	7.74141160	7.81829713	7.90247064	7.90800204	7.88712691	7.85010875	7.80971583	7.77033764	7.73302307	7.66310890	7.57408496	7.49191289	7.41108805	7.32094113	7.23326759
	6.20479690	6.18244862	6.15924939	6.14579036	6.14277148	6.14643463	6.15826984	6.20716870	6.29725296	6.40598266	6.52835680	6.65945950	6.79191753	6.91770511	7.03855351	7.16738747	7.30241038	7.44152189	7.59168817	7.64308228	7.64210365	7.61917288	7.58637025	7.55301618	7.51390791	7.49674899	7.48669814	7.49992126	7.51472925	7.53033610	7.54836966	7.60599249	7.68602258	7.75778305	7.82140817	7.90495158	7.98525783	7.99118453	7.96945068	7.92755526	7.88330216	7.83866373	7.80058311	7.72602535	7.63373239	7.55215983	7.46384064	7.37938945	7.28245248
	6.26688721	6.24895762	6.22934320	6.21823909	6.21484878	6.21729856	6.22841004	6.27769241	6.36895359	6.47911279	6.60414226	6.73637276	6.86970692	6.99986253	7.12090177	7.24870068	7.38739633	7.52832425	7.69097809	7.73990547	7.74063346	7.71662685	7.68216193	7.63866420	7.60941339	7.58281431	7.57771429	7.60424628	7.61489600	7.63489992	7.65625547	7.71571563	7.80154065	7.86893088	7.93471429	8.02066468	8.11104847	8.11666057	8.08854916	8.03744606	7.98720682	7.93792024	7.89234832	7.81411655	7.72637354	7.64173373	7.54911578	7.45771593	7.36154353
	6.32359078	6.31079791	6.29508091	6.28571002	6.28129589	6.28220548	6.29181996	6.33850578	6.42612471	6.53225893	6.65312757	6.77774598	6.90774506	7.03240153	7.14920235	7.26631748	7.40367289	7.54143644	7.69756620	7.75614215	7.74875865	7.72788071	7.70143865	7.64218297	7.61114174	7.59187766	7.59108908	7.62024823	7.63180656	7.66138880	7.68050958	7.73836842	7.82093231	7.88584060	7.95491188	8.04381775	8.12920591	8.13551423	8.09864274	8.04690873	7.98769713	7.93842545	7.88939300	7.80994755	7.73488914	7.64815110	7.56137045	7.45926508	7.37159721
	6.38088261	6.37345457	6.36191756	6.35418131	6.34839157	6.34861360	6.35779016	6.40614362	6.49749440	6.61066241	6.73587291	6.86701463	7.00245393	7.13130300	7.25861005	7.38198345	7.52515149	7.67325817	7.83080366	7.89806998	7.88139812	7.85845518	7.83243030	7.77054950	7.73141575	7.71893794	7.72618291	7.75168568	7.77337895	7.81393497	7.83219524	7.89516330	7.98843851	8.05138132	8.13160438	8.23147341	8.31151415	8.32330975	8.27298445	8.22408502	8.14823025	8.08842051	8.03588604	7.95117691	7.87451499	7.76980160	7.68503072	7.57891799	7.48371429
	6.41085773	6.40754265	6.39812146	6.38952395	6.38100304	6.37997445	6.38802590	6.43748283	6.52635967	6.64099044	6.76712259	6.89659112	7.03393426	7.16261082	7.28597240	7.41390359	7.55190958	7.70078557	7.87010395	7.93884323	7.90538269	7.87804898	7.85713757	7.80178982	7.75354149	7.74296204	7.75685535	7.78594854	7.82808505	7.85505017	7.88467387	7.95402954	8.04763254	8.10705889	8.19152182	8.29898081	8.37507576	8.38048206	8.32691789	8.26303159	8.18887190	8.12070401	8.06805738	7.98478608	7.89858452	7.79438044	7.71339567	7.59779999	7.49948753
	6.45227089	6.45403876	6.44700668	6.43672807	6.42619173	6.42370179	6.43083736	6.48297848	6.57249223	6.69100769	6.82068019	6.95547187	7.09454450	7.22785175	7.35466131	7.48495154	7.62604701	7.77760698	7.95945034	8.02218582	7.99650372	7.95945836	7.92650994	7.88186676	7.83484462	7.82287627	7.84121223	7.87624698	7.92729541	7.95889405	8.00924022	8.08674473	8.16187096	8.24234363	8.31142095	8.42402159	8.51032333	8.51016077	8.45125145	8.38434363	8.29548874	8.22506425	8.16227300	8.09050166	7.98679171	7.87418860	7.77913029	7.66909683	7.56634413
	6.47411441	6.48092304	6.47442935	6.46244644	6.45026437	6.44628755	6.45146818	6.50526721	6.59724620	6.71753966	6.85095198	6.99013848	7.13271461	7.26902587	7.40014360	7.52809201	7.67234026	7.83134573	8.01515215	8.07428876	8.05683887	8.01544173	7.97083668	7.92763684	7.88449132	7.87476155	7.90467607	7.94441162	7.99272484	8.05153123	8.11003263	8.19915072	8.26274219	8.35841831	8.41725699	8.52385648	8.61452373	8.61801301	8.55837495	8.48480927	8.37731454	8.31197735	8.23787538	8.17125454	8.04995243	7.92752716	7.81736111	7.71095075	7.60516942
	6.51480747	6.53048857	6.52666416	6.51586681	6.50312475	6.49853049	6.50246420	6.55815569	6.65701890	6.78258886	6.92444835	7.06949100	7.21978558	7.36313882	7.50116499	7.63913838	7.79341659	7.97050564	8.15664632	8.22866343	8.21543646	8.17532630	8.12534636	8.07497647	8.02805365	8.02284311	8.06902305	8.11494287	8.17436473	8.23800403	8.29358036	8.39142349	8.46607101	8.56514464	8.64494576	8.73246214	8.81869707	8.82442567	8.77137222	8.68545716	8.57643950	8.50336763	8.41312979	8.31943122	8.19002544	8.06761747	7.94884142	7.83398820	7.71878670
	6.55692061	6.57779927	6.57654536	6.56419428	6.55245324	6.54754429	6.54992148	6.60170870	6.69713418	6.81905539	6.95310141	7.09140433	7.23830341	7.37202943	7.50368929	7.63432281	7.78563496	7.95390752	8.13192446	8.20189366	8.19432259	8.16120251	8.11491864	8.06812322	8.02444038	8.02292302	8.06770915	8.12246895	8.18268128	8.24973706	8.30353505	8.39908781	8.47898975	8.55286610	8.63650496	8.71801360	8.80060687	8.79963142	8.74591807	8.66759750	8.57252864	8.48534760	8.39890708	8.28968491	8.17506353	8.05544805	7.93246312	7.82074634	7.70962461
	6.61064257	6.63530054	6.63613390	6.62402774	6.61484104	6.61020860	6.61089022	6.65723432	6.74757586	6.86267006	6.98575865	7.11565038	7.25259466	7.37541843	7.49897914	7.62118446	7.76260307	7.92398140	8.08530858	8.14844066	8.14565017	8.11584667	8.07757765	8.04018180	7.99925468	7.99946356	8.04198320	8.09949061	8.16220726	8.23891611	8.28924333	8.37205680	8.45129399	8.51799223	8.58999609	8.66535893	8.73615847	8.73652535	8.68214282	8.60280901	8.52411386	8.43780044	8.35859529	8.25391032	8.13307564	8.01822551	7.90319437	7.79490832	7.68952399
	6.63306948	6.65605494	6.65696876	6.64593939	6.63838025	6.63242800	6.63047164	6.67006332	6.75328161	6.86148244	6.97566185	7.09572970	7.22017850	7.33487600	7.44609926	7.55855618	7.68377449	7.82661025	7.97521874	8.03103219	8.02845169	7.99991806	7.96384036	7.92828667	7.88899594	7.89161640	7.93861616	7.99879700	8.06365676	8.13408891	8.19943540	8.28085793	8.34195218	8.41737809	8.48853701	8.55174265	8.60692317	8.60271467	8.54764118	8.46725490	8.40599386	8.32270118	8.23310166	8.14869569	8.02940256	7.90787780	7.80418146	7.70184540	7.60644290
	6.68476425	6.71418553	6.71983608	6.71018201	6.70201565	6.69212416	6.68927836	6.72810333	6.81592713	6.93237242	7.05236230	7.18095578	7.31302079	7.43375418	7.55440477	7.67134828	7.79896628	7.95651532	8.11393005	8.17036071	8.16950503	8.13975322	8.10189890	8.06611696	8.02757362	8.03570828	8.08910452	8.16009567	8.23979375	8.31595286	8.38862304	8.47523358	8.55174469	8.63371000	8.69358590	8.75708565	8.82709847	8.81229902	8.74960558	8.65758208	8.58212920	8.50610186	8.40333363	8.30040521	8.17446972	8.05185741	7.92890494	7.82000697	7.71528222
	6.73892876	6.77635433	6.78440075	6.77448803	6.76383691	6.75047172	6.74614029	6.78036370	6.86165953	6.97292351	7.08596783	7.20903273	7.33511633	7.44701866	7.56529707	7.67255070	7.78474453	7.92724685	8.07428018	8.13438907	8.13206493	8.10060503	8.06615719	8.02895481	7.99500591	8.00527721	8.06231633	8.14435936	8.22665303	8.30439088	8.37736534	8.45530710	8.53518283	8.61019638	8.66412815	8.72940955	8.80548961	8.78776767	8.72263366	8.62994969	8.53702584	8.45790525	8.35434589	8.25286341	8.13469210	8.01407866	7.90095309	7.79790151	7.69766958
	6.78611210	6.82428942	6.83342567	6.82234735	6.81169937	6.79970963	6.79326261	6.82213172	6.89411479	6.99157847	7.09354038	7.20127389	7.31232619	7.41488836	7.51519244	7.60930802	7.70959381	7.82565469	7.95476871	8.01758408	8.01581981	7.98536736	7.95765012	7.92272058	7.89328496	7.90576270	7.96029092	8.04792367	8.11711826	8.19283335	8.26756489	8.33073291	8.40063171	8.46649658	8.52629543	8.57841404	8.64576442	8.63246832	8.56929257	8.48045726	8.39635817	8.30528202	8.21563557	8.12305298	8.01178723	7.90402062	7.80735881	7.71213104	7.62307761
	6.82572387	6.86256053	6.87110817	6.86001782	6.84858911	6.83605295	6.82973784	6.85461986	6.91979906	7.00935227	7.10184214	7.19950656	7.30072583	7.39431427	7.48490006	7.57063726	7.65862412	7.76022446	7.88632744	7.94081994	7.94124212	7.91303453	7.89009856	7.86248624	7.83113668	7.84588472	7.90571860	7.98648958	8.05135947	8.12631164	8.19730301	8.25747665	8.33125369	8.38523473	8.43651861	8.48651905	8.54478308	8.53065934	8.46838878	8.38817718	8.30544866	8.21992526	8.12573171	8.03752746	7.93686088	7.83917174	7.74319154	7.65901844	7.57704854
	6.81716093	6.84954867	6.85561686	6.84466343	6.83326056	6.82045761	6.81322352	6.83293226	6.88705404	6.96268726	7.04000782	7.12508343	7.20875076	7.28894727	7.36503854	7.43796057	7.51311036	7.58779182	7.68491337	7.73530110	7.73607927	7.71372127	7.69744285	7.67016277	7.64346020	7.65497859	7.71644984	7.78759527	7.84482703	7.91911933	7.98516510	8.03493367	8.09428567	8.13970151	8.18398911	8.24081594	8.28749257	8.27285887	8.21540102	8.14047732	8.05386514	7.97507017	7.89743613	7.82011467	7.73129832	7.64884318	7.56472622	7.50112389	7.43433992
	6.79540345	6.82392421	6.82836832	6.81840559	6.80946485	6.79739859	6.78868381	6.80501348	6.85138514	6.91513841	6.98139487	7.05541055	7.12651253	7.19427832	7.26051521	7.32459319	7.38799219	7.45602221	7.52746377	7.57206283	7.57556030	7.55849261	7.54505557	7.51994727	7.50197877	7.51512304	7.56766522	7.63315445	7.68424319	7.75411201	7.81422285	7.86385415	7.90823419	7.94331796	7.98214924	8.03550535	8.07777940	8.06319027	8.01047521	7.93643293	7.86158314	7.79390777	7.72120476	7.64656927	7.57019200	7.50399864	7.43362657	7.37335403	7.31460174
	6.79169796	6.81783274	6.82119738	6.81209353	6.80292757	6.78962194	6.78081648	6.79535865	6.83730280	6.89681810	6.95803872	7.02632620	7.09363627	7.15586909	7.21601880	7.27525231	7.33507710	7.39244898	7.45652011	7.49330460	7.49846388	7.48335212	7.46903004	7.45036392	7.43588490	7.45135604	7.49539046	7.56128748	7.61178970	7.67917108	7.74148950	7.78681606	7.82615266	7.86264460	7.89952740	7.94025258	7.98655479	7.97149370	7.91996433	7.84715157	7.77734323	7.71094353	7.64136397	7.56441749	7.49436219	7.42945575	7.37029455	7.31494122	7.26203850
	6.79743660	6.82419424	6.82715446	6.81709220	6.80822241	6.79401066	6.78371675	6.79755598	6.83833685	6.89765202	6.95962946	7.02824815	7.09588052	7.15879053	7.21759881	7.27784280	7.33832960	7.39592387	7.45393178	7.48961634	7.49343826	7.47876662	7.46420618	7.44855109	7.43507404	7.45078865	7.49211661	7.56226433	7.62239188	7.68627945	7.74895024	7.79632021	7.83615143	7.87299401	7.91215866	7.95164043	8.00230405	7.98596199	7.93338013	7.85191865	7.78177880	7.71330016	7.63854568	7.56394895	7.49212482	7.42427102	7.36735828	7.31450671	7.26141300
	6.77229436	6.79914310	6.80181963	6.79119766	6.78057314	6.76510173	6.75116968	6.76220186	6.80171015	6.85896472	6.92284279	6.98892546	7.05764884	7.12217911	7.17759156	7.23684281	7.29746141	7.35719233	7.41455323	7.44236644	7.44227832	7.43177374	7.41895770	7.40816356	7.39639151	7.41243063	7.44986229	7.51104323	7.57589290	7.63390707	7.69698540	7.75628451	7.79828183	7.83569642	7.87371529	7.91041565	7.96036652	7.94255499	7.88695741	7.80364727	7.73485902	7.66226526	7.57470651	7.50761379	7.43912662	7.37700364	7.32291092	7.26922717	7.21543544
	6.80078876	6.83035794	6.83330518	6.82293623	6.81172813	6.79797149	6.78310291	6.79507939	6.83532464	6.89393852	6.95941195	7.02882330	7.09895442	7.16619089	7.22400743	7.28709378	7.35121791	7.41339092	7.47243563	7.50597306	7.50806584	7.49567835	7.48245337	7.47071204	7.45904842	7.47609520	7.51597529	7.58430110	7.66239386	7.71905608	7.78662141	7.84143040	7.88590381	7.92398409	7.96283778	7.99968811	8.05077972	8.03319331	7.97627089	7.89051431	7.81797360	7.74613336	7.65374916	7.58322286	7.50636493	7.43888978	7.38207909	7.32648762	7.26986866
	6.79392339	6.82401968	6.82723186	6.81714922	6.80473435	6.79051692	6.77393889	6.78443023	6.82513012	6.88349287	6.95073858	7.01961859	7.09156027	7.15932472	7.21783732	7.28161059	7.34645748	7.41105004	7.47323242	7.50660742	7.50725023	7.49819975	7.48533240	7.47478976	7.46265522	7.48018604	7.52153993	7.58372984	7.66190215	7.71787262	7.78650485	7.84809520	7.89475989	7.93277916	7.97345683	8.01135611	8.05784997	8.03903545	7.97993286	7.89913255	7.82100668	7.74487647	7.64748984	7.57808678	7.50278607	7.43960974	7.37887189	7.32191087	7.26355815
	6.72753364	6.75576093	6.75866332	6.74703204	6.73011405	6.71313981	6.69480940	6.70151475	6.73870175	6.79500701	6.86293220	6.92907426	7.00071195	7.07040521	7.12772658	7.18948636	7.25091403	7.31650510	7.38084383	7.40909635	7.40906229	7.40062246	7.39034317	7.37894614	7.36765429	7.38602747	7.42838237	7.48090693	7.54804195	7.59825026	7.66326403	7.73221811	7.77945739	7.82442561	7.86780793	7.90833945	7.95167019	7.93199129	7.86915921	7.78736764	7.69986992	7.62222674	7.52741949	7.46305943	7.39570289	7.33843165	7.27875516	7.22028114	7.16194078
	6.70802164	6.73673658	6.74017683	6.72904062	6.71108999	6.69329092	6.67465628	6.67895185	6.71534015	6.77075625	6.83988658	6.90609988	6.97783932	7.04965974	7.11176315	7.17205253	7.23410597	7.29983836	7.36993395	7.40137910	7.40192512	7.39326793	7.38429590	7.37364508	7.36046652	7.38003226	7.42886550	7.48040120	7.53496895	7.59274408	7.65394614	7.72217050	7.78033347	7.82474768	7.87480823	7.91582092	7.96017706	7.93872621	7.87404252	7.78998385	7.69212655	7.60514569	7.51689707	7.45072195	7.38901657	7.32652463	7.26318657	7.20222130	7.14271376
	6.70936988	6.73964027	6.74311187	6.73116941	6.71223682	6.69446083	6.67542632	6.67921620	6.71480355	6.76971556	6.83992696	6.90644038	6.97892772	7.05271725	7.11703000	7.17645417	7.24120698	7.30840099	7.38102146	7.41001844	7.41152212	7.40318782	7.39518297	7.38514910	7.37429868	7.39498307	7.44243318	7.49125071	7.54458126	7.61365079	7.67416221	7.75055068	7.81313172	7.85516306	7.90218105	7.94211473	7.98682190	7.96614281	7.89928512	7.81571260	7.71514290	7.61689860	7.53024313	7.46028396	7.39825913	7.33726763	7.27264395	7.20937751	7.14866696
	6.67046759	6.69855439	6.70163004	6.68974972	6.67086454	6.65368524	6.63417748	6.63633905	6.66589087	6.71722452	6.78259165	6.84595476	6.91234905	6.98219682	7.04595355	7.10207776	7.16403375	7.22589775	7.29489648	7.32315986	7.32520029	7.31739303	7.30910675	7.29999854	7.28997823	7.31052212	7.35620369	7.40352142	7.46035095	7.52504046	7.57851306	7.64051950	7.69651579	7.73499187	7.78304331	7.82476662	7.87056638	7.85104383	7.78286110	7.69531189	7.60397591	7.51371573	7.44024695	7.37267707	7.31124010	7.25236202	7.19289137	7.13284395	7.07543977
	6.64596084	6.67236829	6.67493044	6.66305953	6.64418748	6.62557980	6.60608734	6.60771032	6.63310529	6.67973901	6.74224430	6.80261690	6.86421136	6.93203123	6.99260940	7.04712474	7.10477173	7.16339936	7.22933005	7.25827899	7.26099026	7.25430005	7.24456617	7.23580813	7.22685762	7.24667445	7.29064224	7.33750886	7.39234014	7.44008704	7.48873441	7.55750889	7.60958971	7.64750026	7.69480847	7.73788372	7.78180473	7.76176540	7.69578620	7.60644308	7.51507242	7.42684341	7.36096123	7.30410011	7.24575864	7.18836642	7.13119631	7.07300181	7.02042469
	6.56553372	6.58940670	6.59065437	6.57872751	6.55876981	6.53772568	6.51795732	6.51701483	6.53752616	6.58145136	6.63949163	6.69914352	6.75828241	6.82136137	6.88093770	6.93661224	6.99240208	7.04953499	7.11033548	7.13837312	7.14136050	7.13509443	7.12554808	7.11651984	7.10799365	7.12793549	7.17082251	7.21835102	7.27304639	7.31871470	7.36850342	7.42745043	7.46304315	7.49523451	7.53923182	7.59207484	7.63460479	7.61471847	7.54985006	7.45419116	7.37552174	7.30327238	7.23883359	7.18107145	7.12344923	7.06780667	7.01460027	6.95754352	6.90572015
	6.56211463	6.58608911	6.58714930	6.57679718	6.55765625	6.53636806	6.51798715	6.51659731	6.53504131	6.57719210	6.63243937	6.69053391	6.74848929	6.81030895	6.86914834	6.92600288	6.98257291	7.03943773	7.10000634	7.12802412	7.13164108	7.12653394	7.11846672	7.11118244	7.10395089	7.12446400	7.16668711	7.21406684	7.26814770	7.31652513	7.37246541	7.42865495	7.46503197	7.49448529	7.53494964	7.59138531	7.63101876	7.61204024	7.54834222	7.45084602	7.37354370	7.30121521	7.23277873	7.17409291	7.11640946	7.06247671	7.00776317	6.95083958	6.89860993
	6.58132918	6.60687247	6.60876057	6.59864701	6.58012337	6.55850018	6.54019836	6.53961393	6.55841740	6.60109999	6.65735262	6.71590130	6.77605234	6.84115189	6.90344173	6.96255379	7.02316207	7.08369450	7.14868395	7.17962227	7.18403689	7.17946715	7.17272915	7.16723158	7.16093095	7.18240444	7.22673113	7.27425914	7.32661821	7.38278206	7.44386802	7.50354713	7.55480783	7.58867163	7.62547788	7.67861185	7.71847609	7.69835731	7.63339330	7.53815896	7.44712128	7.36428323	7.28824936	7.23094507	7.17215154	7.11523625	7.05581266	6.99726202	6.94103584
	6.54190378	6.56674240	6.56863226	6.55742310	6.53853887	6.51565011	6.49617943	6.49391118	6.51120518	6.55421005	6.60940642	6.66955583	6.73037759	6.79635993	6.86108796	6.92240641	6.98527779	7.04922839	7.11343225	7.14548320	7.15017248	7.14563566	7.13934478	7.13430607	7.12805727	7.14991398	7.19573960	7.24576809	7.30200728	7.36552431	7.42582793	7.47296069	7.52724872	7.56328310	7.59943833	7.64651875	7.69116462	7.67377614	7.59943818	7.50999164	7.41839194	7.33910692	7.26172954	7.19890229	7.13728392	7.07859415	7.01793646	6.96120553	6.90029105
	6.53686047	6.56187623	6.56414394	6.55218805	6.53344694	6.51037542	6.49064292	6.48825083	6.50495569	6.54784935	6.60191634	6.66325818	6.72410674	6.79137704	6.85696599	6.92048918	6.98555175	7.05204774	7.11728193	7.15085160	7.15577950	7.15199592	7.14686937	7.14288072	7.13709985	7.15903718	7.20540998	7.25769387	7.31710083	7.38531324	7.44765900	7.49484387	7.55190453	7.58988115	7.62524765	7.66291469	7.71156298	7.69600586	7.61556969	7.53259724	7.43907871	7.35478807	7.27468294	7.20747056	7.14454192	7.08406838	7.02178304	6.96434020	6.90130747
	6.50222503	6.52704947	6.52961352	6.51681126	6.49633189	6.47111130	6.44831225	6.44669353	6.46201236	6.50301049	6.55777270	6.62040607	6.68094779	6.75077137	6.81968015	6.88735849	6.95435246	7.02127463	7.09254753	7.12954210	7.13645764	7.13388686	7.13066443	7.12602240	7.12087759	7.14565878	7.19533576	7.25262332	7.30678017	7.36500800	7.43822212	7.49235092	7.56143579	7.60054279	7.63988291	7.68717103	7.73450815	7.71403307	7.63366673	7.53389693	7.42755227	7.33053511	7.25570078	7.19032138	7.12385185	7.05897373	6.99356878	6.92976762	6.86767544
	6.51638336	6.54228575	6.54575618	6.53347527	6.51310681	6.48739809	6.46596295	6.46413952	6.47946473	6.52037641	6.57537540	6.63815524	6.70042246	6.77069782	6.84146114	6.91229617	6.98088347	7.04965338	7.12390317	7.16196130	7.16931543	7.16734784	7.16564880	7.16235814	7.15809950	7.18474671	7.23480612	7.29260309	7.35065527	7.42442757	7.50670740	7.56119709	7.61913821	7.65883333	7.69919608	7.74601948	7.79484493	7.77193168	7.69002465	7.58886205	7.48610690	7.38686473	7.29847848	7.22643774	7.15786622	7.09376990	7.02766276	6.95938568	6.89407173
	6.47818579	6.50181212	6.50444725	6.49195982	6.47125020	6.44650806	6.42221193	6.41901773	6.43300928	6.46832396	6.51917845	6.57743784	6.63732876	6.70431916	6.77342360	6.84028511	6.90688521	6.97461142	7.04583899	7.08037023	7.09023951	7.08901852	7.08675845	7.08404134	7.08072163	7.10722726	7.15773059	7.21467779	7.27386150	7.34813048	7.41608690	7.46181100	7.52365165	7.57285877	7.60959341	7.64616993	7.68989694	7.66784039	7.58666466	7.50215153	7.38523806	7.29980515	7.21714486	7.14600079	7.07757694	7.01491366	6.95383681	6.88800628	6.82158470
	6.43868620	6.45965981	6.46131668	6.44906749	6.42873187	6.40498934	6.37993638	6.37588259	6.38760237	6.41654649	6.46295675	6.51623644	6.57185350	6.63475747	6.69940025	6.76229076	6.82578616	6.89007307	6.95637600	6.98951059	6.99949422	6.99960504	6.99788888	6.99577181	6.99336777	7.01935228	7.06734601	7.12275854	7.18009502	7.24707663	7.31157449	7.35241691	7.40738611	7.45441843	7.48920499	7.52668011	7.56512299	7.54272983	7.46935680	7.38695419	7.27625289	7.19567859	7.12034133	7.05292199	6.98867781	6.92892880	6.87135006	6.80994232	6.74631718
	6.38322588	6.40140562	6.40133062	6.38902222	6.36880105	6.34582151	6.31971979	6.31499394	6.32366182	6.34559381	6.38733131	6.43502061	6.48564480	6.54407424	6.60310036	6.66162414	6.72269308	6.78323344	6.84471735	6.87580828	6.88500218	6.88673467	6.88595837	6.88424072	6.88268117	6.90748403	6.95162858	7.00621317	7.05902527	7.11286995	7.18249147	7.22106735	7.26157935	7.30106900	7.33388705	7.37668481	7.41068476	7.38826157	7.32051271	7.23791202	7.14672221	7.06347982	6.99578321	6.93437078	6.87566812	6.81961569	6.76474897	6.70828663	6.64919210
	6.39501992	6.41374391	6.41388617	6.40183523	6.38183304	6.35868830	6.33287773	6.32854319	6.33700680	6.35922726	6.40071829	6.44912173	6.49963343	6.55846463	6.61818263	6.67770938	6.73906750	6.80040679	6.86157811	6.89288060	6.90305851	6.90489934	6.90433397	6.90277117	6.90137107	6.92616663	6.97064663	7.02611515	7.07947914	7.13482388	7.20420500	7.24291823	7.28283208	7.32351462	7.35920795	7.40246023	7.43818189	7.41551960	7.34567083	7.25938812	7.16784484	7.08473596	7.01540530	6.95306740	6.89410461	6.83718276	6.78183701	6.72522930	6.66633473
	6.35695247	6.37407980	6.37410377	6.36285640	6.34445374	6.32180244	6.29684744	6.29214549	6.29765226	6.31534541	6.34912822	6.39321497	6.43773311	6.49296853	6.54898898	6.60606859	6.66314323	6.72223998	6.77832130	6.80849790	6.82063568	6.82373172	6.82466975	6.82433045	6.82436252	6.84788552	6.88938119	6.94263764	6.99298017	7.04812766	7.11514247	7.15175329	7.18035459	7.21648338	7.25558181	7.29430705	7.32915667	7.30881782	7.23946757	7.15383149	7.07477201	6.99773979	6.92718729	6.86717140	6.81310042	6.75927878	6.70624684	6.65290982	6.59914137
	6.31737989	6.33282880	6.33306704	6.32153213	6.30407623	6.28115473	6.25600767	6.25048112	6.25494250	6.27026404	6.29940483	6.34041072	6.38240757	6.43469916	6.48844946	6.54329948	6.59756875	6.65452804	6.70851524	6.73902391	6.75137726	6.75449534	6.75531437	6.75537876	6.75606697	6.78032648	6.81948377	6.86982702	6.91739716	6.97191335	7.03818535	7.07370365	7.10057986	7.13427147	7.16856431	7.19843783	7.22996987	7.21236200	7.14795338	7.07178458	6.99495353	6.92114175	6.85207795	6.79434741	6.74351014	6.69230159	6.64042627	6.58752785	6.53563452
	6.30350826	6.31747371	6.31725949	6.30680386	6.29045279	6.26948381	6.24640156	6.23993844	6.24253255	6.25496512	6.27823147	6.31370535	6.35261987	6.39915143	6.44939207	6.49980821	6.55165569	6.60167874	6.65306235	6.68046204	6.69181465	6.69533754	6.69787458	6.69940724	6.70100989	6.72263715	6.76188630	6.80916975	6.85756158	6.90636987	6.95658215	6.98837503	7.02597202	7.05332314	7.08459890	7.11734090	7.15015846	7.13204115	7.06760114	6.99274817	6.91105794	6.85073332	6.78993918	6.73478542	6.68509067	6.63964548	6.59312300	6.54454416	6.49493221
	6.23397374	6.24489789	6.24438537	6.23399121	6.21798989	6.19859861	6.17684398	6.16659766	6.16831053	6.17715036	6.19488831	6.22298973	6.25565253	6.29800041	6.34205803	6.38789853	6.43348066	6.47893013	6.52752684	6.55023203	6.56146207	6.56670073	6.56994717	6.57260425	6.57509647	6.59586228	6.63141182	6.67376578	6.71746612	6.76064666	6.81086097	6.84120663	6.86520358	6.89090980	6.91752869	6.94856497	6.97338087	6.95472183	6.89897218	6.82945196	6.76637110	6.70372647	6.64952116	6.60227186	6.55618985	6.51420606	6.47149340	6.42832329	6.38213110
	6.22052982	6.23061523	6.23021997	6.22026233	6.20483281	6.18634791	6.16533634	6.15396087	6.15503464	6.16239257	6.17773659	6.20275382	6.23344731	6.27390339	6.31564085	6.36021635	6.40350227	6.44719487	6.49440755	6.51639497	6.52694957	6.53311404	6.53702929	6.54028208	6.54336703	6.56358371	6.59791371	6.63907530	6.68167885	6.72622890	6.76984132	6.79731038	6.81848351	6.84530977	6.87837180	6.90668421	6.92659785	6.90655395	6.85501646	6.78385779	6.72335810	6.66710294	6.61367371	6.56728199	6.52321045	6.48189621	6.44158977	6.39992298	6.35534248
	6.18832132	6.19713200	6.19643043	6.18734047	6.17269178	6.15471112	6.13478997	6.12216322	6.12208655	6.12745261	6.13976546	6.16024590	6.18701415	6.22425825	6.26374812	6.30617391	6.34557420	6.38716745	6.42843497	6.45173892	6.46218002	6.46857743	6.47357004	6.47754401	6.48143074	6.50135830	6.53351146	6.57270899	6.61453397	6.65793232	6.69847981	6.72480075	6.74203226	6.76742461	6.80570713	6.82786139	6.84727386	6.82440297	6.77735439	6.70764558	6.65039178	6.59776950	6.54658430	6.49949631	6.45869927	6.41975093	6.38181867	6.34265936	6.30134182
	6.13985676	6.14731436	6.14588672	6.13727751	6.12285122	6.10506387	6.08516201	6.07091516	6.07016361	6.07389386	6.08381136	6.10024935	6.12331248	6.15763474	6.19462982	6.23390332	6.27038545	6.30860147	6.34527138	6.36954951	6.37815846	6.38454062	6.38975300	6.39403976	6.39935356	6.41919493	6.44931536	6.48557220	6.52533013	6.56628729	6.60459261	6.62822513	6.64383346	6.66440480	6.69875537	6.71761619	6.73508966	6.71318638	6.67125575	6.60927761	6.55690747	6.50718793	6.45894369	6.41334273	6.37432379	6.33749975	6.30167118	6.26402419	6.22666559
	6.14011588	6.14712783	6.14533775	6.13697830	6.12255655	6.10487183	6.08407381	6.06916681	6.06667600	6.06967972	6.07810598	6.09239390	6.11381712	6.14655101	6.18441884	6.22354266	6.25994815	6.29726166	6.33347057	6.35663310	6.36621915	6.37353708	6.37954714	6.38468457	6.39029880	6.41082325	6.44177721	6.47903363	6.51926777	6.56060707	6.60032329	6.62430367	6.64363063	6.66419242	6.68861582	6.70477555	6.72390882	6.70437092	6.66099566	6.60480355	6.55049572	6.49917336	6.44969294	6.40388034	6.36417856	6.32685777	6.29038118	6.25250404	6.21504075
	6.07783541	6.08384946	6.08110560	6.07232935	6.05815203	6.04008293	6.01862850	6.00229774	5.99658602	5.99899038	6.00526838	6.01683662	6.03441465	6.06487703	6.10181711	6.13901994	6.17482036	6.20845185	6.24386937	6.26450437	6.27460662	6.28262693	6.28862808	6.29434973	6.30025955	6.32044653	6.35263437	6.39068297	6.43093324	6.47002077	6.50978916	6.53422597	6.55498901	6.57458543	6.58887492	6.60134964	6.62272963	6.60517329	6.56245756	6.51385162	6.45886726	6.40748496	6.35760789	6.31268591	6.27250266	6.23644286	6.20144692	6.16420084	6.12683408
	6.01306695	6.01804620	6.01413094	6.00471635	5.99055172	5.97256359	5.95131411	5.93414189	5.92567949	5.92718858	5.93159783	5.94041999	5.95443860	5.98156647	6.01520244	6.04885626	6.08137245	6.11352694	6.14514734	6.16445041	6.17461666	6.18217571	6.18776500	6.19358036	6.19902520	6.21881892	6.24822245	6.28450715	6.32254295	6.36001386	6.39683029	6.41926257	6.43531810	6.45050895	6.46361616	6.47588240	6.49334573	6.47868170	6.43995577	6.39563785	6.34641474	6.29828897	6.25065785	6.20839280	6.17126591	6.13759969	6.10347526	6.06910473	6.03442521
	6.02645613	6.03165025	6.02816022	6.01943856	6.00588899	5.98852214	5.96844810	5.95194539	5.94276099	5.94438386	5.94840247	5.95673629	5.97018824	5.99683792	6.03048163	6.06402818	6.09645719	6.12853757	6.16010217	6.18002382	6.19083886	6.19885786	6.20447480	6.21067344	6.21656224	6.23635871	6.26568736	6.30127366	6.33887391	6.37621439	6.41321390	6.43567328	6.45078631	6.46868493	6.48337898	6.49591954	6.51210217	6.49755818	6.45814475	6.41237356	6.36269222	6.31477620	6.26744943	6.22517460	6.18914348	6.15587672	6.12126904	6.08715429	6.05279262
	6.01135592	6.01589665	6.01175143	6.00280734	5.98933256	5.97208126	5.95281628	5.93540253	5.92528227	5.92561460	5.92880443	5.93576813	5.94683414	5.97156915	6.00284891	6.03476125	6.06603063	6.09662950	6.12910354	6.14626880	6.15693061	6.16532054	6.17116188	6.17753092	6.18420121	6.20400786	6.23357500	6.26814211	6.30250668	6.33915822	6.37512772	6.39813474	6.41194006	6.42686924	6.44019552	6.45238049	6.46713567	6.45255529	6.41504067	6.37259862	6.32472054	6.27747513	6.23198109	6.19034253	6.15543822	6.12297418	6.08973833	6.05811954	6.02446056
	6.00809040	6.01245673	6.00788400	5.99894054	5.98551317	5.96848182	5.94954531	5.93182828	5.92025106	5.91896412	5.92174045	5.92752799	5.93706685	5.96059003	5.99124424	6.02212670	6.05396594	6.08465010	6.11836923	6.13536705	6.14575006	6.15421613	6.16172388	6.16875827	6.17561904	6.19690236	6.22758675	6.26234457	6.29587381	6.33356760	6.36996802	6.39776168	6.41195256	6.42388017	6.43612150	6.44725136	6.46128947	6.44618583	6.40862744	6.36683197	6.31706157	6.26907965	6.22299069	6.18134444	6.14585442	6.11200049	6.07973487	6.04810115	6.01379001
	5.94523943	5.94874025	5.94275841	5.93268978	5.91868118	5.90155721	5.88183412	5.86316233	5.84952798	5.84517216	5.84768935	5.85151490	5.85821315	5.87780250	5.90523547	5.93254412	5.96112066	5.98894423	6.01913911	6.03603890	6.04592098	6.05466198	6.06206166	6.06907290	6.07539968	6.09585920	6.12432024	6.15680832	6.18923073	6.22462954	6.26062997	6.28131179	6.29374766	6.30453512	6.31522748	6.32602212	6.33808443	6.32409737	6.29066417	6.25077569	6.20477601	6.15974592	6.11617940	6.07708987	6.04437990	6.01213908	5.98119818	5.95047646	5.91838558
	5.94147173	5.94494783	5.93910264	5.92925494	5.91577284	5.89924966	5.88039085	5.86208109	5.84825948	5.84258939	5.84525683	5.84836635	5.85431269	5.87194602	5.89848806	5.92428408	5.95226264	5.97890165	6.00701640	6.02415393	6.03449838	6.04327315	6.05073036	6.05788029	6.06446652	6.08432075	6.11174510	6.14306938	6.17559640	6.20979603	6.24506101	6.26498669	6.27740208	6.28765745	6.29713677	6.30724576	6.31858063	6.30512715	6.27297701	6.23354510	6.18834343	6.14479555	6.10227374	6.06451098	6.03289246	6.00172986	5.97177222	5.94164555	5.91082004
	5.92821571	5.93143295	5.92556591	5.91591226	5.90301895	5.88732774	5.86920893	5.85116882	5.83693734	5.82928707	5.83128203	5.83315864	5.83743261	5.85203535	5.87652187	5.90063987	5.92589573	5.95097989	5.97650623	5.99301777	6.00401834	6.01296363	6.02060778	6.02803374	6.03495680	6.05394088	6.07985547	6.10873300	6.14162564	6.17459512	6.20828037	6.22853515	6.24051168	6.24941385	6.25777956	6.26663155	6.27576569	6.26311357	6.23352985	6.19398630	6.15028211	6.10867464	6.06772103	6.03142176	6.00201755	5.97253702	5.94333774	5.91452032	5.88469272
	5.89262931	5.89545079	5.88914042	5.87904225	5.86602632	5.85048803	5.83255375	5.81424500	5.79889788	5.79011031	5.79087942	5.79172857	5.79472270	5.80667963	5.82885830	5.85191961	5.87512460	5.89841282	5.92183275	5.93728260	5.94835127	5.95694762	5.96434512	5.97155948	5.97840413	5.99695282	6.02209913	6.04980647	6.08201572	6.11383607	6.14566948	6.16560068	6.17699304	6.18522540	6.19292056	6.20053322	6.20846500	6.19639938	6.16794570	6.13011403	6.08694674	6.04742288	6.00774976	5.97280629	5.94488412	5.91669423	5.88851892	5.86106490	5.83188721
	5.83822326	5.84069441	5.83396745	5.82335293	5.81010384	5.79453005	5.77676437	5.75816678	5.74180650	5.73182880	5.73101933	5.73119028	5.73305091	5.74304804	5.76268401	5.78425906	5.80563752	5.82742203	5.84962471	5.86355940	5.87388908	5.88191874	5.88908720	5.89606196	5.90271053	5.92070807	5.94558162	5.97242469	6.00320912	6.03402993	6.06451462	6.08335136	6.09409951	6.10196532	6.10962065	6.11664991	6.12380807	6.11232686	6.08456904	6.04795853	6.00621282	5.96792805	5.92943856	5.89599909	5.86867462	5.84164265	5.81476302	5.78872074	5.76059403
	5.82657452	5.82897728	5.82219472	5.81137744	5.79812440	5.78268059	5.76549649	5.74688490	5.72933376	5.71798404	5.71492965	5.71506726	5.71579171	5.72455664	5.74110943	5.76206716	5.78334527	5.80416837	5.82635533	5.83901852	5.84845031	5.85583136	5.86272853	5.86956165	5.87652600	5.89419456	5.91909565	5.94691945	5.97639004	6.00640622	6.03667898	6.05513695	6.06497176	6.07299278	6.08007246	6.08643435	6.09213704	6.08176771	6.05473478	6.01899252	5.97816794	5.93940905	5.90171077	5.86955000	5.84168250	5.81529171	5.78924263	5.76466647	5.73745928
	5.82384912	5.82626728	5.81954787	5.80873698	5.79557051	5.78005081	5.76336395	5.74488534	5.72699636	5.71422108	5.70872691	5.70947778	5.70935048	5.71719781	5.73249109	5.75185347	5.77297672	5.79309819	5.81500888	5.82734282	5.83552606	5.84269521	5.84955633	5.85634884	5.86352646	5.88118505	5.90638634	5.93436598	5.96287468	5.99279877	6.02340469	6.04184413	6.05108674	6.05861957	6.06484908	6.07103604	6.07649391	6.06713637	6.04021040	6.00494323	5.96490844	5.92509207	5.88734512	5.85620856	5.82793410	5.80202959	5.77683231	5.75264990	5.72636062
	5.79623747	5.79842005	5.79178053	5.78093687	5.76797024	5.75263734	5.73593120	5.71791079	5.70007475	5.68632251	5.67764643	5.67764826	5.67639401	5.68248208	5.69557179	5.71196022	5.73149112	5.74949903	5.77025068	5.78194735	5.78871185	5.79557717	5.80209571	5.80879722	5.81571122	5.83267067	5.85677005	5.88411743	5.91170185	5.94097245	5.97045441	5.98704582	5.99607102	6.00248075	6.00861450	6.01401037	6.02064976	6.01107859	5.98525526	5.95201149	5.91371943	5.87427527	5.83645997	5.80671615	5.77981627	5.75517677	5.73171133	5.70803906	5.68312888
	5.79407474	5.79609542	5.78966129	5.77909627	5.76650618	5.75156935	5.73517760	5.71744517	5.69996120	5.68549253	5.67536181	5.67449203	5.67265776	5.67799511	5.69010833	5.70500318	5.72345614	5.74143311	5.76194506	5.77331491	5.77922006	5.78603088	5.79245398	5.79924456	5.80620071	5.82262824	5.84609533	5.87349800	5.90153592	5.93017319	5.95921680	5.97505600	5.98301610	5.98856350	5.99481249	6.00094037	6.00757115	5.99722539	5.97190885	5.93964761	5.90274794	5.86375361	5.82564218	5.79586648	5.77011622	5.74630172	5.72345389	5.70033433	5.67623165
	5.79081481	5.79265033	5.78673283	5.77697837	5.76536502	5.75156687	5.73654903	5.71986140	5.70356819	5.68908137	5.67845456	5.67563774	5.67372003	5.67810644	5.68882250	5.70270785	5.71876796	5.73572048	5.75463551	5.76510172	5.77094504	5.77720969	5.78367432	5.79016819	5.79624028	5.81157823	5.83326133	5.85922463	5.88498687	5.91144412	5.93852501	5.95392652	5.96083749	5.96542440	5.97121584	5.97703060	5.98259040	5.97207080	5.94941107	5.91913616	5.88533039	5.84886560	5.81358289	5.78493336	5.76130748	5.73958426	5.71828151	5.69682136	5.67531595
	5.75401305	5.75573430	5.75026759	5.74077785	5.72959192	5.71647757	5.70217274	5.68540159	5.66911817	5.65444286	5.64258828	5.63464769	5.63245483	5.63465847	5.64276096	5.65386990	5.66580565	5.67975748	5.69526723	5.70293832	5.70812613	5.71336400	5.71974327	5.72515284	5.73113459	5.74509436	5.76503866	5.78811960	5.81090477	5.83516583	5.85802462	5.87302455	5.87953700	5.88427660	5.88875230	5.89383039	5.89843161	5.89166756	5.87139124	5.84217502	5.81098319	5.77745835	5.74425783	5.71685401	5.69573123	5.67629521	5.65795244	5.63963575	5.62148322
	5.72169614	5.72344404	5.71813238	5.70853370	5.69729718	5.68418156	5.66954599	5.65286934	5.63593893	5.62093873	5.60842672	5.59865952	5.59489618	5.59573116	5.60233436	5.61197679	5.62215208	5.63304209	5.64629737	5.65275201	5.65748960	5.66245729	5.66839543	5.67325372	5.67933654	5.69238692	5.71149692	5.73333672	5.75598124	5.77909245	5.80060041	5.81516916	5.82234761	5.82664499	5.83106217	5.83585963	5.84056154	5.83495297	5.81565349	5.78764661	5.75674326	5.72367342	5.69096479	5.66408230	5.64314222	5.62535905	5.60769665	5.59108516	5.57419071
	5.73945781	5.74154486	5.73675341	5.72765636	5.71680415	5.70414670	5.69041928	5.67397992	5.65684017	5.64149148	5.62849747	5.61791574	5.61270264	5.61320295	5.61958944	5.62912047	5.63926727	5.64922924	5.66219402	5.66875518	5.67331643	5.67808021	5.68365644	5.68902185	5.69506943	5.70839600	5.72718537	5.74880034	5.77136486	5.79412769	5.81685178	5.83065455	5.83793113	5.84195020	5.84549376	5.84996361	5.85462966	5.84932199	5.83112196	5.80418853	5.77278307	5.73849013	5.70486450	5.67914220	5.65821047	5.64111250	5.62457142	5.60869536	5.59229674
	5.68925255	5.69200080	5.68773798	5.67867516	5.66760797	5.65489992	5.64100808	5.62374479	5.60544563	5.58853787	5.57403485	5.56256570	5.55452644	5.55366489	5.55889526	5.56769613	5.57665660	5.58669131	5.59795925	5.60339284	5.60706675	5.61134804	5.61651287	5.62236512	5.62828467	5.64155949	5.65989748	5.68056353	5.70286697	5.72569777	5.74957810	5.76415230	5.77105518	5.77511666	5.77900265	5.78323932	5.78749661	5.78247548	5.76461583	5.73801047	5.70589828	5.67130440	5.63721957	5.60922588	5.58982085	5.57327479	5.55755751	5.54246845	5.52765181
	5.63064912	5.63384499	5.63018705	5.62139318	5.61027408	5.59777355	5.58405801	5.56653149	5.54733843	5.52935369	5.51396570	5.50112000	5.49084286	5.48829173	5.49198900	5.49905451	5.50730236	5.51638098	5.52623325	5.53067710	5.53234084	5.53553090	5.53959448	5.54580289	5.55154529	5.56400129	5.58159090	5.60118076	5.62235709	5.64480009	5.66796380	5.68189764	5.68897792	5.69328677	5.69696833	5.70066978	5.70446560	5.69995022	5.68355174	5.65804371	5.62646859	5.59290182	5.55942914	5.53141600	5.51224229	5.49743624	5.48311239	5.46975809	5.45645445
	5.66045649	5.66399708	5.66099570	5.65289940	5.64247551	5.63067279	5.61778042	5.60079764	5.58174966	5.56370666	5.54818364	5.53506172	5.52437880	5.52185623	5.52586149	5.53342641	5.54241487	5.55191863	5.56264586	5.56728684	5.56879289	5.57157524	5.57610104	5.58197092	5.58749830	5.59965306	5.61673614	5.63650863	5.65765584	5.68020986	5.70386710	5.71757500	5.72468533	5.72896157	5.73244484	5.73530019	5.73915288	5.73429675	5.71884920	5.69309611	5.66191991	5.62875451	5.59548242	5.56763099	5.54817406	5.53394067	5.52076856	5.50779393	5.49480592
	5.58317020	5.58715198	5.58472295	5.57691088	5.56648479	5.55478205	5.54167327	5.52444387	5.50471061	5.48552192	5.46848451	5.45360242	5.44100475	5.43634336	5.43833761	5.44423616	5.45207113	5.46036276	5.46944765	5.47271412	5.47189991	5.47305186	5.47689235	5.48204340	5.48706851	5.49808436	5.51462598	5.53362568	5.55448053	5.57642032	5.59943365	5.61368070	5.62086437	5.62475698	5.62774830	5.63003350	5.63313663	5.62860711	5.61392329	5.58960428	5.55999443	5.52786524	5.49548999	5.46843564	5.44837530	5.43487416	5.42392284	5.41301930	5.40206246
	5.60058158	5.60497438	5.60312503	5.59591744	5.58601037	5.57482803	5.56235708	5.54547545	5.52571292	5.50629831	5.48890274	5.47361301	5.46056871	5.45600757	5.45853833	5.46529123	5.47415244	5.48344308	5.49377060	5.49825772	5.49754983	5.49891991	5.50263751	5.50753555	5.51253469	5.52348064	5.54058500	5.55965504	5.58042791	5.60227473	5.62530913	5.63990659	5.64730333	5.65115986	5.65403044	5.65649747	5.65940213	5.65518954	5.64010847	5.61587880	5.58594167	5.55335484	5.52046717	5.49309214	5.47301623	5.45975048	5.44932105	5.43849343	5.42740858
	5.61337300	5.61806119	5.61660296	5.60981089	5.60026985	5.58944363	5.57747065	5.56083060	5.54102942	5.52146030	5.50383064	5.48828442	5.47498253	5.47059222	5.47363701	5.48114950	5.49087098	5.50096324	5.51254886	5.51789615	5.51750383	5.51914642	5.52289829	5.52769987	5.53264892	5.54375328	5.56129049	5.58054498	5.60133127	5.62310570	5.64615214	5.66100544	5.66852839	5.67238063	5.67518929	5.67788010	5.68067850	5.67663321	5.66126057	5.63698159	5.60664829	5.57354868	5.54010127	5.51234846	5.49227232	5.47916240	5.46894888	5.45802746	5.44681770
	5.63527623	5.63992024	5.63851383	5.63187744	5.62260201	5.61197968	5.60048713	5.58408942	5.56443267	5.54500442	5.52751979	5.51210572	5.49898097	5.49489222	5.49839732	5.50641769	5.51660352	5.52707441	5.53956795	5.54519697	5.54506388	5.54677895	5.55052382	5.55539282	5.56041155	5.57161183	5.58934324	5.60879022	5.63009416	5.65194576	5.67442959	5.68978009	5.69736617	5.70123074	5.70404201	5.70673097	5.70951735	5.70543411	5.68998085	5.66552287	5.63498576	5.60168276	5.56804932	5.54017195	5.52004269	5.50707399	5.49692335	5.48599034	5.47445575
	5.62989936	5.63473742	5.63355549	5.62713304	5.61802525	5.60759224	5.59633234	5.58004861	5.56023391	5.54053925	5.52271928	5.50694118	5.49348057	5.48924198	5.49293010	5.50131726	5.51195155	5.52289212	5.53607955	5.54191361	5.54198806	5.54360562	5.54736138	5.55238305	5.55735273	5.56881202	5.58649697	5.60625005	5.62753437	5.64951891	5.67218924	5.68749810	5.69511600	5.69893808	5.70166598	5.70428841	5.70699523	5.70287502	5.68761581	5.66306263	5.63230067	5.59866168	5.56464011	5.53650411	5.51619798	5.50335809	5.49346793	5.48257742	5.47127474
	5.60120887	5.60647851	5.60568742	5.59953142	5.59049803	5.58018935	5.56896037	5.55263193	5.53238517	5.51206824	5.49350072	5.47692972	5.46269209	5.45793250	5.46156773	5.47021693	5.48129531	5.49277055	5.50649922	5.51250746	5.51274697	5.51423343	5.51802052	5.52318047	5.52796608	5.53982422	5.55733465	5.57750220	5.59823701	5.62030983	5.64380352	5.65865720	5.66629618	5.67004041	5.67262257	5.67515170	5.67773365	5.67359766	5.65877153	5.63418522	5.60315850	5.56904871	5.53443636	5.50589880	5.48538416	5.47257409	5.46310159	5.45226673	5.44159751
	5.58484793	5.59031373	5.58976262	5.58383829	5.57497963	5.56488069	5.55389572	5.53760486	5.51714808	5.49647767	5.47746270	5.46041200	5.44569453	5.44057080	5.44431361	5.45325380	5.46463741	5.47645757	5.49069600	5.49669047	5.49697314	5.49823228	5.50187908	5.50713859	5.51185420	5.52380524	5.54129172	5.56164293	5.58250183	5.60465673	5.62786853	5.64303640	5.65068388	5.65434207	5.65681201	5.65924938	5.66172682	5.65758147	5.64295538	5.61841113	5.58730084	5.55299900	5.51810417	5.48945477	5.46881698	5.45618529	5.44713830	5.43649488	5.42608735
	5.56715517	5.57281958	5.57255802	5.56694647	5.55834999	5.54859786	5.53790065	5.52175792	5.50110128	5.48004584	5.46052900	5.44293832	5.42768895	5.42220061	5.42616346	5.43550171	5.44728130	5.45959310	5.47433728	5.48047976	5.48087073	5.48168388	5.48516686	5.49072986	5.49551621	5.50755138	5.52507345	5.54557832	5.56681632	5.58923199	5.61218943	5.62768812	5.63534573	5.63890274	5.64124540	5.64357808	5.64593384	5.64175783	5.62720462	5.60264586	5.57137214	5.53678654	5.50151346	5.47272156	5.45176144	5.43942178	5.43078432	5.42041790	5.41035175
	5.54519053	5.55116647	5.55114427	5.54562623	5.53700088	5.52716474	5.51638374	5.50006056	5.47892742	5.45726543	5.43707941	5.41881568	5.40290299	5.39695120	5.40084701	5.41031976	5.42225332	5.43479075	5.44969768	5.45577750	5.45609340	5.45668436	5.46014586	5.46596100	5.47086500	5.48316066	5.50094508	5.52175310	5.54338579	5.56590040	5.58940961	5.60519868	5.61298241	5.61650513	5.61878713	5.62107351	5.62338488	5.61913599	5.60447400	5.57959335	5.54781898	5.51260034	5.47660182	5.44734451	5.42602472	5.41360942	5.40512661	5.39483058	5.38492703
	5.53644561	5.54258465	5.54266398	5.53715232	5.52846790	5.51852560	5.50766588	5.49120071	5.46980504	5.44783495	5.42732545	5.40874344	5.39252117	5.38635482	5.39017196	5.39967942	5.41164821	5.42423127	5.43923035	5.44519838	5.44544690	5.44599175	5.44945616	5.45535504	5.46030809	5.47274360	5.49069997	5.51167852	5.53355564	5.55607372	5.57988844	5.59588925	5.60376090	5.60727777	5.60954343	5.61181998	5.61412526	5.60983434	5.59507694	5.56998950	5.53792271	5.50235384	5.46596971	5.43643729	5.41496136	5.40247714	5.39401065	5.38370491	5.37383477
	5.53278298	5.53896734	5.53910773	5.53365990	5.52503396	5.51517425	5.50446236	5.48796139	5.46655997	5.44455496	5.42398705	5.40532505	5.38903846	5.38277584	5.38654631	5.39608770	5.40806128	5.42066247	5.43587222	5.44165573	5.44198036	5.44236309	5.44578511	5.45163625	5.45656278	5.46896821	5.48687838	5.50783091	5.52972368	5.55218267	5.57562743	5.59187432	5.59973434	5.60321035	5.60543339	5.60767818	5.60995063	5.60566950	5.59097823	5.56597299	5.53397329	5.49846154	5.46212656	5.43265707	5.41123759	5.39888617	5.39050682	5.38029465	5.37068959
	5.55546825	5.56214143	5.56302680	5.55845568	5.55071494	5.54173861	5.53216666	5.51642357	5.49526560	5.47333661	5.45273874	5.43399787	5.41769473	5.41230233	5.41727155	5.42823219	5.44168929	5.45593171	5.47331122	5.48070443	5.48213719	5.48269444	5.48625410	5.49244449	5.49813234	5.51118190	5.53034374	5.55176985	5.57446318	5.59740599	5.62112850	5.63722409	5.64525045	5.64869799	5.65083231	5.65300266	5.65520141	5.65069559	5.63555313	5.60978529	5.57685013	5.54030853	5.50286601	5.47274956	5.45104908	5.43916767	5.43046789	5.42063686	5.41137222
	5.56898341	5.57613451	5.57780504	5.57419983	5.56751529	5.55962530	5.55147363	5.53655560	5.51568754	5.49382341	5.47310197	5.45415256	5.43765528	5.43295030	5.43908260	5.45159141	5.46661149	5.48269618	5.50220977	5.51149369	5.51381449	5.51462094	5.51810996	5.52473668	5.53126122	5.54512359	5.56537548	5.58736028	5.61068536	5.63407729	5.65813908	5.67420322	5.68238649	5.68573503	5.68770410	5.68973346	5.69180293	5.68705875	5.67150496	5.64502941	5.61115712	5.57358451	5.53473990	5.50433320	5.48240931	5.47105472	5.46222170	5.45300918	5.44424605
	5.56085446	5.56818812	5.57019399	5.56702745	5.56087733	5.55358361	5.54621720	5.53162935	5.51087223	5.48897698	5.46807927	5.44886966	5.43206418	5.42738284	5.43384384	5.44700694	5.46264906	5.47956814	5.49980324	5.51000193	5.51235250	5.51332546	5.51651368	5.52339128	5.53023820	5.54451363	5.56500761	5.58728819	5.61072219	5.63420341	5.65836132	5.67456056	5.68277809	5.68600390	5.68782226	5.68972345	5.69168790	5.68684668	5.67122013	5.64458571	5.61040668	5.57249324	5.53287496	5.50273046	5.48081781	5.46972559	5.46108877	5.45235393	5.44396169
	5.57381626	5.58119325	5.58335552	5.58044892	5.57461364	5.56768635	5.56082977	5.54647454	5.52587364	5.50411372	5.48329858	5.46418271	5.44724606	5.44297335	5.44983459	5.46341448	5.47961650	5.49703293	5.51768138	5.52887278	5.53133726	5.53246733	5.53542795	5.54235145	5.54906558	5.56350166	5.58439878	5.60714952	5.63101225	5.65464344	5.67893538	5.69484389	5.70306518	5.70627452	5.70804920	5.70991550	5.71182325	5.70691205	5.69118759	5.66442196	5.63007643	5.59199851	5.55214809	5.52190658	5.50025135	5.48889120	5.48043140	5.47172094	5.46331764
	5.56911993	5.57687822	5.57975313	5.57784172	5.57314419	5.56745072	5.56197051	5.54857644	5.52851535	5.50691872	5.48582320	5.46645598	5.44897776	5.44465644	5.45262411	5.46721275	5.48470804	5.50329676	5.52542424	5.53783403	5.54071968	5.54250996	5.54573201	5.55235796	5.55949421	5.57446400	5.59548964	5.61929325	5.64332016	5.66748453	5.69217473	5.70706261	5.71518527	5.71817879	5.71965726	5.72122377	5.72251828	5.71735020	5.70152919	5.67486769	5.64047862	5.60223937	5.56124681	5.53172899	5.51042004	5.49904709	5.49150224	5.48356331	5.47538274
	5.57588866	5.58365880	5.58659653	5.58479443	5.58023772	5.57469584	5.56939112	5.55613237	5.53617101	5.51464840	5.49355461	5.47424811	5.45674663	5.45251794	5.46077817	5.47553575	5.49322919	5.51199798	5.53437612	5.54702491	5.55004822	5.55191699	5.55522243	5.56173114	5.56889892	5.58395315	5.60502650	5.62904568	5.65313705	5.67747583	5.70220594	5.71697769	5.72511904	5.72812206	5.72956005	5.73113369	5.73229215	5.72715043	5.71129978	5.68459759	5.65016355	5.61186500	5.57063777	5.54121195	5.51990261	5.50842743	5.50100477	5.49313098	5.48493265
	5.58927719	5.59739205	5.60103740	5.60025977	5.59686841	5.59241964	5.58847955	5.57620805	5.55703203	5.53592804	5.51493273	5.49562905	5.47820888	5.47438470	5.48345676	5.49908859	5.51818629	5.53799466	5.56195340	5.57543020	5.57945249	5.58188823	5.58589273	5.59260710	5.60020449	5.61561078	5.63701075	5.66169941	5.68607349	5.71045113	5.73589822	5.74918043	5.75715295	5.75998127	5.76145456	5.76258785	5.76365237	5.75777127	5.74151249	5.71486552	5.68047858	5.64210698	5.60090279	5.57129440	5.55092011	5.53924024	5.53211731	5.52457488	5.51654054
	5.58634532	5.59490251	5.59933806	5.59964226	5.59744356	5.59414872	5.59163036	5.58027882	5.56181465	5.54099099	5.51997600	5.50037100	5.48287592	5.47930375	5.48888675	5.50514718	5.52568303	5.54636704	5.57178142	5.58608546	5.59062131	5.59367413	5.59840618	5.60555107	5.61370913	5.62944982	5.65111706	5.67628338	5.70119689	5.72535396	5.75152019	5.76339961	5.77110585	5.77367991	5.77515421	5.77579512	5.77678354	5.77018613	5.75354322	5.72696548	5.69264989	5.65412424	5.61318037	5.58317808	5.56387265	5.55210273	5.54537523	5.53825014	5.53042264
	5.57849287	5.58730925	5.59212882	5.59292114	5.59124982	5.58848219	5.58649590	5.57544427	5.55720413	5.53634719	5.51522500	5.49529384	5.47768415	5.47428778	5.48382835	5.50033645	5.52151734	5.54265809	5.56868464	5.58342310	5.58791632	5.59134287	5.59615412	5.60375308	5.61227663	5.62830241	5.65016273	5.67543154	5.70106209	5.72512311	5.75171918	5.76342555	5.77099342	5.77344835	5.77485869	5.77526798	5.77629697	5.76923263	5.75240550	5.72546543	5.69101228	5.65226605	5.61159158	5.58096152	5.56210190	5.55035356	5.54362391	5.53654239	5.52879719
	5.60411985	5.61327019	5.61869963	5.62037024	5.61975115	5.61794091	5.61662503	5.60638163	5.58872793	5.56805974	5.54704709	5.52725342	5.50975151	5.50699695	5.51712852	5.53529072	5.55741302	5.58043687	5.60799609	5.62381341	5.62955745	5.63362039	5.63808081	5.64593844	5.65490865	5.67167700	5.69407997	5.71989146	5.74630119	5.77130423	5.79892319	5.81073200	5.81816162	5.82078305	5.82199944	5.82191653	5.82327743	5.81468200	5.79746178	5.76926944	5.73432259	5.69546139	5.65449775	5.62322904	5.60456862	5.59274193	5.58549404	5.57822022	5.57065529
	5.58666394	5.59603860	5.60178368	5.60390329	5.60382132	5.60256697	5.60188868	5.59202375	5.57409772	5.55345889	5.53199978	5.51202206	5.49394260	5.49073172	5.50057662	5.51927498	5.54146901	5.56485677	5.59261248	5.60880527	5.61428709	5.61809399	5.62344652	5.63152139	5.64083512	5.65797144	5.68063650	5.70608015	5.73283339	5.75788793	5.78598338	5.79839479	5.80423640	5.80743667	5.80810999	5.80752383	5.80903597	5.80018790	5.78259593	5.75448748	5.71940732	5.68037236	5.63927500	5.60796670	5.58956967	5.57782537	5.57071409	5.56381166	5.55664670
	5.59355181	5.60322556	5.60939143	5.61206538	5.61263047	5.61201530	5.61185223	5.60241394	5.58437413	5.56370565	5.54196203	5.52178134	5.50328890	5.50022474	5.51053841	5.53008402	5.55282834	5.57722821	5.60610402	5.62274094	5.62868813	5.63282727	5.63849515	5.64647078	5.65622470	5.67413446	5.69739936	5.72313471	5.75087289	5.77662560	5.80544500	5.81853417	5.82382425	5.82705425	5.82742484	5.82674636	5.82795944	5.81855699	5.80072501	5.77177955	5.73595451	5.69646311	5.65490367	5.62308446	5.60454794	5.59283120	5.58557296	5.57850952	5.57148985
	5.61248253	5.62241219	5.62903504	5.63239707	5.63381631	5.63404779	5.63444802	5.62564014	5.60798334	5.58744380	5.56583597	5.54570402	5.52706791	5.52437213	5.53558074	5.55601785	5.57952922	5.60566029	5.63535442	5.65347338	5.65929646	5.66392620	5.67009309	5.67831794	5.68825524	5.70638720	5.72998997	5.75670068	5.78518797	5.81210601	5.84116202	5.85596955	5.86052608	5.86373857	5.86339230	5.86223609	5.86363595	5.85366629	5.83516201	5.80538634	5.76853249	5.72911645	5.68720477	5.65493858	5.63623561	5.62414518	5.61709363	5.61018092	5.60303594
	5.61882911	5.62918354	5.63652680	5.64100919	5.64382392	5.64558598	5.64715425	5.63957470	5.62234818	5.60175680	5.57996545	5.55963064	5.54017038	5.53749223	5.54994230	5.57075450	5.59514523	5.62314380	5.65404873	5.67323281	5.67967243	5.68451423	5.69123087	5.69986634	5.71018235	5.72912021	5.75276616	5.78049363	5.80982013	5.83817465	5.86742735	5.88408649	5.88722585	5.88978108	5.88854794	5.88724303	5.88779886	5.87779283	5.85855468	5.82758457	5.79004009	5.75019108	5.70844934	5.67656663	5.65734577	5.64613544	5.63950676	5.63291445	5.62598381
	5.63075338	5.64123355	5.64892618	5.65402057	5.65763346	5.66028631	5.66247908	5.65560189	5.63886775	5.61843654	5.59676708	5.57644231	5.55679011	5.55429717	5.56758558	5.58868909	5.61361265	5.64251190	5.67435431	5.69389072	5.70107743	5.70593349	5.71292599	5.72182367	5.73241305	5.75184311	5.77540346	5.80349836	5.83308132	5.86205686	5.89178851	5.90903297	5.91137999	5.91349159	5.91224329	5.91102257	5.91095930	5.90111150	5.88148989	5.84964026	5.81208639	5.77149412	5.73021235	5.69889806	5.67935127	5.66862662	5.66199227	5.65547372	5.64858538
	5.66703727	5.67752747	5.68549968	5.69117975	5.69560877	5.69912489	5.70176769	5.69562931	5.67969499	5.65964818	5.63841880	5.61814903	5.59855121	5.59718243	5.61158775	5.63381393	5.65996945	5.69005294	5.72428871	5.74408753	5.75228861	5.75773960	5.76497970	5.77414854	5.78510209	5.80480793	5.82890490	5.85741043	5.88711238	5.91724249	5.94906058	5.96644204	5.96823220	5.97023248	5.96911229	5.96813016	5.96772553	5.95795512	5.93764183	5.90484018	5.86667749	5.82452831	5.78305326	5.75189932	5.73222255	5.72069611	5.71366244	5.70684459	5.69978504
	5.70624359	5.71696377	5.72551332	5.73217601	5.73788309	5.74272667	5.74627214	5.74135611	5.72626875	5.70659183	5.68565877	5.66513591	5.64520261	5.64492537	5.66073348	5.68432952	5.71216325	5.74405131	5.78149612	5.80163249	5.81100209	5.81736113	5.82510092	5.83467735	5.84606282	5.86612532	5.89094035	5.92014444	5.95057954	5.98228783	6.01626427	6.03404475	6.03527811	6.03667398	6.03561851	6.03452750	6.03385627	6.02410412	6.00272982	5.96873496	5.92968102	5.88569827	5.84381276	5.81306514	5.79305695	5.78072081	5.77349903	5.76611060	5.75889228
	5.72442986	5.73553655	5.74471312	5.75230736	5.75913037	5.76485580	5.76953115	5.76568836	5.75102710	5.73131279	5.71014875	5.68932235	5.66889627	5.66888665	5.68542790	5.71013490	5.73911567	5.77283743	5.81185989	5.83297949	5.84281956	5.84968491	5.85768258	5.86768603	5.87948184	5.89996371	5.92550060	5.95573448	5.98830061	6.02173516	6.05708804	6.07461751	6.07557714	6.07666755	6.07487368	6.07296082	6.07201446	6.06197110	6.03995137	6.00544474	5.96595976	5.92110934	5.87761439	5.84581121	5.82619806	5.81358765	5.80604777	5.79857065	5.79143775
	5.71185945	5.72317696	5.73270838	5.74089084	5.74845282	5.75477057	5.76049893	5.75749380	5.74257654	5.72294413	5.70133560	5.67998577	5.65866938	5.65857534	5.67456111	5.69938103	5.72862036	5.76278202	5.80250758	5.82341487	5.83343386	5.84045899	5.84892397	5.85917179	5.87099087	5.89129467	5.91734420	5.94727061	5.98027215	6.01550008	6.05065764	6.06670533	6.06791604	6.06693043	6.06537876	6.06391284	6.06275582	6.05261606	6.03030221	5.99622731	5.95603514	5.91180969	5.86783343	5.83642261	5.81727186	5.80444158	5.79770531	5.79048605	5.78389538
	5.74014696	5.75181097	5.76187907	5.77084633	5.77930641	5.78617876	5.79304664	5.79061541	5.77615273	5.75628002	5.73466812	5.71330881	5.69187347	5.69232696	5.70934357	5.73550424	5.76597277	5.80211099	5.84308116	5.86531503	5.87607408	5.88364348	5.89183715	5.90240604	5.91504327	5.93589717	5.96300711	5.99495991	6.03097436	6.06781378	6.10419978	6.12130829	6.12197012	6.12319367	6.11964440	6.11589873	6.11423016	6.10372931	6.08067061	6.04542941	6.00431628	5.95926031	5.91409381	5.88091839	5.86134751	5.84824744	5.84114087	5.83363961	5.82653869
	5.77299863	5.78559021	5.79717252	5.80837809	5.81927286	5.82833305	5.83816463	5.83737160	5.82292860	5.80287507	5.78051482	5.75839995	5.73591835	5.73676067	5.75607032	5.78503405	5.81856897	5.85893286	5.90329387	5.92814321	5.93983659	5.94793104	5.95825010	5.97073071	5.98378801	6.00564360	6.03541408	6.07070592	6.11179226	6.15297383	6.19368597	6.20955495	6.21018261	6.20563489	6.20320382	6.19987900	6.19972385	6.18751157	6.16198917	6.12489389	6.08131390	6.03355954	5.98475123	5.94784642	5.92835386	5.91367842	5.90563295	5.89881038	5.89138527
	5.77507450	5.78829303	5.80107678	5.81424814	5.82723645	5.83884907	5.85175294	5.85281096	5.83790071	5.81794319	5.79463644	5.77172373	5.74824528	5.74790408	5.76830646	5.79809611	5.83307604	5.87501728	5.92056382	5.94631543	5.95760708	5.96714438	5.97847259	5.99180375	6.00592362	6.02848457	6.06161683	6.09721350	6.13716811	6.18195582	6.22571646	6.24111909	6.23986189	6.23352443	6.23378503	6.22719750	6.22601127	6.21301788	6.18711547	6.14947767	6.10450406	6.05668589	6.00753602	5.97000017	5.95058875	5.93555536	5.92711041	5.92058315	5.91371667
	5.79195411	5.80596457	5.82009583	5.83526006	5.85031774	5.86455576	5.88081960	5.88299227	5.86752005	5.84689416	5.82166336	5.79734997	5.77251832	5.77132175	5.79373598	5.82562340	5.86363159	5.90848891	5.95732141	5.98479613	5.99678559	6.00789233	6.02048387	6.03465701	6.05085835	6.07604843	6.11210163	6.15037268	6.19120445	6.24130713	6.28655811	6.30249768	6.30216601	6.29480307	6.29024350	6.28696115	6.28459475	6.27146672	6.24385409	6.20404523	6.15664143	6.10547673	6.05355166	6.01438276	5.99365083	5.97720135	5.96702169	5.96051305	5.95377384
	5.82029581	5.83507129	5.85084660	5.86838934	5.88555289	5.90345462	5.92408430	5.92728957	5.91224857	5.89143859	5.86426015	5.83903827	5.81349450	5.81235237	5.83599759	5.86992806	5.91161363	5.95869358	6.00989602	6.03897154	6.05355310	6.06457110	6.08006956	6.09546162	6.11342685	6.14139480	6.17746061	6.21983594	6.26616332	6.31566294	6.36051908	6.37732752	6.38112971	6.37204283	6.36699849	6.36195017	6.35869575	6.34472480	6.31665719	6.27553798	6.22595031	6.17256840	6.11805277	6.07800904	6.05570740	6.03728061	6.02450205	6.01884528	6.01163725
	5.82017097	5.83600378	5.85356521	5.87328628	5.89260203	5.91352506	5.93792457	5.94203193	5.92703111	5.90505090	5.87577312	5.84898616	5.82209261	5.82075277	5.84501630	5.88149785	5.92612469	5.97617223	6.02993566	6.06262068	6.07890392	6.08915916	6.10555028	6.12263908	6.14247687	6.17270100	6.21214183	6.25843036	6.30511659	6.35531465	6.40149269	6.42207076	6.42676491	6.41777750	6.41110690	6.40416276	6.40007258	6.38508017	6.35599692	6.31368854	6.26205291	6.20634144	6.14989022	6.10751531	6.08287657	6.06458398	6.05036301	6.04471549	6.03667240
	5.81942660	5.83609721	5.85540926	5.87722582	5.89894877	5.92290892	5.95056349	5.95586327	5.94076426	5.91693149	5.88750305	5.85913760	5.83088058	5.82939381	5.85412519	5.89283236	5.93943761	5.99363269	6.05042861	6.08672306	6.10375623	6.11647787	6.13203924	6.15169966	6.17205206	6.20651348	6.24856545	6.29434663	6.34225359	6.39586681	6.44195129	6.46576145	6.46909285	6.45983528	6.45281623	6.44474529	6.44004946	6.42407461	6.39419353	6.35125817	6.29859052	6.24137543	6.18147238	6.13856623	6.11039589	6.09298588	6.07783888	6.07257142	6.06275425
	5.79644677	5.81419592	5.83578343	5.86023633	5.88474747	5.91233128	5.94300167	5.95049536	5.93525900	5.90985655	5.88041926	5.84914419	5.81931654	5.81715870	5.84110931	5.88171672	5.92981765	5.98694027	6.04666736	6.08413436	6.10580259	6.12236855	6.13887555	6.16061331	6.18077599	6.21833964	6.26413173	6.30918549	6.36109948	6.41089872	6.46402693	6.48929465	6.49174971	6.48155801	6.47303473	6.46619091	6.46281407	6.44353971	6.41266156	6.36850107	6.31587272	6.25631796	6.19525844	6.14853094	6.11594505	6.09969550	6.08352432	6.07454284	6.06507361
	5.77524602	5.79370126	5.81665227	5.84264720	5.86884441	5.89830177	5.93072328	5.93950259	5.92428600	5.89846841	5.86799624	5.83557654	5.80461025	5.80182186	5.82550875	5.86651464	5.91531897	5.97435946	6.03530662	6.07450970	6.09784785	6.11484151	6.13206128	6.15537820	6.17742284	6.21595664	6.26507486	6.30812686	6.35960110	6.41256995	6.47026306	6.49417937	6.49484643	6.48511811	6.47767406	6.47074057	6.46871143	6.44717576	6.41608133	6.37046547	6.31840701	6.25758347	6.19496296	6.14748771	6.11091643	6.09391666	6.07828087	6.06685292	6.05735996
	5.76587783	5.78465054	5.80839771	5.83531704	5.86236665	5.89313904	5.92621480	5.93597932	5.92162607	5.89631480	5.86561395	5.83417386	5.80247088	5.79934425	5.82218792	5.86204756	5.91091453	5.96964476	6.02923053	6.06949274	6.09314360	6.10864775	6.12842914	6.15052783	6.17534996	6.21361670	6.26026302	6.30451240	6.35596977	6.40945024	6.46843799	6.48721821	6.48847610	6.48103822	6.47513040	6.46816123	6.46491147	6.44480167	6.41368911	6.36881185	6.31757741	6.25901594	6.19677532	6.15153651	6.11277037	6.09186283	6.07814807	6.06512004	6.05609604
	5.74794595	5.76817336	5.79434369	5.82408092	5.85391117	5.88826819	5.92418252	5.93605777	5.92256719	5.89663530	5.86430078	5.83190650	5.79785335	5.79423319	5.81769959	5.85916300	5.91194932	5.97272873	6.03619378	6.07680379	6.10323574	6.12200129	6.14610796	6.16940489	6.19724765	6.23647337	6.28100986	6.33429795	6.39054591	6.44509765	6.50101043	6.52301149	6.52888180	6.52335106	6.51731030	6.51079343	6.50459289	6.48468867	6.45154002	6.40510411	6.35034579	6.29131130	6.22678767	6.17518195	6.13750854	6.11065610	6.09635098	6.08217742	6.06966216
	5.73289073	5.75377935	5.78114120	5.81225103	5.84341895	5.87945961	5.91670487	5.93010369	5.91775842	5.89213539	5.85982547	5.82647028	5.79242776	5.78839249	5.81182427	5.85422826	5.90858470	5.96978039	6.03626206	6.07614609	6.10422303	6.12569953	6.15008373	6.17885104	6.20367503	6.24332356	6.29120818	6.34350559	6.40311211	6.45693064	6.51006695	6.53882769	6.54492734	6.54067848	6.53406204	6.52781096	6.52077316	6.50055937	6.46707768	6.41992640	6.36391257	6.30386592	6.23952656	6.18667650	6.14673049	6.11850875	6.10302905	6.08871231	6.07515757
	5.71412311	5.73563110	5.76390274	5.79606864	5.82838381	5.86525371	5.90336888	5.91787255	5.90633610	5.88078559	5.84834088	5.81410936	5.78031621	5.77500134	5.79847050	5.84138131	5.89608763	5.95677336	6.02465890	6.06486072	6.09307474	6.11726294	6.14234797	6.17203040	6.19582421	6.23770184	6.28668857	6.33806162	6.40036576	6.45041671	6.50699668	6.53761013	6.54484880	6.54115472	6.53417607	6.52810181	6.52017573	6.49984512	6.46599277	6.41855620	6.36158474	6.30134504	6.23662578	6.18309087	6.14212514	6.11185039	6.09653040	6.08168158	6.06773607
	5.68144970	5.70315977	5.73161219	5.76403763	5.79651194	5.83306576	5.87103493	5.88619668	5.87538267	5.84996142	5.81750877	5.78309426	5.74997640	5.74353106	5.76528416	5.80647837	5.86006103	5.91874865	5.98518770	6.02472711	6.05200858	6.07692618	6.10034890	6.13296518	6.15465763	6.19765384	6.24572173	6.29631274	6.35714849	6.40713144	6.46348295	6.49395559	6.50210938	6.49870193	6.49231819	6.48603485	6.47804979	6.45783546	6.42444082	6.37757119	6.32111370	6.26146651	6.19759178	6.14453724	6.10383972	6.07361916	6.05748251	6.04325636	6.02989242
	5.65114932	5.67421392	5.70432142	5.73860028	5.77261064	5.81046380	5.84989851	5.86651868	5.85620205	5.83019970	5.79672591	5.76097014	5.72657777	5.71922859	5.74076208	5.78222010	5.83687658	5.89617363	5.96330128	6.00450054	6.03314353	6.06019494	6.08523074	6.11584251	6.14071116	6.18633553	6.23572483	6.28733158	6.34839354	6.40254834	6.46168522	6.49343732	6.50334145	6.50026612	6.49364019	6.48641740	6.47839262	6.45779440	6.42310961	6.37465555	6.31705927	6.25473577	6.18958615	6.13447540	6.09247071	6.06092841	6.04245938	6.02668954	6.01360669
	5.62268521	5.64689842	5.67846713	5.71436926	5.74970412	5.78845857	5.82890856	5.84687937	5.83724161	5.81120492	5.77728025	5.74081415	5.70500693	5.69763333	5.71878430	5.76042006	5.81552354	5.87542813	5.94327464	5.98535055	6.01573028	6.04463922	6.07026599	6.09956382	6.12742486	6.17309070	6.22446506	6.27602128	6.33889712	6.39536095	6.45833761	6.49175025	6.50318864	6.50056005	6.49363203	6.48548147	6.47738043	6.45651648	6.42073174	6.37096023	6.31221419	6.24789180	6.18277894	6.12639087	6.08349214	6.05095641	6.02957989	6.01223901	5.99950441
	5.59731485	5.62310897	5.65672463	5.69499640	5.73225355	5.77223337	5.81456113	5.83443040	5.82567178	5.79967363	5.76517355	5.72787483	5.69064006	5.68293742	5.70349952	5.74585148	5.80152787	5.86248653	5.93101979	5.97565992	6.00795813	6.03884795	6.06456169	6.09418048	6.12545058	6.17146645	6.22399667	6.27711867	6.34162882	6.40197816	6.47102649	6.50715130	6.51941487	6.51680824	6.50962387	6.50093096	6.49190229	6.47047472	6.43298301	6.38177693	6.32028903	6.25351630	6.18709585	6.13055765	6.08668598	6.05372405	6.02712643	6.00769342	5.99591090
	5.57952187	5.60601410	5.64048535	5.67981675	5.71808616	5.75823968	5.80121090	5.82212865	5.81431389	5.78885473	5.75459395	5.71736342	5.68019389	5.67184465	5.69149382	5.73377132	5.78932831	5.85043448	5.91768333	5.96436173	5.99801680	6.02984718	6.05524172	6.08603299	6.11850959	6.16538019	6.21513925	6.27257988	6.33396495	6.39903123	6.46859929	6.50612446	6.51836775	6.51622457	6.50856462	6.49979216	6.49026740	6.46863352	6.43073340	6.37887681	6.31731370	6.25045126	6.18186074	6.12753549	6.08319125	6.04818432	6.02194490	6.00052063	5.98804149
	5.54537764	5.57198865	5.60648634	5.64590595	5.68438463	5.72355510	5.76582355	5.78710162	5.78007576	5.75522381	5.72124182	5.68449724	5.64765323	5.63887703	5.65607791	5.69648876	5.75008560	5.80913117	5.87338744	5.92066846	5.95482419	5.98446373	6.01045612	6.04238658	6.07567241	6.12135050	6.16921433	6.23032719	6.28675546	6.35326148	6.42185793	6.46053677	6.47350988	6.46842580	6.46081345	6.45170090	6.44248481	6.42100772	6.38338248	6.33331916	6.27304987	6.20710936	6.13876570	6.08482865	6.04253631	6.00777305	5.98126039	5.95897774	5.94529348
	5.53590202	5.56341130	5.59901907	5.63978601	5.67920498	5.71902202	5.76163965	5.78406400	5.77819957	5.75462704	5.72158519	5.68559277	5.64862048	5.64065218	5.65480018	5.69493585	5.74843538	5.80892667	5.87210436	5.91934343	5.95541955	5.98933482	6.01265989	6.04713373	6.08206839	6.12694173	6.17523824	6.23781844	6.29599835	6.36480079	6.43408157	6.47444904	6.48808892	6.48089205	6.47172075	6.46253728	6.45312358	6.43067462	6.39317815	6.34493409	6.28538131	6.21830334	6.14824711	6.09401055	6.05348458	6.01842495	5.99071521	5.96757408	5.95150775
	5.52568997	5.55390731	5.59036875	5.63216118	5.67230410	5.71257927	5.75536547	5.77840596	5.77319232	5.75043185	5.71796359	5.68232209	5.64504914	5.63750616	5.65006555	5.69015878	5.74369939	5.80434549	5.86681130	5.91380592	5.95140742	5.98351447	6.01058059	6.04615095	6.08074939	6.12577258	6.17844161	6.24260917	6.29731307	6.36794690	6.43665342	6.47808393	6.49086673	6.48413676	6.47212180	6.46332881	6.45366524	6.43080194	6.39362593	6.34757866	6.28824250	6.22097078	6.15067768	6.09422635	6.05591010	6.02064335	5.99215966	5.96895316	5.95010695
	5.47309260	5.50175552	5.53868864	5.58107441	5.62204421	5.66194089	5.70384476	5.72722971	5.72259408	5.69970619	5.66670515	5.62975118	5.59161121	5.58299860	5.59442653	5.63311490	5.68506560	5.74315183	5.80249517	5.84812530	5.88515666	5.91575999	5.94655050	5.98254274	6.01684988	6.06489189	6.11583620	6.18135482	6.23473989	6.30544990	6.37511388	6.41615240	6.42710746	6.42264054	6.40908382	6.39954202	6.38968725	6.36670783	6.32982604	6.28367666	6.22473246	6.15915096	6.08951087	6.03260045	5.99489977	5.95945658	5.93042883	5.90752735	5.88669110
	5.40142795	5.43002857	5.46676708	5.50903422	5.55028346	5.58873130	5.62856353	5.65184936	5.64777350	5.62458797	5.59080632	5.55254940	5.51344599	5.50260360	5.51283715	5.54897729	5.59747576	5.65141343	5.70641355	5.74903301	5.78295048	5.81319799	5.84629028	5.88175721	5.91761500	5.96596626	6.01417864	6.07877460	6.13355808	6.20119193	6.27323984	6.31290819	6.32305639	6.31710473	6.30341252	6.29279026	6.28231501	6.25970451	6.22348723	6.17761099	6.11963431	6.05639784	5.98902414	5.93419354	5.89449011	5.86117502	5.83255482	5.81039862	5.78814753
	5.34333306	5.37070542	5.40590291	5.44664888	5.48665640	5.52273903	5.55914117	5.58120601	5.57794242	5.55577971	5.52245873	5.48504534	5.44658413	5.43315661	5.44494813	5.47503326	5.51915111	5.56609793	5.61729430	5.65568246	5.68401498	5.71388434	5.74627008	5.77974701	5.81532506	5.86090770	5.90851335	5.96696719	6.02164706	6.08433195	6.15438862	6.19109976	6.19864413	6.19138615	6.18066983	6.17047481	6.15899417	6.13651828	6.10202100	6.05733322	6.00641566	5.94723884	5.88362516	5.83355980	5.79434882	5.76313068	5.73644181	5.71508296	5.69342098
	5.31541509	5.34212757	5.37654809	5.41656363	5.45591205	5.49084832	5.52567748	5.54684836	5.54388015	5.52271332	5.49045642	5.45405425	5.41631281	5.40219061	5.41457493	5.44118390	5.48275016	5.52818753	5.57871986	5.61457164	5.64072876	5.66961317	5.70088168	5.73344506	5.76825162	5.81326219	5.85997157	5.91707968	5.96950426	6.03002838	6.09743883	6.13147723	6.13895325	6.13091822	6.12136773	6.11115653	6.09987519	6.07709930	6.04396588	6.00096312	5.95336644	5.89628569	5.83499389	5.78667228	5.74964157	5.71968413	5.69463159	5.67319335	5.65224017
	5.26603368	5.29188369	5.32518403	5.36403089	5.40225754	5.43538123	5.46779818	5.48722298	5.48383307	5.46311814	5.43176188	5.39628498	5.35935561	5.34417828	5.35592717	5.37890031	5.41749951	5.46094608	5.50786337	5.54094106	5.56476925	5.59173118	5.62109054	5.65227402	5.68513225	5.72999548	5.77710863	5.82917531	5.88014813	5.93707152	6.00064179	6.03174265	6.03727037	6.03019401	6.02208914	6.01183532	6.00127310	5.97876986	5.94740069	5.90704091	5.86307131	5.80774090	5.74952522	5.70363718	5.66985612	5.64126157	5.61681003	5.59717818	5.57794057
	5.22116618	5.24642220	5.27899044	5.31720412	5.35481338	5.38670743	5.41639501	5.43415874	5.43048448	5.41063810	5.38061341	5.34600832	5.31041497	5.29474827	5.30643161	5.32554402	5.36144766	5.40187765	5.44365127	5.47479299	5.49762162	5.52371903	5.55054935	5.58104292	5.61205124	5.65388331	5.70211693	5.74943576	5.80017228	5.85426027	5.91333604	5.94173122	5.94521580	5.94285331	5.93513785	5.92543132	5.91534401	5.89462472	5.86541093	5.82670173	5.78348606	5.73331220	5.67816885	5.63496818	5.60237610	5.57512200	5.55123618	5.53264226	5.51391589
	5.12647026	5.14897416	5.17798965	5.21219184	5.24604568	5.27399568	5.29740866	5.31099487	5.30609367	5.28671261	5.25861848	5.22697218	5.19468760	5.17953674	5.18549259	5.20298821	5.23144909	5.26321319	5.29717893	5.32178837	5.33912030	5.36040603	5.38301912	5.40944875	5.43806379	5.47545229	5.51759113	5.56077497	5.60491758	5.64846380	5.69846186	5.72360224	5.72647176	5.72421975	5.71736656	5.70885422	5.69998424	5.68256117	5.65791914	5.62471043	5.58507228	5.54411186	5.49730739	5.46241682	5.43314976	5.40819879	5.38800122	5.37059867	5.35385601
	5.09339428	5.11529876	5.14357928	5.17704113	5.21025659	5.23736052	5.25865967	5.27094471	5.26587123	5.24658063	5.21875902	5.18838194	5.15699838	5.14188620	5.14541604	5.16245565	5.18842506	5.21806406	5.24909182	5.27182587	5.28801044	5.30703439	5.32860086	5.35386367	5.38200844	5.41853700	5.45960312	5.50204067	5.54410586	5.58527225	5.63327997	5.65775200	5.66006703	5.65788372	5.65112550	5.64290122	5.63427463	5.61781321	5.59448429	5.56339847	5.52554333	5.48677762	5.44221581	5.40856302	5.38020776	5.35597881	5.33663882	5.31888982	5.30245307
	5.08731138	5.10968401	5.13869534	5.17321314	5.20750634	5.23542004	5.25637156	5.26878008	5.26418236	5.24509795	5.21754760	5.18780446	5.15650529	5.14142870	5.14414804	5.16103713	5.18675156	5.21694591	5.24768027	5.27104271	5.28793178	5.30644290	5.32819810	5.35383493	5.38244866	5.42015107	5.46237235	5.50559161	5.54775032	5.59053532	5.63944235	5.66595930	5.66832867	5.66636257	5.65797334	5.64973549	5.64102058	5.62481206	5.60151750	5.57098806	5.53440935	5.49534078	5.44973989	5.41351037	5.38500366	5.36016943	5.34040606	5.32144945	5.30437914
	5.01366434	5.03700808	5.06739157	5.10381829	5.14014913	5.16916538	5.18961111	5.20133507	5.19660851	5.17649929	5.14823222	5.11762832	5.08579878	5.06962778	5.07187384	5.08794033	5.11226025	5.14145045	5.17322329	5.19665490	5.21442847	5.23383215	5.25502687	5.28094710	5.31050788	5.35099675	5.39383321	5.43687397	5.48017116	5.52587437	5.57617756	5.60113771	5.60569425	5.60349246	5.59289742	5.58407931	5.57512526	5.55862061	5.53493071	5.50374420	5.46775153	5.42643600	5.38193805	5.34233852	5.31352102	5.28907407	5.26763307	5.24869134	5.23161067
	4.97500260	4.99707915	5.02594339	5.06092545	5.09627328	5.12424361	5.14273093	5.15309421	5.14914454	5.13128428	5.10453952	5.07450165	5.04568252	5.03006830	5.03061146	5.04517232	5.06570835	5.09170979	5.12014160	5.14128453	5.15836252	5.17566206	5.19557662	5.22041767	5.24834004	5.28722686	5.33037609	5.37140989	5.41261659	5.45404931	5.50152751	5.52737335	5.53206678	5.52999459	5.51888420	5.51008430	5.50063090	5.48389244	5.46202316	5.43278301	5.39910714	5.36256415	5.31914722	5.28118565	5.25711060	5.23177479	5.20981730	5.19176315	5.17520654
	4.92755758	4.94946803	4.97812251	5.01304414	5.04858575	5.07641932	5.09395470	5.10323890	5.09919065	5.08173807	5.05471485	5.02429235	4.99561838	4.97963626	4.97884806	4.99342537	5.01210527	5.03711457	5.06386991	5.08408396	5.10058013	5.11691090	5.13694667	5.16182013	5.18856541	5.22786641	5.27119954	5.31218156	5.35270891	5.39403709	5.44082358	5.46630466	5.47022427	5.46717486	5.45822769	5.44909927	5.43909543	5.42088493	5.39885812	5.36979719	5.33680751	5.30155261	5.25911487	5.22214492	5.19885571	5.17356204	5.15135414	5.13369766	5.11752839
	4.87724667	4.89939919	4.92840648	4.96396042	5.00038796	5.02874493	5.04598809	5.05474723	5.05065086	5.03320819	5.00575856	4.97470471	4.94542016	4.92845048	4.92683486	4.94127885	4.95965029	4.98460045	5.01080586	5.03079816	5.04745640	5.06369716	5.08406502	5.10949987	5.13649305	5.17656948	5.22039249	5.26215615	5.30270911	5.34533075	5.39243284	5.41759177	5.42155185	5.41734392	5.40973650	5.40011107	5.38960380	5.37080742	5.34823200	5.31868232	5.28470310	5.24963464	5.20719097	5.17079706	5.14717349	5.12172906	5.09947834	5.08128760	5.06510768
	4.77233426	4.79513362	4.82502142	4.86198487	4.90033743	4.92978138	4.94654424	4.95388899	4.94923355	4.93077146	4.90212788	4.86873849	4.83687688	4.81712681	4.81407755	4.82675860	4.84576662	4.87021293	4.89549260	4.91525617	4.93150383	4.94799865	4.96771278	4.99391656	5.02240644	5.06358024	5.10850354	5.15208154	5.19308593	5.23666221	5.28438064	5.30903874	5.31404711	5.30748284	5.29983118	5.28990356	5.27960914	5.26081759	5.23714991	5.20681965	5.17060700	5.13544189	5.09196087	5.05699943	5.03220917	5.00739923	4.98546655	4.96534296	4.94884992
	4.74027781	4.76442668	4.79599280	4.83526710	4.87651387	4.90795791	4.92478380	4.93061290	4.92521655	4.90510962	4.87423129	4.83819283	4.80380928	4.78095447	4.77617679	4.78578009	4.80445223	4.82803003	4.85491489	4.87407004	4.88999170	4.90666179	4.92585217	4.95201983	4.98107692	5.02321681	5.07047613	5.11598248	5.15955810	5.20356896	5.25123622	5.27834480	5.28376006	5.27714341	5.26992593	5.26012283	5.25038486	5.23002778	5.20480112	5.17362702	5.13653464	5.09975597	5.05442419	5.01824016	4.99263729	4.96702435	4.94331685	4.92321310	4.90651529
	4.71579852	4.74335879	4.77948843	4.82486097	4.87311620	4.91020398	4.92993770	4.93611523	4.93051188	4.90863670	4.87513660	4.83607642	4.79758445	4.77248527	4.76681705	4.77640515	4.79671148	4.82386847	4.85489041	4.87698493	4.89488169	4.91405177	4.93573667	4.96361577	4.99765749	5.04547668	5.09834341	5.15061480	5.20085452	5.25448962	5.30873330	5.34043980	5.34827237	5.34202327	5.33486865	5.32440963	5.31399336	5.29326592	5.26610407	5.23140914	5.18826295	5.14321845	5.09169239	5.04987545	5.01612146	4.98634057	4.95835545	4.93384266	4.91343865
	4.67751512	4.70714364	4.74605003	4.79520200	4.84786770	4.88849431	4.90989724	4.91586368	4.90962972	4.88663775	4.85168938	4.81154317	4.77139099	4.74431091	4.73632312	4.74489103	4.76755592	4.79636225	4.82877015	4.85249878	4.87161740	4.89183376	4.91507639	4.94426812	4.98091784	5.03155003	5.08707992	5.14264335	5.19838481	5.25714517	5.31514369	5.34894014	5.35826928	5.35470952	5.34736837	5.33648833	5.32530247	5.30398453	5.27536228	5.23922126	5.19305892	5.14187341	5.08715269	5.04244806	5.00314223	4.97041925	4.93987040	4.91241529	4.89007080
	4.63575769	4.66851004	4.71145422	4.76600207	4.82520876	4.87114565	4.89508033	4.90092161	4.89390069	4.86982804	4.83259260	4.78997543	4.74579477	4.71677563	4.70654778	4.71514591	4.73869513	4.76862426	4.80244947	4.82758330	4.84817425	4.86984278	4.89526261	4.92685533	4.96780381	5.02189134	5.08309339	5.14582907	5.20687604	5.27035066	5.33672122	5.37459127	5.38594974	5.38244144	5.37314679	5.36126402	5.34842005	5.32475944	5.29427765	5.25564479	5.20580144	5.15129233	5.09097056	5.03783391	4.99389928	4.95555266	4.92036688	4.88974680	4.86537403
	4.60885234	4.64403463	4.69008234	4.74904077	4.81406880	4.86528145	4.89219036	4.89904782	4.89218159	4.86808137	4.82999794	4.78581259	4.73810936	4.70809781	4.69554807	4.70446910	4.72646295	4.75632770	4.79111910	4.81771694	4.84110071	4.86437589	4.89138490	4.92582604	4.97102295	5.02744449	5.09353092	5.16110655	5.22850393	5.29526238	5.36703468	5.41013842	5.42302689	5.42056585	5.40976950	5.39551317	5.38027278	5.35463067	5.32220085	5.28143340	5.22857395	5.17108274	5.10594983	5.04658158	4.99829837	4.95378460	4.91557637	4.88295316	4.85720091
	4.54024795	4.57480007	4.61963224	4.67695485	4.74096465	4.79123429	4.81668599	4.82166757	4.81386697	4.78807224	4.74968133	4.70388420	4.65509715	4.62137461	4.60540761	4.61037781	4.63116717	4.65494620	4.68461439	4.70820999	4.72661325	4.74693382	4.77141080	4.80333547	4.84527008	4.89973660	4.96331917	5.02917676	5.09410170	5.15560811	5.22494958	5.26571578	5.27796604	5.27445527	5.26219487	5.24735276	5.23211055	5.20628708	5.17499384	5.13618795	5.08565528	5.03066133	4.96830426	4.91170411	4.86532368	4.82337284	4.78482378	4.75477843	4.73110454
