	12.38123332	12.42171482	12.46411877	12.51568769	12.57267908	12.64082845	12.71563986	12.78909813	12.85505675	12.91217920	12.95227439	12.97933720	13.00183356	13.02127787	13.03615803	13.04648870	13.05221957	13.05523864	13.05738244	13.05783536	13.05721113	13.05772512	13.05924349	13.05971124	13.05810857	13.05526295	13.05074999	13.04198441	13.02298254	12.99951405	12.96723581	12.90450078	12.86749399	12.83400131	12.80049794	12.75943361	12.72365703	12.69078368	12.66361347	12.63978655	12.61422099	12.58936627	12.56924618	12.55033645	12.53073572	12.50952906	12.48514553	12.45801787	12.43384669
	13.04778963	13.09606466	13.14723790	13.22331922	13.30869544	13.37565537	13.50261494	13.61725230	13.68315247	13.78124840	13.87028175	13.90786364	13.92864331	13.94396412	13.95616399	13.96547946	13.97291673	13.97929825	13.98488731	13.98869700	13.99101733	13.99411368	13.99809103	14.00114878	14.00216619	14.00222773	14.00124238	13.99575100	13.98515455	13.97090359	13.95422532	13.93493380	13.91134359	13.87965292	13.83120639	13.75768528	13.69647567	13.65157772	13.61388075	13.57540260	13.52705917	13.45576406	13.40243902	13.36441877	13.33170302	13.29761184	13.25664879	13.20178432	13.15014831
	13.20827870	13.26151845	13.31655729	13.40016815	13.50398360	13.58327510	13.72530559	13.87024347	13.94715131	14.05621109	14.16695172	14.21291321	14.23757936	14.25537596	14.26922755	14.27960598	14.28791337	14.29525466	14.30201106	14.30675750	14.30956412	14.31322054	14.31810217	14.32213329	14.32397193	14.32484534	14.32475096	14.31962287	14.30855145	14.29301325	14.27431352	14.25227119	14.22490553	14.18789258	14.12957015	14.04654621	13.97665544	13.92565666	13.88286995	13.83903540	13.78285689	13.69629751	13.62948661	13.58381531	13.54538388	13.50525345	13.45580377	13.38778558	13.32642512
	13.26123389	13.31272053	13.36512348	13.44853304	13.54978311	13.62814716	13.77163281	13.91464161	13.99058424	14.09509586	14.21023270	14.25548592	14.27961837	14.29708522	14.31060145	14.32057636	14.32849766	14.33557096	14.34221273	14.34689484	14.34960850	14.35315748	14.35794535	14.36206929	14.36417395	14.36544851	14.36595080	14.36168974	14.35164473	14.33717083	14.31942640	14.29826425	14.27179125	14.23581660	14.18028635	14.09454839	14.02675189	13.97738255	13.93611364	13.89387111	13.83950925	13.75256731	13.68139853	13.63479004	13.59661014	13.55710447	13.50777422	13.43731424	13.37475724
	13.29553573	13.35169222	13.41154956	13.50524274	13.59991855	13.68148842	13.85108967	13.98490152	14.06741973	14.18925071	14.30604869	14.35073421	14.37515253	14.39357255	14.40817208	14.41883389	14.42713804	14.43442931	14.44126940	14.44605558	14.44880655	14.45253116	14.45767044	14.46222906	14.46470074	14.46609846	14.46664040	14.46218522	14.45155550	14.43629875	14.41771947	14.39581471	14.36879486	14.33258721	14.27888134	14.18756048	14.11082997	14.05626270	14.01191740	13.96801433	13.91286845	13.82395742	13.73922714	13.68637372	13.64492008	13.60318112	13.55118353	13.47503162	13.40419149
	13.26419458	13.32177533	13.38502577	13.48020424	13.57077019	13.65401134	13.83416802	13.96214005	14.04746094	14.17679947	14.29195857	14.33561306	14.35969681	14.37814339	14.39273269	14.40318167	14.41124252	14.41846165	14.42546153	14.43040723	14.43314320	14.43702158	14.44245625	14.44741377	14.45031304	14.45215122	14.45309800	14.44875182	14.43809435	14.42266109	14.40379131	14.38158322	14.35423558	14.31769881	14.26366905	14.17145653	14.09244107	14.03661941	13.99150431	13.94719989	13.89179803	13.80236825	13.71219412	13.65709945	13.61448783	13.57193600	13.51860662	13.43924425	13.36593655
	13.34000406	13.40650337	13.48171845	13.58259743	13.67359489	13.76489007	13.96517210	14.09755744	14.19339863	14.34545460	14.46160455	14.50747332	14.53348309	14.55401496	14.57067170	14.58257325	14.59143203	14.59907740	14.60630123	14.61136985	14.61416449	14.61829450	14.62429361	14.62980814	14.63310464	14.63509084	14.63601516	14.63119764	14.61943994	14.60249240	14.58202801	14.55827737	14.52954520	14.49188783	14.43710465	14.34174355	14.24778014	14.18329540	14.13268743	14.08471472	14.02671712	13.93669697	13.82966135	13.76595473	13.71838310	13.67235301	13.61577827	13.53214720	13.44672641
	13.37201501	13.45043694	13.54472901	13.63792830	13.72699102	13.83190645	14.05731445	14.18338955	14.29336400	14.48056715	14.58097700	14.62571335	14.65263178	14.67433635	14.69215378	14.70434695	14.71310489	14.72071073	14.72832912	14.73365388	14.73645017	14.74094988	14.74767819	14.75392562	14.75767590	14.76032663	14.76158791	14.75644112	14.74348785	14.72492551	14.70278494	14.67731873	14.64679048	14.60713742	14.55008207	14.45063425	14.34464124	14.27299382	14.21752891	14.16591806	14.10469149	14.01175285	13.88847612	13.81633896	13.76369769	13.71353000	13.65186964	13.55858685	13.46394585
	13.36693893	13.46903731	13.59009496	13.68083610	13.77822480	13.90951181	14.17322369	14.30980389	14.44676555	14.67562900	14.77905907	14.82835374	14.85955616	14.88528200	14.90669402	14.92100020	14.93094423	14.93939042	14.94807786	14.95389344	14.95688175	14.96209081	14.97008850	14.97738939	14.98161325	14.98455578	14.98573749	14.97925886	14.96352367	14.94133669	14.91514943	14.88542454	14.85019048	14.80506332	14.74077618	14.63086059	14.50034382	14.41323459	14.34704500	14.28663924	14.21656440	14.11234928	13.96279922	13.87421125	13.81109956	13.75221206	13.68065905	13.57284426	13.45705070
	13.41871455	13.54345321	13.66278424	13.74833258	13.84382031	13.99657833	14.26593932	14.40046937	14.55722457	14.80011647	14.89883234	14.94828671	14.98093647	15.00956727	15.03346213	15.04939884	15.06010274	15.06900309	15.07810861	15.08390758	15.08669425	15.09210690	15.10054886	15.10808960	15.11197662	15.11421070	15.11456847	15.10673850	15.08908632	15.06471903	15.03645987	15.00494037	14.96800710	14.92126619	14.85555773	14.74662329	14.60291594	14.50792220	14.43687125	14.37320236	14.30088444	14.19490440	14.03340051	13.93540514	13.86732215	13.80527486	13.73106589	13.62049508	13.49145515
	13.50394264	13.64528031	13.77723875	13.87518472	13.98342998	14.17631499	14.46332961	14.60587327	14.79561164	15.06252053	15.16108672	15.21377747	15.25004880	15.28281150	15.30893490	15.32515125	15.33507862	15.34368206	15.35344485	15.35939163	15.36191278	15.36800799	15.37775140	15.38638209	15.39065883	15.39318874	15.39352242	15.38420074	15.36379880	15.33597286	15.30425469	15.26931149	15.22872281	15.17768901	15.10620249	14.99039465	14.82559434	14.71740208	14.63734297	14.56652409	14.48714153	14.37182904	14.18953295	14.07690242	13.99986044	13.93047459	13.84793065	13.72518572	13.57835555
	13.57230433	13.72558834	13.86484509	13.96894408	14.08435491	14.30687137	14.59755797	14.74658606	14.96011277	15.23742557	15.33641139	15.39139680	15.43041104	15.46618986	15.49459230	15.51157479	15.52122965	15.52964461	15.53980671	15.54573237	15.54796957	15.55438754	15.56485381	15.57401815	15.57844333	15.58101715	15.58106044	15.57057430	15.54823541	15.51807279	15.48395476	15.44673537	15.40383280	15.35019432	15.27542850	15.15689601	14.97863816	14.86151373	14.77549131	14.70014202	14.61662615	14.49633007	14.30157721	14.17893484	14.09604216	14.02226523	13.93519596	13.80673748	13.64743563
	13.58224466	13.74370448	13.89277929	14.00552858	14.13129479	14.39228056	14.67550422	14.83054627	15.07397791	15.35047952	15.44627241	15.50264960	15.54364752	15.58219981	15.61219973	15.62831911	15.63582212	15.64256097	15.65225303	15.65773219	15.65954401	15.66635432	15.67775906	15.68754010	15.69209437	15.69502374	15.69484056	15.68291776	15.65848938	15.62612621	15.58994694	15.55115988	15.50683446	15.45163635	15.37495182	15.25484683	15.06462782	14.93896612	14.84747958	14.76821363	14.68130431	14.55729514	14.35198926	14.22023341	14.13200441	14.05409722	13.96266494	13.82769022	13.65932157
	13.62004245	13.78308724	13.94091298	14.05994173	14.19344881	14.47686075	14.75374699	14.91407107	15.17654235	15.44861770	15.54268661	15.60015517	15.64265244	15.68319356	15.71445992	15.72983749	15.73564439	15.74043921	15.74897397	15.75346105	15.75453267	15.76144068	15.77343817	15.78391166	15.78891506	15.79256052	15.79256395	15.77975841	15.75397272	15.72030006	15.68295030	15.64345862	15.59881552	15.54334268	15.46661187	15.34695149	15.15066241	15.01924371	14.92438778	14.84307726	14.75483479	14.63013072	14.41993099	14.28219509	14.19085558	14.11102716	14.01800175	13.88113086	13.70706329
	13.68837875	13.85917773	14.02520599	14.15307887	14.29990026	14.62420582	14.88623728	15.05599238	15.35344638	15.61328358	15.70637757	15.76531263	15.81084873	15.85466004	15.88761938	15.90227613	15.90539912	15.90663570	15.91295479	15.91577528	15.91586203	15.92306230	15.93602057	15.94745513	15.95311999	15.95783210	15.95782476	15.94339204	15.91524126	15.87923051	15.83997687	15.79922794	15.75398882	15.69800125	15.62090356	15.50088715	15.29493459	15.15396542	15.05345479	14.96856188	14.87777821	14.75106154	14.53278504	14.38530307	14.28866131	14.20528427	14.10912473	13.96850362	13.78516666
	13.73842475	13.92132358	14.08293084	14.21295744	14.36962697	14.72660171	14.96582738	15.14289453	15.47391512	15.70852418	15.79964146	15.85919712	15.90747815	15.95430789	15.98873307	16.00280736	16.00357314	16.00178654	16.00560047	16.00667568	16.00584717	16.01313786	16.02670675	16.03863379	16.04471725	16.04991910	16.04937260	16.03336576	16.00318975	15.96534481	15.92472338	15.88332653	15.83814779	15.78267555	15.70651630	15.58835465	15.37792584	15.23024070	15.12612054	15.03931741	14.94777878	14.82139084	14.60000567	14.44581670	14.34590734	14.26074350	14.16349002	14.02201940	13.83346732
	13.78568876	13.97164534	14.11482223	14.23858238	14.39578292	14.75786784	14.96159141	15.13526337	15.48086628	15.66966237	15.75327543	15.80919281	15.85695891	15.90360213	15.93696040	15.94905044	15.94767965	15.94309384	15.94403237	15.94334069	15.94184334	15.94889309	15.96215464	15.97362878	15.97957599	15.98460807	15.98305905	15.96613644	15.93574591	15.89835165	15.85885911	15.81941736	15.77708919	15.72551104	15.65474410	15.54498373	15.34407205	15.20040178	15.09987288	15.01679650	14.93002045	14.81097270	14.60077778	14.45155837	14.35532927	14.27378924	14.18114554	14.04659717	13.86652868
	13.79405132	13.98504493	14.10395337	14.21726558	14.37343367	14.72035635	14.89637621	15.06720965	15.41249361	15.56255578	15.63780695	15.69087490	15.73845301	15.78561513	15.81863214	15.82914728	15.82574287	15.81894150	15.81703881	15.81416638	15.81161538	15.81804770	15.83073520	15.84202681	15.84777545	15.85227299	15.84995477	15.83229179	15.80194133	15.76533982	15.72718513	15.68993318	15.65075516	15.60369057	15.53946592	15.44046124	15.25332472	15.11431118	15.01815868	14.93983411	14.85929028	14.75038362	14.55520333	14.41098573	14.31923044	14.24273225	14.15693125	14.03333191	13.86247722
	13.78377173	13.96204149	14.06197870	14.16218089	14.31056507	14.61695663	14.76348754	14.92328914	15.23227750	15.35293707	15.41681696	15.46428559	15.50909659	15.55409694	15.58460838	15.59281320	15.58754261	15.57906864	15.57456861	15.56967029	15.56632506	15.57191470	15.58357824	15.59434311	15.59962524	15.60342270	15.60048693	15.58302148	15.55432077	15.52060473	15.48588459	15.45267578	15.41865854	15.37844765	15.32385017	15.23996985	15.07648575	14.94986346	14.86324612	14.79372999	14.72330199	14.62941450	14.45933771	14.32857054	14.24630262	14.17865802	14.10369755	13.99660679	13.84484840
	13.75424710	13.92012447	14.00580283	14.09440017	14.23656362	14.50693279	14.63080149	14.78237346	15.05665771	15.15681003	15.21212358	15.25574314	15.29872208	15.34225246	15.37101596	15.37743731	15.37065485	15.36098669	15.35465680	15.34823623	15.34425564	15.34908510	15.35994012	15.36994613	15.37496461	15.37803473	15.37458660	15.35739956	15.33003812	15.29861861	15.26669083	15.23657395	15.20656653	15.17163339	15.12466807	15.05274027	14.90953463	14.79317085	14.71440635	14.65206115	14.58979199	14.50793677	14.35868769	14.23901912	14.16464647	14.10425959	14.03820785	13.94458158	13.80867949
	13.65961174	13.80304398	13.87608864	13.95098573	14.08037242	14.30416885	14.40401374	14.54151454	14.76817849	14.84678136	14.89231329	14.93066587	14.96964921	15.00903174	15.03425507	15.03839511	15.03040421	15.01998809	15.01263500	15.00520574	15.00110074	15.00517575	15.01483597	15.02371173	15.02805183	15.03052819	15.02670895	15.01068401	14.98603081	14.95807236	14.93026358	14.90434732	14.87926834	14.85072116	14.81288657	14.75498802	14.63687051	14.53567582	14.46796811	14.41502376	14.36283756	14.29498211	14.17078814	14.06837234	14.00509638	13.95405674	13.89857486	13.82026294	13.70599068
	13.56408628	13.68805595	13.74935670	13.81503500	13.93793734	14.12051699	14.20246736	14.33295706	14.51894732	14.58052250	14.61935817	14.65463996	14.69130875	14.72861096	14.75165611	14.75396374	14.74478233	14.73346678	14.72511695	14.71702682	14.71276183	14.71619864	14.72467965	14.73217571	14.73577201	14.73759480	14.73331266	14.71799512	14.69534198	14.66991691	14.64497184	14.62213595	14.60052870	14.57670191	14.54572909	14.49854065	14.40075476	14.31075713	14.25119699	14.20529326	14.16081578	14.10373717	13.99938497	13.90945991	13.85448008	13.81059551	13.76332508	13.69703132	13.59909998
	13.46285521	13.56688003	13.61689596	13.67489042	13.79401729	13.93530106	14.00150649	14.12784338	14.27341514	14.32032790	14.35338752	14.38578469	14.42043910	14.45608033	14.47717130	14.47787389	14.46759460	14.45547182	14.44623301	14.43783183	14.43345209	14.43645184	14.44359085	14.44969112	14.45250044	14.45359739	14.44873279	14.43389987	14.41298015	14.38995157	14.36747380	14.34745242	14.32880942	14.30907441	14.28405569	14.24635895	14.16720805	14.08782173	14.03578388	13.99632941	13.95875427	13.91122742	13.82473244	13.74668612	13.69940455	13.66199007	13.62212341	13.56651599	13.48365022
	13.45033127	13.55025255	13.59819530	13.65660927	13.78540129	13.91071740	13.97473821	14.11099126	14.24147752	14.28510107	14.31817175	14.35202578	14.38929108	14.42775093	14.44940410	14.44910797	14.43744444	14.42347933	14.41245908	14.40262806	14.39763189	14.40042676	14.40743874	14.41346547	14.41620716	14.41709227	14.41153355	14.39572848	14.37389521	14.35024129	14.32723626	14.30696358	14.28841241	14.26928453	14.24562229	14.21045337	14.13640993	14.05665897	14.00467704	13.96570734	13.92911453	13.88347486	13.80081873	13.72294352	13.67618326	13.63953830	13.60095588	13.54755687	13.46664820
	13.36768961	13.45993567	13.50524349	13.56334066	13.70154705	13.80496637	13.86652569	14.01109645	14.12030212	14.16006583	14.19270042	14.22747989	14.26645779	14.30651023	14.32749148	14.32594675	14.31304063	14.29777790	14.28510856	14.27396775	14.26860988	14.27135032	14.27802735	14.28386568	14.28657707	14.28744997	14.28136761	14.26493304	14.24262528	14.21880198	14.19582982	14.17547144	14.15727578	14.13892728	14.11701912	14.08511238	14.01795915	13.93994698	13.88922787	13.85158619	13.81665357	13.77351310	13.69583280	13.62090064	13.57596170	13.54087046	13.50398950	13.45317711	13.37644050
	13.34438690	13.42201410	13.46391501	13.51974283	13.66372790	13.74165707	13.80074746	13.95384138	14.03329101	14.06912766	14.10114988	14.13716095	14.17877119	14.22077899	14.24239687	14.23958399	14.22391091	14.20707966	14.19278047	14.17991174	14.17383225	14.17622458	14.18250329	14.18797230	14.19051940	14.19119819	14.18441524	14.16732332	14.14459826	14.12068198	14.09801064	14.07791173	14.06037823	14.04319707	14.02351663	13.99591037	13.93912214	13.86397868	13.81516658	13.77964029	13.74728334	13.70814568	13.63903317	13.56746943	13.52501779	13.49230325	13.45837156	13.41216561	13.34160054
	13.28836356	13.36026372	13.40458653	13.46535964	13.62149173	13.69493480	13.76009913	13.93063792	14.00046932	14.03740307	14.07327269	14.11470690	14.16351211	14.21188763	14.23749476	14.23329869	14.21319461	14.19248333	14.17546109	14.15961762	14.15214932	14.15450646	14.16114721	14.16690545	14.16955817	14.17006966	14.16185214	14.14220917	14.11641151	14.08961794	14.06454652	14.04244287	14.02327521	14.00495563	13.98464472	13.95708455	13.90210413	13.82107591	13.76840537	13.73061855	13.69671364	13.65632123	13.58605849	13.50936672	13.46415423	13.42963532	13.39425501	13.34647825	13.27293008
	13.21443121	13.28119381	13.32821137	13.39633676	13.56277502	13.63640087	13.70956316	13.89286833	13.96102895	14.00000348	14.04051041	14.08841717	14.14474259	14.20211335	14.22958340	14.22557090	14.20154949	14.17498364	14.15509913	14.13620980	14.12720244	14.12955143	14.13665530	14.14280830	14.14569981	14.14608284	14.13640972	14.11385892	14.08450138	14.05419283	14.02621393	14.00177104	13.98040544	13.96044232	13.93891320	13.91050246	13.85613471	13.76831049	13.71105307	13.67035224	13.63433759	13.59187796	13.51893269	13.43611276	13.38750133	13.35061593	13.31303007	13.26260457	13.18479294
	13.20070499	13.26119303	13.30982242	13.38383749	13.55412127	13.62566464	13.70592153	13.89478851	13.95967845	14.00008850	14.04471240	14.09925433	14.16370427	14.23035703	14.24934770	14.24672175	14.22688891	14.19580874	14.17158896	14.14956252	14.13883461	14.14092851	14.14834100	14.15489445	14.15801064	14.15828463	14.14726163	14.12203686	14.08929996	14.05583445	14.02527517	13.99896330	13.97589838	13.95488770	13.93277507	13.90452256	13.85397170	13.76125908	13.70065273	13.65817142	13.62120418	13.57821256	13.50609585	13.41870308	13.36790449	13.32971026	13.29127743	13.24019191	13.16083697
	13.14389377	13.19866130	13.25033875	13.33557367	13.51436659	13.58560725	13.67857548	13.87741947	13.94130887	13.98573519	14.03689045	14.10107700	14.18079515	14.24613949	14.25761194	14.25349456	14.24160211	14.21364202	14.18290872	14.15665476	14.14370083	14.14550907	14.15334335	14.16058466	14.16389387	14.16404784	14.15164789	14.12247684	14.08433321	14.04561204	14.01073344	13.98118152	13.95534549	13.93218300	13.90827762	13.87874880	13.82979245	13.72877808	13.66237283	13.61646242	13.57713972	13.53191092	13.45726750	13.36221592	13.30730575	13.26633770	13.22539422	13.17129606	13.08726646
	13.09765676	13.15180047	13.20497604	13.30056930	13.48293486	13.55334527	13.65695649	13.86029272	13.92271126	13.97074144	14.02720771	14.10063435	14.19368870	14.24674831	14.25858848	14.25346252	14.24196047	14.22274427	14.19020981	14.15946357	14.14477497	14.14637825	14.15406749	14.16197290	14.16598789	14.16617628	14.15244778	14.12031692	14.07754820	14.03431819	13.99576732	13.96351528	13.93561718	13.91065343	13.88553340	13.85508386	13.80841229	13.70156883	13.63064992	13.58214258	13.54129176	13.49484760	13.41995573	13.31858365	13.26051611	13.21755974	13.17502162	13.11923291	13.03219243
	13.06199058	13.11675219	13.17057333	13.27505409	13.45819465	13.52853156	13.64098342	13.84604304	13.90826720	13.95916770	14.02017407	14.10154117	14.20104176	14.24611745	14.25802049	14.25314398	14.24132108	14.22471496	14.19677177	14.16387908	14.14718281	14.14844997	14.15648179	14.16488086	14.16915328	14.16942878	14.15431396	14.11958194	14.07291231	14.02590461	13.98423418	13.94973204	13.92020106	13.89381580	13.86773395	13.83657531	13.79046404	13.68050758	13.60600314	13.55542910	13.51337882	13.46606024	13.39137668	13.28495033	13.22435794	13.17981463	13.13605446	13.07906080	12.98985880
	13.03966292	13.09568280	13.15080426	13.26879885	13.45364359	13.52517331	13.65126997	13.86040439	13.92315696	13.97864267	14.04727925	14.14027668	14.24711862	14.28372870	14.29544829	14.29158588	14.27931916	14.26411589	14.24271672	14.21031805	14.19063231	14.19132052	14.19976414	14.20917294	14.21370926	14.21421617	14.19689865	14.15744391	14.10452220	14.05135112	14.00463134	13.96640314	13.93422472	13.90555990	13.87785749	13.84543566	13.79883481	13.68422148	13.60401900	13.55008722	13.50598279	13.45702716	13.38191779	13.26744776	13.20278807	13.15565066	13.10981381	13.05064720	12.95769649
	12.96224871	13.01608747	13.06973263	13.18863385	13.36546471	13.43469110	13.56101090	13.76180553	13.82238013	13.87662278	13.94397388	14.03564315	14.13818623	14.17411341	14.18557670	14.18228148	14.17093788	14.15630424	14.13591625	14.10836404	14.08884336	14.08950145	14.09766776	14.10655055	14.11140447	14.11198167	14.09416402	14.05472073	14.00191024	13.94880145	13.90229210	13.86433979	13.83253917	13.80419487	13.77679759	13.74476941	13.69894331	13.58663482	13.50839843	13.45590039	13.41301443	13.36528347	13.29102920	13.17984483	13.11687757	13.07083343	13.02591469	12.96770635	12.87687771
	12.94255472	12.99685030	13.05121048	13.17650657	13.35427812	13.42432143	13.55691046	13.75997050	13.82095898	13.87730273	13.94802475	14.04401684	14.15008805	14.18322319	14.19467910	14.19177680	14.18042355	14.16572974	14.14782234	14.12152590	14.10042602	14.10079113	14.10939378	14.11882663	14.12390374	14.12464458	14.10559082	14.06363508	14.00814463	13.95227322	13.90348000	13.86383041	13.83078396	13.80134718	13.77309764	13.74030014	13.69374853	13.57887592	13.49824024	13.44430040	13.40046631	13.35182965	13.27644370	13.16194988	13.09723437	13.04999072	13.00397785	12.94441246	12.85165738
	12.91316893	12.96646008	13.02151982	13.15616973	13.33004379	13.40058003	13.54223956	13.74375067	13.80469020	13.86408095	13.94041750	14.04595505	14.14671690	14.17838327	14.18970303	14.18722368	14.17707189	14.16276111	14.14491634	14.12547781	14.10702676	14.10688619	14.11466357	14.12246062	14.12698641	14.12761386	14.11178293	14.06686735	14.00654922	13.94570111	13.89296145	13.85044689	13.81546717	13.78462848	13.75540307	13.72204399	13.67553653	13.55928152	13.47528698	13.41951975	13.37482023	13.32584145	13.25112152	13.13247658	13.06559337	13.01716023	12.97035564	12.91020297	12.81598021
	12.87180373	12.92362766	12.97837263	13.11763164	13.28510239	13.35492466	13.49982269	13.69660148	13.75669778	13.81685250	13.89480049	14.00460132	14.09977287	14.13052947	14.14171386	14.13958432	14.13015138	14.11648118	14.09971408	14.08152508	14.06792041	14.06761082	14.07350826	14.07967599	14.08303356	14.08352286	14.07208127	14.02778754	13.96534691	13.90210659	13.84755260	13.80378557	13.76803381	13.73674714	13.70727446	13.67383082	13.62764970	13.51180735	13.42737734	13.37162856	13.32726173	13.27883044	13.20513007	13.08623842	13.01927481	12.97090904	12.92422829	12.86432010	12.77067951
	12.82152705	12.87125219	12.92514713	13.06731302	13.22569524	13.29394292	13.43983436	13.62901879	13.68747613	13.74719465	13.82488704	13.93509353	14.02531642	14.05508893	14.06608212	14.06425706	14.05548610	14.04252321	14.02682417	14.00951989	13.99840248	13.99808321	14.00304978	14.00823114	14.01097294	14.01143735	14.00209848	13.96193893	13.89833040	13.83414852	13.77890816	13.73474987	13.69889089	13.66769105	13.63839126	13.60525889	13.55973226	13.44569063	13.36242014	13.30765121	13.26430072	13.21704365	13.14500892	13.02778200	12.96191131	12.91431828	12.86840948	12.80939738	12.71747306
	12.80744761	12.85438438	12.90698941	13.05253132	13.19804984	13.26403595	13.41130857	13.58972973	13.64596805	13.70534116	13.78447001	13.89737672	13.97700265	14.00498946	14.01552251	14.01413230	14.00624630	13.99448146	13.98045549	13.96465394	13.95615562	13.95579235	13.95921995	13.96322300	13.96548659	13.96594868	13.95806486	13.92700804	13.86156457	13.79533255	13.73857875	13.69360674	13.65748600	13.62646374	13.59754985	13.56526590	13.52128930	13.41100532	13.32871595	13.27493346	13.23289687	13.18737101	13.11853447	13.00370979	12.93911286	12.89266488	12.84807789	12.79091898	12.70194106
	12.81050811	12.85576649	12.90843896	13.05997597	13.19611912	13.26140906	13.41285816	13.58452853	13.63987920	13.69974440	13.78105644	13.89840709	13.97030478	13.99742284	14.00777533	14.00668292	13.99929325	13.98821681	13.97509123	13.96052124	13.95266426	13.95227405	13.95538082	13.95876384	13.96075451	13.96106304	13.95344921	13.92786197	13.86267030	13.79394107	13.73506732	13.68870354	13.65177958	13.62039579	13.59130770	13.55918244	13.51563440	13.40653153	13.32382325	13.26997962	13.22831452	13.18343570	13.11628458	13.00124204	12.93671076	12.89046074	12.84617911	12.78954014	12.70139290
	12.83765813	12.88257443	12.93661419	13.09576097	13.22910633	13.29545295	13.45384047	13.62562525	13.68201352	13.74457121	13.83164293	13.95728465	14.02252718	14.04932204	14.05985553	14.05921312	14.05226469	14.04172610	14.02927689	14.01573594	14.00829509	14.00781052	14.01067957	14.01362231	14.01557745	14.01586863	14.00856299	13.98762909	13.92570247	13.85024072	13.78599429	13.73585946	13.69650500	13.66358536	13.63345196	13.60074614	13.55690823	13.44663918	13.36005163	13.30403524	13.26148118	13.21619641	13.14904397	13.03072901	12.96388756	12.91637357	12.87126620	12.81409670	12.72455053
	12.82606401	12.87012101	12.92499728	13.09001591	13.21784704	13.28442289	13.44711521	13.61580354	13.67210642	13.73533199	13.82407058	13.95406970	14.01482936	14.04165065	14.05231044	14.05194780	14.04527668	14.03513989	14.02318347	14.01037212	14.00334469	14.00290923	14.00556107	14.00823797	14.01006021	14.01025444	14.00298977	13.98411273	13.92510092	13.84671868	13.77992519	13.72801704	13.68744328	13.65373991	13.62297929	13.58972811	13.54533013	13.43378282	13.34635582	13.28997199	13.24741789	13.20215833	13.13422560	13.01549473	12.94824444	12.90034082	12.85479602	12.79699443	12.70717809
	12.79538512	12.83771515	12.89178867	13.05585525	13.17648090	13.24136063	13.40156490	13.56376246	13.61832225	13.67982102	13.76595521	13.89427876	13.95181084	13.97818733	13.98871356	13.98849241	13.98210163	13.97241278	13.96096504	13.94878296	13.94211901	13.94180146	13.94431088	13.94680953	13.94854496	13.94866869	13.94155103	13.92320425	13.86790411	13.79066060	13.72479090	13.67358796	13.63356092	13.60036772	13.57002820	13.53716725	13.49336284	13.38341656	13.29853445	13.24382748	13.20260765	13.15863213	13.09191252	12.97626518	12.91088520	12.86412536	12.81948729	12.76264580	12.67509257
	12.80098644	12.84084596	12.89240859	13.04856207	13.16232224	13.22389356	13.37621301	13.53005641	13.58186871	13.64061282	13.72336853	13.84703614	13.89960753	13.92456037	13.93466855	13.93463355	13.92875398	13.91977781	13.90916160	13.89788925	13.89169741	13.89145221	13.89378222	13.89612327	13.89782296	13.89796200	13.89140539	13.87444935	13.82610463	13.75056195	13.68641102	13.63661570	13.59784840	13.56588289	13.53674373	13.50535020	13.46368407	13.35888521	13.27790297	13.22575859	13.18671915	13.14518587	13.08180843	12.97200242	12.90973586	12.86525582	12.82281285	12.76881872	12.68581455
	12.78688510	12.82356931	12.87211663	13.02098077	13.12327681	13.18074794	13.32446412	13.46602886	13.51414672	13.56901499	13.64662871	13.76258898	13.81043337	13.83373020	13.84325004	13.84333088	13.83801048	13.82991712	13.82035302	13.81024373	13.80475265	13.80464772	13.80676398	13.80883002	13.81027965	13.81029065	13.80413289	13.78851580	13.74656606	13.67476960	13.61366543	13.56628147	13.52949464	13.49926345	13.47175975	13.44218028	13.40289145	13.30419970	13.22872014	13.18017725	13.14389067	13.10526453	13.04567400	12.94345387	12.88550239	12.84395166	12.80415390	12.75333427	12.67596509
	12.77424838	12.80638741	12.85117643	12.99232959	13.07534697	13.12711929	13.25939179	13.38310118	13.42603499	13.47575277	13.54696129	13.65361113	13.69344452	13.71432096	13.72307924	13.72344984	13.71905580	13.71230279	13.70434264	13.69608291	13.69175451	13.69180113	13.69353101	13.69522313	13.69633862	13.69615693	13.69068292	13.67732169	13.64753725	13.57962890	13.52147685	13.47647577	13.44190134	13.41390260	13.38870078	13.36195123	13.32638421	13.23683775	13.16771925	13.12363514	13.09112663	13.05688101	13.00419631	12.91149682	12.85896463	12.82128316	12.78529570	12.73942345	12.67010671
	12.76048987	12.79044476	12.83349988	12.97141478	13.04493804	13.09410968	13.22187945	13.33609537	13.37648713	13.42360471	13.49140960	13.59309803	13.62949610	13.64929726	13.65768571	13.65815263	13.65420847	13.64809348	13.64089900	13.63349087	13.62970167	13.62979898	13.63136435	13.63280354	13.63370871	13.63336355	13.62812252	13.61563017	13.59089393	13.52506305	13.46881752	13.42529104	13.39194881	13.36509238	13.34097352	13.31543970	13.28138249	13.19584416	13.13016983	13.08839183	13.05770707	13.02535931	12.97468014	12.88756137	12.83787908	12.80206997	12.76777224	12.72387030	12.65844008
	12.77937160	12.80783963	12.85064509	12.98837296	13.05480556	13.10279576	13.22952852	13.33769754	13.37682598	13.42306496	13.49042617	13.58910861	13.62357725	13.64274200	13.65107144	13.65172560	13.64814807	13.64251592	13.63591039	13.62917785	13.62579730	13.62588622	13.62726338	13.62850846	13.62922283	13.62872056	13.62372981	13.61194871	13.59022807	13.52860989	13.47140152	13.42716692	13.39351545	13.36670387	13.34291533	13.31794262	13.28471240	13.20140561	13.13642505	13.09531832	13.06544943	13.03430893	12.98551100	12.90053820	12.85192943	12.81688936	12.78345594	12.74069876	12.67716076
	12.79405666	12.82142007	12.86403154	13.00001101	13.06281913	13.10993488	13.23591824	13.33951422	13.37772358	13.42315401	13.48975847	13.58634829	13.61972730	13.63850537	13.64684314	13.64765848	13.64435278	13.63905569	13.63284900	13.62655525	13.62343814	13.62353816	13.62478984	13.62591454	13.62652910	13.62595683	13.62114056	13.60984002	13.58986208	13.53177049	13.47410728	13.42950344	13.39567481	13.36888330	13.34528048	13.32056414	13.28769993	13.20560324	13.14152135	13.10105122	13.07176120	13.04143695	12.99344538	12.91051972	12.86293430	12.82855297	12.79566862	12.75357174	12.69139741
	12.80813625	12.83445006	12.87681902	13.01051231	13.07043681	13.11666209	13.24145286	13.34108745	13.37844733	13.42309670	13.48901803	13.58357234	13.61604041	13.63445540	13.64283234	13.64381335	13.64078899	13.63582296	13.62996266	13.62408186	13.62118601	13.62131355	13.62244361	13.62348147	13.62401974	13.62341727	13.61878635	13.60797205	13.58905935	13.53557961	13.47729422	13.43218865	13.39807147	13.37121412	13.34774425	13.32322979	13.29068951	13.20969961	13.14646526	13.10659502	13.07782591	13.04832852	13.00105812	12.92018555	12.87362734	12.83992267	12.80755616	12.76610250	12.70522600
	12.80088279	12.82724839	12.86990949	13.00396775	13.06387372	13.11027472	13.23580004	13.33514607	13.37254949	13.41721365	13.48311018	13.57790924	13.61060505	13.62913689	13.63754012	13.63854558	13.63553100	13.63056502	13.62469868	13.61880852	13.61590818	13.61603104	13.61715528	13.61817906	13.61870206	13.61805348	13.61336469	13.60250560	13.58349002	13.53001683	13.47164792	13.42644384	13.39222484	13.36527223	13.34171869	13.31709563	13.28439024	13.20306862	13.13970208	13.09971674	13.07085695	13.04125577	12.99366675	12.91276936	12.86613351	12.83233307	12.79983362	12.75816329	12.69714581
	12.79355443	12.81925684	12.86248332	12.99554925	13.05314599	13.09928688	13.22585604	13.32134845	13.35826864	13.40250553	13.46825002	13.56206512	13.59439847	13.61293561	13.62150152	13.62279061	13.62009895	13.61552561	13.61007196	13.60464112	13.60197194	13.60210826	13.60310060	13.60397314	13.60433362	13.60347980	13.59879973	13.58829342	13.57024888	13.52265980	13.46213864	13.41551402	13.38030918	13.35276399	13.32905094	13.30445100	13.27183867	13.19082365	13.12692150	13.08680443	13.05801388	13.02882954	12.98137183	12.90178584	12.85560121	12.82199297	12.78958090	12.74789357	12.68760420
	12.79637744	12.82193164	12.86559238	12.99901692	13.05597150	13.10222102	13.22974208	13.32455397	13.36156199	13.40604167	13.47257420	13.56651827	13.59858266	13.61713183	13.62585191	13.62735337	13.62484266	13.62052190	13.61535121	13.61025042	13.60773836	13.60788732	13.60881773	13.60959994	13.60985542	13.60890654	13.60422209	13.59382078	13.57623792	13.53202607	13.46930450	13.42139015	13.38528257	13.35719070	13.33320578	13.30854087	13.27590852	13.19462023	13.12970304	13.08913925	13.06016060	13.03100790	12.98346044	12.90388705	12.85753918	12.82379245	12.79126434	12.74937126	12.68901384
	12.81472783	12.83985446	12.88436086	13.01655833	13.07165011	13.11773826	13.24629605	13.33765283	13.37418287	13.41802623	13.48366936	13.57711850	13.60924551	13.62792158	13.63685672	13.63856458	13.63634951	13.63228842	13.62742583	13.62267829	13.62038260	13.62056939	13.62136129	13.62194975	13.62192108	13.62080364	13.61597554	13.60566160	13.58840965	13.54717572	13.48377851	13.43549531	13.39902936	13.37070517	13.34666288	13.32206284	13.28947584	13.20830394	13.14323775	13.10268075	13.07382863	13.04483893	12.99696705	12.91856825	12.87265964	12.83908557	12.80653399	12.76445927	12.70459515
	12.83127167	12.85499375	12.89806580	13.02362708	13.07511615	13.11899675	13.24282723	13.32799542	13.36275254	13.40452872	13.46751276	13.55652695	13.58708832	13.60509912	13.61393204	13.61589616	13.61409732	13.61057734	13.60630863	13.60218390	13.60029528	13.60044855	13.60107981	13.60145716	13.60122909	13.59996324	13.59527189	13.58568324	13.57007704	13.53789056	13.47414766	13.42594288	13.38964997	13.36172830	13.33838646	13.31494190	13.28405108	13.20690501	13.14310466	13.10376959	13.07594276	13.04835279	13.00233452	12.92828370	12.88466194	12.85265398	12.82148055	12.78105193	12.72411303
	12.82628611	12.85053419	12.89591991	13.02405036	13.07571538	13.12088178	13.25047943	13.33444114	13.36991259	13.41276102	13.47764857	13.56846278	13.59970580	13.61832810	13.62761228	13.62987649	13.62827586	13.62492459	13.62085048	13.61697117	13.61521542	13.61536404	13.61591273	13.61609229	13.61565295	13.61414514	13.60927734	13.59958168	13.58401199	13.55531634	13.48847561	13.43756097	13.39925968	13.36994833	13.34569874	13.32163495	13.29021282	13.21174693	13.14469119	13.10365775	13.07479265	13.04645913	12.99931767	12.92363828	12.87887677	12.84596535	12.81383850	12.77213897	12.71378238
	12.83022685	12.85541039	12.90398435	13.03599419	13.08826183	13.13537565	13.27316238	13.35600001	13.39261202	13.43683989	13.50403207	13.59826887	13.63092303	13.65046665	13.66044621	13.66317328	13.66184572	13.65878167	13.65495196	13.65129487	13.64963533	13.64968822	13.65006297	13.64999822	13.64926071	13.64741072	13.64224871	13.63238082	13.61681000	13.59100806	13.52252170	13.46771077	13.42634870	13.39490951	13.36924005	13.34414913	13.31181126	13.23153203	13.15955125	13.11596119	13.08548293	13.05588789	13.00686690	12.92876419	12.88239904	12.84818122	12.81455306	12.77071329	12.71031743
	12.87550662	12.90336726	12.95785280	13.10345173	13.16063228	13.21285875	13.36640789	13.45677329	13.49729188	13.54644220	13.62133692	13.72547803	13.76136435	13.78312862	13.79442483	13.79772179	13.79649492	13.79334684	13.78936061	13.78562799	13.78389111	13.78393924	13.78424663	13.78406663	13.78309726	13.78097910	13.77534813	13.76475458	13.74801156	13.72202303	13.64732950	13.58473008	13.53753740	13.50185437	13.47300334	13.44513363	13.40955707	13.32157550	13.24010350	13.19104056	13.15685467	13.12393845	13.06949544	12.98343415	12.93216871	12.89429398	12.85696642	12.80815070	12.74124480
	12.88323886	12.91285335	12.97183497	13.12458753	13.18409489	13.23944873	13.40300674	13.49599518	13.53849230	13.58970679	13.66754865	13.77808575	13.81670493	13.84008997	13.85231078	13.85612676	13.85523423	13.85231310	13.84850612	13.84483105	13.84314994	13.84313339	13.84327575	13.84287347	13.84168931	13.83927854	13.83333546	13.82221429	13.80480615	13.77785576	13.70143447	13.63441427	13.58373426	13.54544115	13.51465769	13.48512972	13.44765959	13.35564777	13.26753121	13.21502095	13.17853234	13.14351191	13.08573534	12.99514230	12.94108264	12.90106684	12.86146224	12.80940506	12.73877191
	12.94402157	12.97346345	13.03268882	13.18301469	13.24140815	13.29632879	13.45896328	13.54980372	13.59187919	13.64248696	13.71973635	13.82956575	13.86795529	13.89131775	13.90371976	13.90784103	13.90735434	13.90475856	13.90135518	13.89797566	13.89641819	13.89632267	13.89627596	13.89565516	13.89425253	13.89173500	13.88580367	13.87503126	13.85837586	13.83303754	13.76246107	13.69340739	13.64114815	13.60187077	13.57075151	13.54147659	13.50500795	13.41652617	13.32577599	13.27235397	13.23548588	13.20060261	13.14391342	13.05424207	13.00060299	12.96094238	12.92171856	12.87012077	12.80011017
	12.97185426	13.00222627	13.06338342	13.21652135	13.27608949	13.33239913	13.49713594	13.59163352	13.63495821	13.68703684	13.76641040	13.87885450	13.91810087	13.94230656	13.95530675	13.95987970	13.95964745	13.95725881	13.95400739	13.95080718	13.94930614	13.94908723	13.94892946	13.94820303	13.94664012	13.94407489	13.93814111	13.92753358	13.91113700	13.88614676	13.81825945	13.74495321	13.68957802	13.64810658	13.61555035	13.58545390	13.54861409	13.46084414	13.36502102	13.30884745	13.27034228	13.23431745	13.17701298	13.08510049	13.02992111	12.98915880	12.94897157	12.89650576	12.82426528
	12.96843253	12.99946447	13.06264712	13.21710643	13.27698826	13.33443031	13.50393334	13.59660515	13.64042113	13.69297207	13.77283311	13.88663940	13.92672957	13.95150647	13.96482389	13.96962317	13.96954614	13.96728917	13.96418073	13.96111801	13.95967886	13.95940273	13.95913413	13.95825902	13.95653095	13.95381351	13.94771443	13.93696963	13.92044355	13.89532358	13.82772269	13.75306870	13.69654338	13.65416542	13.62097634	13.59043571	13.55320996	13.46512151	13.36660928	13.30915761	13.26985075	13.23315171	13.17494558	13.08185239	13.02586521	12.98443385	12.94352644	12.88995395	12.81694107
	12.97783948	13.00707326	13.06704864	13.21049742	13.26601115	13.31987711	13.47938004	13.56411834	13.60489768	13.65353952	13.72747004	13.83407826	13.87197766	13.89528693	13.90793826	13.91260452	13.91277836	13.91094817	13.90828680	13.90569649	13.90446819	13.90420799	13.90380346	13.90282557	13.90106031	13.89830520	13.89249320	13.88242113	13.86707172	13.84385286	13.78266950	13.71245776	13.65903496	13.61893095	13.58761744	13.55904364	13.52444887	13.44365984	13.34978410	13.29536424	13.25821152	13.22360420	13.16867610	13.08232879	13.03014394	12.99144342	12.95308996	12.90278335	12.83459141
	12.98820902	13.01544587	13.07206595	13.20242828	13.25278672	13.30268804	13.45090290	13.52607206	13.56337215	13.60774359	13.67514565	13.77270090	13.80778084	13.82941283	13.84127567	13.84579478	13.84623408	13.84488554	13.84269608	13.84064830	13.83963524	13.83933433	13.83878937	13.83769599	13.83585185	13.83312099	13.82771033	13.81855344	13.80470256	13.78383484	13.73071625	13.66509346	13.61496620	13.57744604	13.54824611	13.52191856	13.49038958	13.41822477	13.32940583	13.27837928	13.24372656	13.21151155	13.16017253	13.08170214	13.03396904	12.99840418	12.96300583	12.91625043	12.85395042
	13.00903701	13.03526607	13.09008425	13.21292172	13.26051927	13.30817404	13.44904892	13.52052502	13.55616462	13.59863589	13.66361239	13.75660373	13.78967889	13.81025848	13.82172234	13.82627711	13.82695189	13.82591688	13.82407649	13.82231641	13.82140216	13.82105663	13.82042201	13.81918798	13.81727364	13.81460388	13.80950598	13.80108839	13.78838864	13.76944928	13.72414475	13.65904331	13.60927565	13.57217817	13.54364087	13.51843345	13.48904124	13.42472317	13.33639754	13.28599020	13.25217362	13.22119242	13.17309037	13.09815567	13.05234699	13.01835127	12.98466178	12.94089126	12.88091205
	13.00507479	13.03105356	13.08569666	13.20558683	13.25203133	13.29897960	13.43799512	13.50711829	13.54210122	13.58368867	13.64736762	13.73875614	13.77130176	13.79162090	13.80298860	13.80763085	13.80845026	13.80758229	13.80595132	13.80435623	13.80349376	13.80312769	13.80242089	13.80106971	13.79910300	13.79644106	13.79142548	13.78325083	13.77095198	13.75266772	13.71046567	13.64559175	13.59596798	13.55896296	13.53061211	13.50579068	13.47714183	13.41603059	13.32727847	13.27691914	13.24332630	13.21268155	13.16541993	13.09185346	13.04676542	13.01331934	12.98019720	12.93717425	12.87825398
	13.00138917	13.02616310	13.07879665	13.19063876	13.23404326	13.27853700	13.40958375	13.47408330	13.50700571	13.54594981	13.60560519	13.69191677	13.72290752	13.74230770	13.75322682	13.75780654	13.75881810	13.75820956	13.75689140	13.75554424	13.75478347	13.75437015	13.75355821	13.75212297	13.75012491	13.74749382	13.74272925	13.73513087	13.72378615	13.70699830	13.67075143	13.60831620	13.56046560	13.52471973	13.49752247	13.47402080	13.44736203	13.39332040	13.30639589	13.25759141	13.22535423	13.19617787	13.15178362	13.08236781	13.03965771	13.00804836	12.97681896	12.93629751	12.88073905
	13.01163716	13.03539743	13.08584801	13.19242680	13.23390841	13.27638074	13.40070474	13.46321971	13.49475068	13.53195579	13.58898408	13.67188060	13.70162881	13.72028171	13.73084524	13.73535282	13.73644355	13.73595693	13.73477543	13.73356154	13.73286641	13.73241359	13.73158961	13.73017601	13.72821168	13.72568865	13.72116211	13.71402815	13.70340121	13.68771394	13.65586504	13.59502619	13.54833714	13.51346528	13.48706708	13.46451458	13.43930476	13.39056358	13.30517281	13.25744731	13.22620996	13.19820088	13.15647406	13.08971634	13.04858565	13.01827450	12.98851519	12.95022166	12.89678545
	13.03141371	13.05455524	13.10335620	13.20726121	13.24779970	13.28901674	13.40876938	13.47124119	13.50206147	13.53833803	13.59409982	13.67531593	13.70437713	13.72259129	13.73297371	13.73747307	13.73865297	13.73825924	13.73717867	13.73605490	13.73539691	13.73493456	13.73408190	13.73267421	13.73072529	13.72824019	13.72389217	13.71706476	13.70692925	13.69201626	13.66391854	13.60357353	13.55697544	13.52219971	13.49601955	13.47392883	13.44963006	13.40501257	13.31962347	13.27206592	13.24119406	13.21378637	13.17354664	13.10838589	13.06810184	13.03850592	13.00957844	12.97250056	12.92038625
	13.02847285	13.05153866	13.10035382	13.20192266	13.24163938	13.28236493	13.40067665	13.46142060	13.49172737	13.52721295	13.58167680	13.66188289	13.69082890	13.70901876	13.71939362	13.72396386	13.72533076	13.72510604	13.72416450	13.72318274	13.72257192	13.72206266	13.72113145	13.71966917	13.71765917	13.71513834	13.71092590	13.70427088	13.69448342	13.68011708	13.65542592	13.59491470	13.54816285	13.51323241	13.48705848	13.46521899	13.44154434	13.40126652	13.31413592	13.26603430	13.23509135	13.20790143	13.16869046	13.10416153	13.06420852	13.03495174	13.00647721	12.97021151	12.91875203
	13.02212434	13.04505702	13.09386391	13.19304775	13.23186927	13.27211269	13.38926744	13.44784216	13.47755923	13.51222295	13.56551990	13.64453622	13.67317335	13.69122581	13.70151692	13.70612779	13.70761157	13.70754015	13.70673703	13.70588230	13.70531146	13.70478875	13.70378285	13.70224077	13.70022068	13.69763663	13.69346616	13.68696778	13.67743166	13.66345345	13.64049579	13.58073950	13.53432415	13.49957612	13.47355043	13.45198565	13.42885006	13.39132110	13.30381741	13.25568072	13.22486746	13.19788923	13.15903355	13.09568297	13.05633209	13.02752730	12.99945829	12.96384301	12.91319877
	13.02989420	13.05195349	13.09892916	13.19244026	13.22916196	13.26746375	13.37816248	13.43410636	13.46233416	13.49515853	13.54541134	13.62050026	13.64822241	13.66556090	13.67550847	13.68008325	13.68169452	13.68182558	13.68126719	13.68058701	13.68007136	13.67953814	13.67843133	13.67686908	13.67485174	13.67229577	13.66831970	13.66228653	13.65348054	13.64064578	13.62036132	13.56437892	13.51905160	13.48512306	13.45986987	13.43922364	13.41748494	13.38377199	13.29944318	13.25223538	13.22230817	13.19633934	13.15902047	13.09910060	13.06160021	13.03413775	13.00742646	12.97373560	12.92558293
	13.02604055	13.04787153	13.09440607	13.18547908	13.22133582	13.25889311	13.36695213	13.42188770	13.44948865	13.48143568	13.53023393	13.60315672	13.63153834	13.64868345	13.65850100	13.66314233	13.66485550	13.66511569	13.66470616	13.66414324	13.66369224	13.66311494	13.66198940	13.66040955	13.65835329	13.65582865	13.65197297	13.64611745	13.63763078	13.62521892	13.60603930	13.55145918	13.50659461	13.47297013	13.44798948	13.42768463	13.40654095	13.37440086	13.29129258	13.24411045	13.21445080	13.18885534	13.15214879	13.09341772	13.05654255	13.02952155	13.00330948	12.97032268	12.92320520
	13.02230260	13.04370994	13.08927513	13.17747377	13.21222099	13.24871399	13.35220121	13.40689789	13.43361213	13.46422758	13.51077520	13.57995776	13.61036238	13.62726618	13.63691337	13.64155993	13.64338651	13.64384102	13.64359085	13.64318911	13.64278775	13.64222949	13.64110910	13.63952628	13.63752637	13.63512537	13.63138614	13.62579157	13.61764428	13.60571238	13.58728387	13.53460809	13.49077692	13.45784318	13.43341447	13.41363518	13.39319200	13.36233099	13.28128514	13.23456322	13.20540764	13.18033514	13.14413873	13.08721959	13.05130739	13.02499853	12.99948663	12.96727071	12.92153864
	13.05871559	13.08071760	13.12725058	13.21545808	13.25031371	13.28679420	13.38803028	13.44643897	13.47311922	13.50324825	13.54903335	13.61638601	13.65208995	13.66953701	13.67951452	13.68434715	13.68652286	13.68733068	13.68734493	13.68717887	13.68687788	13.68626682	13.68506640	13.68341051	13.68135563	13.67897768	13.67524290	13.66976229	13.66178003	13.65016569	13.63256076	13.58055054	13.53523910	13.50105701	13.47581389	13.45574161	13.43553277	13.40576007	13.32424843	13.27452536	13.24408591	13.21850219	13.18223900	13.12416295	13.08734831	13.06058694	13.03489979	13.00298030	12.95636344
	13.10142410	13.12482179	13.17408424	13.26693045	13.30366563	13.34195560	13.44691902	13.51079381	13.53879021	13.57024043	13.61828860	13.68920752	13.72866163	13.74718358	13.75778607	13.76299974	13.76543668	13.76646412	13.76663987	13.76656628	13.76627035	13.76560064	13.76433861	13.76256931	13.76039320	13.75785911	13.75393160	13.74823138	13.73996036	13.72796749	13.70986454	13.65612455	13.60729746	13.57047152	13.54338485	13.52211700	13.50105414	13.47053492	13.38487900	13.33054430	13.29773809	13.27061868	13.23269897	13.17080645	13.13146258	13.10306957	13.07605710	13.04265191	12.99329347
	13.10971723	13.13352036	13.18380105	13.27596745	13.31259828	13.35096390	13.45565199	13.51998130	13.54785788	13.57878925	13.62589654	13.69510381	13.73754299	13.75641932	13.76712974	13.77247590	13.77506889	13.77629117	13.77661995	13.77664406	13.77642195	13.77576821	13.77447046	13.77271793	13.77056253	13.76800992	13.76411172	13.75845357	13.75024872	13.73833217	13.72030312	13.66683313	13.61782986	13.58084494	13.55361082	13.53228215	13.51140173	13.48134155	13.39584174	13.33994329	13.30668503	13.27949913	13.24230504	13.17902848	13.13905058	13.11041868	13.08342659	13.05024501	13.00062174
	13.18013744	13.20528962	13.25769648	13.35551450	13.39450167	13.43429858	13.54013969	13.61373884	13.64306405	13.67473743	13.72316782	13.79524639	13.84457870	13.86505592	13.87651444	13.88226458	13.88523239	13.88673212	13.88724475	13.88743072	13.88724440	13.88661860	13.88524177	13.88350535	13.88135818	13.87872641	13.87478453	13.86899280	13.86056798	13.84837937	13.82998815	13.77556885	13.72230021	13.68208026	13.65273667	13.63006409	13.60840790	13.57800276	13.48894064	13.42651531	13.39029006	13.36154195	13.32377131	13.25516401	13.21185307	13.18129264	13.15291894	13.11862757	13.06601151
	13.25566067	13.28191153	13.33573962	13.43986730	13.48134460	13.52214963	13.62685910	13.71210346	13.74270815	13.77448310	13.82329644	13.89742093	13.95584454	13.97823748	13.99045761	13.99655335	13.99985605	14.00157732	14.00235386	14.00271217	14.00269489	14.00215216	14.00088676	13.99924712	13.99720526	13.99460965	13.99066407	13.98481141	13.97612864	13.96341649	13.94418240	13.88683208	13.83039902	13.78793521	13.75696064	13.73315263	13.71068629	13.67947883	13.58626770	13.51795060	13.47913808	13.44889900	13.41005187	13.33612671	13.28975608	13.25747316	13.22793694	13.19246191	13.13668256
	13.22645629	13.25243641	13.30569722	13.40783620	13.44862955	13.48843764	13.58941681	13.67511929	13.70515704	13.73569748	13.78214510	13.85204175	13.91361599	13.93626292	13.94852018	13.95459393	13.95790852	13.95970070	13.96055954	13.96098218	13.96103175	13.96053679	13.95930654	13.95771272	13.95572272	13.95320663	13.94938495	13.94362065	13.93505225	13.92242517	13.90323803	13.84539365	13.79094795	13.74989911	13.71983601	13.69657699	13.67457345	13.64387606	13.55213314	13.48452251	13.44631422	13.41658302	13.37873823	13.30508403	13.25916061	13.22736449	13.19837877	13.16370597	13.10877142
	13.31734152	13.34315323	13.39471210	13.49995441	13.54201570	13.58081688	13.67570993	13.77122624	13.80168217	13.83109649	13.87595858	13.94516857	14.01401446	14.03831289	14.05111098	14.05737307	14.06080400	14.06269798	14.06362571	14.06420087	14.06434218	14.06394422	14.06278094	14.06131392	14.05947854	14.05706627	14.05337184	14.04776253	14.03926043	14.02672851	14.00764551	13.94971415	13.89352932	13.85159845	13.82105964	13.79758932	13.77549659	13.74527997	13.65335053	13.58203338	13.54270957	13.51278280	13.47599136	13.39930275	13.35192771	13.31973014	13.29087552	13.25659719	13.20064403
	13.29581062	13.32297542	13.37711657	13.48820739	13.53269783	13.57321915	13.67146430	13.77392781	13.80610045	13.83643195	13.88250053	13.95383627	14.02941110	14.05556154	14.06926750	14.07593860	14.07961330	14.08169026	14.08273757	14.08342482	14.08361679	14.08322427	14.08202563	14.08051608	14.07860186	14.07609290	14.07219641	14.06624046	14.05719369	14.04383829	14.02345935	13.96161218	13.90313231	13.85953624	13.82763987	13.80301765	13.77974148	13.74795763	13.65133314	13.57551476	13.53402136	13.50255257	13.46430500	13.38246857	13.33217392	13.29822734	13.26798719	13.23209031	13.17299008
	13.27857893	13.30676343	13.36290070	13.47842502	13.52474550	13.56665234	13.66780020	13.77515384	13.80864979	13.83975205	13.88682932	13.95994348	14.04026276	14.06776264	14.08214607	14.08912658	14.09298171	14.09520770	14.09635339	14.09710980	14.09733853	14.09693727	14.09570767	14.09415494	14.09215885	14.08955964	14.08549501	14.07924105	14.06976609	14.05575715	14.03437960	13.96962568	13.90945434	13.86458197	13.83163029	13.80610624	13.78191984	13.74890329	13.64862937	13.56954037	13.52643177	13.49377598	13.45417498	13.36864672	13.31622084	13.28095890	13.24963332	13.21243563	13.15096244
	13.25392255	13.28198444	13.33809488	13.45223077	13.49793455	13.53963910	13.64070793	13.74591124	13.77901866	13.80987754	13.85640390	13.92817821	14.00744506	14.03493832	14.04926155	14.05622082	14.06007020	14.06231762	14.06346661	14.06422656	14.06445890	14.06402433	14.06276057	14.06118164	14.05915948	14.05656129	14.05246560	14.04622943	14.03679358	14.02280309	14.00142761	13.93678369	13.87775758	13.83363666	13.80115820	13.77591290	13.75191649	13.71903505	13.61928236	13.54144234	13.49889965	13.46652533	13.42712173	13.34232912	13.29053594	13.25560380	13.22448547	13.18749563	13.12657087
	13.26122196	13.28972234	13.34652890	13.46342427	13.51028959	13.55255386	13.65427860	13.76330922	13.79721821	13.82831642	13.87510695	13.94757136	14.03024769	14.05871071	14.07352290	14.08070455	14.08467430	14.08703541	14.08825364	14.08904986	14.08931490	14.08886208	14.08758181	14.08596100	14.08387742	14.08121401	14.07701414	14.07060206	14.06093754	14.04656018	14.02463247	13.95814097	13.89827728	13.85353061	13.82052559	13.79477436	13.77027695	13.73670842	13.63465897	13.55508028	13.51168430	13.47866554	13.43821183	13.35140338	13.29853720	13.26294070	13.23125772	13.19357971	13.13129356
	13.29398554	13.32351595	13.38183810	13.50554621	13.55532733	13.59896950	13.70234896	13.82085656	13.85675914	13.88863418	13.93657936	14.01187229	14.10219356	14.13254092	14.14836334	14.15599646	14.16020694	14.16275998	14.16410990	14.16497132	14.16528951	14.16483878	14.16355699	14.16188605	14.15970727	14.15691732	14.15254513	14.14576712	14.13561164	14.12044263	14.09741058	14.02724876	13.96452085	13.91773655	13.88317869	13.85613074	13.83044568	13.79539177	13.68836784	13.60399072	13.55829160	13.52370360	13.48110582	13.38948970	13.33379241	13.29651301	13.26348550	13.22422953	13.15869960
	13.31257369	13.34317802	13.40304975	13.53427224	13.58743409	13.63254014	13.73761439	13.86626106	13.90458590	13.93735075	13.98616111	14.06317617	14.16112503	14.19494036	14.21213538	14.22038305	14.22494931	14.22772832	14.22918323	14.23010221	14.23045825	14.22997016	14.22863196	14.22687760	14.22456737	14.22158399	14.21690126	14.20965079	14.19882918	14.18262388	14.15720888	14.08264383	14.01814937	13.96983088	13.93389837	13.90553162	13.87844542	13.84143417	13.72805150	13.63965247	13.59181125	13.55554202	13.51052821	13.41354125	13.35507558	13.31608846	13.28157137	13.24044781	13.17124692
	13.33568932	13.36763167	13.42944649	13.57002257	13.62738035	13.67431660	13.78156319	13.92267822	13.96401190	13.99789202	14.04771476	14.12654488	14.23385482	14.27219045	14.29114150	14.30017281	14.30520446	14.30827317	14.30985738	14.31085807	14.31126978	14.31072672	14.30931618	14.30744660	14.30497054	14.30172760	14.29662361	14.28876943	14.27707356	14.25954329	14.23098154	14.15063337	14.08427268	14.03423534	13.99669449	13.96673090	13.93787097	13.89829899	13.77664334	13.68363954	13.63327507	13.59492162	13.54667087	13.44309349	13.38133028	13.34026440	13.30388039	13.26036486	13.18655782
	13.35735167	13.39024047	13.45342305	13.60023150	13.66032658	13.70851989	13.81727170	13.96686742	14.01013309	14.04481271	14.09559720	14.17636269	14.29010092	14.33084627	14.35086274	14.36035749	14.36567789	14.36891785	14.37061314	14.37168125	14.37213761	14.37158851	14.37015007	14.36822440	14.36565980	14.36226608	14.35692453	14.34872178	14.33648759	14.31816315	14.28808402	14.20405876	14.13570961	14.08413821	14.04533465	14.01424986	13.98427740	13.94321725	13.81661323	13.71975173	13.66744708	13.62769893	13.57773956	13.46951570	13.40524495	13.36266512	13.32501706	13.28002826	13.20322623
	13.36327949	13.39659949	13.46046029	13.60983756	13.67089128	13.71963141	13.82917183	13.98207857	14.02608216	14.06111623	14.11240355	14.19420909	14.31070409	14.35208279	14.37249806	14.38214908	14.38758405	14.39088727	14.39263252	14.39372792	14.39420505	14.39366264	14.39221670	14.39027589	14.38767920	14.38422235	14.37879024	14.37045365	14.35799852	14.33935623	14.30875171	14.22330902	14.15397872	14.10169690	14.06233903	14.03079418	14.00039454	13.95879154	13.83037876	13.73168179	13.67849912	13.63818130	13.58777235	13.47751162	13.41209544	13.36884325	13.33066205	13.28510451	13.20712146
	13.36161231	13.39601714	13.46174909	13.61699716	13.68038876	13.73064722	13.84289121	14.00252216	14.04832717	14.08440720	14.13699292	14.22089491	14.34158980	14.38609172	14.40748362	14.41757018	14.42327080	14.42673761	14.42856069	14.42969823	14.43020339	14.42964678	14.42815649	14.42616999	14.42347582	14.41987869	14.41422591	14.40553412	14.39253683	14.37307189	14.33977229	14.25188880	14.18074729	14.12697592	14.08639245	14.05378538	14.02225183	13.97903252	13.84556191	13.74350968	13.68850294	13.64674270	13.59416959	13.47995453	13.41224904	13.36749569	13.32796870	13.28077432	13.19987010
	13.33092154	13.36878381	13.44076661	13.61200090	13.68333008	13.73868053	13.86063744	14.03801922	14.08933211	14.12887385	14.18540624	14.27391584	14.40365064	14.45967496	14.48403181	14.49566882	14.50222212	14.50627605	14.50848866	14.50987308	14.51048657	14.50983244	14.50813179	14.50590167	14.50285633	14.49883377	14.49248317	14.48273581	14.46812755	14.44632144	14.40474769	14.30928882	14.23325974	14.17527748	14.13110881	14.09531840	14.06024601	14.01178479	13.86229488	13.75153414	13.69143005	13.64525493	13.58438820	13.45931477	13.38531268	13.33613228	13.29240085	13.23997268	13.15025481
	13.30167709	13.34376088	13.42266866	13.61539673	13.69744575	13.75894153	13.89046338	14.09315136	14.15231167	14.19607285	14.25684171	14.34994077	14.48726729	14.56482503	14.59365013	14.60747597	14.61526155	14.62012086	14.62282366	14.62455732	14.62535196	14.62464212	14.62273342	14.62026231	14.61683957	14.61232904	14.60507711	14.59387817	14.57704259	14.55186877	14.49512617	14.39248116	14.31113974	14.24839600	14.20000864	14.16023003	14.12050281	14.06483253	13.89288355	13.77214892	13.70585506	13.65395894	13.58026619	13.44252284	13.36085948	13.30614795	13.25701421	13.19769509	13.09637012
	13.29498911	13.33938290	13.42142386	13.62787085	13.71698778	13.78180361	13.91650778	14.13679556	14.20136185	14.24744482	14.31003917	14.40478538	14.54384499	14.63958217	14.67162579	14.68694211	14.69557707	14.70096168	14.70395145	14.70591492	14.70684158	14.70614869	14.70415606	14.70159512	14.69800183	14.69324190	14.68544332	14.67330346	14.65500735	14.62754967	14.55818002	14.45318392	14.36942022	14.30430316	14.25365625	14.21153686	14.16891511	14.10856847	13.92171529	13.79586054	13.72609590	13.67072543	13.58776483	13.44326553	13.35729317	13.29938755	13.24703429	13.18350033	13.07491756
	13.28883323	13.33353698	13.41626056	13.62362701	13.71303780	13.77831164	13.91424651	14.13476141	14.19955900	14.24584864	14.30862564	14.40323308	14.54256921	14.63906448	14.67135163	14.68678266	14.69551501	14.70099028	14.70406853	14.70608077	14.70705268	14.70636868	14.70431807	14.70171849	14.69806387	14.69324291	14.68533186	14.67305277	14.65454427	14.62677003	14.55510318	14.45058890	14.36705769	14.30205494	14.25144037	14.20920788	14.16628378	14.10523623	13.91646728	13.79092385	13.72112597	13.66542029	13.58054911	13.43619243	13.35023720	13.29214288	13.23943932	13.17533737	13.06619955
	13.28737844	13.33581834	13.42364644	13.65275217	13.75409154	13.82486870	13.96646100	14.21500116	14.28863833	14.33869627	14.40454055	14.50205604	14.64444618	14.76886933	14.80625224	14.82413180	14.83432945	14.84076350	14.84447004	14.84690826	14.84819568	14.84747491	14.84523895	14.84242954	14.83840866	14.83300364	14.82406166	14.81012194	14.78909252	14.75751928	14.66624310	14.55785707	14.47051049	14.40172167	14.34746752	14.30137818	14.25375405	14.18494223	13.97251136	13.83874774	13.76322579	13.70183460	13.60216862	13.44658811	13.35365047	13.29042876	13.23249370	13.16086167	13.04088470
	13.28167950	13.33062214	13.41943269	13.65079875	13.75250416	13.82397171	13.96701358	14.21734281	14.29152786	14.34201612	14.40837276	14.50650401	14.64960562	14.77564529	14.81345263	14.83145543	14.84176270	14.84826687	14.85201403	14.85448305	14.85579756	14.85507492	14.85282121	14.84998658	14.84593147	14.84046842	14.83144481	14.81734970	14.79613787	14.76418995	14.67142345	14.56238160	14.47448947	14.40525560	14.35064256	14.30420576	14.25615355	14.18660095	13.97197953	13.83731734	13.76121040	13.69925114	13.59824297	13.44156914	13.34792062	13.28414315	13.22563123	13.15316600	13.03227350
	13.27745845	13.32836191	13.41995907	13.66238398	13.76959823	13.84398520	13.99088580	14.25390622	14.33243006	14.38478665	14.45280781	14.55262605	14.69794346	14.83638278	14.87623656	14.89597233	14.90714382	14.91423154	14.91841839	14.92121783	14.92286381	14.92210892	14.91975372	14.91679800	14.91242511	14.90652422	14.89678497	14.88164897	14.85856917	14.82466836	14.72172433	14.61103267	14.52164966	14.45091435	14.39472523	14.34643876	14.29598063	14.22211254	13.99526811	13.85688297	13.77815523	13.71337956	13.60426703	13.44220552	13.34532896	13.27907957	13.21794574	13.14106704	13.01543596
	13.28525880	13.33627869	13.42680683	13.67143568	13.78423723	13.85904964	14.00331673	14.27327257	14.35476645	14.40733872	14.47439908	14.57178731	14.71334944	14.86308807	14.90411245	14.92512141	14.93687640	14.94468702	14.94922417	14.95234766	14.95428124	14.95348474	14.95103212	14.94799171	14.94337458	14.93711966	14.92684772	14.91092976	14.88653151	14.85076857	14.73916865	14.63155086	14.54421935	14.47455139	14.41857607	14.36985439	14.31836696	14.24209557	14.00917298	13.87197280	13.79312753	13.72744625	13.61232340	13.45035522	13.35345312	13.28689525	13.22505790	13.14585831	13.01921188
	13.29195488	13.34007139	13.42475014	13.65501342	13.76624646	13.83708108	13.97180652	14.23016894	14.30879506	14.35858438	14.42137950	14.51195982	14.64344087	14.78995258	14.82935609	14.84966241	14.86107353	14.86899755	14.87347554	14.87662547	14.87856986	14.87775696	14.87531734	14.87231903	14.86777909	14.86162580	14.85159559	14.83605539	14.81241748	14.77668981	14.66747588	14.56793805	14.48679856	14.42172360	14.36901944	14.32281721	14.27365637	14.20033440	13.97750997	13.84906068	13.77467397	13.71223002	13.60005948	13.44777776	13.35652894	13.29364980	13.23497567	13.15877447	13.03909150
	13.26837536	13.31469139	13.39624564	13.61847215	13.72247082	13.79049163	13.92033744	14.16611477	14.24093572	14.28851668	14.34838481	14.43440959	14.55884506	14.69969828	14.73778350	14.75744960	14.76881897	14.77617384	14.78071167	14.78382502	14.78586272	14.78509662	14.78276246	14.77983728	14.77540779	14.76941710	14.75962843	14.74455822	14.72156189	14.68604567	14.58010913	14.48579713	14.40910426	14.34763482	14.29779417	14.25380066	14.20662248	14.13561509	13.92107093	13.79928481	13.72857375	13.66873607	13.55946918	13.41469596	13.32785321	13.26771697	13.21141820	13.13709253	13.02397242
	13.28031829	13.32079497	13.39079030	13.58706437	13.68162944	13.74114330	13.85154411	14.07193935	14.13978351	14.18155111	14.23310218	14.30680018	14.41377731	14.54472981	14.57957645	14.59754851	14.60791427	14.61472952	14.61890228	14.62173747	14.62370691	14.62311681	14.62108306	14.61855813	14.61460855	14.60919955	14.60036882	14.58675722	14.56592562	14.53043354	14.43581057	14.35490011	14.28895380	14.23574544	14.19224690	14.15347491	14.11156240	14.04798236	13.85672714	13.75045399	13.68840962	13.63541554	13.53635986	13.40968905	13.33356424	13.28074231	13.23106685	13.16454010	13.06506809
	13.27846903	13.31553677	13.37925302	13.55839477	13.64678022	13.70142810	13.80188662	14.00428304	14.06699293	14.10530358	14.15205632	14.21847259	14.31458857	14.43647509	14.46921973	14.48571262	14.49564876	14.50207564	14.50609939	14.50880140	14.51072191	14.51017112	14.50822686	14.50582527	14.50207889	14.49697714	14.48868214	14.47585290	14.45656361	14.42081463	14.33375622	14.26123960	14.20197938	14.15399208	14.11454249	14.07909638	14.04045670	13.98139113	13.80482767	13.70869101	13.65217556	13.60339402	13.51018471	13.39541643	13.32624125	13.27798393	13.23232809	13.16996641	13.07994518
	13.26030485	13.29226920	13.34715669	13.50019741	13.57672403	13.62387279	13.71020420	13.88321843	13.93725010	13.97017864	14.01005709	14.06621968	14.14708567	14.25198919	14.28160831	14.29597137	14.30457242	14.31005250	14.31374875	14.31630531	14.31803181	14.31756944	14.31588857	14.31381917	14.31054140	14.30597064	14.29878124	14.28766063	14.27080730	14.23646024	14.16248844	14.10140134	14.05149070	14.01099130	13.97756625	13.94728721	13.91388654	13.86187747	13.70956365	13.62826792	13.58009209	13.53795533	13.45564279	13.35852904	13.29969747	13.25828933	13.21887154	13.16372338	13.08783456
	13.25270594	13.27989027	13.32571759	13.45312504	13.52338761	13.56375231	13.63545148	13.78434526	13.83190194	13.86006011	13.89328993	13.93953863	14.00591310	14.09463788	14.12494661	14.13763761	14.14536925	14.15020862	14.15369463	14.15627358	14.15789956	14.15747668	14.15594024	14.15405976	14.15102871	14.14680623	14.14032477	14.13038315	14.11539627	14.07800166	14.01820470	13.96853601	13.92769262	13.89424564	13.86627915	13.84055074	13.81158483	13.76311454	13.63431065	13.56686990	13.52617027	13.48981304	13.41627641	13.33515616	13.28578116	13.25064263	13.21693624	13.16819739	13.10469029
	13.24476140	13.27103408	13.31491178	13.43718466	13.50651640	13.54559941	13.61398612	13.75808651	13.80470271	13.83190743	13.86360141	13.90739573	13.97008330	14.05477063	14.08718837	14.09971212	14.10743238	14.11231796	14.11578934	14.11837294	14.12007466	14.11968442	14.11820119	14.11636570	14.11337656	14.10925056	14.10281740	14.09297174	14.07811824	14.03825439	13.98186206	13.93504120	13.89644177	13.86473376	13.83803374	13.81330018	13.78509868	13.73559631	13.61225371	13.54804310	13.50896584	13.47365103	13.40104280	13.32349691	13.27616485	13.24228845	13.20968806	13.16183972	13.10113317
	13.22420958	13.25123209	13.29653419	13.42256603	13.49123568	13.53140770	13.60202291	13.74740597	13.79475596	13.82252826	13.85481827	13.89899398	13.96157135	14.04549361	14.08094323	14.09396256	14.10193919	14.10715047	14.11083348	14.11330498	14.11514721	14.11478566	14.11332539	14.11147017	14.10849842	14.10438013	14.09780103	14.08767133	14.07239976	14.03003667	13.97305565	13.92572098	13.88677898	13.85482700	13.82788265	13.80281879	13.77388508	13.72046093	13.59638750	13.53168141	13.49208253	13.45584872	13.38056883	13.30241317	13.25443301	13.21982040	13.18638734	13.13680570	13.07584939
	13.19436210	13.22107298	13.26568507	13.38833483	13.45686197	13.49665895	13.56597924	13.70770882	13.75477375	13.78221708	13.81366015	13.85613116	13.91557097	13.99416713	14.03420023	14.04735518	14.05536988	14.06068611	14.06473419	14.06715555	14.06912395	14.06877629	14.06732636	14.06539451	14.06243872	14.05829720	14.05159351	14.04138553	14.02586748	13.98002845	13.92571884	13.88050797	13.84326785	13.81265448	13.78664308	13.76219249	13.73341695	13.67533358	13.55707270	13.49486819	13.45630779	13.42035512	13.34424740	13.26891997	13.22228946	13.18828029	13.15528619	13.10550913	13.04683290
	13.17383640	13.19956214	13.24195757	13.35883364	13.42730745	13.46572031	13.53119998	13.66830592	13.71477632	13.74142264	13.77122018	13.81119514	13.86681450	13.94002125	13.98363504	13.99673607	14.00463904	14.01017213	14.01430140	14.01676428	14.01879702	14.01845830	14.01701221	14.01502007	14.01203272	14.00784981	14.00111779	13.99084710	13.97412241	13.92672799	13.87618939	13.83407239	13.79926846	13.77048514	13.74579772	13.72228604	13.69416124	13.63341533	13.52244594	13.46357367	13.42661669	13.39163809	13.31646554	13.24483112	13.20027398	13.16753026	13.13572017	13.08715419	13.03114904
	13.17666442	13.20224733	13.24325145	13.35413318	13.43008694	13.46861963	13.53173516	13.66992888	13.71802664	13.74501682	13.77414623	13.81283216	13.86650138	13.93693572	13.98659042	14.00005237	14.00796759	14.01393233	14.01814683	14.02083415	14.02329820	14.02296790	14.02151154	14.01937760	14.01617180	14.01178832	14.00475793	13.99402080	13.97420097	13.92429826	13.87600219	13.83564232	13.80209957	13.77410372	13.74978106	13.72633424	13.69780542	13.63109417	13.52445126	13.46704681	13.43037221	13.39502634	13.31747299	13.24748250	13.20362033	13.17113710	13.13939201	13.08983660	13.03472261
	13.14842988	13.17426190	13.21569186	13.32709354	13.40368525	13.44262381	13.50632376	13.64506291	13.69341968	13.72074990	13.74996151	13.78843876	13.84134731	13.91017244	13.96151170	13.97556238	13.98366310	13.98997055	13.99423345	13.99704119	13.99947872	13.99902676	13.99741278	13.99507502	13.99166034	13.98709750	13.97981759	13.96872420	13.94689658	13.89587580	13.84880325	13.80922615	13.77611579	13.74834479	13.72408905	13.70051353	13.67148250	13.60107728	13.49638065	13.43954803	13.40277504	13.36689734	13.28764074	13.21819109	13.17443775	13.14175349	13.10970954	13.05925579	13.00448661
	13.10472401	13.13086820	13.17184244	13.28135526	13.36203447	13.40164569	13.46418559	13.60084892	13.65348294	13.68135765	13.71000372	13.74693295	13.79689867	13.86075501	13.91683612	13.93498447	13.94379866	13.95100118	13.95541493	13.95846652	13.96150176	13.96116236	13.95956421	13.95715687	13.95359982	13.94853025	13.94088656	13.92888728	13.89737909	13.84863109	13.80406620	13.76655303	13.73507742	13.70840213	13.68468666	13.66106565	13.63105203	13.55202961	13.45206145	13.39689561	13.36038780	13.32354469	13.24067023	13.17275706	13.12948436	13.09665618	13.06426299	13.01234723	12.95854130
	13.08058623	13.10670137	13.14571860	13.24642870	13.33616523	13.37612001	13.43512567	13.56530159	13.62631489	13.65465114	13.68217387	13.71692129	13.76355520	13.82292770	13.87765001	13.90448537	13.91419719	13.92170540	13.92671943	13.93041313	13.93344887	13.93324303	13.93181262	13.92916450	13.92548683	13.92001277	13.91191542	13.89850039	13.85828412	13.81276626	13.77144393	13.73666952	13.70722369	13.68189820	13.65891233	13.63546410	13.60506136	13.52030255	13.42551110	13.37228993	13.33650647	13.29935554	13.21453338	13.14842826	13.10604424	13.07363420	13.04162125	12.98956594	12.93706796
	13.04085387	13.06610009	13.10297220	13.19634055	13.28671258	13.32548549	13.38069263	13.50182513	13.56560699	13.59325298	13.61916415	13.65138039	13.69399191	13.74750300	13.79676121	13.82997813	13.84089828	13.84852978	13.85364363	13.85798074	13.86125611	13.86103086	13.85936397	13.85657749	13.85261327	13.84705741	13.83877530	13.82128350	13.77988894	13.73875848	13.70130980	13.66964087	13.64266646	13.61913696	13.59744738	13.57484222	13.54493246	13.45862230	13.37128311	13.32152201	13.28740091	13.25118149	13.16803625	13.10551648	13.06520297	13.03409868	13.00338706	12.95314210	12.90326349
	13.00161142	13.02621159	13.06107831	13.14756566	13.23934921	13.27734531	13.32881181	13.44026051	13.50849905	13.53589310	13.56040810	13.58999985	13.62859673	13.67640798	13.72012670	13.75401715	13.77221210	13.78019804	13.78575097	13.79068329	13.79368319	13.79348123	13.79172734	13.78863209	13.78440981	13.77857614	13.76963546	13.74184135	13.70447639	13.66813152	13.63491937	13.60657199	13.58218388	13.56047612	13.53996894	13.51799165	13.48803967	13.39913763	13.31954798	13.27327314	13.24061152	13.20493839	13.12267628	13.06357210	13.02520110	12.99526103	12.96565603	12.91681408	12.86926733
	12.98830281	13.01196563	13.04440364	13.12230659	13.21532570	13.25205426	13.29946809	13.39900368	13.47224375	13.49912397	13.52220518	13.54942815	13.58468858	13.62798975	13.66777848	13.69882165	13.72326724	13.73138488	13.73707220	13.74222942	13.74515342	13.74507153	13.74333322	13.74015818	13.73586330	13.73014665	13.71946626	13.68863227	13.65473084	13.62175926	13.59169826	13.56589795	13.54351875	13.52337068	13.50403558	13.48293469	13.45370580	13.36640833	13.29263315	13.24929435	13.21823796	13.18384526	13.10436808	13.04841745	13.01194306	12.98341826	12.95526749	12.90863655	12.86345270
	12.97307593	12.99632816	13.02701680	13.09825573	13.19239572	13.22877320	13.27291625	13.36281885	13.44038081	13.46753881	13.48954968	13.51478490	13.54695372	13.58610877	13.62202649	13.65017231	13.67565332	13.68971011	13.69593304	13.70122332	13.70448371	13.70453965	13.70277573	13.69932987	13.69532273	13.68820622	13.67145844	13.64208251	13.61151772	13.58184687	13.55472217	13.53124031	13.51067201	13.49186238	13.47345590	13.45287252	13.42376791	13.33669199	13.26811980	13.22734646	13.19746618	13.16375754	13.08587269	13.03241413	12.99744713	12.96987857	12.94268152	12.89744672	12.85410370
	12.95980491	12.98339088	13.01273743	13.07738329	13.17531584	13.21256243	13.25379114	13.33372383	13.41871492	13.44728222	13.46884280	13.49214228	13.52129284	13.55653601	13.58851083	13.61400561	13.63743384	13.65679648	13.66904802	13.67539653	13.67915003	13.67939669	13.67754844	13.67386203	13.66889377	13.65621755	13.63391037	13.60754146	13.58066998	13.55454234	13.53048837	13.50941403	13.49067342	13.47304726	13.45525469	13.43467266	13.40467753	13.31573211	13.25200534	13.21332819	13.18409288	13.15023547	13.07222935	13.02033109	12.98631051	12.95907531	12.93220189	12.88711715	12.84488709
	12.94647400	12.96997376	12.99815035	13.05796968	13.15616538	13.19353961	13.23256691	13.30548738	13.39261042	13.42209331	13.44317468	13.46522209	13.49239885	13.52488940	13.55442365	13.57811835	13.60007977	13.61888313	13.63401812	13.64309732	13.64701893	13.64740056	13.64568770	13.64155989	13.63369332	13.61828557	13.59697082	13.57273607	13.54819021	13.52428580	13.50218903	13.48270645	13.46516604	13.44843404	13.43122710	13.41097247	13.38094924	13.29298097	13.23271588	13.19567496	13.16721718	13.13384448	13.05715767	13.00694703	12.97389875	12.94727952	12.92096045	12.87664055	12.83578929
	12.93018011	12.95323676	12.97992771	13.03440589	13.13058978	13.16751962	13.20391578	13.26936039	13.35607192	13.38591046	13.40621131	13.42688634	13.45182892	13.48129958	13.50795258	13.52959437	13.54979560	13.56726508	13.58270900	13.59434181	13.60030580	13.60076357	13.59835806	13.59242723	13.58229818	13.56675629	13.54730321	13.52547627	13.50340439	13.48195241	13.46200217	13.44428094	13.42814178	13.41253578	13.39615573	13.37658279	13.34710260	13.26205681	13.20590061	13.17103422	13.14378914	13.11153244	13.03761447	12.98979463	12.95815457	12.93261680	12.90731802	12.86465143	12.82574423
	12.91591426	12.93820392	12.96291699	13.01120222	13.10207860	13.13801594	13.17102944	13.22785780	13.31140035	13.34061192	13.35972590	13.37859077	13.40070316	13.42622424	13.44933381	13.46839746	13.48644942	13.50223457	13.51598783	13.52831672	13.53641473	13.53721488	13.53298789	13.52558763	13.51518245	13.50134386	13.48427043	13.46540490	13.44643793	13.42803175	13.41080520	13.39530099	13.38106425	13.36695042	13.35182604	13.33329485	13.30462426	13.22461659	13.17434052	13.14273172	13.11734765	13.08666083	13.01719930	12.97324202	12.94392646	12.92012444	12.89645126	12.85629375	12.82042742
	12.93142020	12.95388519	12.97798224	13.02327431	13.11267770	13.14911525	13.18082299	13.23308465	13.31518833	13.34598857	13.36509285	13.38316017	13.40392122	13.42751754	13.44877084	13.46647426	13.48336373	13.49821687	13.51120125	13.52318433	13.53078420	13.53182673	13.52743886	13.52011185	13.50993637	13.49706579	13.48137646	13.46414829	13.44691372	13.43013253	13.41433968	13.40003295	13.38670311	13.37324963	13.35856456	13.34015707	13.31056802	13.23231293	13.18497826	13.15478965	13.12999118	13.09932586	13.03101736	12.98871724	12.96033210	12.93704941	12.91387379	12.87421360	12.83952370
	12.95714026	12.98039773	13.00451425	13.04807600	13.13852800	13.17639812	13.20772483	13.25720978	13.33899911	13.37326110	13.39288342	13.41084220	13.43106672	13.45376586	13.47407956	13.49121185	13.50750354	13.52192940	13.53463585	13.54640334	13.55429666	13.55532905	13.55096032	13.54395398	13.53386125	13.52152469	13.50654968	13.49013303	13.47373901	13.45777091	13.44265192	13.42888456	13.41589282	13.40260520	13.38792232	13.36925217	13.33811280	13.26018187	13.21365499	13.18373344	13.15884036	13.12762359	13.05897629	13.01673114	12.98831085	12.96490684	12.94159479	12.90153656	12.86684875
	13.00361514	13.02851572	13.05343234	13.09667827	13.19088080	13.23159950	13.26363817	13.31231610	13.39522447	13.43503000	13.45585264	13.47440352	13.49493371	13.51770803	13.53803081	13.55528090	13.57175376	13.58637275	13.59926000	13.61149276	13.61961752	13.62091448	13.61670139	13.60964368	13.59950606	13.58719354	13.57227474	13.55586935	13.53953606	13.52365643	13.50853031	13.49467533	13.48151490	13.46790852	13.45272359	13.43329721	13.39998965	13.32012799	13.27236603	13.24152547	13.21575143	13.18365918	13.11225537	13.06832962	13.03880414	13.01450281	12.99024727	12.94858783	12.91256593
	13.05411052	13.08166968	13.10817805	13.15203389	13.25074831	13.29677050	13.33035555	13.37909355	13.46130082	13.51099983	13.53392424	13.55359491	13.57483810	13.59800189	13.61854924	13.63616518	13.65305677	13.66811561	13.68125461	13.69389505	13.70258449	13.70397137	13.69962680	13.69253198	13.68218986	13.66979307	13.65474822	13.63835444	13.62202219	13.60608951	13.59082283	13.57671293	13.56313118	13.54893419	13.53285334	13.51201897	13.47351873	13.39163478	13.34199652	13.30966368	13.28230896	13.24818409	13.17227603	13.12589905	13.09464061	13.06888883	13.04308877	12.99854903	12.96049096
	13.08392432	13.11460642	13.14305969	13.18764445	13.28827752	13.34290663	13.37833134	13.42710621	13.50659449	13.56848391	13.59398165	13.61498499	13.63693270	13.66053671	13.68114231	13.69902735	13.71617578	13.73152098	13.74488091	13.75775421	13.76614350	13.76754781	13.76343958	13.75628173	13.74580166	13.73351393	13.71854230	13.70239339	13.68632709	13.67050814	13.65523744	13.64098783	13.62703621	13.61218504	13.59503218	13.57241946	13.52598469	13.44341464	13.39254178	13.35877655	13.32960498	13.29153216	13.21172905	13.16330575	13.13035739	13.10300596	13.07545095	13.02740021	12.98744711
	13.09323828	13.12733195	13.15784012	13.20283233	13.30242203	13.36782585	13.40513592	13.45327091	13.52868960	13.60283421	13.63142349	13.65376959	13.67631545	13.69992294	13.72018726	13.73807471	13.75510319	13.77034685	13.78373060	13.79672840	13.80481138	13.80614901	13.80219338	13.79502375	13.78449427	13.77242214	13.75779988	13.74223462	13.72685011	13.71159842	13.69668914	13.68253504	13.66843237	13.65303024	13.63482039	13.61027336	13.55477212	13.47311213	13.42185238	13.38705487	13.35616712	13.31370317	13.23069717	13.18061995	13.14623631	13.11738330	13.08813240	13.03654430	12.99489871
	13.09837022	13.13559954	13.16764076	13.21270391	13.30922203	13.38284137	13.42163092	13.46926663	13.54181521	13.62200266	13.65340042	13.67689217	13.69994950	13.72344029	13.74347892	13.76126126	13.77812138	13.79326047	13.80659443	13.81946807	13.82748947	13.82895301	13.82498933	13.81801522	13.80767964	13.79591509	13.78170121	13.76663719	13.75171994	13.73687492	13.72222074	13.70810763	13.69392216	13.67820381	13.65935514	13.63366299	13.57349429	13.49235359	13.44085392	13.40543171	13.37361696	13.32898215	13.24418289	13.19300854	13.15771360	13.12803129	13.09787221	13.04433980	13.00159810
	13.11401844	13.15465112	13.18821398	13.23272044	13.32369774	13.40778882	13.44797567	13.49460385	13.56318482	13.65015484	13.68458682	13.70931096	13.73286320	13.75626575	13.77609518	13.79371217	13.81033543	13.82531917	13.83860984	13.85137307	13.85943535	13.86118151	13.85737144	13.85074109	13.84079744	13.82948400	13.81575683	13.80123746	13.78682305	13.77239103	13.75799747	13.74395053	13.72967026	13.71366010	13.69424219	13.66754516	13.60391870	13.52299316	13.47109682	13.43504198	13.40244232	13.35641821	13.26990234	13.21748496	13.18130666	13.15086809	13.11985795	13.06468144	13.02080030
	13.09557191	13.14605434	13.18378816	13.23107318	13.32314611	13.42097307	13.46555060	13.51428156	13.58288540	13.67716067	13.72023944	13.74820591	13.77383200	13.79857389	13.81914452	13.83752280	13.85477035	13.87026051	13.88401876	13.89695767	13.90529788	13.90717892	13.90342683	13.89674491	13.88663340	13.87529482	13.86156779	13.84700542	13.83239864	13.81774936	13.80289382	13.78823763	13.77310126	13.75578176	13.73446481	13.70454193	13.63106127	13.54713157	13.49258538	13.45404263	13.41849546	13.36627823	13.27349777	13.21736436	13.17837056	13.14536469	13.11153270	13.05068142	13.00326503
	13.08223774	13.13826616	13.17774905	13.22538343	13.31495863	13.41912927	13.46534878	13.51387623	13.58014448	13.67455680	13.72396546	13.75326572	13.77951720	13.80439073	13.82482860	13.84313084	13.86024084	13.87557230	13.88912662	13.90181887	13.91000893	13.91195705	13.90811715	13.90163769	13.89178200	13.88081779	13.86754898	13.85347396	13.83929294	13.82501286	13.81032893	13.79574095	13.78048223	13.76277262	13.74077355	13.70947558	13.63161041	13.54863861	13.49417059	13.45515497	13.41865891	13.36327536	13.26985550	13.21310821	13.17345458	13.13973082	13.10503219	13.04217723	12.99397024
	13.08686634	13.15110167	13.19182920	13.23741519	13.31728738	13.42572739	13.47311323	13.51902296	13.57853997	13.66263106	13.72386526	13.75454310	13.78065514	13.80481736	13.82432183	13.84169479	13.85785200	13.87232160	13.88491591	13.89689946	13.90480210	13.90688401	13.90350253	13.89780963	13.88898467	13.87912928	13.86721324	13.85447469	13.84149853	13.82829604	13.81447982	13.80057608	13.78576512	13.76836293	13.74657145	13.71533555	13.63733756	13.55893294	13.50666038	13.46864225	13.43285528	13.37872728	13.28772222	13.23214831	13.19322916	13.16014272	13.12618648	13.06442586	13.01686045
	13.09274593	13.16553595	13.20837947	13.25188722	13.32057274	13.43289048	13.48250698	13.52576488	13.57776922	13.64933817	13.72336171	13.75646734	13.78269141	13.80622380	13.82469021	13.84108933	13.85615550	13.86963113	13.88127290	13.89255313	13.90008449	13.90226417	13.89958485	13.89483188	13.88724467	13.87871144	13.86841600	13.85719188	13.84559211	13.83359563	13.82078955	13.80759754	13.79329513	13.77623997	13.75464190	13.72355205	13.64573393	13.57261679	13.52287189	13.48600645	13.45112821	13.39921218	13.31056083	13.25614432	13.21800317	13.18566144	13.15254887	13.09217222	13.04508880
	13.07013415	13.14639318	13.19270655	13.23501850	13.29459882	13.40539736	13.45921039	13.50063209	13.54621592	13.60670132	13.68574914	13.72411695	13.75101648	13.77410057	13.79156637	13.80692641	13.82091840	13.83338108	13.84415564	13.85473901	13.86170683	13.86383204	13.86193121	13.85804095	13.85160231	13.84438421	13.83555540	13.82581512	13.81560509	13.80484422	13.79305669	13.78061559	13.76688070	13.75023447	13.72872180	13.69765378	13.61953978	13.55247248	13.50577856	13.47034194	13.43638637	13.38525206	13.30002401	13.24738840	13.21030124	13.17880033	13.14639536	13.08701081	13.04091244
	13.05030131	13.12371477	13.17330468	13.21507751	13.27065618	13.37518625	13.43338721	13.47391646	13.51636082	13.57118447	13.64619011	13.69074719	13.71801953	13.74081338	13.75770829	13.77236843	13.78567374	13.79761888	13.80788993	13.81788435	13.82442788	13.82659971	13.82511246	13.82162975	13.81579160	13.80927170	13.80114379	13.79219717	13.78273486	13.77266936	13.76147700	13.74953521	13.73617121	13.71988725	13.69859045	13.66782943	13.59039803	13.52699419	13.48230615	13.44798424	13.41477800	13.36399357	13.28168537	13.23060772	13.19449866	13.16375094	13.13201968	13.07356676	13.02858542
	13.04074312	13.10594927	13.16179989	13.20300465	13.25325235	13.34506923	13.41120471	13.45083637	13.48929978	13.53712575	13.60302402	13.65653674	13.68440601	13.70682181	13.72309211	13.73700952	13.74953090	13.76071415	13.77031353	13.77962437	13.78579344	13.78807963	13.78704948	13.78418844	13.77923239	13.77358188	13.76640855	13.75840414	13.74983544	13.74065388	13.73023455	13.71897003	13.70626416	13.69060815	13.67004206	13.64042215	13.56592081	13.50685012	13.46467738	13.43194919	13.40030163	13.35271651	13.27359045	13.22434797	13.18960808	13.16017027	13.12978823	13.07377501	13.03007924
	13.00761948	13.06172433	13.12654062	13.16873017	13.21395483	13.28993982	13.36698751	13.40705426	13.44168845	13.48215466	13.53647492	13.59938938	13.63045461	13.65337395	13.66938125	13.68269102	13.69446460	13.70488505	13.71375492	13.72226861	13.72804501	13.73041161	13.72990139	13.72782319	13.72389148	13.71925448	13.71323858	13.70635537	13.69879537	13.69050534	13.68089176	13.67021381	13.65803069	13.64283290	13.62294591	13.59422953	13.52247946	13.46803211	13.42833441	13.39706463	13.36689970	13.32344296	13.24635539	13.19835423	13.16462937	13.13635827	13.10730948	13.05369604	13.01046838
	13.01183079	13.05565385	13.12547657	13.17069348	13.21289132	13.27524457	13.35947768	13.40186771	13.43436908	13.46961493	13.51567081	13.57649303	13.61711230	13.64125110	13.65749289	13.67070922	13.68209963	13.69215983	13.70076879	13.70888936	13.71460914	13.71719154	13.71726545	13.71594223	13.71277195	13.70890201	13.70379587	13.69774252	13.69086394	13.68318354	13.67407538	13.66383759	13.65194058	13.63705467	13.61777689	13.58900335	13.52121620	13.47026583	13.43242338	13.40229451	13.37345963	13.33464921	13.25879545	13.21140950	13.17830036	13.15082678	13.12277704	13.07139881	13.02830253
	13.00452101	13.04469708	13.11582517	13.16384688	13.20558190	13.26297802	13.34989074	13.39453518	13.42661694	13.45983499	13.50244662	13.56033805	13.60778689	13.63309219	13.64969819	13.66304469	13.67432768	13.68429311	13.69285931	13.70090676	13.70666025	13.70935410	13.70966885	13.70868347	13.70586580	13.70235964	13.69769352	13.69200947	13.68544111	13.67800292	13.66906235	13.65890601	13.64696044	13.63199992	13.61265310	13.58295711	13.51647184	13.46706899	13.42987309	13.39999872	13.37137951	13.33404947	13.25803187	13.21039554	13.17715084	13.14970763	13.12175586	13.07085304	13.02716408
	12.98154922	13.01938759	13.09042795	13.14175601	13.18367195	13.23784132	13.32660086	13.37294785	13.40507392	13.43692098	13.47714064	13.53186270	13.58470759	13.61122805	13.62828256	13.64184803	13.65308252	13.66301840	13.67160386	13.67961204	13.68536914	13.68814371	13.68863042	13.68785105	13.68528709	13.68206861	13.67775186	13.67238208	13.66606379	13.65879901	13.64995997	13.63979685	13.62771041	13.61268900	13.59319171	13.56265475	13.49744756	13.44899222	13.41215285	13.38234671	13.35380276	13.31743829	13.24142636	13.19312720	13.15955285	13.13202468	13.10407911	13.05351357	13.00886646
	13.03752290	13.07231068	13.13601106	13.19775212	13.24108472	13.29141677	13.37688334	13.43096158	13.46408049	13.49474542	13.53247502	13.58340556	13.64139229	13.67115083	13.68904055	13.70306903	13.71460778	13.72479537	13.73362194	13.74182678	13.74778802	13.75085835	13.75159859	13.75097275	13.74869728	13.74580903	13.74181600	13.73674161	13.73069030	13.72360984	13.71486295	13.70470959	13.69252888	13.67756644	13.65792304	13.62642210	13.56266404	13.51471035	13.47792825	13.44807939	13.41963010	13.38404410	13.30804041	13.25869810	13.22461265	13.19694898	13.16889063	13.11820864	13.07248918
	13.07148409	13.10495945	13.16055628	13.23403130	13.28207649	13.33033636	13.40648379	13.47551828	13.51169987	13.54213029	13.57765429	13.62393217	13.68386137	13.72358309	13.74390837	13.75940372	13.77187328	13.78275865	13.79219109	13.80093072	13.80742966	13.81096612	13.81217243	13.81196588	13.81017678	13.80771473	13.80417202	13.79936486	13.79351171	13.78643878	13.77756223	13.76720326	13.75486774	13.73959721	13.71938366	13.68596612	13.62285352	13.57453171	13.53701802	13.50652757	13.47768566	13.44200247	13.36512892	13.31233864	13.27652411	13.24795223	13.21923003	13.16859626	13.11896186
	13.09378677	13.12661000	13.17746233	13.25465351	13.30555082	13.35272471	13.42245172	13.49830204	13.53619586	13.56665403	13.60113589	13.64509377	13.70309060	13.74884712	13.77028812	13.78645840	13.79944416	13.81072762	13.82051863	13.82955338	13.83639439	13.84023854	13.84174990	13.84175459	13.84022175	13.83799939	13.83470821	13.83013162	13.82446998	13.81747006	13.80867118	13.79850189	13.78633253	13.77110435	13.75096249	13.71818006	13.65495946	13.60646833	13.56882087	13.53831641	13.50955606	13.47407274	13.39751040	13.34357038	13.30733571	13.27861473	13.24976834	13.19933012	13.14855933
	13.11565842	13.14838751	13.19573609	13.27372484	13.32827782	13.37506223	13.43989561	13.51966193	13.55990353	13.59066268	13.62443156	13.66660542	13.72258137	13.77339842	13.79585527	13.81275803	13.82624112	13.83790315	13.84805990	13.85737911	13.86453004	13.86864782	13.87041905	13.87058388	13.86923563	13.86720009	13.86411197	13.85971144	13.85417106	13.84724085	13.83852421	13.82849512	13.81641519	13.80117186	13.78105772	13.74890189	13.68565116	13.63705702	13.59929544	13.56874620	13.54000272	13.50456288	13.42813201	13.37344636	13.33693672	13.30810025	13.27905516	13.22837265	13.17699388
	13.17006969	13.20393513	13.24691340	13.31944148	13.38445577	13.43197344	13.48998343	13.57215980	13.61838227	13.65040558	13.68358258	13.72353747	13.77522359	13.83291583	13.85890299	13.87773186	13.89235543	13.90491476	13.91586030	13.92586936	13.93367865	13.93830820	13.94055666	13.94102266	13.93993441	13.93823949	13.93553791	13.93140195	13.92593400	13.91916926	13.91069096	13.90076002	13.88868659	13.87319443	13.85289635	13.82052866	13.75777627	13.70942370	13.67165668	13.64095530	13.61200465	13.57628522	13.49956267	13.44403980	13.40718314	13.37806142	13.34846367	13.29668625	13.24460955
	13.17483681	13.21129888	13.25234701	13.31766477	13.38919855	13.43856137	13.49173912	13.56839299	13.62192681	13.65607749	13.68923555	13.72724770	13.77397221	13.83066306	13.86443168	13.88473062	13.90052080	13.91390135	13.92543269	13.93597157	13.94430584	13.94938257	13.95212237	13.95299125	13.95236184	13.95117346	13.94896499	13.94524350	13.94015920	13.93382579	13.92578518	13.91618546	13.90428302	13.88891027	13.86864281	13.83497798	13.77382529	13.72652224	13.68956707	13.65932169	13.63054018	13.59496895	13.51912764	13.46320010	13.42638424	13.39734207	13.36780721	13.31705514	13.26361671
	13.16446409	13.20373230	13.24359827	13.30067983	13.37623813	13.42716234	13.47671102	13.54526113	13.60452448	13.64010596	13.67303800	13.70909656	13.75171989	13.80482883	13.84453296	13.86595930	13.88249390	13.89651231	13.90846120	13.91931602	13.92797216	13.93337194	13.93654075	13.93776978	13.93751985	13.93671709	13.93496251	13.93158536	13.92703176	13.92120849	13.91366057	13.90440867	13.89282648	13.87773269	13.85786329	13.82483118	13.76531301	13.71970732	13.68388147	13.65436806	13.62604134	13.59084191	13.51663491	13.46155855	13.42544691	13.39689778	13.36765860	13.31745333	13.26462585
	13.16465991	13.20647312	13.24533932	13.29523361	13.36894098	13.42070478	13.46704515	13.52596959	13.58771789	13.62411461	13.65636036	13.69042770	13.72937790	13.77662846	13.81922860	13.84181312	13.85847726	13.87252446	13.88451277	13.89537562	13.90405515	13.90962523	13.91302975	13.91453569	13.91458380	13.91409253	13.91270627	13.90974521	13.90574718	13.90043088	13.89337623	13.88461593	13.87357165	13.85910442	13.84005999	13.80784111	13.75236056	13.70925003	13.67518821	13.64698472	13.61979817	13.58592730	13.51525949	13.46251214	13.42802516	13.40076011	13.37268732	13.32461613	13.27369455
	13.15632980	13.20611080	13.24840792	13.29444181	13.36384495	13.42263151	13.46921035	13.52196548	13.58322410	13.62564624	13.65965272	13.69376393	13.73090715	13.77480608	13.81830728	13.84710966	13.86504867	13.87985726	13.89260070	13.90418445	13.91343537	13.91958186	13.92351026	13.92550162	13.92595975	13.92583869	13.92489509	13.92247330	13.91890052	13.91392267	13.90712276	13.89847181	13.88745803	13.87304372	13.85400619	13.82210013	13.76800175	13.72552677	13.69176708	13.66354695	13.63623681	13.60226772	13.53260218	13.47929474	13.44465040	13.41730501	13.38916111	13.34187861	13.28980561
	13.17835628	13.22804882	13.27660503	13.32042527	13.37907209	13.44163973	13.48901154	13.53611852	13.59005547	13.63713570	13.67262585	13.70628212	13.74123508	13.78105783	13.82141678	13.85606123	13.87518233	13.89027025	13.90337411	13.91519989	13.92475070	13.93129069	13.93559883	13.93795490	13.93879114	13.93907508	13.93864723	13.93685609	13.93379709	13.92932203	13.92304600	13.91489786	13.90433854	13.89052632	13.87218413	13.84264327	13.79128138	13.75087316	13.71861901	13.69142535	13.66484877	13.63195449	13.56593212	13.51429584	13.48093536	13.45455140	13.42730867	13.38251826	13.33162779
	13.26384093	13.30911035	13.36526029	13.41269120	13.46632607	13.53094643	13.58316466	13.63023507	13.68064970	13.73135961	13.77122053	13.80682573	13.84255322	13.88236747	13.92269720	13.96216733	13.98454818	14.00094409	14.01500962	14.02764132	14.03796165	14.04515659	14.04995853	14.05270028	14.05380744	14.05441712	14.05435767	14.05288373	14.04999637	14.04568882	14.03950163	14.03128153	14.02055870	14.00650440	13.98788108	13.95969144	13.90715196	13.86582047	13.83277798	13.80486134	13.77757824	13.74404283	13.67793288	13.62483173	13.59072085	13.56378138	13.53609601	13.49185497	13.43887367
