	11.63937907	11.64630995	11.64545796	11.63710320	11.61786643	11.59630908	11.57621680	186.95373833	-2928.39340306	-2928.54118028	-2948.14543959	-2948.11363368	-2948.06693767	-2948.03076917	187.36981751	-3123.29694262	12.01409845	12.04753309	12.05286222	12.02188872	12.08188363	12.14219825	12.18224958	12.22982842	12.27036927	12.31879160	12.36244076	12.40008840	12.41373826	12.43172112	12.33715950	12.34084584	12.35491180	12.34355256	12.35281086	12.37604325	12.38797965	12.40210457	12.40921486	12.66119355	12.66419074	12.65179681	12.65165923	12.65049558	12.64759422	12.63638148	12.61755086	12.60111749	12.59026969
	11.83857807	11.84160445	11.83270588	11.81394414	11.78397836	11.78846001	11.76060014	-2049.26816853	-5253.54397650	-5253.52491390	-392.55176972	-392.45874536	-392.38475730	-392.32527392	-401.04604211	20.77832822	12.05824365	12.09034515	12.12388479	12.16147827	12.20795215	12.24667034	12.26944146	12.29376768	12.32017671	12.36844582	12.39336315	12.42229795	12.50387590	12.36776174	12.20647846	12.21359323	12.19401048	12.20328832	12.21441998	12.22041377	12.24256664	12.25247583	12.74351789	13.00665910	13.01584028	13.05617909	13.06598131	13.07633349	13.08701332	13.09439418	13.09861292	13.10064460	13.10096691
	11.76420382	11.76590213	11.75529470	11.73516430	11.74983358	11.79667627	11.91791687	-6935.19694972	-5667.58244588	-5667.52184003	26.11959072	26.22729177	27.18605367	11.72596725	11.80813539	12.00999607	12.09490084	12.15016401	12.18406141	12.23596184	12.29463924	12.33269677	12.36835633	12.40577965	12.44076919	12.31994729	12.34444410	12.36995426	12.41477204	12.16496375	12.18054541	12.21923855	12.24642505	12.27571668	12.30198314	12.33766172	12.36170312	12.38367430	12.74489256	13.22300137	13.23648637	13.25137634	13.26438595	13.27518733	13.28379305	13.28991241	13.29386675	13.29611300	13.29685317
	11.81756009	11.81696050	11.80449017	11.78105149	11.80979365	11.97616527	12.15879449	-9321.54879005	-6983.98025676	-3797.49558868	139.75499978	25.41074074	11.65867293	11.73856010	11.81684419	11.98126646	12.06440024	12.11514870	12.15149409	12.20177918	12.18370718	12.21779486	12.25768503	12.29172437	12.32595828	12.20311769	12.22155085	12.23967804	12.26473371	12.19928506	12.21977739	12.25347614	12.26484813	12.28256728	12.29743278	12.31925631	12.35610497	12.37133466	13.17687228	13.27568220	13.27266204	13.28458390	13.29952775	13.31490764	13.32907737	13.34091143	13.34981502	13.35572366	13.35874353
	11.70403097	11.69837669	11.67995944	11.64807399	11.76938522	12.12939614	12.13505663	-4340.82397380	-6539.49977901	93.18088261	87.31969751	11.50345860	11.62487786	11.70387086	11.79334011	11.81190427	12.14785155	12.19691219	11.94892509	11.99799811	11.95221597	11.99074421	12.00166986	12.03679145	12.06975204	12.09729403	12.12411416	12.14717367	12.16924948	12.19258867	12.21805889	12.23831341	12.24542158	12.24940245	12.25258429	12.25677629	12.29723806	12.31910619	12.80695668	13.11118852	13.24540525	13.26370813	13.28315813	13.30573867	13.32896535	13.35018392	13.36487699	13.37469241	13.38039564
	11.61430959	11.60610825	11.58518489	11.55683819	11.89823347	12.05968537	12.06713233	-1530.69743220	-5529.32177434	15.58090364	-10.67020652	11.56696687	11.76322298	11.88704673	11.97418208	11.87846259	12.30625235	12.35939581	11.98960076	12.02192557	12.07714595	12.12152748	12.01843139	12.05560938	12.09626968	12.13178788	12.16155508	12.19087346	12.21824624	12.24791351	12.28125037	12.31260831	12.33251761	12.34766530	12.36267412	12.37682517	12.40665763	12.45303895	12.86886715	12.89869281	13.20757145	13.23221790	13.25651996	13.28435007	13.31361746	13.34071921	13.35945399	13.37047973	13.37575158
	11.49192429	11.47885950	11.44849029	11.57981055	11.91620432	11.99975266	12.00434283	12.00680162	-7201.67442543	-317.08023133	11.30619335	11.48427767	11.72063202	11.88082794	11.91028309	11.67751658	11.68571777	11.71814359	11.74225947	11.77680000	11.85118340	11.89566362	11.93804686	11.98822609	12.03727706	12.07781282	12.11146855	12.14733727	12.17882949	12.21115739	12.24788806	12.27881305	12.29417523	12.30247280	12.30804514	12.31009431	12.31504409	12.33045532	12.51459228	12.73879698	13.21808668	13.24501235	13.27016405	13.29906447	13.33103902	13.36219267	13.38772489	13.40305371	13.41204022
	11.29992140	11.27805648	11.24586747	11.86741674	11.87578424	11.88034559	11.88250398	11.88396987	-4273.52642241	10.93096807	11.27563586	11.37508079	11.62238175	11.81823647	11.90399928	11.86421369	11.79818346	12.09547693	12.13973582	12.17747547	11.89149533	11.92697804	11.97179262	12.02318763	12.07199160	12.11838642	12.15999627	12.19793837	12.23814753	12.27902899	12.31784082	12.35227612	12.36941288	12.38064596	12.39049563	12.39762697	12.40306054	12.42489740	12.44127915	12.53317621	13.18182324	13.22503441	13.26350360	13.30855667	13.35901230	13.40179913	13.43349689	13.45525924	13.46569569
	10.83555852	10.80101314	11.18719878	11.53568701	11.54434438	11.54746411	11.54909401	11.55050752	11.22464434	10.42282188	10.82852844	10.94222138	11.22430956	11.46007690	11.58099770	11.63813210	11.63684618	11.98076785	12.01507704	12.03885514	11.64247403	11.67276117	11.72604323	11.78528914	11.83726659	11.89804552	11.94897784	11.99999079	12.04656776	12.08946526	12.13949420	12.18400998	12.20363390	12.21652263	12.22669643	12.23515423	12.23724538	12.25764192	12.27257078	12.29377750	12.84925766	13.11422763	13.16732499	13.22850478	13.29601445	13.35096705	13.39055030	13.41884275	13.43209621
	10.64837458	10.61080370	11.43488308	11.43723681	11.44222163	11.44426026	11.44555214	11.44692444	11.46415247	10.24464861	10.67612799	10.78365788	11.06863146	11.32948357	11.46883096	11.56383608	11.60165548	12.03771131	12.08530680	12.13486896	11.64613099	11.65117049	11.68641103	11.73001780	11.77837084	11.84531642	11.89841018	11.95621177	12.01050903	12.05836584	12.10975328	12.16388059	12.18861726	12.20351944	12.21499869	12.22584601	12.22907655	12.25052629	12.26480925	12.28184098	12.33381925	13.07443072	13.13368122	13.19904737	13.26993941	13.33415073	13.38444902	13.41718651	13.43593031
	10.32256787	10.51863736	11.25223585	11.26035973	11.26335562	11.26450981	11.26529251	11.26619754	12.86223870	9.98289871	10.40380017	10.53136350	10.84891770	11.13967431	11.31369658	11.46932674	11.58543046	12.66341009	12.75155067	12.85898273	12.07523712	11.71226421	11.69024339	11.73813530	11.80626042	11.86525751	11.90543466	11.95398098	12.01212657	12.08686983	12.15711157	12.21204549	12.23920174	12.25562402	12.27083073	12.28518310	12.29459128	12.31406011	12.33129343	12.34933731	12.39843237	13.07389067	13.14558416	13.23304060	13.33130798	13.41967698	13.48426572	13.51712869	13.53654833
	10.13396018	10.90175159	11.15461355	11.16097942	11.16336920	11.16434088	11.16501336	8.28604305	-2142.93789107	9.71106512	10.24147871	10.37211108	10.71455934	11.02900592	11.21441123	11.39637495	11.52982731	12.75459523	12.89041478	12.99828770	12.16091462	11.73006000	11.68917739	11.72259496	11.78540753	11.84762277	11.89513596	11.94247053	12.00456294	12.08155565	12.15772286	12.22154763	12.25276349	12.27011168	12.28742266	12.30341525	12.31160398	12.33043741	12.34547069	12.36215495	12.40181839	12.95246153	13.15831452	13.25387624	13.36109214	13.46031576	13.53923001	13.57713814	13.59947001
	9.92340881	10.93246495	11.03024110	11.03529483	11.03698314	11.03747072	18.60471851	-1858.99890647	-4318.61037010	9.49491170	10.06519270	10.21213664	10.57527799	10.90265319	11.11403218	11.32284619	11.51547584	12.80865278	13.20798148	13.27689899	12.83434194	12.11546596	11.76756173	11.77978270	11.82000112	11.87028420	11.91551632	11.96648482	12.03898973	12.11723949	12.18361904	12.23909008	12.26950868	12.28855435	12.30736279	12.32381639	12.33230254	12.34739419	12.35693218	12.36324301	12.38446304	12.65296981	13.12225617	13.24428102	13.38321217	13.50032297	13.57806957	13.61728336	13.63735283
	9.83715262	11.00321674	7.17902737	7.18323144	46.08967257	46.08998145	-624.70834719	-5867.67475605	-7257.96512970	9.44245836	10.02153436	10.17950910	10.55615049	10.88480663	11.10947393	11.33124633	11.56556813	12.88317642	13.22351173	13.39497260	13.22549185	12.91481724	11.92028919	11.88923403	11.90274303	11.94333873	11.98862730	12.03979327	12.10694084	12.17536715	12.23705759	12.29605078	12.33131947	12.35323659	12.37597595	12.39476039	12.40345585	12.41622073	12.42192634	12.42212098	12.43601634	12.56709699	13.13865716	13.27495127	13.42845288	13.55958947	13.63589950	13.67525215	13.69482904
	9.69822930	25.67181813	14.90917389	14.91222304	-1510.36924183	-1510.36920261	-5182.24155363	-9299.82899264	-4566.57145337	9.32341187	9.93753679	10.12036185	10.51740692	10.85046815	11.10612041	11.34482851	11.65226782	13.02370312	13.27538133	13.44575816	13.56549052	13.63430186	12.09962991	12.03583321	12.02607937	12.06303444	12.11359317	12.15782167	12.21020623	12.26725239	12.33925200	12.42153835	12.46336624	12.48668451	12.50966576	12.53002929	12.54240985	12.55441770	12.56002793	12.55662264	12.56735880	12.65916232	13.15504803	13.32918760	13.52484857	13.67105281	13.73961179	13.77646777	13.79531428
	9.59366694	-1803.87866871	-1769.66198725	-1769.66018391	-4903.45282515	-4801.77215112	-8074.39188541	-8202.10038650	-2542.16079432	9.27887206	9.90657344	10.10825373	10.51314827	10.84800566	11.12155199	11.37423487	11.72375977	13.16523543	13.31148962	13.49423084	13.75072164	13.81705159	12.45952163	12.15881996	12.14035706	12.17512005	12.22241943	12.25392600	12.30151042	12.36195373	12.44534420	12.53709161	12.57947639	12.60137641	12.62054710	12.64118314	12.65638241	12.66880941	12.67423715	12.67114886	12.68128176	12.75197441	13.14511804	13.35884063	13.59385738	13.73553438	13.80525889	13.84004243	13.85836625
	6.45076508	-4604.82898127	-5967.83053653	-5967.82938243	-7614.16198320	-8277.74175785	-4187.45700908	-4184.06595995	106.02793734	9.58713175	10.14875643	10.36428569	10.74569991	11.05754588	11.33515257	11.58662431	12.02944968	13.24389236	13.38545947	13.56836125	13.80425948	13.86618535	13.20213744	12.37916186	12.37677909	12.40620991	12.44451639	12.46548873	12.50838160	12.58171472	12.67114584	12.75120552	12.78408076	12.80013548	12.81474541	12.83117715	12.84808456	12.86153386	12.86828773	12.86871619	12.87876940	12.93541006	13.16931464	13.43160492	13.69792520	13.82707737	13.88142273	13.91149180	13.92692709
	177.24501959	-5465.16409821	-6195.85892109	-6195.86430780	-5638.13782410	-6853.26142823	-1222.87574249	-1390.07137788	9.74660957	9.88268018	10.39443080	10.60480519	10.95858808	11.24980003	11.51458156	11.75865197	12.23260841	13.28319583	13.42146983	13.60220430	13.81504391	13.87273043	13.67634451	12.91966523	12.56436411	12.57898782	12.60832140	12.62778771	12.66918242	12.74402693	12.82057832	12.88155077	12.90826396	12.92160630	12.93503806	12.94959777	12.96604381	12.97843792	12.98227114	12.98080070	12.98575113	13.01725712	13.16487982	13.43919430	13.71748855	13.83594034	13.88783878	13.91635183	13.93106066
	174.93549346	-1981.41618942	-4811.80995071	-4811.81937177	-1888.89396970	-1784.37637477	279.16761976	114.62431525	10.26400913	10.40792437	10.82885176	11.02651412	11.33213411	11.58437043	11.82259092	12.04617841	12.61242449	13.35222105	13.47922007	13.64833925	13.82495737	13.87556667	13.91718092	13.62723152	12.80601669	12.80262476	12.82569630	12.84617090	12.88491812	12.94723510	13.00304874	13.04885528	13.06955809	13.08146853	13.09430420	13.10703608	13.12262075	13.13311885	13.13418485	13.12962407	13.13016256	13.14563341	13.21890852	13.47217098	13.74801377	13.84867558	13.89300116	13.91754204	13.93021499
	16.08563468	76.93091888	-2482.07644725	-2482.08275636	35.21496549	34.87932444	15.62176435	10.22358055	10.66158875	10.78583787	11.15340328	11.33407823	11.60236869	11.82529396	12.03669272	12.24123593	12.71232599	13.38218061	13.49927937	13.65613724	13.80671190	13.85247192	13.87393952	13.87375688	12.97045034	12.95743819	12.97249411	12.98680260	13.01898515	13.06392665	13.10833024	13.15005888	13.16944418	13.18029686	13.19229032	13.20540194	13.22072487	13.22995994	13.22642944	13.21705875	13.21183721	13.21716987	13.25912976	13.46663232	13.73675906	13.82496592	13.86504130	13.88717638	13.89869993
	11.06753657	27.86226949	122.34372885	122.33906430	10.96140621	10.98417437	11.02704347	11.08106532	11.12546656	11.27264590	11.52300197	11.68800320	11.90756623	12.09034118	12.26810049	12.45756780	12.93786667	13.37189456	13.47469481	13.61800079	13.72892243	13.76814565	13.78828634	13.78676854	13.20596406	13.11241566	13.11754968	13.12257958	13.13665351	13.16020626	13.19379270	13.23218291	13.25082878	13.25997483	13.27109781	13.28478597	13.29990827	13.30787702	13.29842898	13.28295501	13.27011694	13.26534290	13.28146268	13.43768809	13.68977247	13.75177520	13.78408033	13.80145413	13.81028661
	11.39612883	5.38064459	5.36103188	5.35850145	11.31642223	11.33250209	11.36483200	11.40228509	11.44000038	11.56541491	11.76474748	11.91262484	12.09747257	12.25074654	12.40202500	12.57297745	13.02514954	13.32899607	13.42051509	13.55160813	13.63556149	13.67020728	13.68931149	13.68834627	13.41734558	13.16898818	13.17037720	13.16811207	13.17204920	13.18799463	13.22149873	13.26025170	13.27654966	13.28419489	13.29231968	13.30333826	13.31567972	13.32268983	13.31339360	13.29704593	13.27926550	13.26584527	13.26911309	13.37915797	13.60314697	13.65594560	13.68341680	13.69790911	13.70519427
	11.68113488	11.62697683	11.60517700	11.60207762	11.60908160	11.62698406	11.65276478	11.67272890	11.70897399	11.79926072	11.96477113	12.09672371	12.25046900	12.37682146	12.50371856	12.65488357	13.03808958	13.27142004	13.35210358	13.47132890	13.53102652	13.56147140	13.57953004	13.58249999	13.56798833	13.18899485	13.18807886	13.18114805	13.17982857	13.19417490	13.22911149	13.26407647	13.27554592	13.28039835	13.28544127	13.29233997	13.30055987	13.30666639	13.30097914	13.28817934	13.26951030	13.24971025	13.24138268	13.31415155	13.50705470	13.54998047	13.57290255	13.58465475	13.59042183
	11.70677265	11.66308636	11.64492735	11.64385392	11.65342364	11.67022011	11.69071647	11.71092307	11.75198161	11.83353140	11.98799875	12.11759765	12.26699246	12.39013509	12.51412663	12.66259987	13.02942619	13.25979498	13.34133961	13.46001020	13.51584414	13.54702379	13.56638695	13.57161408	13.55433691	13.27629333	13.22699330	13.20903834	13.20468763	13.21733413	13.24863192	13.27675401	13.28627248	13.29050210	13.29498459	13.30131500	13.30917297	13.31536001	13.31090089	13.29987307	13.28395636	13.26559972	13.25386935	13.30641875	13.48748968	13.53112760	13.55414302	13.56587573	13.57167459
	11.72251823	11.68994992	11.67441958	11.67440353	11.68274378	11.69290112	11.70712866	11.73086277	11.77402211	11.85429197	11.98544993	12.11294817	12.25397672	12.36954251	12.48746328	12.63703866	12.97998346	13.18676917	13.26880826	13.38506610	13.43174957	13.46323366	13.48405106	13.49245423	13.47938352	13.36068844	13.24650658	13.21237306	13.20068563	13.20351212	13.21990039	13.23752244	13.24326059	13.24579014	13.24957265	13.25502002	13.26300533	13.26972731	13.26749277	13.25851162	13.24629711	13.23181614	13.22247508	13.26038228	13.40360798	13.44745463	13.46977086	13.48050825	13.48545473
	11.83320039	11.80937836	11.79964740	11.79943367	11.80334791	11.80982273	11.82362985	11.85235143	11.88436844	11.96021456	12.07083494	12.19032736	12.32000759	12.42541863	12.53409265	12.67502626	12.98404353	13.17283259	13.25252889	13.35900653	13.40142841	13.43267301	13.45464287	13.46561170	13.45680153	13.37762938	13.28277922	13.24977507	13.23459817	13.22876966	13.23471126	13.24754188	13.25123100	13.25239220	13.25612736	13.26149526	13.26971805	13.27702648	13.27498190	13.26662404	13.25577879	13.24360106	13.23473147	13.25950765	13.36933121	13.41298856	13.43483379	13.44482901	13.44928448
	11.69373938	11.66798411	11.65725605	11.65643861	11.66045471	11.66938697	11.69069930	11.71816622	11.74505563	11.81999109	11.93315388	12.06060504	12.19865576	12.30915074	12.42299870	12.57303331	12.89250427	13.08985093	13.17743648	13.28697860	13.33234744	13.36707120	13.39207652	13.40457103	13.39474792	13.31660873	13.22981822	13.20355235	13.18891878	13.18063149	13.18578945	13.20024633	13.20347181	13.20325688	13.20712204	13.21322399	13.22261793	13.23141500	13.22747449	13.21576159	13.20178955	13.18776974	13.17633564	13.19374993	13.29255521	13.34191994	13.36680339	13.37750731	13.38198636
	11.51069674	11.48014383	11.46642455	11.46527485	11.47100907	11.48443130	11.50968531	11.53249017	11.56305841	11.64122696	11.75460389	11.89095506	12.03960936	12.15836962	12.27955368	12.44334340	12.77760341	12.98459153	13.08292532	13.19615220	13.24533427	13.28470990	13.31384181	13.32893806	13.31834762	13.24121305	13.17087187	13.15242698	13.13834476	13.12898038	13.13373160	13.14936745	13.15139482	13.14873718	13.15075908	13.15650489	13.16596515	13.17361721	13.16864671	13.15319213	13.13476529	13.11670831	13.10138898	13.11218966	13.19710913	13.25289890	13.28181270	13.29352963	13.29789429
	11.44470444	11.41735285	11.39965556	11.39952722	11.41033678	11.42775716	11.44923458	11.46761213	11.50354802	11.57726075	11.68974167	11.83096889	11.98525547	12.10792609	12.23186930	12.40192895	12.74064306	12.95279826	13.05905950	13.17239801	13.22439420	13.26794481	13.30159290	13.32028407	13.31348721	13.24627787	13.18529481	13.16671006	13.15333069	13.14652985	13.15073510	13.16435613	13.16479678	13.16051281	13.16022583	13.16414880	13.17114695	13.17732061	13.17145226	13.15633650	13.13693148	13.11384770	13.09410225	13.09793799	13.16731316	13.22657676	13.25843807	13.27108175	13.27540662
	11.25696980	11.23128072	11.21540070	11.21712735	11.23102160	11.24721049	11.26246648	11.28286287	11.33163052	11.39711848	11.51350949	11.66795653	11.83300830	11.96746148	12.09947567	12.28506133	12.64020710	12.86163913	12.98217987	13.09725621	13.15461173	13.20472528	13.24431689	13.26537235	13.25787361	13.19605653	13.14969186	13.13390670	13.12397583	13.11963713	13.12252582	13.13084910	13.12852765	13.12226920	13.11938801	13.12077200	13.12513039	13.13001944	13.12455988	13.11146365	13.09294775	13.06771755	13.04474531	13.04036035	13.09177014	13.15512586	13.19169371	13.20525972	13.20886083
	11.12412283	11.10199751	11.08854531	11.09055388	11.10237196	11.11546605	11.13063470	11.15624186	11.20988579	11.27358658	11.39241807	11.55489956	11.72457861	11.86924074	12.00612417	12.20189092	12.56748963	12.79495473	12.92710221	13.04184656	13.10379713	13.16006904	13.20630416	13.23201585	13.22684922	13.16697965	13.12414533	13.10882112	13.09936387	13.09545473	13.09547842	13.10088972	13.09705598	13.08943302	13.08501287	13.08531704	13.08889369	13.09342729	13.08812015	13.07543046	13.05729079	13.03408693	13.00978534	12.99961608	13.03616748	13.10010809	13.13980621	13.15409996	13.15726284
	11.02061714	11.00121481	10.98941804	10.99153201	11.00218031	11.01469016	11.03222463	11.06428642	11.11480549	11.17942656	11.29648608	11.46413276	11.63881848	11.79068768	11.93166327	12.13444924	12.50805404	12.74199895	12.88189357	12.99778349	13.06314349	13.12371116	13.17420922	13.20164832	13.19443588	13.13412211	13.09519090	13.08202130	13.07429324	13.07090027	13.07019779	13.07502727	13.07077383	13.06224898	13.05683550	13.05646775	13.05970806	13.06411365	13.05882668	13.04608261	13.02801777	13.00549234	12.98022155	12.96634203	12.99337846	13.05649378	13.09891082	13.11416301	13.11712377
	10.88216601	10.86324589	10.85377765	10.85664500	10.86701321	10.88063565	10.90417354	10.94517173	10.98976140	11.05807053	11.17244355	11.34642653	11.53045820	11.69146081	11.84155185	12.05491502	12.44333402	12.69073944	12.84171787	12.96175591	13.03243377	13.09908639	13.15510724	13.18451048	13.17459303	13.11422561	13.07593656	13.06486348	13.05983950	13.05823335	13.05892680	13.06531752	13.06134613	13.05146466	13.04459438	13.04327311	13.04629427	13.05082952	13.04519141	13.03169780	13.01296425	12.98984821	12.96310164	12.94450397	12.96120225	13.02247624	13.06919222	13.08616119	13.08892126
	10.86895566	10.84915296	10.84090900	10.84226235	10.85022160	10.86354273	10.89050778	10.92895088	10.96971558	11.04272335	11.15255468	11.32133062	11.49626527	11.65672771	11.80621282	12.01768058	12.39093935	12.62398573	12.77526500	12.88669754	12.95652935	13.02244098	13.07660599	13.10095142	13.08511447	13.03100027	13.00579424	13.00078431	12.99935713	12.99835517	12.99972378	13.00683286	13.00248738	12.99120883	12.98301551	12.98087501	12.98369643	12.98829750	12.98272745	12.96970928	12.95193140	12.93045852	12.90568341	12.88756962	12.89779452	12.95321049	12.99967934	13.01541610	13.01651300
	10.79584248	10.77485398	10.76566014	10.76698509	10.77528076	10.78983820	10.82094912	10.86202736	10.90037993	10.97666987	11.08654087	11.25697188	11.43611100	11.59999332	11.75609014	11.97413572	12.35336987	12.59105394	12.74818440	12.86070135	12.93318894	13.00176480	13.05758137	13.08104403	13.06292547	13.01138309	12.98819303	12.98479517	12.98517966	12.98577011	12.98869399	12.99747070	12.99334288	12.98083293	12.97138567	12.96862167	12.97134491	12.97617485	12.97027606	12.95664550	12.93831313	12.91643683	12.89111227	12.87129419	12.87683901	12.93063882	12.97958872	12.99591193	12.99641935
	10.70614330	10.68916085	10.68347583	10.68621523	10.69521405	10.71261828	10.75449375	10.79387674	10.83155727	10.91340234	11.02107799	11.18874567	11.36788670	11.53662438	11.69737512	11.91903349	12.30202265	12.54653057	12.71027477	12.82379146	12.89962764	12.97230473	13.03200163	13.05632522	13.03592727	12.98660117	12.96639701	12.96545114	12.96800918	12.97025415	12.97564655	12.98803753	12.98489224	12.97047426	12.95889974	12.95483202	12.95741069	12.96250540	12.95554244	12.94035980	12.92080977	12.89823131	12.87258752	12.85123682	12.84878718	12.89509625	12.94531389	12.96317171	12.96370483
	10.67950318	10.66363690	10.65726821	10.65894245	10.66820936	10.68888250	10.73292857	10.76703740	10.80677044	10.88860082	11.00017224	11.16402238	11.33868567	11.50507993	11.66974224	11.89303284	12.26778655	12.50671509	12.67381311	12.78277796	12.85985137	12.93399012	12.99388510	13.01553897	12.99327521	12.95045549	12.93568386	12.93752763	12.94319382	12.94954054	12.96092291	12.98089050	12.97942911	12.96120190	12.94538941	12.93937333	12.94148918	12.94707691	12.93839522	12.92035535	12.89849102	12.87469636	12.84904598	12.82775269	12.82166860	12.86095388	12.91060510	12.92811847	12.92702069
	10.67996731	10.66126295	10.65492834	10.65678231	10.66665068	10.69154215	10.73422417	10.76296881	10.80461529	10.88506291	10.99994924	11.15858965	11.32630248	11.48729054	11.65434937	11.87581554	12.23686217	12.46525144	12.63329943	12.73550434	12.81261784	12.88694233	12.94587010	12.96402910	12.93959756	12.90428124	12.89622679	12.90092798	12.91031836	12.92173334	12.93929839	12.96377434	12.96305466	12.94345053	12.92568740	12.91819183	12.91969631	12.92521687	12.91503176	12.89376112	12.86912322	12.84378410	12.81811221	12.79720088	12.78830023	12.82073051	12.86886740	12.88561393	12.88269400
	10.73310024	10.71731907	10.71152269	10.71363447	10.72478934	10.75323537	10.79214462	10.81701961	10.86039851	10.93452636	11.04792859	11.20172973	11.36281114	11.51747943	11.68134138	11.89666528	12.24154335	12.46190496	12.62702345	12.72461343	12.80061960	12.87407280	12.93197726	12.94924848	12.92570720	12.89540820	12.88962549	12.89627428	12.90906632	12.92614720	12.94935241	12.97607507	12.97661688	12.95852632	12.94021843	12.93171444	12.93242592	12.93730253	12.92648728	12.90243245	12.87389143	12.84637827	12.82021451	12.79950927	12.78840555	12.81384851	12.85893264	12.87511110	12.87106179
	10.75509164	10.73981205	10.73481126	10.73811748	10.75158119	10.78155112	10.81528481	10.83947136	10.88630981	10.95472923	11.06885526	11.22505519	11.38301591	11.53498771	11.69874360	11.91393592	12.25152797	12.46770708	12.63411275	12.72861885	12.80523248	12.87966838	12.93862337	12.95487655	12.93409404	12.90690530	12.90176737	12.91010663	12.92682223	12.94810924	12.97263108	12.99539701	12.99554435	12.98042358	12.96458944	12.95636217	12.95626219	12.95986922	12.94997053	12.92588899	12.89668299	12.86494140	12.83633480	12.81467649	12.80196819	12.82317697	12.86575205	12.88143821	12.87614688
	10.72926436	10.71615490	10.71336668	10.71878424	10.73492606	10.77062024	10.80330631	10.82755535	10.87912850	10.94236320	11.05781354	11.21761892	11.37875132	11.53291529	11.70045639	11.91903456	12.26023976	12.48354162	12.65446464	12.75175597	12.83102985	12.90831898	12.97009127	12.98649804	12.96741272	12.94244609	12.93790029	12.94763062	12.96830698	12.99476190	13.02275336	13.04509653	13.04563653	13.03255180	13.01778885	13.00933855	13.00842551	13.01103421	13.00156172	12.97612808	12.94437815	12.90748911	12.87493803	12.85154602	12.83617119	12.85180648	12.89217267	12.90904683	12.90358713
	10.71938517	10.70649119	10.70371235	10.70958306	10.72710552	10.75901551	10.78641151	10.81183707	10.86811883	10.92638771	11.04544539	11.20982953	11.36792164	11.52267226	11.69359662	11.91881457	12.25267202	12.47125947	12.64560347	12.74068885	12.82157397	12.89923422	12.95947154	12.97175638	12.95870360	12.94188356	12.94361192	12.96117720	12.98874694	13.01695074	13.03980615	13.05708598	13.05650536	13.04456163	13.03110924	13.02284846	13.02096126	13.02241418	13.01453659	12.99557381	12.96920638	12.93045975	12.89549347	12.86899893	12.85074340	12.86235347	12.90046311	12.91515106	12.90580759
	10.76185897	10.74904008	10.74605281	10.75237611	10.76990358	10.79541308	10.81700719	10.84346586	10.89906727	10.95370741	11.07200429	11.23433104	11.38469633	11.53617705	11.70496450	11.92950238	12.24631824	12.45328632	12.62465293	12.71512958	12.79464584	12.86937288	12.92463934	12.93371397	12.92429927	12.91657898	12.92608962	12.95175226	12.98316949	13.00971587	13.02766181	13.04032357	13.03858971	13.02756718	13.01542018	13.00760805	13.00521810	13.00595088	12.99923487	12.98509299	12.96433913	12.93087276	12.89843975	12.87051645	12.84905079	12.85718095	12.89290891	12.90485602	12.89142268
	10.87817854	10.86928357	10.86881436	10.87659953	10.89370845	10.91668706	10.93718001	10.96478663	11.01703088	11.06737724	11.17853846	11.33081124	11.47186775	11.61577251	11.77587278	11.98814677	12.28433198	12.48110953	12.64266412	12.72983166	12.80545820	12.87559277	12.92648225	12.93551202	12.92890977	12.92669841	12.94002577	12.96874446	12.99932102	13.02308227	13.03854650	13.04909892	13.04748026	13.03766491	13.02681261	13.01954955	13.01692067	13.01714871	13.01122145	12.99882136	12.98092954	12.95491050	12.92652750	12.89690402	12.87306343	12.87637810	12.90740696	12.91876821	12.90503182
	11.01466893	11.00659020	11.00669647	11.01463080	11.02952578	11.04652606	11.06498711	11.09375842	11.14047228	11.18806769	11.29106202	11.43279238	11.56311109	11.69738758	11.84737174	12.04690297	12.31684344	12.49599119	12.64570998	12.72642927	12.79689019	12.86108708	12.90610147	12.91453242	12.91106935	12.91463358	12.93246922	12.96397020	12.99280723	13.01303192	13.02546126	13.03359461	13.03182222	13.02307756	13.01347969	13.00681480	13.00406848	13.00390572	12.99894861	12.98877862	12.97412220	12.95520537	12.93224316	12.90475906	12.88145203	12.88071851	12.90653631	12.91565902	12.90123505
	11.20606000	11.19944231	11.20078485	11.20775139	11.21812473	11.23116520	11.24952951	11.28091855	11.31611746	11.36408496	11.45197713	11.57892185	11.69931308	11.81797228	11.95418438	12.13506277	12.36936924	12.52397608	12.65663089	12.72916087	12.79257230	12.84980156	12.88947825	12.89914885	12.90040411	12.90842608	12.92972152	12.95916246	12.98317895	12.99923249	13.00896925	13.01558228	13.01418960	13.00666019	12.99832663	12.99227608	12.98938091	12.98888212	12.98483274	12.97679971	12.96546310	12.95076057	12.93269092	12.91473341	12.89621642	12.89055247	12.90578807	12.91256981	12.90076813
	11.28981910	11.28444933	11.28555015	11.29099831	11.29937277	11.31088335	11.32987204	11.36124106	11.39115529	11.44135832	11.52143167	11.64137568	11.75840408	11.86922415	11.99923005	12.17206508	12.38861697	12.53042457	12.65408852	12.72322822	12.78296947	12.83647265	12.87323615	12.88291058	12.88735158	12.89847114	12.92171361	12.94922176	12.97035012	12.98443564	12.99303921	12.99910104	12.99784428	12.99075552	12.98288486	12.97707130	12.97410226	12.97347907	12.96985921	12.96284342	12.95305766	12.94038752	12.92472629	12.90961248	12.89461766	12.88785333	12.89757061	12.90289860	12.89321414
	11.35610194	11.35293328	11.35495260	11.35934750	11.36648443	11.37718941	11.39798950	11.42870792	11.45479267	11.50833953	11.58227073	11.69884914	11.81620819	11.92205863	12.04923746	12.21760269	12.42325703	12.55927190	12.67826730	12.74689648	12.80516210	12.85754655	12.89357809	12.90457679	12.91165243	12.92527108	12.94947386	12.97530041	12.99429890	13.00724184	13.01550030	13.02175375	13.02088151	13.01396607	13.00620002	13.00032502	12.99711459	12.99631569	12.99288397	12.98638667	12.97757309	12.96618927	12.95204998	12.93835812	12.92410332	12.91673391	12.92160362	12.92601964	12.91804947
	11.40540159	11.40296549	11.40552849	11.40983791	11.41678121	11.42767827	11.45112162	11.47922412	11.50384321	11.56134705	11.63313925	11.74632727	11.86294951	11.96577241	12.08989039	12.25443335	12.45142130	12.58310340	12.69830838	12.76709034	12.82408281	12.87637448	12.91251487	12.92550766	12.93477646	12.94988791	12.97304622	12.99641403	13.01392436	13.02681509	13.03575480	13.04296850	13.04260175	13.03553575	13.02747188	13.02125916	13.01768534	13.01668002	13.01322622	13.00685749	12.99836674	12.98754931	12.97420859	12.96111353	12.94713137	12.93856007	12.94055996	12.94377739	12.93682552
	11.45223091	11.45053650	11.45377988	11.45826655	11.46526566	11.47653443	11.50314925	11.52860451	11.55218203	11.61386524	11.68455077	11.79396324	11.90929792	12.00915870	12.12999480	12.29048712	12.47878020	12.60647324	12.71804964	12.78712289	12.84289048	12.89542265	12.93147159	12.94716127	12.95867209	12.97513072	12.99709515	13.01802778	13.03416981	13.04719542	13.05707091	13.06548626	13.06568693	13.05839770	13.04987739	13.04320774	13.03919088	13.03793170	13.03439751	13.02808765	13.01982881	13.00948444	12.99690328	12.98438082	12.97068038	12.96075736	12.95964444	12.96144745	12.95550423
	11.44219374	11.44057615	11.44358590	11.44777255	11.45473275	11.46616691	11.49311772	11.51746145	11.54112352	11.60305432	11.67558097	11.78482654	11.90007961	12.00119465	12.12190010	12.28276532	12.47103074	12.59872151	12.71033946	12.77988087	12.83575999	12.88879559	12.92505766	12.94099736	12.95267898	12.96936319	12.99116987	13.01191079	13.02816763	13.04160914	13.05196481	13.06080826	13.06108203	13.05362216	13.04487590	13.03801187	13.03387684	13.03255978	13.02895877	13.02258936	13.01423796	13.00379583	12.99116921	12.97856216	12.96487698	12.95493581	12.95359678	12.95516730	12.94924547
	11.45313217	11.45230992	11.45567333	11.45986450	11.46763684	11.48126151	11.50918715	11.52852468	11.55231496	11.61499975	11.69360735	11.79751962	11.90892273	12.01342827	12.13167354	12.28901222	12.47017814	12.59557997	12.70473785	12.77549964	12.83013776	12.88417614	12.92197287	12.94043562	12.95425785	12.97208888	12.99219349	13.01109197	13.02776640	13.04348865	13.05690289	13.06860227	13.06983084	13.06166709	13.05173621	13.04379005	13.03883897	13.03711204	13.03311535	13.02628220	13.01755747	13.00680294	12.99416660	12.98150054	12.96767387	12.95660574	12.95237572	12.95228311	12.94720511
	11.45352449	11.45305666	11.45691799	11.46153382	11.47008404	11.48523198	11.51388687	11.53131603	11.55546490	11.61786124	11.70009752	11.80105908	11.91034388	12.01830790	12.13634532	12.29266560	12.47196492	12.59768448	12.70665729	12.77835000	12.83256407	12.88693025	12.92609062	12.94573828	12.96058915	12.97898540	12.99861768	13.01708044	13.03442314	13.05164671	13.06688733	13.08022519	13.08209472	13.07349363	13.06289633	13.05430303	13.04887534	13.04692563	13.04266976	13.03541396	13.02637821	13.01525870	13.00233660	12.98950407	12.97530762	12.96358688	12.95807279	12.95727757	12.95258755
	11.48672517	11.48658487	11.49073025	11.49642812	11.50757168	11.52574453	11.54942861	11.56370702	11.58957732	11.64896832	11.73509857	11.83453662	11.94147378	12.05325420	12.17130566	12.32438384	12.49857274	12.62081620	12.72782648	12.79929737	12.85252328	12.90924819	12.94808675	12.96785573	12.98301615	13.00094974	13.01925706	13.03755278	13.05681171	13.07700801	13.09545336	13.11123873	13.11395583	13.10465275	13.09307625	13.08376609	13.07763253	13.07540078	13.07072588	13.06268488	13.05293307	13.04096490	13.02746833	13.01404211	12.99950394	12.98732002	12.98062884	12.97891105	12.97462275
	11.57475793	11.57545790	11.58082108	11.58859111	11.60193424	11.61912769	11.63883610	11.65167227	11.67987911	11.73244517	11.81805922	11.91391353	12.01478734	12.12168387	12.23569753	12.37779006	12.53852053	12.65294930	12.75400674	12.82193123	12.87216938	12.93005301	12.96747243	12.98686874	13.00125078	13.01720576	13.03376795	13.05205987	13.07319345	13.09612291	13.11772790	13.13533027	13.13859605	13.12951455	13.11703812	13.10675381	13.09977280	13.09720768	13.09212201	13.08333596	13.07266259	13.05977579	13.04574187	13.03205852	13.01742998	13.00485104	12.99681266	12.99373249	12.98966142
	11.53568752	11.53685560	11.54346314	11.55399008	11.56951534	11.58673825	11.60323696	11.61555017	11.64744425	11.69759113	11.78697645	11.88590670	11.98978377	12.09910951	12.21813193	12.36144123	12.52323624	12.64079560	12.74453850	12.81463827	12.86594505	12.92837836	12.96718403	12.98724700	13.00183776	13.01762615	13.03452587	13.05488214	13.07973565	13.10735920	13.13212154	13.15019603	13.15390633	13.14586602	13.13360191	13.12292402	13.11527361	13.11220665	13.10613928	13.09581428	13.08317633	13.06814836	13.05228878	13.03705065	13.02116270	13.00758321	12.99844207	12.99426806	12.99000893
	11.49326030	11.49558452	11.50464520	11.51748488	11.53297999	11.54617560	11.56055705	11.57422068	11.61159502	11.65963673	11.75385267	11.85930787	11.96826205	12.08067364	12.20691072	12.35230354	12.51467721	12.63604274	12.74466085	12.81696262	12.87074010	12.94077342	12.98129049	13.00198359	13.01668760	13.03259534	13.05144383	13.07676262	13.10916922	13.14409217	13.16931439	13.18513654	13.18948670	13.18393913	13.17436700	13.16495824	13.15713185	13.15366705	13.14689152	13.13521927	13.11890087	13.09902245	13.07881192	13.06000166	13.04141516	13.02583204	13.01472205	13.00853454	13.00358301
	11.38116177	11.38428308	11.39478088	11.40919005	11.42770434	11.44184207	11.45783651	11.47375536	11.51585399	11.56845502	11.67317971	11.79270521	11.91534635	12.04100468	12.18215962	12.34273661	12.52038456	12.65453329	12.77621314	12.85607876	12.91702617	12.99841645	13.04328115	13.06594519	13.08191926	13.09978678	13.12208249	13.15346371	13.19420154	13.23476217	13.25942516	13.27580811	13.28104428	13.27606428	13.26723651	13.25823442	13.25057127	13.24708014	13.24023522	13.22774335	13.20763518	13.18316211	13.15745608	13.13436861	13.11198796	13.09338871	13.07984175	13.07168800	13.06558686
	11.30247154	11.30720538	11.32052542	11.33697497	11.35259165	11.36464800	11.38061570	11.39913942	11.44366045	11.50141554	11.61107288	11.74092452	11.87204330	12.00844473	12.15916660	12.32751912	12.51020246	12.64907608	12.78000738	12.86198782	12.92981046	13.02066414	13.06535680	13.08815341	13.10485853	13.12542099	13.15318261	13.19384371	13.24480264	13.27967880	13.30193189	13.31873858	13.32489856	13.32113722	13.31369343	13.30596117	13.29948525	13.29660774	13.29111870	13.28064950	13.26271681	13.23571389	13.20223655	13.17232385	13.14473106	13.12278021	13.10696405	13.09696558	13.08955930
	11.38514458	11.39055573	11.40336167	11.42065795	11.43776147	11.45000945	11.46672275	11.48641108	11.52698247	11.58438145	11.69065650	11.82013341	11.95023413	12.08640768	12.23602880	12.40064781	12.57790258	12.71479306	12.84574102	12.92601559	12.99511208	13.08771704	13.13114468	13.15347299	13.17042048	13.19237566	13.22289013	13.26799882	13.32066632	13.35018485	13.37111617	13.38766945	13.39436820	13.39165235	13.38532323	13.37859315	13.37288096	13.37031469	13.36566824	13.35673554	13.34191195	13.31657783	13.28223833	13.24753124	13.21676265	13.19276729	13.17561305	13.16446420	13.15631540
	11.60270117	11.37529795	11.39156669	11.41066015	11.42684980	11.43921717	11.45746122	11.47890577	11.51824412	11.57835780	11.68552117	11.81880581	11.95178489	12.09248220	12.24594659	12.41339569	12.59354043	12.73496591	12.87071940	12.95294468	13.02609053	13.12330026	13.16729035	13.19034452	13.20839955	13.23275893	13.26771175	13.32011689	13.36916776	13.39654080	13.41730396	13.43416612	13.44145963	13.43931973	13.43340458	13.42703722	13.42148091	13.41901131	13.41466550	13.40640646	13.39268937	13.37046438	13.33508308	13.29511419	13.25985925	13.23283194	13.21370059	13.20102157	13.19179140
	11.65379827	11.32292624	11.33959568	11.38816464	11.40257647	11.41440304	11.43322783	11.45628347	11.49397687	11.55778102	11.66374218	11.79862069	11.93347698	12.07748816	12.23430894	12.40375984	12.58386572	12.72633473	12.86554484	12.94780469	13.02426497	13.12300172	13.16646760	13.18982635	13.20889204	13.23537746	13.27336656	13.33002083	13.37574845	13.40277733	13.42407093	13.44146617	13.44938177	13.44784330	13.44242541	13.43644265	13.43116921	13.42881113	13.42472893	13.41706016	13.40435531	13.38438451	13.35108709	13.30825446	13.26894330	13.23963538	13.21928931	13.20598954	13.19631557
	12.20557327	11.67105488	11.68039439	11.50560770	11.53056795	11.54181694	11.56110570	11.58240531	11.61418152	11.67540719	11.77152294	11.89670618	12.02216848	12.15699256	12.30376527	12.46118302	12.62652734	12.75776711	12.88837827	12.96391451	13.03786388	13.12959991	13.16905412	13.19093156	13.20971454	13.23643032	13.27507495	13.33142512	13.36741043	13.39196151	13.41177612	13.42826603	13.43612233	13.43528829	13.43068452	13.42545720	13.42078073	13.41869900	13.41521066	13.40861792	13.39780758	13.38092132	13.35391507	13.31425416	13.27307938	13.24315482	13.22279373	13.20960117	13.20009691
	12.40927346	12.20518196	12.01796665	11.69961044	11.67773046	11.68994824	11.71136210	11.72991043	11.75425131	11.81458358	11.89839683	12.01034462	12.12507783	12.24867738	12.38388293	12.52799866	12.67583364	12.79333476	12.91428021	12.98174862	13.05380042	13.13603251	13.17078610	13.19142823	13.21057573	13.23812463	13.27766449	13.32907031	13.35669789	13.37886114	13.39730057	13.41292179	13.42077516	13.42077129	13.41715482	13.41280058	13.40884272	13.40701500	13.40418662	13.39881898	13.39020837	13.37681345	13.35593865	13.32430939	13.28203391	13.24997009	13.22890370	13.21565315	13.20632671
	12.56815090	12.59792738	12.40174117	12.14930681	11.93073385	11.77882294	11.80383034	11.82121185	11.84229824	11.89950990	11.97732425	12.08347646	12.19232679	12.30944790	12.43777951	12.57419008	12.71407545	12.82631274	12.94188831	13.00625666	13.07693619	13.15514558	13.18835698	13.20878689	13.22818905	13.25650881	13.29763227	13.34248130	13.36715321	13.38745600	13.40473584	13.41966074	13.42743153	13.42763626	13.42431358	13.42020446	13.41640876	13.41466288	13.41210197	13.40713528	13.39939133	13.38714373	13.36836150	13.33990128	13.29953455	13.26579351	13.24387107	13.23000303	13.22038552
	12.53270145	12.56520373	12.42787115	12.40335791	12.15179295	11.94993475	11.81998863	11.84533756	11.86358502	11.92087896	11.99592264	12.09900931	12.20612402	12.32106718	12.44766123	12.58214935	12.71811762	12.82697069	12.94122250	13.00370051	13.07612248	13.15139538	13.18347823	13.20411894	13.22449810	13.25444194	13.29775605	13.33758536	13.36076986	13.38047538	13.39761641	13.41250307	13.42052992	13.42105907	13.41799301	13.41408970	13.41041048	13.40877904	13.40633928	13.40170922	13.39455299	13.38329433	13.36619230	13.34079876	13.30204801	13.26531933	13.24206085	13.22756442	13.21763408
	12.57979200	12.60722776	12.55743555	12.59082221	12.59476571	12.32056071	11.99576572	11.92305932	11.93645988	11.99041735	12.06108293	12.15605594	12.25694296	12.36448867	12.48386110	12.61128122	12.73802159	12.83833155	12.94645792	13.00447812	13.07774134	13.14506776	13.17491068	13.19552106	13.21684178	13.24803169	13.29197993	13.32277565	13.34346476	13.36179474	13.37801175	13.39233179	13.40040670	13.40133759	13.39867272	13.39509817	13.39166166	13.39015057	13.38795991	13.38381000	13.37748949	13.36771698	13.35302410	13.33137990	13.29855710	13.26062646	13.23561468	13.22030393	13.21009139
	12.60540463	12.63171733	12.68297017	12.71199762	12.73110221	12.62767984	12.21114925	11.99210648	12.00204742	12.05229529	12.11854017	12.20853699	12.30496364	12.40734560	12.52128865	12.64286751	12.76324509	12.85886602	12.96253190	13.01785890	13.08966265	13.15308317	13.18168878	13.20207543	13.22358089	13.25504264	13.29818836	13.32440090	13.34352655	13.36082941	13.37632790	13.39017799	13.39816499	13.39927402	13.39678216	13.39335242	13.39006832	13.38860429	13.38657103	13.38267747	13.37680890	13.36782622	13.35440101	13.33461241	13.30505241	13.26741932	13.24182465	13.22621415	13.21594169
	12.63699599	12.66263352	12.69198504	12.71952014	12.74544569	12.78207803	12.42706487	12.04723033	12.05440040	12.10142898	12.16470592	12.25199162	12.34583311	12.44517730	12.55575881	12.67356324	12.79047268	12.88426427	12.98538338	13.03953259	13.10997118	13.17191655	13.20012032	13.22055387	13.24230247	13.27421341	13.31607850	13.34030368	13.35855280	13.37522321	13.39027649	13.40388087	13.41191523	13.41315518	13.41074182	13.40733481	13.40406065	13.40262307	13.40066207	13.39686201	13.39120191	13.38258677	13.36976409	13.35088061	13.32268373	13.28573498	13.25948883	13.24347521	13.23302853
	12.63419508	12.66017161	12.68874066	12.71529341	12.73989534	12.76970699	12.77146420	12.06831585	12.07176991	12.11642974	12.17988216	12.26431591	12.35644381	12.45353146	12.56242533	12.67946870	12.79453703	12.88554650	12.98566005	13.03895155	13.11323188	13.17086546	13.19878057	13.22072560	13.24494294	13.28066399	13.31787314	13.33890887	13.35604261	13.37209994	13.38683344	13.40044740	13.40886389	13.41041552	13.40810149	13.40470692	13.40140171	13.39993664	13.39801506	13.39428031	13.38887862	13.38066927	13.36880998	13.35154026	13.32611922	13.29191115	13.26179520	13.24364918	13.23210630
	12.62977368	12.65578558	12.68242665	12.70809933	12.73284332	12.75895742	12.79278056	12.07639387	12.08581524	12.12800393	12.19111004	12.27297788	12.36340095	12.45834937	12.56557394	12.68152171	12.79461730	12.88294203	12.98181591	13.03411589	13.11063562	13.16487258	13.19243739	13.21543580	13.24147500	13.28002004	13.31251850	13.33160092	13.34791357	13.36347744	13.37793241	13.39150840	13.40012865	13.40191731	13.39972501	13.39633616	13.39301441	13.39153279	13.38960477	13.38592941	13.38067747	13.37275883	13.36154594	13.34546931	13.32213642	13.29015248	13.25781751	13.23816227	13.22583016
	12.65467454	12.67956492	12.70521136	12.72934918	12.75208748	12.77504511	12.80736076	12.34115463	12.15352100	12.18833040	12.24740334	12.32375845	12.40956136	12.49906232	12.60062165	12.71102669	12.81816269	12.90123742	12.99535349	13.04513214	13.12056643	13.17009743	13.19678532	13.22043965	13.24771710	13.28750866	13.31283946	13.33007125	13.34529682	13.35987882	13.37369197	13.38694271	13.39569172	13.39781374	13.39585594	13.39259603	13.38924756	13.38778515	13.38591599	13.38237661	13.37732313	13.36996670	13.35974066	13.34534895	13.32471024	13.29702268	13.26433809	13.24293863	13.22976933
	12.65491796	12.67928934	12.70486997	12.72848594	12.75027535	12.77165114	12.79691740	12.52893444	12.17565203	12.20551499	12.26363471	12.33768299	12.42140272	12.50876548	12.60787366	12.71644924	12.82154889	12.90211545	12.99403771	13.04302572	13.11823166	13.16544991	13.19215769	13.21655693	13.24439948	13.28351606	13.30610020	13.32303251	13.33815691	13.35244920	13.36612176	13.37939424	13.38845114	13.39093162	13.38914334	13.38596788	13.38257703	13.38112220	13.37924140	13.37569729	13.37072148	13.36361490	13.35389879	13.34037271	13.32123134	13.29608132	13.26454326	13.24111911	13.22703803
	12.65787632	12.68096056	12.70651214	12.72954872	12.75038269	12.77020987	12.79208833	12.71224286	12.20407328	12.22978277	12.28694375	12.35864473	12.43955403	12.52390203	12.61957287	12.72559047	12.82798675	12.90540139	12.99397188	13.04207305	13.11623099	13.16089609	13.18772778	13.21285581	13.24120336	13.27775101	13.29865633	13.31521628	13.33003998	13.34388833	13.35730572	13.37065276	13.38026965	13.38322044	13.38168619	13.37859666	13.37520899	13.37373012	13.37177205	13.36818833	13.36326412	13.35637341	13.34718791	13.33461927	13.31717609	13.29454852	13.26605278	13.24013932	13.22457471
	12.68318360	12.70467884	12.73156585	12.75526101	12.77629721	12.79570594	12.81590206	12.74765034	12.23885084	12.25981553	12.31696327	12.38831612	12.47023349	12.55529199	12.65169151	12.75938225	12.86320006	12.94102757	13.03065224	13.08003202	13.15606128	13.20113100	13.22964254	13.25682600	13.28737426	13.32229028	13.34326726	13.36003518	13.37490483	13.38870318	13.40233505	13.41660104	13.42767655	13.43163752	13.43046116	13.42721310	13.42353126	13.42188992	13.41966402	13.41578033	13.41051030	13.40335645	13.39404237	13.38177393	13.36519903	13.34401836	13.31797817	13.28854298	13.26963114
	12.69739306	12.71877443	12.74771332	12.77326107	12.79571001	12.81615948	12.83684147	12.78253474	12.23511054	12.25427365	12.31333810	12.38815780	12.47493205	12.56493382	12.66695826	12.78116662	12.89112784	12.97396788	13.06917912	13.12190705	13.20267020	13.25107074	13.28204217	13.31167361	13.34489505	13.38117265	13.40359723	13.42148095	13.43714929	13.45162232	13.46605380	13.48159128	13.49409659	13.49892049	13.49793614	13.49441248	13.49028194	13.48842513	13.48593162	13.48162356	13.47578136	13.46798254	13.45798818	13.44508459	13.42782296	13.40595093	13.37914465	13.34670986	13.32502350
	12.69938782	12.71928593	12.74851419	12.77466474	12.79744479	12.81803503	12.83830327	12.87538373	12.24596682	12.26195650	12.32170443	12.39760204	12.48380876	12.57348655	12.67527971	12.79029523	12.90066471	12.98324034	13.07805333	13.13136915	13.21233751	13.26119151	13.29284009	13.32266060	13.35597663	13.39213499	13.41548073	13.43367458	13.44916243	13.46336655	13.47779897	13.49407619	13.50787454	13.51382728	13.51334694	13.50983354	13.50555133	13.50358384	13.50083701	13.49616339	13.49005691	13.48194634	13.47182826	13.45901553	13.44223874	13.42144886	13.39624527	13.36515298	13.34022737
	12.73937350	12.75857487	12.78911780	12.81747525	12.84202982	12.86401314	12.88519137	12.91284382	12.26328467	12.28115530	12.34077558	12.41941109	12.51218691	12.60761215	12.71548902	12.83712777	12.95365865	13.04200953	13.14379205	13.20063409	13.28628118	13.34039787	13.37456430	13.40638688	13.44273520	13.48196129	13.50746377	13.52681775	13.54300248	13.55784948	13.57336380	13.59157186	13.60787674	13.61553700	13.61551842	13.61175101	13.60686590	13.60459193	13.60138655	13.59608716	13.58908731	13.58010226	13.56906879	13.55534403	13.53786407	13.51641890	13.49048938	13.45843396	13.42905351
	12.78419538	12.80219014	12.83339698	12.86428632	12.89082319	12.91434585	12.93661762	12.96065412	12.42838135	12.30819044	12.36669124	12.44810936	12.54682319	12.64746284	12.76130402	12.88976358	13.01260399	13.10680061	13.21544129	13.27593014	13.36649094	13.42580890	13.46262939	13.49674734	13.53688349	13.57869091	13.60611476	13.62641370	13.64311940	13.65845445	13.67499291	13.69523062	13.71434271	13.72401841	13.72472956	13.72067359	13.71517556	13.71247685	13.70872075	13.70259827	13.69451672	13.68444668	13.67230718	13.65765166	13.63930599	13.61718919	13.59065981	13.55787712	13.52370024
	12.75992162	12.77647201	12.80608174	12.83703770	12.86360741	12.88719917	12.90953983	12.93325657	12.27699429	12.29486934	12.35226697	12.43286122	12.52980105	12.62858689	12.74046919	12.86700518	12.98745319	13.07966076	13.18686835	13.24617364	13.33493349	13.39448270	13.43021707	13.46281017	13.50258117	13.54537548	13.57306565	13.59289512	13.60892233	13.62360856	13.63990031	13.66052751	13.68060226	13.69124591	13.69253368	13.68868424	13.68320921	13.68043691	13.67647882	13.67006364	13.66185372	13.65169302	13.63963698	13.62521769	13.60743177	13.58634650	13.56133496	13.53108272	13.49611222
	12.84460646	12.85931607	12.88689052	12.91925962	12.94679097	12.97112276	12.99398140	13.01756790	12.54942434	12.38260109	12.43424693	12.51260129	12.61167284	12.71174558	12.82499642	12.95246855	13.07344159	13.16831380	13.27819797	13.33847451	13.42744075	13.49105663	13.52732311	13.56017782	13.60203928	13.64727750	13.67585283	13.69568003	13.71146075	13.72605345	13.74272380	13.76460105	13.78682506	13.79937170	13.80137431	13.79743661	13.79150191	13.78843711	13.78396909	13.77678119	13.76779104	13.75692477	13.74419142	13.72926604	13.71128896	13.69021747	13.66528142	13.63496838	13.59829826
	12.78963217	12.80396483	12.83163766	12.86605336	12.89553034	12.92172102	12.94639041	12.97160161	12.36885227	12.30523563	12.35816351	12.44095176	12.54574460	12.65097855	12.77067593	12.90547863	13.03283907	13.13316514	13.24985390	13.31339478	13.40734062	13.47605947	13.51383701	13.54819438	13.59398168	13.64299355	13.67327492	13.69374638	13.70983796	13.72495928	13.74274782	13.76668271	13.79158434	13.80610747	13.80882766	13.80473864	13.79833056	13.79490028	13.78987816	13.78180236	13.77185273	13.75996296	13.74625001	13.73026253	13.71133476	13.68942832	13.66369692	13.63256334	13.59389197
	12.74723925	12.76135441	12.78919235	12.82500182	12.85590100	12.88345243	12.90946787	12.93654812	12.24008863	12.24555959	12.29950570	12.38584532	12.49500102	12.60402616	12.72859003	12.86894745	13.00121556	13.10561870	13.22744038	13.29342267	13.39131686	13.46365774	13.50259045	13.53826222	13.58721771	13.63879611	13.67018170	13.69110082	13.70746203	13.72302258	13.74168519	13.76714155	13.79400258	13.80995362	13.81317744	13.80897814	13.80221626	13.79849386	13.79306506	13.78433786	13.77366632	13.76099792	13.74654374	13.72973396	13.71004120	13.68742265	13.66099061	13.62906340	13.58908265
	12.72709948	12.74098484	12.76842784	12.80374432	12.83434712	12.86171185	12.88763785	12.92627552	12.23286234	12.22978032	12.28446034	12.37124103	12.47893654	12.58652752	12.70988496	12.84919311	12.98025031	13.08284712	13.20356967	13.26851084	13.36614137	13.43718223	13.47537479	13.51070985	13.55985180	13.61077263	13.64157351	13.66204737	13.67807907	13.69345279	13.71196487	13.73739454	13.76416344	13.78014632	13.78338915	13.77926367	13.77260540	13.76886581	13.76341034	13.75468307	13.74406152	13.73148453	13.71714042	13.70046237	13.68101724	13.65869926	13.63269467	13.60132759	13.56223734
	12.72093539	12.73442565	12.76162759	12.79758024	12.82901992	12.85715931	12.88387829	12.88087546	12.22573613	12.21568737	12.26990113	12.35871481	12.46885787	12.57825656	12.70416932	12.84654493	12.98033573	13.08507353	13.20878036	13.27494091	13.37513396	13.44795589	13.48672485	13.52307021	13.57467639	13.62671259	13.65783652	13.67840873	13.69455485	13.71016153	13.72919107	13.75556451	13.78360081	13.80052357	13.80411963	13.79995711	13.79306986	13.78912460	13.78334716	13.77415024	13.76301310	13.74990620	13.73506000	13.71788029	13.69796887	13.67521204	13.64879197	13.61687074	13.57701850
	12.72210042	12.73512416	12.76235813	12.80011996	12.83351929	12.86338424	12.89176321	12.82621047	12.20134198	12.19612438	12.24895626	12.34129957	12.45776571	12.57234991	12.70464752	12.85419663	12.99463643	13.10553688	13.23625769	13.30596700	13.41135904	13.48919518	13.52989191	13.56847694	13.62452113	13.67961482	13.71209355	13.73336866	13.75008503	13.76635474	13.78655487	13.81480078	13.84539621	13.86413799	13.86839595	13.86407294	13.85663640	13.85230833	13.84594979	13.83584463	13.82367316	13.80944581	13.79352152	13.77522050	13.75414179	13.73022021	13.70255070	13.66901010	13.62676122
	12.70535658	12.71817345	12.74577824	12.78521870	12.82073584	12.85250211	12.88235549	12.81322181	12.16133359	12.15413139	12.20777050	12.30516881	12.42806222	12.54837528	12.68786820	12.84573368	12.99369629	13.11074601	13.24916952	13.32253209	13.43418861	13.51674787	13.55940656	13.60043719	13.66129552	13.71943007	13.75329408	13.77533321	13.79266889	13.80971254	13.83112570	13.86141128	13.89453356	13.91516537	13.92008204	13.91560695	13.90767994	13.90294825	13.89594223	13.88486666	13.87162673	13.85625773	13.83918461	13.81968449	13.79739076	13.77222366	13.74321338	13.70801647	13.66351527
	12.68442229	12.69703191	12.72512295	12.76652913	12.80464587	12.83876094	12.87136958	12.75352668	12.11556703	12.10131513	12.15662059	12.26097700	12.39173890	12.51894832	12.66733011	12.83568619	12.99313341	13.11749814	13.26550581	13.34324998	13.46307616	13.55103311	13.59604585	13.64023425	13.70737755	13.76892388	13.80437938	13.82731589	13.84540865	13.86342167	13.88634632	13.91919194	13.95542869	13.97834878	13.98407228	13.97943802	13.97092342	13.96569744	13.95784757	13.94556369	13.93096700	13.91419558	13.89567393	13.87469397	13.85089045	13.82416858	13.79347637	13.75620885	13.70899147
	12.67636175	12.68888462	12.71739550	12.76020908	12.80006836	12.83568443	12.86975411	12.73119395	12.08603004	12.07165043	12.12736638	12.23572303	12.37203507	12.50420396	12.65866571	12.83394861	12.99775543	13.12753799	13.28203168	13.36302872	13.48809589	13.57996590	13.62688269	13.67334555	13.74461020	13.80813087	13.84476439	13.86841444	13.88711841	13.90582799	13.92977743	13.96427927	14.00261072	14.02705851	14.03332193	14.02857341	14.01961479	14.01407937	14.00568660	13.99260289	13.97706566	13.95935378	13.93983262	13.91786618	13.89300932	13.86519322	13.83329273	13.79454595	13.74535655
	12.66972930	12.68225326	12.71099175	12.75440448	12.79498065	12.83120152	12.86586473	12.73182244	12.07092391	12.05586135	12.11172523	12.22164788	12.36026173	12.49457037	12.65159199	12.82973881	12.99618739	13.12828770	13.28548328	13.36788486	13.49514554	13.58860003	13.63637908	13.68383995	13.75682704	13.82098205	13.85810141	13.88206615	13.90104122	13.92005106	13.94442823	13.97959969	14.01879008	14.04387554	14.05035488	14.04555552	14.03640864	14.03074930	14.02214387	14.00873352	13.99280425	13.97470880	13.95477003	13.93240115	13.90710817	13.87884005	13.84644100	13.80710206	13.75714559
	12.63693519	12.64966650	12.67918698	12.72404455	12.76627021	12.80394405	12.84004361	12.67564415	12.01537623	11.99965769	12.05729129	12.17163052	12.31561594	12.45504240	12.61822742	12.80340311	12.97626554	13.11355125	13.27718678	13.36271772	13.49536193	13.59240121	13.64196897	13.69155482	13.76828990	13.83450606	13.87284551	13.89761365	13.91723134	13.93696024	13.96235910	13.99908082	14.04011082	14.06646707	14.07333742	14.06839047	14.05886082	14.05292748	14.04387325	14.02980226	14.01308536	13.99415768	13.97333015	13.95002969	13.92372875	13.89439369	13.86080159	13.82003244	13.76829684
	12.51174621	12.52462151	12.55578338	12.60438350	12.65140380	12.69341297	12.75021736	12.31533069	11.82314053	11.80459952	11.86941778	11.99957464	12.15960202	12.31279048	12.49371567	12.70000140	12.89204715	13.04345386	13.22637991	13.32051223	13.47043569	13.57709166	13.63141224	13.68785918	13.77802472	13.84935037	13.89058111	13.91717744	13.93836411	13.96020916	13.98883830	14.03069786	14.07788033	14.10843464	14.11668549	14.11151856	14.10084063	14.09397671	14.08325391	14.06697816	14.04753766	14.02598138	14.00229267	13.97612238	13.94679212	13.91431459	13.87731986	13.83255946	13.77612405
	12.35973884	12.37265547	12.40578646	12.45868025	12.51198158	12.55939491	12.51554375	11.81818405	11.58504110	11.56308830	11.63602694	11.78781699	11.96847698	12.13933999	12.34324467	12.57746148	12.79505886	12.96408420	13.17247610	13.27744780	13.45126788	13.56908370	13.62954078	13.69568903	13.80399910	13.88101328	13.92559712	13.95444375	13.97764718	14.00224059	14.03508931	14.08364988	14.13855284	14.17420971	14.18423193	14.17876672	14.16659989	14.15853620	14.14559218	14.12640776	14.10342131	14.07841369	14.05100116	14.02110785	13.98776949	13.95117769	13.90963235	13.85943715	13.79629607
	12.27850933	12.29131233	12.32549484	12.38059196	12.43780721	12.48838587	12.29968120	11.52533367	11.45207714	11.42844764	11.50513553	11.67055462	11.86371181	12.04529420	12.26320884	12.51477295	12.74835550	12.92780047	13.15203036	13.26345304	13.45270138	13.57660245	13.64082091	13.71338380	13.83316596	13.91311563	13.95951922	13.98968190	14.01411452	14.04038533	14.07579800	14.12843921	14.18784472	14.22639446	14.23750728	14.23184780	14.21877207	14.20998238	14.19564607	14.17465453	14.14949922	14.12235374	14.09266385	14.06049857	14.02465704	13.98552739	13.94110272	13.88738840	13.81963303
	12.26600545	12.27858895	12.31259350	12.36767289	12.42491555	12.47554285	12.25189980	11.49331270	11.43586829	11.41190360	11.48946404	11.65743653	11.85154209	12.03338194	12.25193572	12.50498791	12.74000821	12.91929219	13.14493643	13.25635970	13.44804357	13.57119178	13.63541092	13.70910435	13.83098164	13.91015321	13.95619754	13.98611788	14.01049654	14.03697619	14.07273319	14.12602557	14.18588504	14.22467569	14.23594733	14.23029627	14.21716583	14.20828690	14.19372053	14.17247363	14.14704509	14.11962630	14.08970275	14.05731699	14.02124741	13.98198187	13.93742542	13.88354523	13.81569817
	12.14265383	12.15429658	12.18906901	12.24665271	12.30980599	12.36469617	11.62766158	11.26102835	11.23013692	11.20463574	11.28617298	11.47682568	11.69122714	11.88986377	12.13005441	12.41083139	12.67174695	12.86807132	13.11957209	13.24166348	13.45981009	13.59174683	13.66256938	13.74891615	13.88978268	13.97257005	14.02076155	14.05232613	14.07861460	14.10801459	14.14834903	14.20897174	14.27673624	14.32099273	14.33427782	14.32818053	14.31353132	14.30327589	14.28622019	14.26129423	14.23196720	14.20045540	14.16656537	14.13015711	14.08999607	14.04669621	13.99764677	13.93831696	13.86347387
	12.12448309	12.13612364	12.17106854	12.22900464	12.29267179	12.36072805	11.51820500	11.23488336	11.20372595	11.17808005	11.26042622	11.45361184	11.66989728	11.87009175	12.11233745	12.39586311	12.65936459	12.85710871	13.11107491	13.23409038	13.45505960	13.58751873	13.65889113	13.74652030	13.88934201	13.97233674	14.02064782	14.05230977	14.07875857	14.10845836	14.14926899	14.21066439	14.27918177	14.32392448	14.33737286	14.33119875	14.31638665	14.30601642	14.28873907	14.26348530	14.23381453	14.20193699	14.16767227	14.13088373	14.09032334	14.04664355	13.99717403	13.93736148	13.86202522
	12.05975370	12.07040906	12.10516689	12.16384276	12.22979659	12.18936782	11.22847677	11.13074173	11.09637214	11.07000563	11.15511034	11.36207429	11.58917905	11.79734700	12.04880420	12.34587519	12.62268987	12.82791831	13.09475267	13.22294909	13.45869630	13.59364093	13.66866730	13.76460063	13.91688841	14.00019659	14.04892209	14.08111974	14.10851666	14.13987124	14.18345024	14.24890549	14.32169817	14.36929764	14.38369550	14.37738633	14.36195614	14.35076229	14.33204202	14.30449851	14.27256567	14.23812947	14.20176858	14.16276662	14.12022179	14.07461976	14.02314711	13.96084122	13.88249096
	12.05087132	12.05989145	12.09303944	12.15019417	12.21634157	12.06954699	11.07484476	11.11224788	11.07591002	11.04957628	11.13395044	11.34802837	11.57903483	11.78839014	12.04110623	12.34224696	12.62346379	12.82984164	13.10124550	13.23060206	13.47333994	13.60696184	13.68333881	13.78435078	13.94142294	14.02262117	14.07031652	14.10212356	14.12962028	14.16158491	14.20649111	14.27378387	14.34849236	14.39748002	14.41246611	14.40634541	14.39085849	14.37914767	14.35947959	14.33041347	14.29715270	14.26112494	14.22381601	14.18380152	14.14064314	14.09454619	14.04262560	13.97960554	13.89993851
	12.13152524	12.13926478	12.16976043	12.22290071	12.28569209	12.06017370	11.23773693	11.24394130	11.20840274	11.18388536	11.26320954	11.46824261	11.68774408	11.88539034	12.12303750	12.40792434	12.67458554	12.86893368	13.12599318	13.24817922	13.47945256	13.60427856	13.67679971	13.77407744	13.92340468	13.99890609	14.04337207	14.07323824	14.09922771	14.12955558	14.17234707	14.23621448	14.30700191	14.35333984	14.36757357	14.36199728	14.34752925	14.33628914	14.31737619	14.28944670	14.25761636	14.22305844	14.18761970	14.14955938	14.10874921	14.06514783	14.01607399	13.95634447	13.88023069
	12.16490918	12.17180010	12.20030781	12.25061340	12.31531179	11.79841058	11.33335598	11.31841564	11.28086594	11.25901122	11.33586437	11.53615170	11.74676416	11.93591980	12.15911647	12.43073729	12.68691249	12.87023368	13.11521692	13.23155113	13.45594803	13.57040697	13.64015305	13.73722869	13.87956150	13.94834352	13.98923175	14.01711728	14.04192324	14.07118660	14.11267730	14.17429099	14.24199001	14.28573886	14.29900551	14.29372786	14.28009631	14.26923477	14.25095626	14.22398678	14.19314659	14.15980773	14.12574525	14.08920078	14.05027053	14.00873476	13.96228597	13.90574977	13.83410540
	12.32582405	12.33095185	12.35483344	12.39747196	12.45863112	11.93981290	11.60047417	11.58678233	11.55269519	11.53274944	11.59756985	11.77390808	11.95872172	12.12487881	12.31981393	12.55819508	12.78345060	12.94463584	13.16014303	13.26281526	13.46067924	13.56057556	13.62282741	13.71096560	13.83503296	13.89408468	13.92943090	13.95370368	13.97544717	14.00126346	14.03794221	14.09253176	14.15252947	14.19142528	14.20334934	14.19877985	14.18678691	14.17708261	14.16052244	14.13627458	14.10842759	14.07862986	14.04831630	14.01597011	13.98171926	13.94536330	13.90470577	13.85524261	13.79229829
	12.41998044	12.42396486	12.44489509	12.48281677	12.51759885	11.97496553	11.76368453	11.74914306	11.71551803	11.69779464	11.75618979	11.91912623	12.08793793	12.23982191	12.41500873	12.63179748	12.83766720	12.98365203	13.17996254	13.27359428	13.45585922	13.54441176	13.60181663	13.68548972	13.79798699	13.84960175	13.88080727	13.90252147	13.92230786	13.94605533	13.97993547	14.03021394	14.08516827	14.12053547	14.13137746	14.12729049	14.11644287	14.10747373	14.09201072	14.06951414	14.04355769	14.01601638	13.98809680	13.95840367	13.92718892	13.89416342	13.85738912	13.81261692	13.75567494
	12.54385417	12.54692186	12.56430452	12.59616992	12.56936104	12.00886942	11.98866625	11.97434911	11.94320263	11.92899435	11.97909746	12.12039597	12.26459996	12.39464706	12.54095938	12.72508056	12.90145498	13.02455584	13.19091778	13.27081603	13.42773712	13.50024635	13.54987153	13.62452466	13.71884671	13.76060849	13.78620930	13.80430459	13.82114582	13.84162818	13.87083975	13.91413426	13.96098190	13.99080723	13.99988870	13.99640269	13.98723611	13.97952877	13.96609759	13.94670589	13.92415944	13.90047044	13.87650701	13.85107182	13.82449920	13.79654563	13.76548238	13.72774894	13.68001119
	12.66269814	12.66460185	12.67844872	12.70444867	12.68836173	12.19634829	12.20204740	12.18683528	12.15585134	12.14335416	12.18412378	12.30609947	12.42859644	12.54007332	12.66029556	12.81532862	12.96558518	13.06915515	13.20920142	13.27761547	13.41181684	13.47068516	13.51412308	13.58191697	13.65914096	13.69208556	13.71275800	13.72770394	13.74196813	13.75964904	13.78482411	13.82204247	13.86185634	13.88703887	13.89475045	13.89192950	13.88431969	13.87763836	13.86570153	13.84871279	13.82883899	13.80827711	13.78756833	13.76587843	13.74333369	13.71991621	13.69395036	13.66253092	13.62288120
	12.67981277	12.68150336	12.69471110	12.72195866	12.71206938	12.23653076	12.24038050	12.22349812	12.19047131	12.17814860	12.21709893	12.33616619	12.45488839	12.56386477	12.67767708	12.82671005	12.97229858	13.07213245	13.20653231	13.27322350	13.40301339	13.45866168	13.50143816	13.56915888	13.64172355	13.67250191	13.69206008	13.70640034	13.72023060	13.73750332	13.76207613	13.79819406	13.83653320	13.86066689	13.86805477	13.86540804	13.85819457	13.85170140	13.83994666	13.82333685	13.80385432	13.78381155	13.76363150	13.74268384	13.72090349	13.69843911	13.67356784	13.64356841	13.60595777
	12.64660193	12.64887360	12.66307194	12.69857156	12.56214450	12.19867468	12.20242309	12.18190788	12.14406009	12.13248486	12.17312492	12.29647596	12.41859079	12.53244464	12.64581734	12.79689470	12.94658563	13.04860726	13.18397349	13.25311144	13.38541580	13.44069689	13.48520899	13.55634050	13.62790874	13.65844680	13.67813747	13.69283013	13.70715245	13.72504389	13.75044670	13.78738469	13.82604338	13.85005822	13.85733812	13.85470731	13.84753789	13.84095940	13.82893795	13.81205466	13.79219341	13.77173823	13.75110671	13.72978704	13.70759698	13.68478622	13.65959671	13.62939292	13.59208796
	12.63067546	12.63343202	12.64812780	12.67833006	12.45556769	12.19917419	12.20276205	12.17840819	12.13455073	12.12353656	12.16369738	12.28684062	12.40789931	12.52282602	12.63063375	12.77748422	12.92557305	13.02586929	13.15681038	13.22602565	13.35560242	13.40825234	13.45308458	13.52532000	13.59254912	13.62147737	13.64050410	13.65502431	13.66935416	13.68723090	13.71252284	13.74879488	13.78612717	13.80895243	13.81586015	13.81350618	13.80678358	13.80036982	13.78845794	13.77189394	13.75235889	13.73221971	13.71192545	13.69109760	13.66941054	13.64722957	13.62282403	13.59380270	13.55859702
	12.63667900	12.63960370	12.65434615	12.68461864	12.52841281	12.22894047	12.23157164	12.20586141	12.15767346	12.14670220	12.18490281	12.30430125	12.42159418	12.53392970	12.63650550	12.77630224	12.91936606	13.01670453	13.14138520	13.20935914	13.33344749	13.38354547	13.42769107	13.49890003	13.56138160	13.58866002	13.60688969	13.62093734	13.63492864	13.65238372	13.67691744	13.71188808	13.74749030	13.76911938	13.77585337	13.77387314	13.76767602	13.76150735	13.74985846	13.73371720	13.71478942	13.69518800	13.67560087	13.65554896	13.63477480	13.61359216	13.59042454	13.56305175	13.53013971
	12.64407728	12.64688639	12.66157463	12.68813283	12.58443461	12.24643279	12.24795923	12.22271577	12.16792184	12.15394057	12.19034380	12.31018816	12.42794456	12.54121050	12.64214006	12.78124885	12.92448156	13.02154276	13.14627492	13.21466093	13.33859020	13.38861400	13.43331275	13.50509219	13.56684641	13.59384608	13.61202759	13.62612187	13.64025197	13.65783861	13.68247133	13.71743431	13.75284788	13.77429930	13.78122432	13.77959774	13.77371841	13.76745527	13.75551638	13.73902948	13.71990817	13.70002393	13.68036790	13.66032042	13.63963457	13.61856592	13.59566219	13.56857713	13.53618237
	12.61331375	12.61668564	12.63251458	12.65634218	12.55946421	12.21701577	12.21656640	12.18978974	12.13145222	12.11866517	12.15596190	12.27692302	12.39600663	12.51144130	12.61292149	12.75083869	12.89517732	12.99426046	13.11738520	13.18760185	13.31112528	13.36080878	13.40640817	13.47958405	13.53983994	13.56664774	13.58493740	13.59919330	13.61352139	13.63139793	13.65630140	13.69135969	13.72646623	13.74758566	13.75451287	13.75306993	13.74737849	13.74112880	13.72916778	13.71258876	13.69346343	13.67342491	13.65373407	13.63360654	13.61286159	13.59174964	13.56896825	13.54208626	13.51012350
	12.56984844	12.57434396	12.59246549	12.61118630	12.46417532	12.17762469	12.17326359	12.14611379	12.07933541	12.06707948	12.10646637	12.22885133	12.35043141	12.46970373	12.57205779	12.70623637	12.85261792	12.95561930	13.07502763	13.14937050	13.27132635	13.32020412	13.36800486	13.44468522	13.50045642	13.52649427	13.54487304	13.55940950	13.57412237	13.59264512	13.61819097	13.65357578	13.68821932	13.70891557	13.71613276	13.71522343	13.70993241	13.70382528	13.69150447	13.67429103	13.65483087	13.63417381	13.61428671	13.59391406	13.57317564	13.55213675	13.52973966	13.50359284	13.47306229
	12.55962287	12.56581447	12.58738598	12.59401167	12.34565411	12.17806368	12.17120585	12.14383352	12.07293156	12.05716147	12.09793156	12.21717449	12.33894291	12.45863381	12.56220325	12.68991596	12.83555517	12.94153919	13.05581613	13.13345495	13.25163515	13.29967030	13.34908335	13.42859245	13.47881466	13.50381515	13.52186860	13.53638750	13.55120997	13.57002288	13.59598748	13.63138757	13.66550228	13.68592820	13.69375976	13.69343748	13.68859130	13.68264982	13.66988746	13.65183529	13.63182162	13.61055629	13.59037423	13.56995665	13.54940685	13.52875066	13.50698063	13.48195125	13.45309908
	12.55053620	12.55881961	12.57274354	12.45653607	12.24481234	12.18754547	12.17932449	12.15078770	12.07875003	12.06402791	12.10788550	12.21898174	12.33663079	12.45234858	12.55665279	12.67251528	12.81206546	12.91938715	13.02262241	13.10136893	13.21094911	13.25644078	13.30517695	13.38405932	13.42769705	13.45117774	13.46835622	13.48227724	13.49669379	13.51503384	13.54017810	13.57397062	13.60586680	13.62510653	13.63274440	13.63288170	13.62874156	13.62335412	13.61107016	13.59348697	13.57409156	13.55345500	13.53387443	13.51426519	13.49462111	13.47501086	13.45450124	13.43127994	13.40490915
	12.53973715	12.54810545	12.56509685	12.19559161	12.17902624	12.19136581	12.18261379	12.15234882	12.07641172	12.06463523	12.11618018	12.21629860	12.33072449	12.44268579	12.55052506	12.65404109	12.78765114	12.89842744	12.99002361	13.07134498	13.17173236	13.21511214	13.26309819	13.34024460	13.37913827	13.40139426	13.41791243	13.43129528	13.44545032	13.46347316	13.48794713	13.52012469	13.54978965	13.56798875	13.57560456	13.57640966	13.57312763	13.56845288	13.55678980	13.53958750	13.52064497	13.50059685	13.48159537	13.46275950	13.44387838	13.42530796	13.40597977	13.38452332	13.36067173
	12.55617221	12.56281154	12.50027639	12.19763970	12.22242686	12.22658728	12.21901338	12.19120689	12.11637779	12.10304343	12.15692532	12.24688164	12.35627095	12.46239374	12.56714432	12.66349677	12.79010479	12.89798833	12.98307252	13.06323824	13.15636576	13.19763292	13.24402254	13.31808040	13.35401864	13.37490534	13.39049452	13.40320950	13.41680832	13.43420926	13.45779522	13.48861354	13.51689517	13.53463178	13.54240284	13.54366069	13.54089681	13.53665684	13.52537701	13.50843800	13.48979662	13.47033103	13.45190828	13.43390327	13.41586942	13.39834036	13.38020469	13.36031296	13.33847635
	12.56407314	12.56922563	12.42165601	12.33769316	12.24422474	12.24853138	12.24160141	12.21566278	12.14290649	12.12725531	12.18527589	12.26636827	12.37181791	12.47318621	12.57706807	12.66734513	12.78809893	12.89599076	12.97425415	13.05565649	13.14151887	13.18107000	13.22660280	13.29872515	13.33195114	13.35168976	13.36648676	13.37872776	13.39195436	13.40892465	13.43184643	13.46149506	13.48862462	13.50585564	13.51383920	13.51562602	13.51349973	13.50976283	13.49887800	13.48215285	13.46368493	13.44462879	13.42660386	13.40925844	13.39190494	13.37514318	13.35797597	13.33938275	13.31936223
	12.56304132	12.56686418	12.43253412	12.25954090	12.24941445	12.25293491	12.24353324	12.22146416	12.16010191	12.13801216	12.19949933	12.27456467	12.37798972	12.47566742	12.58047341	12.66659951	12.78367259	12.89345796	12.96698404	13.05152820	13.13179920	13.17030739	13.21609065	13.28759192	13.31926807	13.33823268	13.35252177	13.36452016	13.37767102	13.39452034	13.41717224	13.44616432	13.47273306	13.48998787	13.49852372	13.50107524	13.49968729	13.49649680	13.48576671	13.46912197	13.45043707	13.43132554	13.41350448	13.39642902	13.37945130	13.36315130	13.34674880	13.32923025	13.31077595
	12.56381963	12.56942512	12.39484339	12.28637829	12.26867478	12.27097978	12.28699299	12.23992473	12.18021396	12.15448258	12.21369757	12.28664034	12.38673431	12.48027701	12.58304142	12.66627953	12.77909514	12.88716092	12.95769580	13.04243516	13.11834096	13.15566394	13.20094730	13.27086195	13.30119192	13.31936122	13.33312060	13.34475422	13.35760075	13.37407014	13.39606494	13.42418325	13.44988822	13.46684314	13.47549639	13.47837789	13.47739919	13.47459788	13.46420111	13.44806142	13.42962779	13.41085952	13.39349796	13.37684729	13.36038633	13.34461309	13.32885020	13.31217879	13.29475429
	12.56834562	12.55401000	12.34758017	12.28224270	12.29403585	12.29457088	12.31170386	12.25747141	12.21148351	12.18423812	12.23783148	12.30802540	12.40281159	12.49053784	12.58891135	12.66810011	12.77492708	12.87895628	12.94579739	13.02883896	13.09954088	13.13518254	13.17942882	13.24649091	13.27489186	13.29193165	13.30491907	13.31602941	13.32838127	13.34422851	13.36535280	13.39237819	13.41715122	13.43366877	13.44239276	13.44548607	13.44495053	13.44262457	13.43264792	13.41708332	13.39906612	13.38076551	13.36404514	13.34801328	13.33226759	13.31726822	13.30237966	13.28676583	13.27058607
	12.58643733	12.53731123	12.39630769	12.34121731	12.36304162	12.36691846	12.47161960	12.42406979	12.26709659	12.24298500	12.28580083	12.35469028	12.43982126	12.51809263	12.60932053	12.68327278	12.77976346	12.87729893	12.93817360	13.01875690	13.08070399	13.11362977	13.15616870	13.21822914	13.24359298	13.25901161	13.27087520	13.28117120	13.29269709	13.30743421	13.32705097	13.35199271	13.37490524	13.39036126	13.39906135	13.40250794	13.40260320	13.40094215	13.39196354	13.37759899	13.36052191	13.34326324	13.32761493	13.31272634	13.29809293	13.28428021	13.27063727	13.25653716	13.24213082
	12.61492267	12.57773580	12.45057300	12.40151280	12.42584339	12.43547269	12.57358612	12.57847435	12.31003605	12.28885555	12.32505470	12.39665399	12.47740400	12.55095354	12.64007744	12.71319537	12.80461224	12.90097152	12.95888322	13.04093213	13.09777578	13.12967758	13.17265845	13.23253785	13.25639595	13.27107615	13.28247354	13.29247817	13.30372438	13.31803796	13.33691337	13.36065597	13.38234775	13.39728947	13.40611632	13.41019164	13.41064431	13.40947011	13.40135032	13.38770148	13.37106813	13.35422150	13.33896747	13.32453523	13.31027811	13.29689150	13.28370218	13.27024052	13.25660813
	12.64264412	12.61723420	12.50046215	12.44869229	12.46658686	12.48275316	12.64994229	12.66567580	12.36723549	12.32158838	12.35354655	12.42757661	12.50777133	12.57982203	12.66899360	12.74300770	12.83343105	12.93065813	12.98841623	13.07230735	13.12804587	13.16012855	13.20451683	13.26428239	13.28766234	13.30211554	13.31343729	13.32346706	13.33477270	13.34917229	13.36803889	13.39168347	13.41333769	13.42844934	13.43768362	13.44206834	13.44276017	13.44195739	13.43440303	13.42071974	13.40382330	13.38670329	13.37123464	13.35669164	13.34232343	13.32888305	13.31571286	13.30235003	13.28891678
	12.67870035	12.67809461	12.55959010	12.48406270	12.50206138	12.51673061	12.68233138	12.69775968	12.45093782	12.34996172	12.37942693	12.45654746	12.53947483	12.61365866	12.70569910	12.78194768	12.87629086	12.97715768	13.03762391	13.12476461	13.18316869	13.21666006	13.26352176	13.32576141	13.34981658	13.36467596	13.37638910	13.38679990	13.39861602	13.41367222	13.43332099	13.45809153	13.48086400	13.49693941	13.50693937	13.51145804	13.51227484	13.51165763	13.50440552	13.48992575	13.47197234	13.45384287	13.43751494	13.42225777	13.40722415	13.39319121	13.37953319	13.36569020	13.35183102
	12.70922773	12.69967608	12.57464807	12.50989821	12.52715091	12.55910505	12.71312385	12.72909304	12.61334841	12.36517477	12.39332293	12.47657410	12.56406607	12.64172953	12.73877750	12.81944159	12.91953812	13.02665380	13.09123509	13.18404459	13.24649707	13.28223951	13.33296438	13.39924432	13.42454173	13.44017512	13.45257970	13.46370720	13.47634671	13.49242343	13.51336162	13.53980837	13.56436607	13.58193016	13.59307801	13.59759878	13.59858989	13.59815418	13.59184886	13.57627026	13.55677072	13.53717272	13.51954162	13.50313843	13.48699669	13.47195768	13.45741886	13.44277619	13.42819819
	12.71588478	12.70328063	12.56316979	12.51312307	12.52818448	12.56917483	12.72104511	12.73745933	12.73416136	12.35582781	12.38323599	12.47439818	12.56652614	12.64765705	12.75030067	12.83665533	12.94192693	13.05626550	13.12483383	13.22468070	13.29059380	13.32872272	13.38398135	13.45433590	13.48088686	13.49735690	13.51054735	13.52243815	13.53592038	13.55299782	13.57516096	13.60307621	13.62927988	13.64836906	13.66086305	13.66551951	13.66675265	13.66655314	13.66151075	13.64496478	13.62398842	13.60294827	13.58400266	13.56638864	13.54905369	13.53292518	13.51735675	13.50184217	13.48647937
	12.70333373	12.68302942	12.51431836	12.49819851	12.51191253	12.54419254	12.71040293	12.72664929	12.73910475	12.33191425	12.35726501	12.45651261	12.55224853	12.63610362	12.74359096	12.83523459	12.94492235	13.06614790	13.13829045	13.24553541	13.31392752	13.35435538	13.41458694	13.48833984	13.51586672	13.53302731	13.54692473	13.55949228	13.57372333	13.59161293	13.61463501	13.64362574	13.67122976	13.69186070	13.70578751	13.71096212	13.71241897	13.71259880	13.70854513	13.69206599	13.66978991	13.64731836	13.62716612	13.60839684	13.58992612	13.57273873	13.55614300	13.53979853	13.52375549
	12.69845311	12.67218200	12.50523126	12.49330029	12.50587809	12.53233857	12.70677524	12.72272196	12.73318920	12.32243586	12.34576492	12.44924312	12.54673803	12.63216203	12.74212653	12.83680356	12.94885156	13.07384248	13.14811978	13.25911642	13.32938215	13.37117940	13.43427337	13.50989632	13.53797191	13.55555469	13.56983352	13.58280313	13.59740506	13.61570442	13.63915241	13.66866748	13.69710938	13.71868108	13.73319622	13.73874726	13.74041838	13.74082457	13.73692610	13.72111198	13.69812072	13.67484457	13.65398188	13.63451826	13.61536928	13.59748337	13.58030939	13.56344386	13.54700820
	12.70777918	12.67732131	12.54881293	12.50600067	12.51688869	12.56505129	12.71699899	12.73268368	12.74349996	12.32863268	12.34898070	12.45521559	12.55414125	12.64126713	12.75322942	12.84976479	12.96489433	13.09285225	13.16957362	13.28283942	13.35611169	13.39920178	13.46471017	13.54234952	13.57101503	13.58901343	13.60364583	13.61698712	13.63193341	13.65065657	13.67462232	13.70485067	13.73438321	13.75696446	13.77179478	13.77746333	13.77924375	13.77982222	13.77612017	13.76097488	13.73719026	13.71300775	13.69137880	13.67118553	13.65133371	13.63273762	13.61499364	13.59762114	13.58076235
	12.65140975	12.58838291	12.43742878	12.44269629	12.45327361	12.54309916	12.66543670	12.68197113	12.69333296	12.24837214	12.26776816	12.38618698	12.49257782	12.58606547	12.70726643	12.81425814	12.93719345	13.07781423	13.16052388	13.28686334	13.36461010	13.41179847	13.48550603	13.56885082	13.59948165	13.61892817	13.63489706	13.64943226	13.66559350	13.68571562	13.71120332	13.74333409	13.77516242	13.79986963	13.81709617	13.82369149	13.82584225	13.82681352	13.82314066	13.80805941	13.78242368	13.75617446	13.73258195	13.71045265	13.68856838	13.66803683	13.64852566	13.62960412	13.61134767
	12.62762002	12.53123731	12.41969009	12.42596215	12.43572804	12.54442737	12.64694900	12.66382939	12.67524666	12.22528880	12.24332280	12.36529432	12.47324072	12.56804280	12.69121671	12.80145265	12.92571128	13.06981615	13.15416176	13.28415321	13.36328813	13.41176418	13.48849503	13.57299279	13.60396313	13.62378014	13.64006776	13.65493806	13.67138455	13.69182361	13.71760844	13.75019591	13.78279534	13.80836875	13.82593978	13.83305651	13.83536918	13.83653671	13.83302644	13.81900200	13.79286363	13.76596238	13.74169931	13.71887742	13.69624605	13.67502368	13.65493072	13.63553972	13.61694496
	12.65961051	12.58529063	12.48705279	12.47196400	12.49834723	12.61144825	12.67926423	12.69526051	12.70655075	12.27441448	12.28799031	12.40576438	12.50952544	12.60205508	12.72170322	12.82763139	12.95076055	13.09082910	13.17464601	13.30037838	13.38016339	13.42788226	13.50381737	13.58679855	13.61705347	13.63640033	13.65228901	13.66690628	13.68304196	13.70310094	13.72850254	13.76082072	13.79354941	13.81956365	13.83609201	13.84255670	13.84483197	13.84602208	13.84279537	13.83133898	13.80555202	13.77854727	13.75415233	13.73124074	13.70861456	13.68744719	13.66750048	13.64838175	13.63013196
	12.70265859	12.66333688	12.56063674	12.54154514	12.60680516	12.69693873	12.71842355	12.73299904	12.74417264	12.41385211	12.34138938	12.45361770	12.55173543	12.64165282	12.75730048	12.85696126	12.98020088	13.11521409	13.19900292	13.31894663	13.40067688	13.44744547	13.52207622	13.60404059	13.63358573	13.65244440	13.66789905	13.68224094	13.69807197	13.71771076	13.74276255	13.77486661	13.80791947	13.83462548	13.84984953	13.85553034	13.85773696	13.85890917	13.85604611	13.84701069	13.82242765	13.79510220	13.77038975	13.74723974	13.72454368	13.70335353	13.68348131	13.66463885	13.64672233
	12.70932688	12.67832222	12.60564431	12.59191069	12.64782068	12.70938855	12.72482225	12.73842640	12.74937576	12.52602519	12.36690707	12.47214095	12.56344489	12.65021663	12.76134764	12.85516123	12.97738020	13.10696807	13.19052449	13.30424447	13.38791743	13.43359092	13.50705218	13.58764700	13.61637479	13.63461195	13.64959587	13.66356876	13.67900989	13.69798899	13.72245731	13.75399241	13.78715887	13.81444851	13.82792937	13.83351761	13.83573199	13.83693674	13.83452625	13.82648833	13.80525870	13.77783726	13.75293614	13.72960266	13.70683438	13.68559557	13.66582028	13.64726024	13.62972687
	12.70472104	12.66883925	12.61229176	12.60856299	12.64286563	12.69686188	12.72170221	12.73506457	12.74570973	12.56506591	12.37851827	12.47907972	12.56602122	12.65006211	12.75764596	12.84818160	12.96772862	13.09317939	13.17557026	13.28523385	13.36851053	13.41317583	13.48543031	13.56413313	13.59210376	13.60980618	13.62444180	13.63804183	13.65307284	13.67146711	13.69531313	13.72610245	13.75887523	13.78607166	13.79865686	13.80415807	13.80637491	13.80763080	13.80546970	13.79790802	13.77893849	13.75182040	13.72717728	13.70404030	13.68145695	13.66042440	13.64091800	13.62269335	13.60559456
	12.72178616	12.68824969	12.64490394	12.64192865	12.66653614	12.71016163	12.73900085	12.75168677	12.76190937	12.68260955	12.41714134	12.51034845	12.59091220	12.67082933	12.77282491	12.85792822	12.97323730	13.09143158	13.17206361	13.27429911	13.35716047	13.40005152	13.46922506	13.54521087	13.57201415	13.58896202	13.60300993	13.61598041	13.63033759	13.64787357	13.67068328	13.70029661	13.73216541	13.75881111	13.77019429	13.77546306	13.77763839	13.77890974	13.77703102	13.77008510	13.75398151	13.72753690	13.70348672	13.68085498	13.65883050	13.63834448	13.61945499	13.60189705	13.58553483
	12.71295405	12.68412934	12.65061569	12.64681865	12.66499627	12.70006490	12.73043026	12.74277799	12.75281228	12.75039720	12.43015988	12.51532957	12.58963305	12.66588316	12.76289154	12.84305190	12.95513894	13.06684035	13.14651488	13.24231861	13.32536639	13.36682766	13.43391408	13.50741572	13.53322954	13.54945901	13.56297393	13.57545673	13.58917216	13.60596046	13.62773390	13.65637833	13.68753252	13.71435347	13.72418350	13.72924383	13.73138570	13.73272111	13.73118857	13.72487827	13.71253914	13.68644803	13.66260254	13.64019930	13.61848000	13.59833193	13.57986720	13.56284785	13.54705000
	12.74307445	12.71986070	12.69225154	12.68705080	12.70196348	12.73343438	12.75831850	12.76974889	12.77951379	12.77260657	12.48821461	12.55416025	12.62118744	12.69463047	12.78697674	12.86256852	12.97291177	13.07557226	13.15849556	13.24620244	13.33226950	13.37248042	13.43634621	13.50951164	13.53502754	13.55079762	13.56394526	13.57619636	13.58944688	13.60568572	13.62679796	13.65484183	13.68567813	13.71170517	13.72094365	13.72585554	13.72782957	13.72917490	13.72775118	13.72181012	13.71093214	13.68570628	13.66181327	13.63956700	13.61814356	13.59833644	13.58024809	13.56371136	13.54839453
	12.74225664	12.72080541	12.69564649	12.69002937	12.70343629	12.73219966	12.75666489	12.76802145	12.77792116	12.77209454	12.50421484	12.55587998	12.62021654	12.69313503	12.78454320	12.85917939	12.96996352	13.07021753	13.15532900	13.24101623	13.32907612	13.36926905	13.43274311	13.50642779	13.53206995	13.54785021	13.56097139	13.57322993	13.58641573	13.60253764	13.62347822	13.65142012	13.68234600	13.70845653	13.71767859	13.72261345	13.72455007	13.72594374	13.72460099	13.71880754	13.70823539	13.68346399	13.65932253	13.63691282	13.61540143	13.59553239	13.57741044	13.56090240	13.54566070
	12.71975205	12.69706343	12.67209654	12.66632802	12.67778944	12.70230020	12.73449435	12.74639522	12.75672056	12.75140750	12.49816478	12.53752108	12.60051745	12.67302362	12.76415141	12.83868286	12.94971905	13.04987124	13.13570363	13.22218384	13.31037858	13.35086831	13.41587428	13.48879886	13.51414342	13.52988521	13.54301401	13.55535358	13.56863653	13.58485357	13.60584382	13.63405265	13.66545755	13.69080124	13.70005770	13.70501668	13.70692154	13.70837715	13.70717128	13.70158818	13.69137275	13.66845131	13.64360173	13.62071310	13.59883970	13.57869013	13.56041086	13.54387614	13.52869133
	12.78279483	12.76122713	12.73939478	12.73359036	12.74351735	12.76393735	12.79519327	12.80915684	12.81970242	12.81560198	12.58765704	12.60472896	12.66385624	12.73587759	12.82612197	12.90026774	13.01225910	13.10884956	13.19926490	13.28360162	13.37532128	13.41627609	13.48131827	13.55552547	13.58131127	13.59730403	13.61062098	13.62307827	13.63659061	13.65295354	13.67417609	13.70290553	13.73533090	13.76028524	13.76964657	13.77461664	13.77649795	13.77797044	13.77693542	13.77151562	13.76170342	13.74051569	13.71451095	13.69079913	13.66832669	13.64766965	13.62904615	13.61232708	13.59705940
	12.81520663	12.79329005	12.77123038	12.76433463	12.77259997	12.79100746	12.82463216	12.84090713	12.85255216	12.85028257	12.63757614	12.63607629	12.69253139	12.76604139	12.85792678	12.93385404	13.05061460	13.14619115	13.24488682	13.32961745	13.42801499	13.47061991	13.53783967	13.61560807	13.64245267	13.65906340	13.67294304	13.68589896	13.70001479	13.71700544	13.73898170	13.76892882	13.80334183	13.82849635	13.83838133	13.84357896	13.84559471	13.84715162	13.84628122	13.84103141	13.83121765	13.81213015	13.78439241	13.75912923	13.73538135	13.71367479	13.69427294	13.67697687	13.66132797
	12.84358941	12.82309392	12.80273702	12.79551021	12.80275822	12.81963141	12.85093401	12.86812914	12.87996757	12.87856232	12.67903724	12.66645747	12.71994782	12.79314168	12.88450735	12.96046146	13.07810070	13.17164456	13.27355709	13.35696748	13.45797266	13.50096963	13.56827408	13.64715013	13.67430661	13.69106923	13.70506857	13.71813266	13.73235640	13.74956676	13.77179976	13.80222526	13.83760754	13.86230999	13.87228802	13.87751385	13.87956130	13.88113616	13.88035221	13.87523875	13.86556866	13.84792176	13.81977997	13.79384885	13.76954451	13.74740689	13.72773582	13.71024014	13.69450508
	12.87141344	12.85162320	12.83238998	12.82493949	12.83134455	12.84676452	12.87618855	12.89518590	12.90715992	12.90641436	12.71839191	12.69709233	12.74769803	12.82039456	12.91105781	12.98707783	13.10521032	13.19698819	13.30148865	13.38375413	13.48689434	13.53026521	13.59769740	13.67743493	13.70484145	13.72174393	13.73584446	13.74904550	13.76338082	13.78082050	13.80335034	13.83424728	13.87054533	13.89458083	13.90457694	13.90980261	13.91185628	13.91345330	13.91274720	13.90777969	13.89833219	13.88232778	13.85378558	13.82713911	13.80227435	13.77970007	13.75974019	13.74205491	13.72622194
	12.93874509	12.92021651	12.90296091	12.89527238	12.90052290	12.91416402	12.93958579	12.96076840	12.97280613	12.97330845	12.81446453	12.76942620	12.81373770	12.88548031	12.97477292	13.05124877	13.17053764	13.25902456	13.36885567	13.44855124	13.55640719	13.60054728	13.66750194	13.74978960	13.77800038	13.79528151	13.80962905	13.82313306	13.83764583	13.85537664	13.87838403	13.91001922	13.94778347	13.97115938	13.98122956	13.98651015	13.98857605	13.99018287	13.98948638	13.98463919	13.97539275	13.96089224	13.93238935	13.90465688	13.87894603	13.85568188	13.83515531	13.81715738	13.80109570
	12.95973261	12.94315104	12.92830131	12.92039275	12.92443709	12.93690979	12.95981469	12.97915571	12.99119522	12.99294876	12.87319808	12.79547540	12.83312321	12.90310066	12.99060452	13.06719870	13.18655292	13.27257542	13.38531450	13.46257281	13.57304384	13.61733070	13.68274697	13.76665206	13.79544144	13.81286609	13.82724278	13.84076511	13.85518822	13.87284682	13.89580377	13.92743193	13.96561215	13.98917591	13.99943115	14.00480330	14.00692459	14.00848083	14.00780851	14.00293469	13.99361429	13.97954488	13.95080718	13.92291241	13.89717106	13.87391538	13.85336838	13.83545076	13.81950903
	12.96821404	12.95253154	12.93928198	12.93161620	12.93470535	12.94570754	12.96504245	12.98610389	12.99779118	13.00030046	12.91032026	12.81379978	12.84575016	12.91231493	12.99680127	13.07196625	13.18893370	13.27177180	13.38423783	13.45887228	13.56882774	13.61256230	13.67685470	13.75948446	13.78787013	13.80507465	13.81924796	13.83257888	13.84680757	13.86414410	13.88681666	13.91820102	13.95699654	13.97869921	13.98870683	13.99395015	13.99600334	13.99744456	13.99680990	13.99209110	13.98316908	13.97013371	13.94355614	13.91551622	13.88990899	13.86676028	13.84639998	13.82871959	13.81302729
	12.99410009	12.97906378	12.96700937	12.95987499	12.96241950	12.97222410	12.98896752	13.00988385	13.02140380	13.02449739	12.95621819	12.85189818	12.87858298	12.94068245	13.01992025	13.09197024	13.20328617	13.28119308	13.38987439	13.45990735	13.56608970	13.60801354	13.66882247	13.74827668	13.77567898	13.79223929	13.80585130	13.81865406	13.83235988	13.84894474	13.87078486	13.90106585	13.93818750	13.95854994	13.96807465	13.97306542	13.97496812	13.97626507	13.97564903	13.97116011	13.96275265	13.95058781	13.92622051	13.89922124	13.87442813	13.85205125	13.83247713	13.81552051	13.80052441
	13.01004895	12.99560554	12.98496760	12.97819912	12.98008817	12.98880986	13.00338146	13.02442703	13.03587388	13.03984421	12.99031656	12.87413322	12.89538568	12.95573929	13.03325459	13.10565929	13.21647060	13.29311995	13.40362789	13.47241585	13.58020003	13.62249564	13.68293021	13.76313109	13.79081074	13.80740404	13.82113162	13.83401068	13.84778806	13.86452652	13.88670585	13.91746556	13.95561007	13.97477261	13.98426349	13.98921595	13.99112745	13.99231768	13.99167825	13.98729723	13.97910629	13.96729732	13.94500856	13.91720357	13.89184167	13.86908509	13.84925671	13.83215966	13.81713823
	13.06772717	13.05460542	13.04586625	13.03990853	13.04120225	13.04869318	13.06101092	13.07984443	13.09078047	13.09516485	13.06044113	12.94643562	12.95977826	13.01487554	13.08717834	13.15691080	13.26240309	13.33491515	13.44215094	13.50708984	13.61170441	13.65264188	13.71036113	13.78765271	13.81442221	13.83040676	13.84360880	13.85603994	13.86924590	13.88529956	13.90667248	13.93641972	13.97346433	13.99090475	13.99996955	14.00470076	14.00654229	14.00755213	14.00697096	14.00289047	13.99528148	13.98437303	13.96539725	13.93824768	13.91350062	13.89139052	13.87217158	13.85567082	13.84124825
	13.17305075	13.16076816	13.15383945	13.14833507	13.14900733	13.15588666	13.16769942	13.18414742	13.19476327	13.19975756	13.17789475	13.05785915	13.06268027	13.11607378	13.18726406	13.25896262	13.36540479	13.43811137	13.54893496	13.61311193	13.72139841	13.76356981	13.82027739	13.90082785	13.92888416	13.94537936	13.95889280	13.97158353	13.98499639	14.00123459	14.02281509	14.05282291	14.09062654	14.10902039	14.11841855	14.12332147	14.12524305	14.12623352	14.12560162	14.12146157	14.11374799	14.10268302	14.08325009	14.05555169	14.03040101	14.00796969	13.98849951	13.97184915	13.95731045
