	8.58240366	8.58432913	8.60085613	8.62815102	8.66889120	8.72419573	8.78717348	8.86498768	8.96693129	7.36666503	5.66730330	5.76616967	5.82674018	5.85674180	5.86739776	7.74708761	7.60605269	7.60005602	9.60686680	9.64494707	9.69362859	7.65354224	5.70798423	5.94744909	6.05202216	6.15418704	5.53334400	6.30530755	6.67566700	5.72485448	6.34241239	6.76790001	6.93223650	7.12687496	7.14010651	7.06577688	6.92941563	6.79120473	6.68778180	6.57987688	6.44191829	6.32485886	6.23402328	6.13512087	6.00465365	5.90872735	5.87344136	5.87019071	5.89388580
	6.70940757	8.18370658	8.95546443	8.98466626	9.03241951	9.09879493	9.17889296	9.27425288	9.38840939	9.49442382	8.11702076	6.07031596	6.16696981	6.22836638	6.24792008	9.74606027	9.84607288	9.85636034	9.89239655	9.97444211	10.13078876	10.37671953	10.53080509	10.45041721	10.72736187	11.07935947	11.24514287	6.72036228	6.99385309	3.90809926	4.73686593	5.44175056	5.85356878	6.08897724	6.11379631	6.02274689	5.87193927	5.75324708	5.64370986	5.50814000	5.35950655	5.25952211	5.16980552	5.04880033	4.88660458	4.78615471	4.74250123	4.72908280	4.72929562
	6.35114812	6.47936597	7.86172993	7.87764526	7.90809652	7.95249387	8.00714623	9.28783076	9.39386893	9.50303553	7.60128044	5.89994803	5.98487218	6.07375858	6.39828604	8.55023410	8.54874714	8.55487491	9.88055327	9.96153736	10.12155765	10.37092996	10.67606184	10.99091187	11.31472668	11.66619772	11.94778058	6.48202052	6.77997396	3.98375259	4.74922589	5.39170937	5.79720382	5.99168300	6.00728139	5.90781147	5.78734068	5.68080443	5.55870471	5.40420610	5.28370298	5.19690568	5.10236271	4.96919834	4.81828869	4.72725469	4.68305375	4.66891884	4.66923534
	6.01043619	6.01966861	6.28963263	6.29230393	7.64995330	7.68247928	7.72446092	9.46828491	9.52461124	9.64823267	9.39034514	7.25531761	7.33256635	5.72232451	6.14425490	6.49891341	6.42426325	6.43086309	8.27999735	10.13513277	10.39433496	10.61242253	10.84091059	11.17997449	11.54898492	11.77761461	12.00957068	8.39398215	5.66877352	4.04564482	4.75379536	5.36924818	5.76353810	5.91952579	5.92150383	5.83015788	5.72867420	5.61961467	5.47254344	5.32668847	5.22776226	5.14198514	5.03684360	4.89691036	4.76385185	4.67716737	4.63384728	4.62141470	4.62352731
	5.39879395	6.25467903	6.26002847	6.25852036	7.51403907	7.54178304	7.58011426	7.62130939	8.92134684	9.01993080	7.36238285	7.43265527	7.49852085	6.46730312	5.45211069	5.39821872	5.31245073	6.41554076	6.45948752	9.52812028	9.78294614	10.57269354	10.81923604	11.17084436	11.60971576	11.84404589	12.03226752	12.30993510	4.37119721	4.07908146	4.70570155	5.26782840	5.65216836	5.76497127	5.75507086	5.68093138	5.57666030	5.42723876	5.28383575	5.18184320	5.09388647	4.98938965	4.87458319	4.75820948	4.63966848	4.54465612	4.49806360	4.48914875	4.49530868
	5.55545754	6.74479287	6.75394843	7.91055747	7.91756856	7.94079242	7.97690201	8.01985224	8.09130927	8.15146251	7.89457982	7.97066346	8.04547267	7.03684386	5.61931001	5.57410658	5.52694430	7.06959596	7.11692003	8.80958981	9.03302782	10.53368814	10.77040473	11.06976409	11.51503395	11.79845682	11.97955007	12.16691044	4.68644508	4.12089386	4.69322129	5.21385342	5.57302434	5.67710827	5.66158112	5.58269856	5.44432399	5.28829063	5.18079511	5.09058945	4.98705142	4.87501908	4.77829954	4.67824035	4.55031315	4.44931149	4.40870660	4.40182197	4.40800742
	4.71064951	4.73469117	4.76262972	5.79716761	7.12636545	7.15280672	7.18353473	7.21946047	7.25912933	7.26399701	6.85408411	7.21889066	7.27078523	4.71001555	4.68981688	4.61016961	4.53715762	4.49155688	4.49394323	6.11552460	8.15477029	8.97784276	8.96659565	10.94926832	11.47755551	11.67939253	12.11271885	11.97308596	3.40154249	4.04549422	4.60318465	5.12519939	5.45229876	5.58392410	5.56426188	5.45894291	5.30352219	5.19175466	5.09806545	4.99052491	4.86546203	4.77290371	4.69471286	4.58955744	4.44115964	4.35396100	4.32640737	4.32404420	4.33141151
	4.91245486	4.94121651	4.97675753	5.97420947	6.38303821	7.73940347	7.76245947	7.78184497	7.79844729	7.82902896	9.14500331	7.93669806	6.43818705	6.01719351	4.81227511	4.77387410	4.69636330	4.59577719	4.58767937	4.64878617	6.72202646	8.68379055	10.21925901	10.46670498	11.78528167	11.98497401	12.05643351	11.13104936	3.44856174	4.03515976	4.59151807	5.07740515	5.31177312	5.42827346	5.37685086	5.27322166	5.17369226	5.07425739	4.93925688	4.81485430	4.73191506	4.66083877	4.57518165	4.44142938	4.31857120	4.25354992	4.23119271	4.23134104	4.24047067
	4.95459910	4.97678497	5.00480743	5.16495013	6.06297415	6.05283851	6.03543476	5.99331409	5.92983499	5.87858096	7.37132393	5.91877250	6.04426468	5.07064039	4.89909146	4.82987454	4.75382344	4.69750362	4.67605170	4.71213274	6.28649974	6.42174342	9.82545700	10.12393657	10.49810700	10.65666340	12.12275082	7.98612313	3.41897263	3.98560157	4.53957323	5.00720932	5.22836012	5.30018484	5.25664550	5.17972084	5.09148327	4.95937935	4.80895432	4.71763678	4.64562392	4.56420513	4.45924138	4.33845273	4.23313458	4.16913703	4.14516624	4.14817205	4.16213825
	4.89858410	4.93050680	4.96840596	4.94837011	4.88027614	4.81808850	4.76520441	5.94503402	5.91185140	5.89795259	5.90334879	5.93399978	4.64198831	4.80937943	4.85992133	4.80428047	4.73278643	4.67148903	4.63065570	4.63372780	4.66594430	4.81253181	7.92379142	8.09253441	9.95991046	12.06969114	9.91173916	2.78509208	3.37726571	3.91674815	4.44383309	4.88486198	5.13254418	5.17506204	5.14156863	5.06775804	4.93100382	4.78356395	4.68295623	4.60098068	4.50099090	4.40389985	4.31658805	4.22024016	4.10109165	4.02777525	4.00999379	4.01621315	4.03253698
	4.96330851	4.99404364	5.03298480	5.05795832	5.07000658	5.72058460	5.67708538	5.62457474	5.58953016	5.54980342	5.52765828	5.53661841	5.61854528	4.89879817	4.92157127	4.86348143	4.78646109	4.72284759	4.68381319	4.68781895	4.77150820	5.90270593	5.97051141	9.16306843	11.38131773	11.51411455	8.95841119	2.97013971	3.43521894	3.94300487	4.43082875	4.82965584	5.08293651	5.11367759	5.07109961	4.96395777	4.80355980	4.69330163	4.60002163	4.48968344	4.38060804	4.30529924	4.23528879	4.12809625	3.99225512	3.93565095	3.92567259	3.93358306	3.94892339
	4.99001843	5.01623653	5.05223320	5.07665697	5.08826612	4.97269478	4.91726670	4.85700192	4.79525712	4.71792078	4.66563112	4.65423984	4.71368603	4.90525854	4.92967321	4.87412695	4.79630937	4.73158691	4.68998671	4.68749187	4.76119331	4.80508316	6.13192175	9.58618913	10.05252310	11.94773688	9.61293846	2.98814650	3.43479487	3.91013547	4.38932799	4.76875116	5.03323857	5.06255273	5.00923877	4.86244300	4.73419365	4.63943362	4.53239288	4.40067507	4.31614011	4.25002948	4.17883772	4.05065340	3.92545465	3.87925837	3.87282366	3.88251411	3.89865277
	5.06135784	5.08219349	5.11512933	5.14351991	5.18028588	6.36485777	6.34953930	6.25984266	6.22940020	6.19631549	6.18366400	6.18790250	6.31512983	4.99738501	5.02141803	4.96346166	4.87539109	4.80409717	4.76538055	4.76667718	4.82917532	6.65674255	8.47049725	10.09702374	11.47469289	11.90661997	10.55730844	3.08168321	3.50686789	3.98270954	4.44711638	4.80616253	5.02730892	5.04920150	4.97878929	4.82987497	4.71582315	4.61890535	4.49073453	4.36920259	4.29273853	4.22578169	4.14702714	4.01009215	3.90273079	3.86272577	3.85802495	3.86800954	3.88354746
	5.07759215	5.10294269	5.13997775	5.29588139	5.33556936	6.03324865	6.02360459	7.34973092	7.34914480	7.35604087	7.38115862	7.40341003	5.92533477	5.25087919	5.05997516	4.99731293	4.90692568	4.83192379	4.79156046	4.79905611	5.03587738	6.16066289	9.22216348	10.27554619	11.79304338	11.89793434	7.22210846	3.13613551	3.54298856	3.99709017	4.44436626	4.78438301	4.99439641	5.00775584	4.91238917	4.77860095	4.67885872	4.57273763	4.42933435	4.32422284	4.25222290	4.18136449	4.09328402	3.95969156	3.86064951	3.82368473	3.82220469	3.83565096	3.85375593
	5.11704821	5.14511741	5.19266444	5.17733116	5.23447292	7.45311057	7.46041143	8.70342770	8.74154486	8.79414212	8.86486315	8.91812486	7.57168945	7.09096425	5.13888881	5.07300839	4.97838024	4.89358499	4.85064895	4.85695814	4.83777286	8.13366842	9.88626637	10.68357151	11.72020249	11.88612788	6.34969756	3.22238257	3.63838302	4.07539550	4.50028539	4.79706669	4.98433624	4.98180062	4.85877041	4.73421724	4.64591811	4.53142566	4.37143207	4.28269199	4.21563229	4.13671852	4.03070659	3.90909812	3.82640273	3.79549455	3.79631180	3.81087986	3.82885021
	5.15029678	5.18197395	5.21858966	5.24074268	5.99838846	8.31765782	8.29206136	8.37022398	8.39891486	8.44053723	8.49899566	8.54848028	8.53018112	8.65021983	5.18822382	5.13930938	5.03956492	4.94807307	4.90001671	4.90532879	4.89709287	9.35356153	9.67612714	11.14552142	11.70109025	11.87925867	5.33781194	3.29972780	3.71203247	4.12142536	4.53159404	4.80441529	4.96429127	4.94416376	4.81203078	4.70212800	4.61422642	4.47828478	4.32753711	4.24953904	4.17917837	4.08323144	3.97262446	3.86638756	3.79223190	3.76549061	3.76928665	3.78646891	3.80534323
	5.20539547	5.24472095	5.83509559	5.84341259	6.99791560	9.11975525	9.40436308	9.44593113	9.50204726	9.57447733	9.66604304	9.74874121	9.80807216	9.57321998	5.84327931	5.23522855	5.12840532	5.03000455	4.97688093	4.98444430	5.71925082	10.48020295	10.93896957	11.12665149	11.64473961	11.85781798	4.83054243	3.39868726	3.79442144	4.19068464	4.58845381	4.84246144	4.97508101	4.94174448	4.81606090	4.70487667	4.60069808	4.46261711	4.33054879	4.24281441	4.15880215	4.06094806	3.96072188	3.84996192	3.77980702	3.75934360	3.76401800	3.77890568	3.79675826
	5.17225204	5.21237326	5.22211664	6.26976384	7.34756097	8.90683059	9.33622064	9.37385193	9.42848548	9.49658216	9.58402507	9.66698709	9.72422508	9.31386700	6.34166561	5.22595463	5.17181126	5.06868201	5.00671009	4.94008485	6.31664589	10.18209060	10.89502759	11.12186662	11.62689369	11.85011566	2.97604773	3.45346131	3.82013430	4.19990483	4.58267304	4.83059279	4.92401065	4.88009401	4.75746533	4.65887269	4.54954453	4.40090762	4.27542147	4.19865816	4.10124104	3.99436726	3.89668895	3.79620709	3.72773360	3.71011107	3.71694517	3.73333937	3.75399320
	5.13714494	5.18272833	5.25080656	7.43075104	7.45797283	9.42722054	9.37969124	9.41537081	9.41861907	9.48397606	9.56874028	9.65351241	9.76949962	9.91938025	7.73013572	5.21985028	5.22624315	5.11627335	5.04696468	4.89734419	7.96832304	10.93909750	10.89279898	11.10660786	11.58823425	11.95323540	3.15977551	3.50097046	3.85535124	4.22099072	4.59285162	4.81814062	4.89112717	4.82997164	4.72404385	4.63139850	4.50800976	4.35430182	4.24622436	4.16756091	4.04866296	3.94871281	3.85971934	3.75754946	3.68830292	3.67246817	3.68229576	3.70133944	3.72477377
	5.73739202	5.17543219	5.84105511	7.15459163	8.23060597	9.32356978	9.33336777	9.36577784	9.41338372	9.47676639	9.55968104	9.64486518	9.70875486	9.78686332	8.58835771	5.92630323	5.20752076	5.08739927	5.00931292	4.88837157	7.55901679	10.79321898	10.89781341	11.10466933	11.56878066	11.61427239	3.18517508	3.51837770	3.86307369	4.22094028	4.58745478	4.78803878	4.85606904	4.77859609	4.68402266	4.60029597	4.46348130	4.29948176	4.21444740	4.13464787	4.00535250	3.90067323	3.82565229	3.72094370	3.65383215	3.63902663	3.64978280	3.66898295	3.69108837
	6.94830703	5.85928786	7.04292518	7.39973955	9.41840899	9.30860234	9.31737988	9.34659773	9.39096544	9.45134579	9.53109859	9.61617893	9.68559316	9.76273600	9.97962150	7.33734994	6.03370184	5.93654062	5.88061711	5.88910872	7.89023839	10.78101888	10.88162602	11.06078357	11.44807460	9.90167231	3.25344154	3.59342773	3.93877847	4.28838158	4.63899241	4.85564276	4.90591546	4.82855958	4.72633912	4.62865877	4.48894878	4.34099388	4.24303827	4.15413964	4.04071691	3.93833730	3.85085988	3.74558506	3.69102718	3.67823261	3.68449372	3.69681195	3.70938233
	8.38190987	7.31866870	8.45971449	8.48146280	9.13428525	9.29247479	9.29921211	9.32606014	9.36801970	9.42572851	9.50250601	9.58554562	9.65715829	9.73813169	9.63771733	8.97353437	6.38596980	6.29924616	6.24637026	6.25733382	9.42418944	10.75602910	10.85236078	11.00879782	11.32827140	5.78982489	3.33707884	3.68066686	4.00767905	4.33416622	4.65743153	4.89346041	4.93387746	4.83910039	4.72025683	4.62184316	4.49946350	4.33800460	4.23646381	4.15227300	4.04740384	3.93179377	3.84274883	3.75658273	3.70550990	3.69238995	3.69765125	3.70851262	3.71909072
	8.91154013	8.47701871	8.45803704	9.00108980	9.28487765	9.27372675	9.27842474	9.30275833	9.34210527	9.39687520	9.47026085	9.55189527	9.62406408	9.71128783	9.80533424	9.57444601	7.66346233	7.70809988	7.70151581	7.67381735	10.14190787	10.73086595	10.82325319	10.95814379	11.21594630	2.98617100	3.44178935	3.78347827	4.10612230	4.41268759	4.69346810	4.92697964	4.95010588	4.85269801	4.72406059	4.62280346	4.50374615	4.34349179	4.23951431	4.15919487	4.05226233	3.93556986	3.84353874	3.76530535	3.71611390	3.70388019	3.70797560	3.71666328	3.72545184
	8.90208166	7.85364589	7.89636410	8.97595903	9.28601507	9.27429506	9.27725919	9.29972073	9.33740258	9.39045160	9.46204040	9.54308047	9.61379772	9.70172859	9.79589035	9.56249317	8.09263360	7.25023935	7.21925398	8.15777857	10.13358811	10.73068342	10.82412890	10.95595595	11.25266361	2.99587367	3.46581866	3.80378387	4.13149320	4.41894349	4.68936062	4.90068297	4.90988517	4.80698423	4.68767688	4.59556884	4.45904984	4.29931960	4.21261736	4.13426990	4.01679421	3.90273064	3.82259716	3.74310921	3.69195703	3.67892437	3.68113542	3.68719630	3.69316327
	9.22873239	8.88018219	8.91802429	9.27125046	9.26645779	9.25459161	9.25620523	9.27663362	9.31211000	9.36270207	9.43173503	9.51150672	9.58202527	9.67541012	9.77117065	9.93190029	9.11975217	7.85395448	7.84568506	9.31883753	10.57084206	10.70347762	10.79815417	10.91230923	10.53805356	3.27933965	3.54606909	3.88011870	4.20744539	4.49856134	4.73147055	4.94647886	4.94186120	4.82990157	4.70491349	4.61476525	4.48324532	4.31805948	4.23196515	4.15676990	4.04722861	3.92695358	3.84697347	3.77299669	3.72539242	3.71113643	3.71060412	3.71258431	3.71441002
	9.20047105	9.24661574	9.28493909	9.30133062	9.25944389	9.24740214	9.24715404	9.26511805	9.29826366	9.34637133	9.41288503	9.49188204	9.56168322	9.65313481	9.75309956	9.89645862	9.66560615	8.57661849	8.61010027	9.93633423	10.51888896	10.68820089	10.78514568	11.04382876	6.28672203	3.62725245	3.62602500	3.93834216	4.24638997	4.54162695	4.74060141	4.94183337	4.92174927	4.79660377	4.68974682	4.59015529	4.45538829	4.29938532	4.22053334	4.12654274	4.03012190	3.91461801	3.83970802	3.75531303	3.71888216	3.70470791	3.70095979	3.69743673	3.69218002
	9.13883703	9.18483593	9.22445152	9.24106464	9.23540725	9.22401254	9.22280039	9.23857934	9.26900832	9.31369780	9.37622852	9.45210736	9.51932237	9.60232063	9.71711614	9.82823685	9.99459599	9.14761381	9.20402409	10.30274101	10.41495452	10.63047749	10.75511248	8.97082080	4.19583286	3.29834387	3.71370652	4.01278561	4.29153798	4.57548858	4.77486540	4.93792542	4.91009323	4.79601664	4.69035147	4.58847192	4.44180786	4.30888021	4.21923420	4.12348187	4.02088448	3.92926455	3.84388250	3.76040274	3.71703574	3.70114818	3.69513941	3.68910280	3.68059630
	9.09563944	9.14105645	9.18103814	9.19940504	9.19598439	9.18578845	9.18422264	9.19792648	9.22522289	9.26576122	9.32324730	9.39425606	9.45794582	9.53175040	9.66229175	9.78109734	9.93098094	9.88850704	9.97099840	10.21912236	10.32204293	10.53497170	10.69788673	9.83756097	2.97572729	3.47376774	3.79844384	4.11192175	4.33437134	4.61980452	4.79758709	4.98060392	4.93602713	4.80234763	4.68699211	4.60298092	4.46573935	4.30045807	4.22601974	4.15504521	4.05101849	3.93289923	3.85453609	3.79337720	3.75587047	3.73173610	3.72162977	3.71076030	3.69843650
	9.06492065	9.11023513	9.15154924	9.17264709	9.17176988	9.16251593	9.16018165	9.17167952	9.19602498	9.23297108	9.28611292	9.35317916	9.41408221	9.47941323	9.60587820	9.74662524	9.84952550	9.94064737	10.02510760	10.12429218	10.26696037	10.46709705	10.65985553	9.62805116	3.10745525	3.50665914	3.84463102	4.15980909	4.36131522	4.62332792	4.78692927	4.95535594	4.89149419	4.75847169	4.66069437	4.56618092	4.41845130	4.27224921	4.20227357	4.12875067	4.01735739	3.91041494	3.83867454	3.77494503	3.73845913	3.71128028	3.69273874	3.67401829	3.65494745
	9.01920809	9.06443748	9.10674366	9.13028470	9.13211002	9.12458321	9.12223485	9.13175693	9.15272963	9.18503352	9.23243881	9.29407965	9.35140761	9.40912893	9.52036021	9.69685861	9.80430913	9.89859206	9.98141288	10.07415495	10.19758985	10.37491596	10.58210331	7.78684024	4.29486320	3.57532630	3.88101006	4.19534390	4.40174016	4.63650707	4.80218685	4.93731403	4.88199877	4.76132714	4.66608618	4.54862095	4.40999511	4.28677645	4.20465646	4.11248449	4.01938303	3.92610320	3.84872981	3.77059405	3.72675083	3.70181535	3.68382258	3.66494691	3.64146851
	8.99189170	9.03707875	9.08022112	9.10571238	9.10954045	9.10318786	9.10077176	9.10899300	9.12796749	9.15728547	9.20092504	9.25912453	9.31430352	9.36744664	9.46692753	9.65722215	9.77596409	9.86659056	9.94849032	10.03735490	10.15613612	10.31889764	10.51310166	5.36023847	3.74705617	3.61394276	3.90712907	4.21223193	4.42221222	4.63914196	4.79242574	4.92717202	4.86715246	4.74047171	4.65212238	4.53975303	4.39612895	4.26891654	4.19758357	4.10609502	4.01311457	3.91360725	3.84326881	3.77229007	3.72250237	3.69165388	3.67562100	3.65164259	3.62437890
	8.97306125	9.01827590	9.06207953	9.08904848	9.09440627	9.08898586	9.08663830	9.09403459	9.11158355	9.13883847	9.17988626	9.23566415	9.28942884	9.33984134	9.43238782	9.62046628	9.75707428	9.84787238	9.92929644	10.01595403	10.12956756	10.28376233	10.47197226	6.11946920	3.28090334	3.65298813	3.92135126	4.22085739	4.43950817	4.63698459	4.78814014	4.92626716	4.86353288	4.72581914	4.63936437	4.53537718	4.38989540	4.25595385	4.18815684	4.10662798	4.01487415	3.90568984	3.83488522	3.77216408	3.72321406	3.69063405	3.67080782	3.63984284	3.60842928
	8.95192949	8.99743373	9.04258005	9.07205581	9.07978580	9.07559463	9.07314884	9.07933185	9.09488958	9.11958232	9.15742997	9.21020823	9.26230187	9.30925754	9.39296776	9.56746688	9.73554260	9.82764845	9.90928393	9.99434312	10.10377262	10.25092218	10.43119635	5.89817837	3.34469002	3.69182636	3.93860250	4.22032773	4.41946617	4.62156137	4.75736936	4.86670060	4.80943329	4.69512042	4.61252016	4.48246173	4.34482919	4.23200527	4.15621400	4.05989805	3.97542110	3.88304150	3.81298992	3.73314071	3.67715992	3.64474671	3.62155278	3.59119306	3.56459866
	8.92751902	8.97332492	9.01870397	9.04862498	9.05721502	9.05414730	9.05248333	9.05846347	9.07279586	9.09534389	9.13052506	9.18071592	9.23120411	9.27707214	9.35825708	9.52660807	9.71766592	9.80850396	9.88857816	9.97108763	10.07533306	10.21294609	10.38089030	6.87138076	3.42661926	3.74799813	3.98076868	4.24404744	4.47723865	4.64790874	4.79929102	4.92943076	4.86672430	4.72795344	4.64137487	4.53623774	4.39042816	4.25982640	4.19401368	4.11397919	4.02463631	3.91309796	3.84170315	3.77767935	3.72746504	3.69362676	3.66408850	3.62397675	3.59160185
	8.91545700	8.96158446	9.00776795	9.03900252	9.04884100	9.04648487	9.04484750	9.05023055	9.06346471	9.08459740	9.11802233	9.16656194	9.21612255	9.26042870	9.33768000	9.49895921	9.70711036	9.79816867	9.87831061	9.96007585	10.06239608	10.19650827	10.35980008	7.35134698	3.93968514	3.76377473	4.00052560	4.24887561	4.46731406	4.64722501	4.79719240	4.90359898	4.84927739	4.72940019	4.63690540	4.51423882	4.37937475	4.25930957	4.18418589	4.09393522	4.01256692	3.91553900	3.83838062	3.76247915	3.70755964	3.67449250	3.64449750	3.60905141	3.58116749
	8.89608702	8.94244931	8.98976186	9.02316107	9.03514846	9.03401867	9.03247317	9.03698109	9.04871254	9.06768730	9.09845518	9.14434367	9.19250140	9.23441850	9.30502485	9.45460677	9.68689541	9.78010151	9.86065476	9.94137154	10.04077268	10.17004402	10.32743572	7.06617270	3.43651373	3.77095495	3.97815519	4.22967210	4.40836339	4.60895536	4.72780810	4.81189870	4.76044021	4.66467216	4.57221618	4.43726090	4.30289885	4.20628012	4.12537768	4.02285100	3.93761375	3.85984965	3.78632054	3.70636682	3.63975050	3.60285351	3.57397202	3.54582339	3.52183565
	8.87884204	8.92568983	8.97399998	9.00898141	9.02257347	9.02251218	9.02122922	9.02517899	9.03555450	9.05267986	9.08107148	9.12462614	9.17144223	9.21189661	9.27857587	9.42091978	9.65610912	9.76547284	9.84614713	9.92599193	10.02307809	10.14771120	10.29850461	8.60346909	4.85288556	3.79278851	3.99721029	4.24502266	4.41436197	4.61968041	4.73235999	4.80556137	4.75263039	4.67481702	4.58246404	4.43241014	4.30201680	4.21746128	4.13388459	4.01922908	3.93200457	3.86968459	3.79738977	3.70573675	3.63435524	3.59425537	3.56608450	3.54504056	3.52285644
	8.86222965	8.90957263	8.95876552	8.99508802	9.01009024	9.01104849	9.01010507	9.01360334	9.02269198	9.03805004	9.06412146	9.10540344	9.15087732	9.19013800	9.25362816	9.38979962	9.62430508	9.75145013	9.83208249	9.91099013	10.00569789	10.12542559	10.26893076	10.40266509	6.82181187	3.81961540	4.04428126	4.25496902	4.45722503	4.63139845	4.73652472	4.82660062	4.76074842	4.67483689	4.60153354	4.46121682	4.30669973	4.22226386	4.15894969	4.04736547	3.94193725	3.87195316	3.81447441	3.73401512	3.65452727	3.60417205	3.56745008	3.54281162	3.51934370
	8.84861740	8.89634821	8.94652855	8.98455789	9.00126706	9.00323812	9.00245910	9.00542033	9.01343314	9.02732936	9.05147751	9.09083854	9.13532757	9.17340968	9.23326335	9.36287777	9.58848531	9.73960019	9.82090549	9.89957193	9.99296564	10.11014606	10.25011022	10.64188373	7.10875805	3.83132754	4.05425145	4.25824319	4.44736598	4.62228991	4.72972765	4.80578460	4.75085238	4.66416976	4.57323343	4.43288722	4.30081021	4.20959459	4.12885738	4.02515142	3.93514666	3.86426336	3.79530732	3.70569542	3.63531336	3.59262422	3.56067183	3.53246795	3.50602579
	8.83955416	8.88751699	8.93839773	8.97768498	8.99566280	8.99837710	8.99771604	9.00029978	9.00758817	9.02044924	9.04324276	9.08116526	9.12485009	9.16202166	9.21922600	9.34408366	9.56269204	9.73099307	9.81288388	9.89139940	9.98386889	10.09932488	10.23670452	10.40259252	7.09449993	3.84085583	4.06807773	4.26134881	4.45034662	4.62195354	4.71377928	4.78003410	4.72953102	4.65355882	4.57065085	4.42289840	4.28357946	4.20465352	4.12372114	4.01708976	3.92015293	3.85647593	3.79598822	3.69935217	3.62323045	3.57319029	3.54448361	3.51943950	3.49514306
	8.82547458	8.87378464	8.92579548	8.96714384	8.98716023	8.99101445	8.99050740	8.99252197	8.99876960	9.01022401	9.03115736	9.06712547	9.10976174	9.14558976	9.19863389	9.31625071	9.52558050	9.71833367	9.80159757	9.88050725	9.97249048	10.08691617	10.22275756	10.44207833	7.27839146	3.66601534	4.05555779	4.24668396	4.41336735	4.57942651	4.67962645	4.73434527	4.68771173	4.60568397	4.50426470	4.36703271	4.24640480	4.15466632	4.05968016	3.96902068	3.88607075	3.81706790	3.74581343	3.64662337	3.58478830	3.53955129	3.51228533	3.48552645	3.45217075
	8.81551864	8.86439248	8.91710708	8.95931068	8.98027875	8.98491418	8.98476626	8.98661361	8.99219429	9.00257054	9.02216294	9.05680093	9.09871138	9.13443805	9.18708563	9.30338705	9.50993651	9.71243700	9.79551929	9.87376370	9.96418938	10.07575121	10.20765595	10.36647899	8.55792913	5.07528203	4.09862009	4.28232301	4.45900673	4.60829228	4.71823589	4.78075436	4.73031338	4.63753073	4.53307670	4.41081410	4.28485968	4.18285520	4.08984182	4.01130775	3.92674157	3.84791076	3.77175233	3.67838160	3.62401385	3.57327934	3.53882978	3.50623994	3.46882933
	8.80888218	8.85857974	8.91171660	8.95419059	8.97554745	8.98069863	8.98093550	8.98281695	8.98801833	8.99766400	9.01635524	9.05015213	9.09163207	9.12778332	9.18148436	9.29883124	9.50544517	9.71042466	9.79275608	9.87006210	9.95884550	10.06748408	10.19538240	10.34894632	10.62072779	6.97967241	4.15733282	4.31240644	4.52586276	4.64961485	4.75408030	4.83293083	4.77549306	4.67517663	4.58577875	4.47188606	4.32490382	4.22432992	4.14694374	4.06919589	3.97048019	3.88078362	3.81446389	3.73462931	3.66801281	3.61098496	3.56710403	3.53019843	3.49801458
	8.80008764	8.85130759	8.90520740	8.94886557	8.97143813	8.97738410	8.97786445	8.97954567	8.98423304	8.99311402	9.01082178	9.04362745	9.08468466	9.12065273	9.17321335	9.28831225	9.49234934	9.70571548	9.78848278	9.86576233	9.95401782	10.06187879	10.18891852	10.34133905	10.59379240	7.65745582	4.15835686	4.31625274	4.50882704	4.64603523	4.74843564	4.81437344	4.76374396	4.66886724	4.55940021	4.44076577	4.31689629	4.21637179	4.12130332	4.04238011	3.95997803	3.87665331	3.79603800	3.70959016	3.64545789	3.60064111	3.55980000	3.52333961	3.48622556
	8.79379768	8.84688465	8.90136712	8.94571187	8.96901998	8.97555549	8.97631963	8.97796713	8.98234678	8.99068991	9.00772074	9.03989157	9.08071769	9.11695599	9.16973230	9.28472955	9.48850503	9.70424380	9.78671405	9.86353791	9.95088804	10.05736916	10.18277830	10.33308450	10.49074109	9.00135681	4.09022097	4.33969614	4.54302790	4.66246470	4.76942071	4.83477870	4.78293494	4.68723963	4.57712799	4.46027554	4.33505012	4.23204257	4.14270944	4.06083179	3.97699449	3.89334755	3.80918635	3.72815245	3.66080442	3.61478136	3.57257504	3.53504649	3.49393732
	8.78745001	8.84169228	8.89730572	8.94330120	8.96829751	8.97594368	8.97706834	8.97853111	8.98237443	8.98984477	9.00567525	9.03664593	9.07698032	9.11312156	9.16463150	9.27690208	9.47775263	9.70079992	9.78335773	9.85961818	9.94566982	10.05057468	10.17431410	10.32219986	10.48078871	10.61001701	4.22193323	4.37024372	4.58550235	4.67543994	4.77777411	4.85369296	4.78490729	4.68327751	4.60555964	4.48981780	4.33493184	4.23555224	4.17385825	4.08799441	3.98503113	3.89312312	3.82935370	3.75524723	3.68063839	3.61617221	3.56191474	3.52392752	3.49128833
	8.78759968	8.84238070	8.89831872	8.94479160	8.97037484	8.97850349	8.97988692	8.98143893	8.98526111	8.99260305	9.00826802	9.03913676	9.07951043	9.11597326	9.16789114	9.28053852	9.48213978	9.70222289	9.78432185	9.86006972	9.94541810	10.04972625	10.17327808	10.32123969	10.47935280	10.65442871	4.21069751	4.42150358	4.61426830	4.71407036	4.83566255	4.90843713	4.84316232	4.73531527	4.63734615	4.52636003	4.38836941	4.27329666	4.19996282	4.11981815	4.03255239	3.93979633	3.85835637	3.78020171	3.71885162	3.65751198	3.60148653	3.55459653	3.51194097
	8.78101093	8.83766232	8.89442435	8.94234060	8.96947737	8.97861680	8.98031375	8.98169663	8.98508170	8.99175701	9.00650972	9.03643177	9.07637368	9.11262098	9.16318933	9.27313973	9.47218705	9.69898453	9.78151163	9.85713741	9.94184820	10.04561409	10.16896776	10.31684298	10.47524310	10.66560663	4.14880402	4.44647295	4.62558497	4.71953854	4.83526801	4.90947613	4.83403493	4.72960126	4.63408588	4.52904705	4.37743547	4.26950925	4.19375334	4.12254954	4.02368596	3.93488538	3.85583901	3.78121877	3.72003475	3.64218264	3.59063805	3.54525517	3.50226445
	8.77479611	8.83269146	8.88994365	8.93919714	8.96800995	8.97834924	8.98051045	8.98183465	8.98484841	8.99089468	9.00469467	9.03355788	9.07281861	9.10842728	9.15690283	9.26270619	9.45670788	9.69323266	9.77632179	9.85191782	9.93596924	10.03910066	10.16233146	10.31027804	10.46952786	10.62368043	4.92272424	4.46677827	4.63364298	4.73012028	4.84107008	4.90508079	4.83294664	4.73166300	4.62864381	4.52081323	4.37637914	4.26926223	4.18885075	4.11580700	4.01865595	3.93897946	3.85489591	3.77631888	3.71174064	3.63483591	3.58781032	3.53809541	3.49236439
	8.76684888	8.82641626	8.88432195	8.93520984	8.96602803	8.97777893	8.98045907	8.98167169	8.98420840	8.98948862	9.00213045	9.02971079	9.06818025	9.10305285	9.14904068	9.24998539	9.43824904	9.68666133	9.77034755	9.84599969	9.92935356	10.03180302	10.15494796	10.30296101	10.46321671	10.61833031	5.81880977	4.47622903	4.63587198	4.72888112	4.83190726	4.88594240	4.81905863	4.71698546	4.61270269	4.49605527	4.36319571	4.25633028	4.17511902	4.09512893	4.00404926	3.92796087	3.84496331	3.76245930	3.68783597	3.62074936	3.57372299	3.52086778	3.47410130
	8.76890016	8.82782013	8.88559331	8.93644883	8.96735286	8.97922282	8.98199601	8.98328391	8.98589717	8.99125535	9.00395569	9.03158405	9.07007005	9.10496916	9.15093300	9.25165437	9.43938765	9.68621437	9.77033080	9.84591257	9.92914979	10.03155245	10.15491239	10.30343582	10.46452171	10.62050157	5.10783951	4.49363229	4.64389369	4.73695326	4.84664045	4.90518234	4.83376675	4.72643527	4.62451503	4.51481280	4.37422102	4.26362782	4.18830548	4.11227012	4.01699163	3.93578161	3.85207043	3.77732142	3.70213710	3.62963403	3.57997646	3.52648612	3.48174432
	8.75657340	8.81633082	8.87374600	8.92610276	8.95984959	8.97431156	8.97861558	8.98046544	8.98290240	8.98749013	8.99869520	9.02438352	9.06118753	9.09428895	9.13570325	9.22723538	9.40175483	9.64981481	9.75428843	9.82957155	9.91135491	10.01218296	10.13492812	10.28355119	10.44683140	10.60523600	5.44491387	4.54030952	4.67181813	4.77318052	4.87243702	4.93071255	4.85632341	4.75421689	4.64538285	4.53787675	4.39004938	4.28750779	4.20790266	4.13425316	4.03338445	3.94993433	3.86783587	3.79571733	3.71427122	3.63746947	3.58642232	3.53265680	3.48214560
	8.74573598	8.80675442	8.86423084	8.91762057	8.95308794	8.96908194	8.97427373	8.97640783	8.97863940	8.98263516	8.99281032	9.01718309	9.05286606	9.08481361	9.12351373	9.20976166	9.37688846	9.62491948	9.74416468	9.81936540	9.90039841	10.00033332	10.12247417	10.27064625	10.43435351	10.59337632	7.20792744	4.54869763	4.67862690	4.78164392	4.86893952	4.92213973	4.85226092	4.75881800	4.65017225	4.52814681	4.38749407	4.29202522	4.21127990	4.12467957	4.02798735	3.94911081	3.87060397	3.78700443	3.70466496	3.63201955	3.58310844	3.52991995	3.47747903
	8.73148523	8.78903692	8.84705175	8.90035950	8.93782831	8.95641637	8.96364290	8.96693597	8.96944899	8.97291532	8.98171735	9.00396481	9.03733021	9.06659584	9.09999659	9.17574433	9.32643774	9.55288790	9.71931412	9.79362073	9.87249382	9.96919813	10.08759139	10.23080814	10.39033722	10.54614996	7.88318097	4.55094903	4.70564446	4.81038753	4.92221004	4.98262909	4.90582199	4.77998430	4.67632711	4.58397406	4.43278321	4.30564612	4.23647094	4.17497207	4.07305164	3.96812915	3.88533173	3.82350320	3.74948178	3.66144544	3.58884145	3.53431387	3.49065637
	8.70542579	8.75597239	8.81995259	8.87369450	8.91414669	8.93631488	8.94615050	8.95073135	8.95331868	8.95579561	8.96259143	8.98200207	9.01274230	9.03924377	9.06668857	9.13092558	9.26536768	9.47284990	9.68557035	9.76506784	9.84201239	9.93608047	10.05207379	10.19317267	10.35282660	10.51008431	9.28341756	5.28546498	4.71523783	4.82276849	4.91999140	4.96909484	4.90146883	4.78718415	4.67716867	4.57293948	4.43383240	4.31212409	4.23162970	4.16082684	4.06607359	3.96673148	3.88324507	3.81094318	3.73666026	3.65483109	3.58287590	3.52489478	3.47215546
	8.68770470	8.73104890	8.79342001	8.85028771	8.89245816	8.91736184	8.92972917	8.93592313	8.93910048	8.94117499	8.94667678	8.96399554	8.99249942	9.01665328	9.03953907	9.09469233	9.21528192	9.40544407	9.63162536	9.73936535	9.81349436	9.90466430	10.01723052	10.15431610	10.31109476	10.46695042	10.66062834	4.55702022	4.73065322	4.84831575	4.95340333	4.99947304	4.93491383	4.80344604	4.69019066	4.60326693	4.46564935	4.31838587	4.24408458	4.18597199	4.09386657	3.97978000	3.88943150	3.82935801	3.76041219	3.67611558	3.58493123	3.52770155	3.48132482
	8.65224236	8.68349030	8.73404812	8.79540214	8.84589720	8.87741611	8.89491714	8.90461323	8.90923801	8.91082213	8.91418911	8.92790436	8.95256030	8.97281974	8.98831237	9.02891295	9.12784502	9.29180926	9.50007257	9.66486760	9.76383251	9.85182339	9.96106402	10.09566711	10.25377473	10.41410739	10.56730685	4.59458762	4.76475509	4.90526042	4.99288383	5.02001016	4.97574833	4.85243999	4.71736040	4.61648352	4.50857564	4.34954799	4.26058441	4.19290422	4.12355263	4.02207884	3.91194123	3.84195162	3.77540803	3.71131973	3.60657774	3.53538471	3.47432439
	8.62869058	8.65337474	8.69503432	8.75646693	8.81424418	8.85048608	8.87201214	8.88367976	8.88904868	8.89025134	8.89218717	8.90350547	8.92578879	8.94391974	8.95510571	8.98696735	9.07305719	9.22206850	9.41410817	9.60878960	9.73042031	9.81917796	9.92623823	10.05879921	10.21667689	10.37883666	10.53179183	5.01502950	5.24651153	4.90666216	4.98152831	5.01283230	4.95622662	4.84746878	4.71652471	4.61549536	4.48995353	4.34881646	4.25721406	4.19059349	4.10780086	4.01856506	3.87995579	3.80300649	3.76755955	3.69374956	3.60137000	3.52828326	3.46613013
	8.59720332	8.61126647	8.63819792	8.68492868	8.74417149	8.79476250	8.82650712	8.84510155	8.85350254	8.85541479	8.85612793	8.86458930	8.88336855	8.89794815	8.90288369	8.92241000	8.98941791	9.11430946	9.27990923	9.46272929	9.64702828	9.76083972	9.86311180	9.99120977	10.14784843	10.31308518	10.46705808	8.25318427	6.69070324	5.66546565	5.02904793	5.05522777	5.00975044	4.89115674	4.74873619	4.64779279	4.54191711	4.38482224	4.28233689	4.15583009	4.08817252	4.94561647	3.87983230	3.73845449	3.80277102	3.72514375	3.62780478	3.54809934	3.48878475
	8.56837527	8.57572099	8.59321022	8.62938561	8.68238628	8.73863880	8.77821424	8.80621097	8.81959423	8.82317868	8.82328559	8.82996168	8.84648201	8.85900347	8.85968103	8.87044187	8.92461682	9.03494084	9.18638260	9.35847036	9.55712354	9.71090403	9.81903094	9.94488226	10.10228115	10.27249866	10.43049459	10.58290549	9.01136091	7.80770186	4.95909573	4.98507798	4.99488927	4.88075645	4.76752171	4.58876460	4.46530073	4.32085160	4.22928709	5.59557411	5.53933315	5.85474510	3.88510545	5.29179657	3.72323136	3.64294465	3.62410696	3.55072669	3.47491769
	8.55257241	8.55672140	8.56932029	8.59947522	8.64732438	8.70228075	8.74956688	8.78446216	8.80028169	8.80432061	8.80370116	8.80880999	8.82387641	8.83519415	8.83325665	8.83813808	8.88258552	8.98234974	9.12457417	9.28746634	9.47823414	9.67495216	9.78885139	9.91285909	10.06920169	10.24107802	10.40124570	10.54772003	9.68066040	9.68275709	7.83925608	7.86723645	6.29840942	6.20692777	4.69249083	7.66935838	7.60349832	7.82065986	7.75851520	7.54918665	7.16931485	9.33551321	7.55214594	6.98045452	7.10677761	7.04224601	5.14875676	3.48398472	3.40171053
	8.53833662	8.53801541	8.54459195	8.56769775	8.60935486	8.66128425	8.71234065	8.75287621	8.77413054	8.78130092	8.78211993	8.78778056	8.80261506	8.81301246	8.80926082	8.81033916	8.84678160	8.93812386	9.07135231	9.22513198	9.40485191	9.62007327	9.75849001	9.88050976	10.03697649	10.21235666	10.37585409	10.52104546	10.68235507	10.90468109	7.98421604	8.01532923	6.72163248	6.65757814	4.74601555	7.82490487	7.76112699	9.36731902	9.31703395	9.22288143	7.43703802	9.20726498	9.17775497	7.25821523	7.27104601	7.23463321	5.64057362	3.52913392	3.44811688
	8.52143290	8.51694506	8.51767201	8.53371106	8.56878494	8.61713671	8.66827729	8.71200647	8.73978701	8.75124078	8.75430257	8.76125124	8.77609640	8.78614834	8.78141370	8.77912154	8.80647875	8.88589555	9.00939876	9.15431125	9.32373000	9.53975734	9.72003485	9.84047829	9.99573035	10.17394858	10.34146160	10.48647563	10.62446719	10.74710538	9.43190708	9.46823424	9.48117168	9.47530217	7.83250771	9.39740982	9.34996036	10.15530477	10.11264941	10.08229017	9.16116848	9.83680984	10.01026580	9.04976093	8.99682249	8.87657515	8.85388428	6.92080542	6.86418062
	8.49823550	8.48790181	8.48061098	8.48691488	8.51269097	8.55550981	8.60640805	8.65422726	8.68889852	8.70666254	8.71416588	8.72352468	8.73874983	8.74897314	8.74431175	8.73948523	8.75809532	8.81764080	8.92711228	9.06061862	9.21785030	9.42260732	9.64949660	9.78344123	9.93692885	10.11979157	10.29391540	10.43979302	10.57228267	10.68955161	10.86120940	10.90217921	10.17806715	10.18902935	10.92255072	10.95017996	10.92123713	10.78164745	10.74351476	10.71522882	10.80249245	10.78882535	10.66620284	10.74361158	10.68653857	9.73183137	9.66573883	9.56690320	9.52172422
	8.48886642	8.47773881	8.46875014	8.47247515	8.49554061	8.53632972	8.58641621	8.63456932	8.67051258	8.68989957	8.69855033	8.70811118	8.72320123	8.73367256	8.72947041	8.72356138	8.73925343	8.79087594	8.89158512	9.02126530	9.17363703	9.37206018	9.60237825	9.75650933	9.90656407	10.08794395	10.26357568	10.41120438	10.54349824	10.66108128	10.73942495	10.77982403	10.80625136	10.82868673	10.85298042	10.82758307	10.79894379	10.76084588	10.72211409	10.69159944	10.67125668	10.65889177	10.64115398	10.60636804	10.54822073	10.47334129	10.40675549	10.37261784	10.34121540
	8.47875249	8.46533702	8.45307135	8.45261026	8.47145459	8.50935353	8.55879752	8.60828893	8.64679860	8.66905964	8.67997516	8.69075276	8.70643730	8.71731313	8.71395893	8.70769816	8.72099780	8.76517410	8.85365537	8.97798635	9.12529811	9.31830680	9.55077987	9.72701216	9.87390692	10.05476668	10.23224154	10.38057932	10.51046871	10.62590813	10.70322413	10.74334320	10.76891875	10.79307969	10.80605029	10.79777056	10.77036492	10.73234252	10.69245799	10.65808197	10.63453810	10.62062159	10.60164767	10.56258041	10.49994373	10.42544734	10.36189820	10.31391991	10.28404213
	8.46673330	8.45072331	8.43461840	8.42908757	8.44259330	8.47659549	8.52474210	8.57544180	8.61696194	8.64297528	8.65703560	8.66962882	8.68621751	8.69793720	8.69565547	8.68895232	8.69896053	8.73652285	8.80756674	8.92410690	9.06648358	9.25424185	9.48434735	9.68638470	9.83271064	10.01344254	10.19462591	10.34552885	10.47427472	10.58708148	10.66395309	10.70264407	10.73006539	10.75501414	10.76754884	10.76172581	10.73623935	10.69844793	10.65570175	10.61549473	10.58749965	10.56953524	10.54750703	10.50586662	10.44389141	10.37414056	10.31314882	10.26722618	10.23779589
	8.46053339	8.44376668	8.42625123	8.41863273	8.42976632	8.46189491	8.50922062	8.56014496	8.60277115	8.63035469	8.64573585	8.65906262	8.67599919	8.68834778	8.68669246	8.67959933	8.68770959	8.72216778	8.78600207	8.89624632	9.03627375	9.22115660	9.45020030	9.66193727	9.81051466	9.99001175	10.17252109	10.32512903	10.45414418	10.56615715	10.64345010	10.68255992	10.71011725	10.73562612	10.74939552	10.74516092	10.72098645	10.68355631	10.63824367	10.59537553	10.56554340	10.54589890	10.52258556	10.48066457	10.42011270	10.35129080	10.29114218	10.24580394	10.21630387
	8.45348043	8.43665420	8.41860895	8.40993293	8.41968191	8.45055814	8.49711512	8.54781069	8.59080019	8.61916148	8.63524629	8.64884263	8.66566927	8.67845539	8.67735201	8.67003690	8.67692207	8.70923960	8.76869795	8.87248051	9.01127989	9.19422578	9.42316529	9.64096268	9.79313889	9.97212476	10.15635417	10.31114555	10.44132110	10.55350240	10.63102131	10.66997546	10.69773661	10.72392584	10.73894720	10.73604724	10.71282173	10.67535824	10.62815498	10.58439538	10.55413165	10.53420990	10.51084803	10.46966371	10.40996157	10.34159250	10.28151349	10.23602760	10.20612422
	8.44830142	8.43007561	8.40977862	8.39790120	8.40409089	8.43206403	8.47723577	8.52834081	8.57318450	8.60408248	8.62250954	8.63742715	8.65481088	8.66806335	8.66736134	8.65959134	8.66432331	8.69299284	8.74746079	8.83684963	8.97201517	9.15073330	9.37744312	9.59773074	9.76186110	9.94119127	10.12884431	10.28680451	10.41790429	10.52888724	10.60445204	10.64161962	10.66755488	10.69274162	10.70898519	10.70824694	10.68688554	10.64806839	10.59794768	10.55498992	10.52493535	10.50362306	10.47870840	10.43685318	10.37668206	10.30827802	10.24841871	10.20284571	10.17180787
	8.44325101	8.42386029	8.40171506	8.38715866	8.39031569	8.41572936	8.45956755	8.51090518	8.55721980	8.59020528	8.61068905	8.62676666	8.64487259	8.65850396	8.65824328	8.65040564	8.65335681	8.67888173	8.72909596	8.80618091	8.93734683	9.11324266	9.33871544	9.56103798	9.73496983	9.91474065	10.10570292	10.26678618	10.39889120	10.50899329	10.58285811	10.61890061	10.64280407	10.66736845	10.68469918	10.68562977	10.66547207	10.62482061	10.57445417	10.53170924	10.50130711	10.47842969	10.45208184	10.40931876	10.34842708	10.27991783	10.22026623	10.17460016	10.14262067
	8.43592633	8.41533013	8.39103969	8.37338251	8.37259425	8.39455521	8.43639669	8.48783370	8.53595050	8.57183424	8.59489958	8.61242006	8.63090285	8.64502712	8.64535133	8.63724884	8.63816655	8.66007807	8.70529789	8.77230986	8.88987710	9.06290750	9.28734857	9.51333282	9.69801860	9.88001317	10.07671978	10.24339458	10.37818454	10.48885608	10.56225480	10.59477933	10.61426934	10.63777390	10.65625013	10.65894749	10.63930889	10.59644724	10.54731106	10.50631168	10.47631539	10.45252472	10.42465414	10.38024962	10.31718507	10.24717351	10.18650303	10.13957355	10.10556098
	8.43425564	8.41239512	8.38634462	8.36645688	8.36308949	8.38279063	8.42346241	8.47516177	8.52472683	8.56253667	8.58727584	8.60572275	8.62447398	8.63895617	8.63981611	8.63192192	8.63208134	8.65223451	8.69484606	8.75791143	8.86718147	9.03847306	9.26201751	9.48949434	9.67890757	9.86478441	10.06706063	10.23732164	10.37276452	10.48259001	10.55425185	10.58436906	10.60005987	10.62155942	10.64012633	10.64294357	10.62154877	10.57821941	10.53079072	10.49105110	10.46164618	10.43814782	10.40998247	10.36452422	10.29962510	10.22752777	10.16463261	10.11586850	10.07958019
	8.43266652	8.40934011	8.38118661	8.35857234	8.35219684	8.36909333	8.40812195	8.45995263	8.51109501	8.55095072	8.57748169	8.59722049	8.61667083	8.63184209	8.63363733	8.62619550	8.62560250	8.64380574	8.68354705	8.74297741	8.84113365	9.01074743	9.23384596	9.46388424	9.65713545	9.84903993	10.05942918	10.23424031	10.37002437	10.47835644	10.54882185	10.57730825	10.59032356	10.60904222	10.62592289	10.62794609	10.60459915	10.56103333	10.51369979	10.47401276	10.44528398	10.42270277	10.39448284	10.34757831	10.28026527	10.20527471	10.13899867	10.08728136	10.04748870
	8.42769490	8.40343296	8.37339304	8.34780353	8.33763840	8.35064699	8.38696194	8.43790372	8.49012227	8.53223942	8.56104104	8.58229911	8.60246178	8.61848658	8.62156116	8.61457740	8.61260385	8.62777580	8.66336599	8.71768937	8.79892138	8.96295792	9.18704450	9.42302054	9.62167341	9.81861403	10.04043561	10.22394570	10.36301147	10.47236429	10.54386883	10.57204718	10.58266392	10.59878531	10.61399577	10.61501941	10.59077236	10.54654171	10.49824590	10.45740206	10.42741665	10.40408839	10.37507644	10.32772623	10.25927088	10.18058062	10.10960848	10.05357333	10.00887805
	8.42251181	8.39818251	8.36753142	8.34062925	8.32850489	8.33934266	8.37395017	8.42401993	8.47636687	8.51945846	8.54948880	8.57156197	8.59206672	8.60854042	8.61238019	8.60572014	8.60296240	8.61637017	8.64957774	8.70100903	8.77511680	8.92975061	9.15398501	9.39334585	9.59508033	9.79110325	10.01884949	10.20860579	10.35101467	10.46182609	10.53425519	10.56265816	10.57226569	10.58727311	10.60197830	10.60301831	10.57932952	10.53539397	10.48696149	10.44554795	10.41492059	10.39103195	10.36188858	10.31454263	10.24544139	10.16542992	10.09211369	10.03371830	9.98633017
	8.42634277	8.40116579	8.36927842	8.34070416	8.32650199	8.33520293	8.36819123	8.41759124	8.47024953	8.51432485	8.54545432	8.56827984	8.58912672	8.60591920	8.61031224	8.60397452	8.60073621	8.61285778	8.64421980	8.69343813	8.76374465	8.91348654	9.13887163	9.38141952	9.58618597	9.78572339	10.02066752	10.21366268	10.35578207	10.46562133	10.53802329	10.56665987	10.57565646	10.58978303	10.60332488	10.60226400	10.57669014	10.53099759	10.48111775	10.43849390	10.40706161	10.38261107	10.35328945	10.30541316	10.23504202	10.15322490	10.07723205	10.01550792	9.96422467
	8.42486199	8.39967006	8.36721305	8.33736570	8.32119694	8.32762423	8.35868836	8.40704583	8.45970333	8.50458694	8.53674050	8.56021893	8.58130388	8.59850924	8.60371153	8.59775187	8.59373227	8.60408846	8.63316044	8.67976890	8.74661247	8.88380055	9.11232843	9.36148215	9.57234592	9.77433328	10.01861166	10.21793769	10.36185981	10.47278045	10.54714652	10.57706797	10.58567819	10.59890719	10.61141466	10.60889118	10.58183062	10.53412813	10.48217336	10.43772126	10.40501964	10.37982498	10.35026163	10.30205242	10.23056042	10.14633634	10.06722278	10.00204794	9.94714438
	8.42167291	8.39674740	8.36389144	8.33278304	8.31445002	8.31821812	8.34688624	8.39377797	8.44617656	8.49181764	8.52508328	8.54928459	8.57059320	8.58819480	8.59431160	8.58882041	8.58389011	8.59212308	8.61839369	8.66180849	8.72421662	8.84374070	9.07177394	9.32746664	9.54499354	9.74416163	9.99736384	10.20553889	10.35365556	10.46660246	10.54311619	10.57411554	10.58210366	10.59479538	10.60734952	10.60394760	10.57585141	10.52755106	10.47455278	10.42888371	10.39493621	10.36888898	10.33887930	10.29044608	10.21806268	10.13168022	10.04946418	9.98062507	9.92158100
	8.43197504	8.40643647	8.37288285	8.34106214	8.32198042	8.32499312	8.35307446	8.39971130	8.45218927	8.49804478	8.53146238	8.55572461	8.57701834	8.59466576	8.60094022	8.59555789	8.59052974	8.59849413	8.62448272	8.66778157	8.73034316	8.85247701	9.08270833	9.33878572	9.55718901	9.76310967	10.02129657	10.22816087	10.37262217	10.48342587	10.56011437	10.59184230	10.60018101	10.61295446	10.62468039	10.61885879	10.58800181	10.53700856	10.48174949	10.43454508	10.39989056	10.37395076	10.34465437	10.29648307	10.22360689	10.13576673	10.05117548	9.97979350	9.91827060
	8.42985850	8.40475411	8.37114280	8.33857537	8.31800075	8.31899375	8.34509251	8.39032878	8.44227242	8.48838910	8.52243487	8.54714295	8.56853603	8.58646890	8.59350171	8.58860273	8.58293982	8.58923708	8.61302346	8.65386085	8.71315275	8.82131899	9.05175167	9.31506146	9.54054789	9.74668943	10.01550787	10.23028749	10.37728026	10.48940940	10.56841288	10.60170925	10.60998376	10.62260115	10.63437631	10.62771876	10.59486566	10.54195276	10.48458627	10.43550125	10.39940212	10.37269262	10.34337025	10.29510532	10.22097361	10.13054725	10.04210557	9.96688615	9.90162895
	8.43777830	8.41229900	8.37824874	8.34522134	8.32414352	8.32459720	8.35022076	8.39517318	8.44701685	8.49310667	8.52711417	8.55173750	8.57302104	8.59092447	8.59806268	8.59325626	8.58747460	8.59346444	8.61691411	8.65752896	8.71681630	8.82689648	9.05946857	9.32497898	9.55261061	9.76642344	10.04083770	10.25457765	10.39788225	10.50815493	10.58787077	10.62213472	10.63087882	10.64368815	10.65462457	10.64587277	10.61039834	10.55455244	10.49458721	10.44370635	10.40655834	10.37960196	10.35062299	10.30249646	10.22755472	10.13533555	10.04450720	9.96694747	9.89956763
	8.44263868	8.41693721	8.38263037	8.34933898	8.32797520	8.32811976	8.35345679	8.39821980	8.44995932	8.49598090	8.52992015	8.55445863	8.57565397	8.59352273	8.60071570	8.59596766	8.59012570	8.59593801	8.61918641	8.65967169	8.71897012	8.83050257	9.06446680	9.33169288	9.56091228	9.78038785	10.05911553	10.27227450	10.41302138	10.52210597	10.60246547	10.63736879	10.64634719	10.65908761	10.66919911	10.65894827	10.62196423	10.56405540	10.50214119	10.44992345	10.41198421	10.38481497	10.35604109	10.30797549	10.23242527	10.13885062	10.04628043	9.96705767	9.89821057
	8.44607131	8.42013283	8.38568810	8.35239773	8.33117623	8.33154111	8.35708361	8.40195953	8.45366404	8.49951770	8.53323211	8.55759724	8.57870587	8.59648894	8.60355958	8.59874643	8.59299753	8.59903247	8.62257823	8.66343794	8.72332099	8.83764987	9.07387241	9.34085110	9.56960125	9.79328821	10.07383958	10.28539431	10.42401166	10.53218477	10.61260132	10.64757225	10.65660021	10.66917691	10.67835170	10.66709234	10.62976280	10.57059462	10.50749199	10.45451135	10.41622091	10.38895078	10.36020604	10.31195318	10.23583490	10.14141182	10.04799252	9.96813349	9.89881410
	8.44729494	8.42137903	8.38691233	8.35352764	8.33210301	8.33215780	8.35733118	8.40186592	8.45331417	8.49902456	8.53268180	8.55701145	8.57807496	8.59585344	8.60302408	8.59830874	8.59250951	8.59831461	8.62152899	8.66203625	8.72150665	8.83428525	9.07089709	9.33935351	9.56953713	9.79593267	10.08082517	10.29349539	10.43137511	10.53934988	10.62031653	10.65558838	10.66444216	10.67669593	10.68533677	10.67323149	10.63508003	10.57493711	10.51056598	10.45659648	10.41763183	10.38999036	10.36118300	10.31286590	10.23624496	10.14074346	10.04587531	9.96466837	9.89417558
	8.44674329	8.42106395	8.38665515	8.35306619	8.33111435	8.33038327	8.35469039	8.39851689	8.44955997	8.49519346	8.52896977	8.55339604	8.57445144	8.59229541	8.59975588	8.59527090	8.58928214	8.59445019	8.61677859	8.65630338	8.71450517	8.82237099	9.05751752	9.32914636	9.56258725	9.79031900	10.08144260	10.29755487	10.43590861	10.54426397	10.62627171	10.66210161	10.67066675	10.68250041	10.69096141	10.67820365	10.63894991	10.57798556	10.51229723	10.45718373	10.41731047	10.38914546	10.36027154	10.31204382	10.23500162	10.13824327	10.04144599	9.95828895	9.88601998
	8.44794648	8.42232058	8.38790723	8.35421746	8.33202718	8.33090698	8.35473441	8.39810591	8.44880026	8.49424025	8.52794133	8.55232551	8.57332218	8.59114759	8.59871405	8.59435713	8.58831768	8.59320428	8.61510156	8.65413442	8.71174444	8.81724929	9.05250512	9.32600096	9.56122587	9.79094466	10.08703332	10.30490348	10.44270514	10.55083105	10.63340225	10.66957252	10.67809049	10.68987506	10.69799590	10.68461168	10.64472185	10.58250799	10.51544774	10.45919084	10.41849779	10.38978048	10.36065304	10.31219921	10.23438087	10.13617520	10.03751502	9.95257777	9.87865534
	8.44968739	8.42407568	8.38964794	8.35587803	8.33348721	8.33200569	8.35534695	8.39820622	8.44845179	8.49358233	8.52711838	8.55141778	8.57234635	8.59014403	8.59781039	8.59361013	8.58757447	8.59224002	8.61375690	8.65233574	8.70942440	8.81274182	9.04823995	9.32331067	9.56003897	9.79236116	10.09434419	10.31380994	10.45061135	10.55831172	10.64127711	10.67774442	10.68617969	10.69795282	10.70566135	10.69143046	10.65049095	10.58679612	10.51813355	10.46051199	10.41881180	10.38930521	10.35969804	10.31084244	10.23205020	10.13214196	10.03132486	9.94435332	9.86853939
	8.44918203	8.42375514	8.38940232	8.35554872	8.33288982	8.33097594	8.35382046	8.39625256	8.44623477	8.49129451	8.52487601	8.54921356	8.57012785	8.58796107	8.59578884	8.59172192	8.58558918	8.58991179	8.61093884	8.64894467	8.70525460	8.80465079	9.03947990	9.31559672	9.55364040	9.78462292	10.08898207	10.31048142	10.44794284	10.55584164	10.63915267	10.67570292	10.68406947	10.69594902	10.70400437	10.69007178	10.64905093	10.58502506	10.51616400	10.45814732	10.41599169	10.38598213	10.35599855	10.30699678	10.22796236	10.12749719	10.02580486	9.93789705	9.86116728
	8.44885697	8.42353780	8.38922969	8.35533714	8.33255020	8.33043499	8.35306112	8.39532210	8.44522196	8.49028957	8.52391706	8.54827808	8.56918152	8.58703243	8.59493551	8.59091758	8.58471869	8.58886672	8.60966183	8.64740165	8.70333450	8.80055777	9.03523316	9.31157161	9.55007919	9.77971910	10.08430913	10.30665713	10.44464894	10.55269481	10.63612615	10.67264661	10.68098858	10.69295754	10.70133544	10.68779082	10.64698255	10.58302122	10.51435265	10.45634949	10.41409852	10.38391447	10.35376899	10.30474291	10.22572225	10.12520108	10.02333782	9.93519562	9.85821604
	8.44915200	8.42387817	8.38959401	8.35569535	8.33286212	8.33065491	8.35316612	8.39531022	8.44512178	8.49013653	8.52373576	8.54807455	8.56895335	8.58680207	8.59473904	8.59075687	8.58453969	8.58861490	8.60930573	8.64692435	8.70269767	8.79860593	9.03371784	9.30999720	9.54862130	9.77779181	10.08286650	10.30556027	10.44362517	10.55164705	10.63512899	10.67165811	10.67995480	10.69193647	10.70042075	10.68695358	10.64614475	10.58211392	10.51342088	10.45533666	10.41295388	10.38259873	10.35228858	10.30317545	10.22405727	10.12333876	10.02121626	9.93280114	9.85556922
	8.45430831	8.42880149	8.39438214	8.36046782	8.33769021	8.33549242	8.35789538	8.39975175	8.44910848	8.49357213	8.52669554	8.55075586	8.57153077	8.58935636	8.59734167	8.59352663	8.58752962	8.59181630	8.61272698	8.65062906	8.70693648	8.80683061	9.04150191	9.31690574	9.55507893	9.79024341	10.10069739	10.32138148	10.45571963	10.56232184	10.64590977	10.68253813	10.69036053	10.70158526	10.70891322	10.69362933	10.65074876	10.58494608	10.51432251	10.45461752	10.41080487	10.37912105	10.34769433	10.29776214	10.21774243	10.11551842	10.01161703	9.92169577	9.84337987
	8.45894968	8.43327105	8.39883391	8.36505056	8.34246409	8.34035021	8.36259524	8.40396971	8.45257519	8.49619078	8.52863734	8.55233490	8.57300396	8.59083249	8.59890514	8.59532747	8.58964255	8.59421479	8.61536920	8.65352111	8.71028365	8.81286155	9.04792399	9.32191972	9.55906764	9.79893040	10.11455772	10.33294816	10.46374832	10.56906263	10.65256484	10.68913080	10.69655019	10.70730437	10.71374414	10.69678982	10.65177242	10.58399791	10.51142213	10.44980480	10.40393308	10.36998579	10.33634467	10.28463996	10.20317943	10.09911396	9.99323273	9.90173837	9.82241199
	8.45986225	8.43421468	8.39989985	8.36629622	8.34387032	8.34179384	8.36386161	8.40481548	8.45283087	8.49585231	8.52787635	8.55137350	8.57200296	8.58985943	8.59801976	8.59461332	8.58911444	8.59380863	8.61499560	8.65310875	8.70982696	8.81161746	9.04731645	9.32058751	9.55710263	9.79704476	10.11459312	10.33224306	10.46212580	10.56717010	10.65053561	10.68696536	10.69432446	10.70523277	10.71171341	10.69439643	10.64861549	10.57994278	10.50661979	10.44398742	10.39671641	10.36100745	10.32548233	10.27221444	10.18969794	10.08458395	9.97769594	9.88544584	9.80567585
	8.46105008	8.43531199	8.40100155	8.36750203	8.34524768	8.34334697	8.36551016	8.40640428	8.45419575	8.49690410	8.52865944	8.55202233	8.57263510	8.59049776	8.59866288	8.59532779	8.58999977	8.59492057	8.61634568	8.65470125	8.71177508	8.81542455	9.05149756	9.32407991	9.55993532	9.80162997	10.11814548	10.33358932	10.46230312	10.56709680	10.65057224	10.68709548	10.69453323	10.70563214	10.71209868	10.69452501	10.64838329	10.57922508	10.50533899	10.44203970	10.39388111	10.35709216	10.32040764	10.26616938	10.18306716	10.07757429	9.97053566	9.87829418	9.79859844
	8.46161503	8.43613027	8.40222475	8.36917741	8.34726653	8.34541066	8.36716792	8.40720437	8.45383032	8.49539430	8.52634639	8.54932469	8.56984338	8.58778271	8.59621528	8.59331175	8.58837329	8.59348795	8.61491581	8.65314041	8.71003747	8.81203556	9.04741988	9.31897420	9.55464713	9.79571985	10.11263032	10.32658604	10.45470667	10.55963372	10.64296805	10.67916873	10.68654342	10.69824961	10.70547765	10.68848722	10.64235013	10.57220945	10.49671548	10.43085070	10.37916864	10.33791589	10.29628201	10.23773492	10.15123213	10.04248997	9.93262152	9.83849716	9.75791217
	8.46240296	8.43686632	8.40295356	8.36994918	8.34811968	8.34635671	8.36818017	8.40822045	8.45477249	8.49621035	8.52704003	8.54994528	8.57044105	8.58837170	8.59679548	8.59390568	8.58902257	8.59422613	8.61576322	8.65411329	8.71119880	8.81400451	9.04978578	9.32100409	9.55638944	9.79862774	10.11475494	10.32755758	10.45512488	10.55994722	10.64329887	10.67957694	10.68696420	10.69872582	10.70593701	10.68889118	10.64265440	10.57227901	10.49654421	10.43039257	10.37836734	10.33670866	10.29466172	10.23583968	10.14927210	10.04061816	9.93095705	9.83693162	9.75662756
	8.46201377	8.43681020	8.40338379	8.37091567	8.34953540	8.34793907	8.36949587	8.40880730	8.45432413	8.49473156	8.52485578	8.54747869	8.56798071	8.58607880	8.59483299	8.59244639	8.58809903	8.59371960	8.61552473	8.65403510	8.71128811	8.81335047	9.04780411	9.31592775	9.54980574	9.78896361	10.10452459	10.31681820	10.44500006	10.55011376	10.63278938	10.66775343	10.67489252	10.68695143	10.69465282	10.67814012	10.63217527	10.56175592	10.48493123	10.41658491	10.36111291	10.31470066	10.26690589	10.20224355	10.10996178	9.99536621	9.88035725	9.78399551	9.70183061
	8.45933372	8.43466013	8.40184772	8.36993788	8.34890212	8.34725435	8.36826224	8.40658519	8.45091253	8.49027659	8.51977759	8.54220900	8.56276521	8.58107275	8.59024941	8.58845755	8.58463173	8.59051847	8.61232228	8.65062137	8.70748632	8.80726872	9.03832823	9.30427706	9.53748510	9.77043307	10.08779767	10.30216358	10.43229028	10.53814423	10.62028945	10.65376423	10.66071567	10.67323295	10.68169788	10.66595642	10.62040330	10.55002805	10.47207491	10.40136318	10.34221946	10.29074372	10.23680603	10.16584214	10.06727927	9.94598225	9.82469313	9.72488852	9.63899877
	8.45612506	8.43181206	8.39938508	8.36779902	8.34693229	8.34521391	8.36586789	8.40361429	8.44731022	8.48618767	8.51546753	8.53790517	8.55856273	8.57701019	8.58642515	8.58497309	8.58144655	8.58747610	8.60923328	8.64731582	8.70380314	8.80285604	9.03022062	9.29538092	9.52843350	9.75607804	10.07577380	10.29289649	10.42496533	10.53147915	10.61323524	10.64560344	10.65240595	10.66511905	10.67393422	10.65849267	10.61318330	10.54297938	10.46460260	10.39282190	10.33193401	10.27791931	10.22072937	10.14608812	10.04340881	9.91738162	9.79160012	9.68991725	9.60189664
	8.45530908	8.43134706	8.39953666	8.36871722	8.34859348	8.34735042	8.36795910	8.40504550	8.44764515	8.48538242	8.51389884	8.53608876	8.55685797	8.57554083	8.58528788	8.58440786	8.58165193	8.58847339	8.61092396	8.64960277	8.70684457	8.80755393	9.03255488	9.29233127	9.52217651	9.74521754	10.06315752	10.27946667	10.41239226	10.51891389	10.59856428	10.62846218	10.63441192	10.64688235	10.65571491	10.64046809	10.59581001	10.52628501	10.44755596	10.37410492	10.30986161	10.25067456	10.18659448	10.10374215	9.99130500	9.85380178	9.71934884	9.61812461	9.53333897
	8.45171421	8.42851236	8.39745593	8.36722166	8.34735743	8.34590842	8.36582506	8.40189242	8.44344689	8.48042101	8.50856896	8.53069155	8.55155484	8.57048787	8.58070766	8.58040432	8.57804924	8.58497758	8.60728632	8.64561457	8.70219580	8.79852094	9.01992069	9.27735458	9.50687869	9.71992016	10.04107790	10.26145196	10.39697755	10.50349745	10.58124610	10.60955683	10.61446183	10.62641844	10.63572822	10.62189144	10.57972123	10.51169697	10.43331935	10.35885155	10.29221344	10.22929114	10.15987475	10.06963497	9.94636555	9.79628707	9.66384027	9.56706993	9.48442728
	8.44962089	8.42683708	8.39631639	8.36662524	8.34718730	8.34589274	8.36557279	8.40102087	8.44175545	8.47798669	8.50570042	8.52772721	8.54871208	8.56786248	8.57840694	8.57856966	8.57672816	8.58409407	8.60671360	8.64523664	8.70199773	8.79924278	9.01672748	9.27131525	9.49956028	9.70716941	10.02958014	10.25107562	10.38778767	10.49435894	10.57068970	10.59750035	10.60149469	10.61302428	10.62239597	10.60894692	10.56776742	10.50030326	10.42170079	10.34601555	10.27701306	10.21049530	10.13615349	10.03965472	9.90810165	9.74855012	9.61289376	9.51814477	9.43824539
	8.44827903	8.42591937	8.39596860	8.36688102	8.34794251	8.34686841	8.36635198	8.40118013	8.44106814	8.47651142	8.50373410	8.52562033	8.54670105	8.56606218	8.57693514	8.57757531	8.57627666	8.58413010	8.60714434	8.64596888	8.70306687	8.80164463	9.01542656	9.26670528	9.49362329	9.69906230	10.01894543	10.24099293	10.37868989	10.48507703	10.55953669	10.58462353	10.58760390	10.59839225	10.60739981	10.59444229	10.55466280	10.48800530	10.40935127	10.33252397	10.26117336	10.19098472	10.11148778	10.00813279	9.86699595	9.69298538	9.56135697	9.47154084	9.39503799
	8.44060170	8.41957697	8.39104323	8.36315518	8.34489380	8.34370734	8.36219890	8.39540207	8.43357555	8.46775890	8.49443668	8.51636624	8.53779984	8.55773444	8.56951821	8.57132150	8.57108002	8.57961458	8.60290908	8.64164620	8.69828297	8.79488810	8.99928803	9.24446839	9.46943828	9.66739293	9.97940915	10.20852875	10.35078613	10.45678420	10.52728077	10.54964127	10.55105745	10.56058978	10.56944947	10.55854490	10.52252458	10.45891738	10.38157677	10.30366776	10.22870730	10.15213621	10.06286044	9.94469418	9.77924877	9.59674989	9.47743017	9.39453934	9.32166828
	8.43682497	8.41647415	8.38870185	8.36150442	8.34369217	8.34254846	8.36059846	8.39299094	8.43027070	8.46378098	8.49017992	8.51217853	8.53387791	8.55418503	8.56649886	8.56899811	8.56947897	8.57860793	8.60231452	8.64128237	8.69803115	8.79428254	8.99377661	9.23433697	9.45715970	9.65078310	9.95744996	10.18953979	10.33405243	10.43943617	10.50732675	10.52813333	10.52871930	10.53749373	10.54609603	10.53624206	10.50219014	10.44053740	10.36433763	10.28621223	10.20952828	10.12955944	10.03479432	9.90788873	9.72743178	9.54644045	9.43529463	9.35547220	9.28419616
	8.43486180	8.41492162	8.38778674	8.36132451	8.34417743	8.34342253	8.36141082	8.39330022	8.42985081	8.46273004	8.48886794	8.51102793	8.53316480	8.55396058	8.56682356	8.57011296	8.57166387	8.58196901	8.60680155	8.64682347	8.70486997	8.80427031	8.99953456	9.23351543	9.45216937	9.64421697	9.94459203	10.17577486	10.32087239	10.42482019	10.48985540	10.50914425	10.50912162	10.51718891	10.52498064	10.51555587	10.48258882	10.42250240	10.34745259	10.26941584	10.19140318	10.10844439	10.00856599	9.87311345	9.68094541	9.50877285	9.40344944	9.32615342	9.25647549
	8.42896650	8.40999600	8.38403237	8.35869815	8.34235571	8.34181843	8.35929310	8.39009990	8.42542936	8.45743314	8.48333165	8.50583581	8.52864519	8.55022365	8.56405599	8.56864410	8.57171200	8.58347242	8.60952711	8.65053601	8.70962778	8.81085286	8.99875723	9.22342325	9.43658679	9.62680395	9.91369865	10.14760328	10.29538229	10.39760348	10.45862173	10.47596294	10.47527918	10.48248762	10.48957120	10.48146627	10.45089595	10.39380781	10.32087461	10.24318786	10.16327991	10.07589063	9.96832085	9.81964270	9.61049091	9.45268529	9.35548246	9.28144188	9.21352110
	8.42231312	8.40442389	8.37959724	8.35520544	8.33936580	8.33869999	8.35540541	8.38506938	8.41931862	8.45069349	8.47655156	8.49944772	8.52284899	8.54513838	8.55991873	8.56570295	8.56999632	8.58277667	8.60955933	8.65104004	8.71047095	8.81068590	8.99202825	9.20965336	9.41882928	9.60689203	9.88219636	10.12044559	10.27114883	10.37171555	10.42979052	10.44590674	10.44514996	10.45211104	10.45936050	10.45303516	10.42506644	10.37085641	10.29996526	10.22281624	10.14174638	10.05132390	9.93822512	9.77941865	9.56241892	9.41614840	9.32341903	9.25097395	9.18370518
	8.41209074	8.39551212	8.37191120	8.34837992	8.33279941	8.33166301	8.34727711	8.37561200	8.40879170	8.43969692	8.46568444	8.48903722	8.51297427	8.53591254	8.55162689	8.55853884	8.56379272	8.57712122	8.60399001	8.64516284	8.70377159	8.80130824	8.97571104	9.18789146	9.39450449	9.58085199	9.84110117	10.08862107	10.24441734	10.34458804	10.40046410	10.41609052	10.41560351	10.42249635	10.43007574	10.42568167	10.40057594	10.34939378	10.28058447	10.20401563	10.12192056	10.02876066	9.91055196	9.74230138	9.51834975	9.38203874	9.29308193	9.22170943	9.15434085
	8.40805407	8.39206499	8.36915297	8.34626647	8.33112031	8.33005939	8.34533940	8.37305205	8.40559558	8.43611137	8.46210079	8.48577973	8.51018935	8.53363614	8.54996128	8.55770233	8.56393104	8.57820847	8.60588580	8.64775838	8.70719170	8.80563954	8.97564931	9.18340269	9.38723063	9.57269719	9.82781186	10.07626138	10.23292928	10.33161244	10.38568838	10.40043439	10.39980533	10.40651052	10.41407751	10.41053412	10.38663275	10.33684933	10.26902655	10.19266350	10.10987828	10.01502460	9.89367207	9.71951396	9.49480390	9.36395025	9.27718015	9.20667981	9.13985889
	8.39751737	8.38337768	8.36252094	8.34148167	8.32745907	8.32640946	8.34051966	8.36633629	8.39702488	8.42641358	8.45226665	8.47658647	8.50202326	8.52670957	8.54469522	8.55461535	8.56322111	8.57961597	8.60896443	8.65213928	8.71281597	8.81201356	8.97162974	9.16768113	9.36390760	9.54574146	9.78530829	10.03747905	10.19648006	10.29042221	10.34003695	10.35395129	10.35437376	10.36168546	10.37012669	10.36975914	10.35013977	10.30499546	10.24055644	10.16544184	10.08181385	9.98370049	9.85576806	9.66355066	9.44749772	9.32684266	9.24412406	9.17513097	9.10906894
	8.38357898	8.37179887	8.35344470	8.33459954	8.32184983	8.32069157	8.33330245	8.35682815	8.38535207	8.41343687	8.43905159	8.46388527	8.49016549	8.51599551	8.53571021	8.54793317	8.55887133	8.57705916	8.60751282	8.65126459	8.71203330	8.80951099	8.95884621	9.14455970	9.33459615	9.51319966	9.73624058	9.99554922	10.15755683	10.24674216	10.29358845	10.30862857	10.31149160	10.32012293	10.32979469	10.33275705	10.31780960	10.27769955	10.21684456	10.14311571	10.05897821	9.95861101	9.82603262	9.61506070	9.41208784	9.29760126	9.21717302	9.14875935	9.08251219
	8.37681074	8.36640531	8.34963536	8.33234131	8.32071086	8.31982127	8.33172530	8.35388115	8.38097706	8.40810839	8.43349243	8.45869491	8.48564919	8.51233460	8.53328409	8.54725970	8.56020764	8.58024972	8.61217212	8.65714184	8.71917579	8.81732502	8.95944542	9.13734420	9.32207940	9.49828444	9.71590079	9.97487164	10.13588916	10.22029652	10.26488267	10.27964565	10.28351098	10.29302332	10.30367338	10.30919200	10.29779920	10.26135532	10.20304114	10.13035360	10.04603153	9.94460269	9.81000945	9.58978589	9.39491343	9.28334813	9.20409074	9.13619341	9.07035249
	8.37118333	8.36231593	8.34723900	8.33156506	8.32112641	8.32053626	8.33170292	8.35241317	8.37799346	8.40414051	8.42935860	8.45508762	8.48295279	8.51077025	8.53329628	8.54949071	8.56502886	8.58755955	8.62159893	8.66856756	8.73304474	8.83118735	8.96540046	9.13460999	9.31349653	9.48764254	9.70789207	9.95989148	10.11735330	10.19560703	10.23664538	10.24946870	10.25326505	10.26334906	10.27560774	10.28513294	10.27849887	10.24654447	10.19115937	10.11964148	10.03517256	9.93297817	9.79728682	9.57115741	9.38194084	9.27246941	9.19417144	9.12697492	9.06206893
	8.36894444	8.36133671	8.34745630	8.33274842	8.32289555	8.32230564	8.33284420	8.35254449	8.37712850	8.40263746	8.42769596	8.45366033	8.48199824	8.51054067	8.53417309	8.55184072	8.56894084	8.59277590	8.62795173	8.67603246	8.74187038	8.83805057	8.96740256	9.13173693	9.30801282	9.48194564	9.77405442	9.95382251	10.10844046	10.18327313	10.22169005	10.23366321	10.23800125	10.24860953	10.26210674	10.27427485	10.27087004	10.24187053	10.18837062	10.11759512	10.03317488	9.93098439	9.79589826	9.56993535	9.37972082	9.26978889	9.19130495	9.12421870	9.05969550
	8.36763823	8.36139750	8.34883678	8.33518863	8.32598481	8.32546564	8.33542458	8.35411302	8.37766704	8.40247537	8.42736684	8.45362539	8.48255017	8.51192663	8.53680290	8.55614148	8.57508804	8.60057539	8.63742316	8.68716292	8.75518800	8.84904177	8.97349862	9.13267227	9.30582402	9.47974049	9.70911922	9.95225763	10.10230055	10.17353897	10.20897040	10.22077226	10.22641325	10.23768044	10.25221588	10.26667334	10.26608262	10.23966263	10.18769287	10.11743290	10.03301798	9.93085191	9.79661214	9.57226197	9.37971822	9.26877359	9.18979450	9.12267781	9.05855565
	8.36800412	8.36375788	8.35309655	8.34081557	8.33227419	8.33161922	8.34066130	8.35799943	8.38022936	8.40411059	8.42870349	8.45523690	8.48483473	8.51528982	8.54181954	8.56327471	8.58440572	8.61194185	8.65107266	8.70297267	8.77363001	8.86362640	8.98185381	9.13447193	9.30334625	9.47644781	9.45906617	9.94932522	9.78224412	10.15895178	10.18878802	10.19979543	10.20695117	10.21901418	10.23517819	10.25403669	10.25861299	10.23655150	10.18726539	10.11817198	10.03401859	9.93207721	9.79909525	9.57783502	9.38131994	9.26880622	9.18907722	9.12181411	9.05807906
	8.36896881	8.36581373	8.35626192	8.34479145	8.33663535	8.33589991	8.34447447	8.36114092	8.38271672	8.40611487	8.43051857	8.45716173	8.48709669	8.51813747	8.54554945	8.56805231	8.59026854	8.61909416	8.65951119	8.71266509	8.78467228	8.87165895	8.98692754	9.13644930	9.30323349	9.47583568	9.43525853	9.99838772	8.12055308	10.21829464	10.17819180	10.18933599	10.19706269	10.20831923	10.22492193	10.24658464	10.25467984	10.23525987	10.18765059	10.11935259	10.03560803	9.93407461	9.80206907	9.58365091	9.38376468	9.27007456	9.18978770	9.12232297	9.05868532
	8.37098116	8.36889195	8.36050437	8.34993911	8.34223714	8.34146689	8.34965354	8.36573720	8.38672102	8.40966224	8.43385974	8.46057786	8.49083856	8.52252331	8.55082234	8.57435105	8.59778255	8.62801897	8.66971163	8.72426173	8.79670186	8.88043601	8.99273481	9.13937753	9.30459068	9.47729919	9.37352258	9.60297549	6.86421589	9.82002719	10.17796172	10.18969925	10.18629204	10.19564452	10.21264844	10.23790707	10.25037552	10.23439337	10.18887553	10.12165827	10.03859396	9.93792157	9.80761995	9.59488324	9.38910505	9.27346470	9.19239039	9.12474365	9.06138221
	8.37439078	8.37355134	8.36668496	8.35741878	8.35036038	8.34958667	8.35738079	8.37289032	8.39323172	8.41569929	8.43978809	8.46679716	8.49770607	8.53034469	8.55980979	8.58495980	8.61067449	8.64329539	8.68714063	8.74421792	8.81516067	8.89512650	9.00398950	9.14734167	9.31090985	9.48481286	8.76702108	9.00564257	6.33265497	9.38231032	9.86403249	9.93226663	10.17475846	10.17987096	10.19711253	10.22762169	10.24653382	10.23530061	10.19235478	10.12629340	10.04403619	9.94467184	9.81710055	9.61525727	9.39888482	9.27980637	9.19736698	9.12931080	9.06627705
	8.37815339	8.37805319	8.37214077	8.36373070	8.35712102	8.35638146	8.36397512	8.37922940	8.39929024	8.42152496	8.44563140	8.47295201	8.50441399	8.53769256	8.56799372	8.59479254	8.62261256	8.65730455	8.70311094	8.76252747	8.83070679	8.90813561	9.01471625	9.15576667	9.31793446	9.49272292	9.43194289	9.66909748	6.36294641	9.14165559	9.23390932	9.82660903	10.17083197	10.17206260	10.18939319	10.22352347	10.24688961	10.23870598	10.19718097	10.13156182	10.04960654	9.95116790	9.82580606	9.63639579	9.40923426	9.28661981	9.20274267	9.13409502	9.07103673
	8.38085185	8.38135253	8.37611224	8.36826498	8.36194499	8.36118242	8.36855611	8.38358597	8.40348658	8.42557963	8.44967576	8.47714594	8.50889414	8.54255466	8.57349297	8.60162905	8.63089038	8.66691661	8.71395818	8.77485730	8.84016855	8.91584722	9.02054011	9.15984444	9.32116653	9.49653542	9.74747411	9.63924068	6.38601304	8.69663560	8.78066815	9.85394311	10.16857936	10.16736043	10.18498108	10.22181351	10.24845747	10.24258379	10.20215095	10.13685345	10.05516575	9.95754885	9.83421917	9.65643862	9.41943261	9.29323245	9.20789314	9.13862529	9.07536876
	8.38166401	8.38268661	8.37794099	8.37047286	8.36429485	8.36339957	8.37047247	8.38525243	8.40503261	8.42705595	8.45110291	8.47855464	8.51033704	8.54414362	8.57555133	8.60453201	8.63453642	8.67109777	8.71850564	8.77975720	8.84334855	8.91761116	9.02051836	9.15824607	9.31883007	9.49373306	9.73571517	9.09645075	6.40292244	8.40305148	8.50247783	10.16895896	10.16490665	10.16243993	10.18042998	10.21939165	10.24874489	10.24494147	10.20566528	10.14088916	10.05955601	9.96265546	9.84096406	9.67229000	9.42765868	9.29828726	9.21164077	9.14175494	9.07809836
	8.38436180	8.38581246	8.38133774	8.37407816	8.36793845	8.36684960	8.37360089	8.38816568	8.40790849	8.43001317	8.45418279	8.48177687	8.51377881	8.54789901	8.58018286	8.61034447	8.64140779	8.67892494	8.72722825	8.78862524	8.84979672	8.92263244	9.02380476	9.15998147	9.31989797	9.49507981	9.73708825	9.15296477	6.86646796	8.13232448	8.18551710	10.12652721	10.16048341	10.15524546	10.17273571	10.21423038	10.24745065	10.24679523	10.20928835	10.14516062	10.06417399	9.96795682	9.84793804	9.68552092	9.43725974	9.30431392	9.21621065	9.14566433	9.08165125
	8.38875580	8.39048350	8.38610502	8.37889755	8.37271539	8.37141565	8.37786976	8.39225611	8.41200375	8.43427239	8.45869650	8.48660191	8.51900365	8.55368902	8.58724729	8.61886579	8.65131636	8.69023655	8.73999640	8.80062598	8.85946489	8.93099957	9.03069958	9.16554725	9.32493455	9.50123048	9.74442983	9.46905981	8.70418762	7.82141795	9.01238443	10.15358173	10.15328960	10.14353271	10.15971102	10.20353426	10.24138745	10.24518856	10.21073114	10.14807706	10.06783620	9.97255689	9.85435108	9.69613479	9.44743592	9.31081468	9.22124482	9.15008392	9.08586735
	8.39490933	8.39695742	8.39270461	8.38553360	8.37924533	8.37762311	8.38365504	8.39777847	8.41751579	8.43999921	8.46477215	8.49313884	8.52613581	8.56188871	8.59724980	8.63077515	8.66510720	8.70591803	8.75765895	8.81602369	8.87209421	8.94177257	9.03923563	9.17192988	9.33007829	9.50688739	9.75034834	9.95487178	10.09804300	7.22019105	9.83218720	10.14042437	10.13248933	10.11556068	10.12963506	10.17666313	10.22177761	10.23366419	10.20584529	10.14738437	10.06960469	9.97642414	9.86114394	9.70832645	9.46051761	9.31930039	9.22800023	9.15623102	9.09199010
	8.39825102	8.40048642	8.39632096	8.38913066	8.38270868	8.38081420	8.38653530	8.40045091	8.42016384	8.44276281	8.46773852	8.49639295	8.52976319	8.56625237	8.60255681	8.63704575	8.67232466	8.71404365	8.76669442	8.82288711	8.87782984	8.94634552	9.04229957	9.17335826	9.33022610	9.50617988	9.74850261	9.93560666	10.04376080	7.16456094	9.76071265	10.12375387	10.10884195	10.08576526	10.09759520	10.14645880	10.19705871	10.21617641	10.19492276	10.14109499	10.06618889	9.97488439	9.86136635	9.71109538	9.46371688	9.32140292	9.22973296	9.15783209	9.09357187
	8.39998973	8.40248027	8.39845841	8.39125317	8.38465676	8.38242586	8.38777363	8.40144141	8.42110691	8.44377998	8.46886790	8.49767156	8.53124931	8.56817793	8.60502740	8.64006273	8.67580365	8.71781636	8.77063301	8.82530163	8.87942369	8.94687431	9.04134535	9.17086571	9.32656539	9.50100684	9.74188491	9.92631622	10.03250763	7.70878991	9.63882418	10.10908262	10.08953552	10.06200616	10.07198990	10.12122199	10.17488970	10.19930354	10.18368656	10.13420575	10.06216281	9.97272551	9.86071445	9.71224625	9.46461323	9.32182912	9.23000880	9.15792528	9.09335211
	8.40765017	8.41028600	8.40623808	8.39875767	8.39172231	8.38894150	8.39378800	8.40718647	8.42684561	8.44969441	8.47509470	8.50443232	8.53878753	8.57679838	8.61485767	8.65110115	8.68805180	8.73124190	8.78500601	8.83536315	8.88800871	8.95407922	9.04698724	9.17475342	9.32885771	9.50220844	9.74216762	9.92018688	10.02087517	6.95711792	9.36020249	10.07819061	10.04228648	10.00263746	10.00984639	10.06086190	10.12144867	10.15748798	10.15458829	10.11503046	10.04954730	9.96403337	9.85444836	9.70819777	9.45969068	9.31934321	9.22862657	9.15684152	9.09216741
	8.41260189	8.41533950	8.41127155	8.40359840	8.39625163	8.39309162	8.39760592	8.41083212	8.43051631	8.45348525	8.47906014	8.50871506	8.54355464	8.58222213	8.62097890	8.65787889	8.69544074	8.73918188	8.79304878	8.84086348	8.89265948	8.95793014	9.04995712	9.17686440	9.33036864	9.50356489	9.74328051	9.91776341	10.01503347	6.94300127	9.34528929	10.05753909	10.01004226	9.96383664	9.97037641	10.02220770	10.08593304	10.12851606	10.13394833	10.10155188	10.04093909	9.95837168	9.85053612	9.70574235	9.45590938	9.31726144	9.22741728	9.15585759	9.09104705
	8.41486178	8.41784694	8.41391902	8.40618324	8.39857850	8.39500836	8.39905842	8.41195516	8.43157690	8.45462085	8.48026727	8.51002534	8.54505843	8.58402299	8.62318796	8.66045794	8.69819606	8.74186251	8.79468082	8.84198102	8.89314798	8.95757139	9.04847234	9.17453333	9.32790883	9.50095876	9.74027682	9.91335377	10.01016890	7.91213005	9.88937538	10.05383991	10.00465739	9.95638869	9.96144445	10.01201729	10.07558065	10.11970424	10.12787137	10.09844106	10.04009710	9.95929813	9.85312157	9.71042294	9.46066771	9.31975635	9.22915948	9.15712798	9.09174692
	8.41705946	8.42040648	8.41667474	8.40884325	8.40087470	8.39672222	8.40011264	8.41248265	8.43196678	8.45511443	8.48086668	8.51076201	8.54596354	8.58525416	8.62491702	8.66266312	8.70061018	8.74413250	8.79639568	8.84273898	8.89311934	8.95641115	9.04575308	9.17063980	9.32385472	9.49661624	9.73561514	9.90718571	10.00446598	9.18390298	10.06159344	10.05956740	10.01374662	9.96446779	9.96681318	10.01442012	10.07588986	10.11953560	10.12867227	10.10058883	10.04344236	9.96397430	9.85965569	9.71994212	9.47218922	9.32610833	9.23351745	9.16044611	9.09415856
	8.42222853	8.42608072	8.42246330	8.41442088	8.40587445	8.40089477	8.40340903	8.41511414	8.43434807	8.45764087	8.48368829	8.51388967	8.54949116	8.58938266	8.62985544	8.66838582	8.70678465	8.75032440	8.80109923	8.84595976	8.89521706	8.95716049	9.04484386	9.16867064	9.32224651	9.49579347	9.73471584	9.90301215	9.99997439	10.13248250	10.06259893	10.05914058	10.01051687	9.95935397	9.96099985	10.00614022	10.06548323	10.10956325	10.12247495	10.09923235	10.04563972	9.96890711	9.86737119	9.73166137	9.48681161	9.33406358	9.23925437	9.16503838	9.09773076
	8.42600548	8.43008919	8.42646000	8.41822500	8.40928707	8.40380517	8.40582061	8.41719779	8.43631041	8.45972064	8.48601596	8.51645087	8.55238782	8.59270940	8.63368707	8.67269098	8.71138115	8.75498172	8.80441913	8.84852689	8.89714910	8.95846479	9.04551513	9.16911748	9.32330827	9.49803622	9.73724756	9.90323015	9.99928391	10.06198297	10.06316092	10.05583757	10.00201224	9.94882208	9.95090674	9.99547499	10.05425750	10.09932011	10.11541320	10.09608218	10.04536102	9.97060619	9.87070147	9.73711875	9.49360906	9.33763310	9.24191527	9.16717734	9.09931975
	8.42827357	8.43264056	8.42900812	8.42056625	8.41120294	8.40517396	8.40661896	8.41759217	8.43658416	8.46013925	8.48666437	8.51730881	8.55350900	8.59415254	8.63551173	8.67482945	8.71359460	8.75698505	8.80556906	8.84904983	8.89710199	8.95776733	9.04407419	9.16728415	9.32195359	9.49750213	9.73691975	9.90117903	9.99673780	10.03888369	10.06544600	10.05861332	10.00483424	9.95206399	9.95339664	9.99531828	10.05083796	10.09450622	10.11171356	10.09494704	10.04618967	9.97284874	9.87426256	9.74234615	9.50054694	9.34100714	9.24417861	9.16874073	9.10010143
	8.43407907	8.43871138	8.43505177	8.42629765	8.41634214	8.40956719	8.41025798	8.42064164	8.43948764	8.46323345	8.49001849	8.52105173	8.55768361	8.59886269	8.64082739	8.68064637	8.71951649	8.76256267	8.80922396	8.85145961	8.89847788	8.95802349	9.04318739	9.16571300	9.32092771	9.49752391	9.73650521	9.89719433	9.98991649	10.03323235	10.06322164	10.05504328	9.99691572	9.94231235	9.94325893	9.98288472	10.03486428	10.07789107	10.09772834	10.08615086	10.04216928	9.97213797	9.87615438	9.74664966	9.50576364	9.34322187	9.24603849	9.17029220	9.10093025
	8.43316415	8.43826377	8.43476299	8.42587509	8.41549296	8.40804084	8.40792309	8.41757927	8.43610633	8.45994408	8.48692521	8.51808040	8.55467359	8.59576574	8.63770510	8.67747388	8.71596089	8.75810269	8.80470219	8.84681207	8.89312784	8.95151777	9.03506134	9.15609292	9.31093362	9.48640722	9.72346712	9.88295464	9.97641879	10.02478670	10.06236244	10.06206697	10.01018031	9.95456816	9.95228878	9.98781483	10.03572434	10.07660315	10.09657470	10.08621917	10.04366559	9.97498726	9.88072213	9.75349213	9.51644385	9.34726649	9.24776455	9.17081174	9.10033670
	8.43511221	8.44037788	8.43688971	8.42785266	8.41716372	8.40929384	8.40870730	8.41796125	8.43629717	8.46018054	8.48730443	8.51858611	8.55531882	8.59649744	8.63854751	8.67838409	8.71672375	8.75840943	8.80409684	8.84589046	8.89158223	8.94915663	9.03168490	9.15174348	9.30612992	9.48075993	9.71625477	9.87392363	9.96623225	10.01604528	10.05695769	10.05811092	10.00552647	9.94787691	9.94446718	9.97842500	10.02470950	10.06519710	10.08664478	10.07886128	10.03905694	9.97240367	9.87960834	9.75363265	9.51608009	9.34611080	9.24665893	9.16972252	9.09899083
	8.44408042	8.44924257	8.44560349	8.43626594	8.42514096	8.41679233	8.41576522	8.42470496	8.44293016	8.46691203	8.49428552	8.52595444	8.56325695	8.60509346	8.64785645	8.68836021	8.72710007	8.76890027	8.81215011	8.85234668	8.89703229	8.95364240	9.03531650	9.15478770	9.30932765	9.48481637	9.71919157	9.87260283	9.96041567	10.00929586	10.05045788	10.04597703	9.98408937	9.92378891	9.92106263	9.95420884	9.99901056	10.03926923	10.06334674	10.06113067	10.02748250	9.96497548	9.87442245	9.74973329	9.50983890	9.34298106	9.24574455	9.17014736	9.10003235
	8.44728438	8.45243643	8.44853851	8.43867943	8.42679885	8.41757340	8.41571303	8.42402308	8.44204719	8.46623822	8.49401208	8.52607772	8.56376284	8.60589070	8.64887837	8.68947916	8.72797302	8.76870388	8.80995821	8.85049368	8.89451970	8.95035769	9.03128905	9.15053650	9.30601008	9.48286278	9.71653792	9.86870854	9.95504216	10.00695234	10.05330193	10.05327238	9.99602287	9.93843571	9.93389237	9.96321587	10.00301908	10.03777730	10.05842555	10.05569391	10.02400153	9.96374197	9.87487209	9.75148934	9.51222024	9.34290188	9.24528064	9.16944394	9.09862368
	8.45779180	8.46279615	8.45849294	8.44793843	8.43511894	8.42482075	8.42191083	8.42935892	8.44691754	8.47110240	8.49911560	8.53150412	8.56957074	8.61225294	8.65584367	8.69698937	8.73555824	8.77572447	8.81592209	8.85402206	8.89673016	8.95100933	9.03015372	9.14782264	9.30285319	9.47960709	9.71097672	9.85842904	9.93802675	9.99078288	10.04256830	10.04246636	9.97979153	9.91845911	9.91212221	9.93881283	9.97547469	10.00839220	10.03086592	10.03380796	10.00874404	9.95327072	9.86740544	9.74614637	9.50320797	9.33738731	9.24237975	9.16826684	9.09815955
	8.46106710	8.46610290	8.46158965	8.45062660	8.43725723	8.42633385	8.42280995	8.42977078	8.44711603	8.47140306	8.49969667	8.53238369	8.57077167	8.61377209	8.65763645	8.69893767	8.73739078	8.77707414	8.81609882	8.85384359	8.89601645	8.94969024	9.02825115	9.14570713	9.30139212	9.47930712	9.71073783	9.85717460	9.93480166	9.98997465	10.04673105	10.05163373	9.99475287	9.93519250	9.92680973	9.95081129	9.98383434	10.01216356	10.03090236	10.03203892	10.00728969	9.95301791	9.86856670	9.74873386	9.50732595	9.33855214	9.24289095	9.16865265	9.09824807
	8.46400952	8.46903752	8.46428559	8.45289211	8.43896016	8.42740136	8.42328119	8.42979465	8.44697599	8.47140986	8.50002267	8.53304968	8.57179229	8.61513372	8.65930920	8.70081179	8.73929356	8.77847672	8.81614987	8.85377939	8.89550155	8.94870271	9.02690222	9.14449871	9.30132623	9.48112801	9.71348866	9.85909407	9.93512100	9.99276151	10.05379432	10.06321914	10.01194181	9.95354282	9.94274961	9.96434991	9.99449674	10.01895610	10.03407743	10.03304940	10.00811515	9.95470431	9.87146107	9.75295931	9.51461716	9.34147242	9.24462734	9.16995479	9.09911312
	8.46499186	8.47003363	8.46494343	8.45289258	8.43806716	8.42544731	8.42026985	8.42596172	8.44279804	8.46743869	8.49652338	8.52999526	8.56909063	8.61270101	8.65703692	8.69849519	8.73663090	8.77476009	8.81144527	8.84930690	8.89043139	8.94286093	9.02026203	9.13769106	9.29578329	9.47737185	9.71021893	9.85652339	9.93099479	9.99378934	10.06383201	10.08400789	10.04785140	9.99436106	9.97914238	9.99591247	10.02080967	10.03836396	10.04592743	10.03895337	10.01156445	9.95818377	9.87601874	9.75869922	9.52398230	9.34440663	9.24551246	9.16998685	9.09816637
	8.46910630	8.47413926	8.46881424	8.45628502	8.44081118	8.42740259	8.42135502	8.42622349	8.44250222	8.46702410	8.49625617	8.52990979	8.56915410	8.61289820	8.65723481	8.69854874	8.73604809	8.77354098	8.81041594	8.84657408	8.88657000	8.93756720	9.01316173	9.12874190	9.28550537	9.46540671	9.69383534	9.84090787	9.91152533	9.97801126	10.05796154	10.08751505	10.06353430	10.01638515	9.99968306	10.01276888	10.03258599	10.04395732	10.04589490	10.03481605	10.00665085	9.95414582	9.87319074	9.75607536	9.51816261	9.33991630	9.24174017	9.16690626	9.09503630
	8.47633824	8.48104609	8.47496161	8.46141002	8.44485338	8.43040136	8.42348616	8.42774625	8.44379253	8.46852289	8.49822571	8.53241909	8.57220453	8.61639928	8.66084963	8.70178673	8.73837110	8.77428828	8.80912570	8.84458061	8.88354410	8.93364884	9.00886464	9.12527832	9.28438294	9.46753661	9.69714912	9.84187443	9.90548926	9.97127552	10.05407401	10.08484368	10.06438675	10.01793151	9.99979897	10.01117983	10.02859183	10.03641250	10.03430861	10.02095417	9.99325907	9.94329783	9.86502179	9.74956856	9.50636122	9.33059958	9.23433276	9.16059350	9.08860574
	8.48007932	8.48459184	8.47799403	8.46374231	8.44641887	8.43121010	8.42361327	8.42734096	8.44312136	8.46792008	8.49787885	8.53234341	8.57235346	8.61668302	8.66101869	8.70151610	8.73734698	8.77199567	8.80627508	8.84118671	8.87945945	8.92889474	9.00371762	9.12053909	9.28108946	9.46617874	9.69539485	9.83894408	9.89834422	9.96451748	10.05020761	10.08333023	10.06654397	10.02099978	10.00124700	10.01121298	10.02731469	10.03345871	10.02920812	10.01406944	9.98559453	9.93644506	9.85961428	9.74524017	9.49817920	9.32449870	9.22894423	9.15570358	9.08342850
	8.48684975	8.49129987	8.48428253	8.46932889	8.45119150	8.43515768	8.42678770	8.42986981	8.44530043	8.47020628	8.50054578	8.53548774	8.57603793	8.62100332	8.66589139	8.70665288	8.74234135	8.77662887	8.81024693	8.84335815	8.88071326	8.92916650	9.00306829	9.11960918	9.28124769	9.46894103	9.70255669	9.84281589	9.89788354	9.96421017	10.05472213	10.09401113	10.08870185	10.05060016	10.02842271	10.03396458	10.04551290	10.04666653	10.03655395	10.01643269	9.98490628	9.93543707	9.85999905	9.74777396	9.50563033	9.32654434	9.22944319	9.15613148	9.08403054
	8.49554229	8.49955113	8.49166378	8.47553526	8.45617904	8.43902773	8.42970676	8.43205702	8.44706286	8.47203624	8.50275864	8.53818418	8.57918321	8.62450503	8.66938443	8.70953227	8.74399285	8.77640313	8.80861012	8.84012244	8.87608943	8.92327528	8.99640873	9.11340224	9.27691284	9.46697434	9.70108732	9.83941792	9.88734193	9.95485666	10.05146644	10.09667778	10.09930940	10.06642938	10.04329909	10.04575968	10.05398377	10.05141388	10.03608748	10.01054792	9.97526120	9.92454516	9.84918895	9.73689431	9.49125804	9.31704669	9.22123023	9.14878681	9.07681328
	8.49302408	8.49714062	8.48928683	8.47302136	8.45335095	8.43568405	8.42566051	8.42724698	8.44163413	8.46637121	8.49710712	8.53253072	8.57340024	8.61855758	8.66330810	8.70326906	8.73737024	8.76911135	8.80126016	8.83290236	8.86832889	8.91460470	8.98633742	9.10191181	9.26480613	9.45470315	9.68671254	9.82919679	9.87729303	9.94800634	10.05535013	10.11306459	10.13003826	10.10634187	10.08239965	10.08125405	10.08542253	10.07838322	10.05822882	10.02858761	9.99000900	9.93650407	9.85895861	9.74543694	9.50556436	9.32581224	9.22670138	9.15228058	9.07886510
