	7.63299497	7.78718036	7.94680798	8.14731155	8.37959053	8.63996575	8.94599803	9.25896069	9.50502483	9.73990529	9.91305081	10.02978429	10.11932528	10.18874176	10.24187074	10.27942798	10.30259505	10.31741741	10.32909926	10.33444786	10.33561145	10.34079454	10.34964121	10.35464524	10.35193625	10.34480631	10.33151120	10.30105474	10.23630421	10.15518350	10.04660469	9.84947556	9.71881091	9.58385437	9.44415424	9.27230436	9.12659652	8.99634494	8.88460297	8.77998017	8.65988170	8.54355127	8.45343072	8.37225578	8.28952773	8.19903531	8.09150197	7.97069785	7.86661684
	7.51227650	7.64769404	7.79114780	8.00278766	8.24756291	8.43801546	8.79254742	9.11972262	9.30673761	9.57752587	9.83080214	9.93765109	9.99675139	10.04026068	10.07482909	10.10132308	10.12264993	10.14089872	10.15699386	10.16809008	10.17484123	10.18389492	10.19549018	10.20441745	10.20738220	10.20777422	10.20486276	10.18875090	10.15780947	10.11650493	10.06828035	10.01228955	9.94349732	9.85106817	9.70913546	9.49959696	9.33082153	9.20492066	9.09771562	8.98828643	8.85219641	8.65323891	8.50659110	8.40108981	8.30918883	8.21269955	8.09655988	7.94076489	7.79799412
	7.50392194	7.62881097	7.75621985	7.95095262	8.20511664	8.39586076	8.72944142	9.08328222	9.26611674	9.51897249	9.78778554	9.89922632	9.95841302	10.00073369	10.03331295	10.05757201	10.07717988	10.09476802	10.11124318	10.12293411	10.12981438	10.13861041	10.15034380	10.16019341	10.16483307	10.16749511	10.16781810	10.15623932	10.13041723	10.09389997	10.04956604	9.99666640	9.93050433	9.84053348	9.69665260	9.50010654	9.33814378	9.21920345	9.11845127	9.01414996	8.87889967	8.66941594	8.51091850	8.40270677	8.31140044	8.21542936	8.09600737	7.93070868	7.78597391
	7.51432804	7.63679838	7.76095145	7.95920208	8.20414055	8.39232772	8.73474611	9.07942168	9.26103272	9.50920202	9.78612840	9.89498857	9.95278185	9.99453116	10.02667238	10.05036857	10.06926553	10.08627453	10.10232410	10.11370035	10.12031617	10.12882136	10.14033237	10.15033954	10.15546060	10.15874239	10.16009896	10.15005928	10.12611826	10.09152188	10.04912756	9.99825343	9.93437414	9.84752959	9.71241826	9.50781720	9.34723563	9.23003640	9.13155751	9.03041196	8.89960980	8.69018611	8.52048669	8.40923757	8.31797562	8.22319691	8.10438492	7.93431520	7.78547236
	7.54839854	7.67356033	7.80660864	8.01637956	8.22939367	8.41211596	8.79127924	9.09148232	9.27587505	9.54745020	9.80956762	9.90970067	9.96425667	10.00535571	10.03785151	10.06167138	10.08018237	10.09647577	10.11183383	10.12264233	10.12879077	10.13711613	10.14867438	10.15894444	10.16442129	10.16769428	10.16897070	10.15901302	10.13528897	10.10114768	10.05961711	10.01053720	9.94985560	9.86856857	9.74770788	9.54284982	9.37207353	9.25058214	9.15149424	9.05320230	8.92946056	8.72953638	8.54082199	8.42299681	8.33029589	8.23680662	8.12016750	7.94906066	7.79132192
	7.56366601	7.68887926	7.82595952	8.03452490	8.23441031	8.41684288	8.81103766	9.09131334	9.27759505	9.55938452	9.81208653	9.90757233	9.96016179	10.00031482	10.03198107	10.05467919	10.07218343	10.08787538	10.10326928	10.11415465	10.12019235	10.12863650	10.14064562	10.15156779	10.15784292	10.16206047	10.16414442	10.15479754	10.13148290	10.09775594	10.05654803	10.00785539	9.94784237	9.86752282	9.74866167	9.54627849	9.37461228	9.25321960	9.15472922	9.05780568	8.93627268	8.73936417	8.54334735	8.42338013	8.33031599	8.23707116	8.12006936	7.94570537	7.78635906
	7.58681629	7.71962614	7.86973600	8.07201629	8.25431307	8.43715837	8.83806262	9.10302192	9.29483627	9.59857991	9.83143043	9.92317932	9.97525517	10.01628172	10.04951260	10.07324601	10.09095560	10.10627273	10.12080803	10.13093681	10.13661345	10.14486703	10.15687723	10.16793569	10.17453153	10.17856527	10.18038316	10.17088434	10.14732518	10.11343958	10.07249590	10.02492949	9.96742920	9.89187800	9.78205711	9.59062828	9.40311383	9.27438862	9.17319157	9.07721432	8.96109857	8.78042649	8.56647802	8.43923608	8.34407910	8.25191494	8.13860609	7.97078595	7.80018345
	7.62458749	7.76825869	7.94067505	8.11347719	8.27780890	8.47043556	8.88493356	9.11743323	9.31937840	9.66258258	9.84849634	9.93089372	9.98043708	10.02035771	10.05307722	10.07553802	10.09163797	10.10565211	10.11981187	10.12956858	10.13475010	10.14298667	10.15537669	10.16687769	10.17378468	10.17860104	10.18095925	10.17150251	10.14771267	10.11361697	10.07290347	10.02604683	9.96982473	9.89686655	9.79173775	9.60834651	9.41383537	9.28219177	9.18032165	9.08541151	8.97266800	8.80146534	8.57502230	8.44261454	8.34586836	8.25357733	8.14016651	7.96853707	7.79469588
	7.65701790	7.81613966	8.00521243	8.14744592	8.29976517	8.50404642	8.91598470	9.13004067	9.34351760	9.70079961	9.86310815	9.94034020	9.98912337	10.02936713	10.06286299	10.08539138	10.10098108	10.11416552	10.12772958	10.13683787	10.14147296	10.14957542	10.16201997	10.17345428	10.18007434	10.18466842	10.18653781	10.17636395	10.15181606	10.11715426	10.07626219	10.02979991	9.97477666	9.90429292	9.80389536	9.63235429	9.42838545	9.29223981	9.18883318	9.09446081	8.98502729	8.82224468	8.58879007	8.45048511	8.35194413	8.25998603	8.14834924	7.98024911	7.79921794
	7.69851089	7.88249759	8.05772864	8.18341408	8.32357110	8.54790474	8.94410709	9.14220806	9.37273658	9.73020558	9.87575881	9.94868416	9.99682669	10.03903690	10.07440190	10.09805288	10.11391044	10.12701590	10.14040963	10.14894424	10.15302688	10.16097752	10.17340129	10.18447741	10.19015157	10.19340770	10.19386827	10.18223927	10.15625804	10.12040107	10.07881109	10.03231770	9.97798170	9.90926476	9.81261970	9.65260609	9.44092345	9.30103536	9.19640275	9.10272759	8.99642555	8.84061452	8.60299903	8.45865218	8.35850065	8.26725302	8.15815331	7.99598406	7.80572470
	7.70744785	7.89390133	8.06711827	8.19569904	8.33775145	8.59018321	8.96865268	9.15661503	9.40559136	9.75727082	9.88761422	9.95714498	10.00492359	10.04806332	10.08269095	10.10425557	10.11755948	10.12902675	10.14186251	10.14975943	10.15305994	10.16105790	10.17389074	10.18520748	10.19081119	10.19409716	10.19442968	10.18210815	10.15523045	10.11862091	10.07680931	10.03075684	9.97727730	9.91007189	9.81598780	9.66362996	9.44661360	9.30420740	9.19879822	9.10560053	9.00113328	8.84934541	8.60953347	8.46131986	8.35995337	8.26866285	8.16014412	7.99889914	7.80558741
	7.71566120	7.90503847	8.07694190	8.20539234	8.34775783	8.62183584	8.98147324	9.16566824	9.42902141	9.77191942	9.89442784	9.96238487	10.01063219	10.05479535	10.09001970	10.11109242	10.12317061	10.13369160	10.14622992	10.15360425	10.15631856	10.16423124	10.17719053	10.18849809	10.19391667	10.19706518	10.19708027	10.18412937	10.15645977	10.11919187	10.07699337	10.03102457	9.97800553	9.91170118	9.81937810	9.67291664	9.45268413	9.30804096	9.20175388	9.10869079	9.00550355	8.85690529	8.61636853	8.46493574	8.36259353	8.27143711	8.16393776	8.00538968	7.80859866
	7.71727088	7.90674185	8.08196391	8.21443931	8.36219629	8.66855651	9.00131276	9.18336556	9.46914805	9.79385455	9.90632153	9.97252841	10.02062213	10.06587446	10.10104481	10.11989722	10.12870221	10.13660558	10.14798601	10.15444117	10.15652347	10.16456442	10.17795161	10.18944200	10.19477825	10.19826563	10.19803727	10.18407998	10.15535576	10.11741725	10.07492696	10.02936555	9.97738494	9.91255678	9.82251041	9.68140771	9.45800144	9.31053187	9.20309207	9.11003457	9.00797063	8.86229018	8.62121256	8.46657496	8.36298144	8.27146707	8.16405729	8.00547672	7.80781475
	7.71072995	7.89753881	8.07839924	8.21473914	8.36767714	8.69214285	9.00966458	9.19332543	9.49383789	9.80574446	9.91359286	9.97941588	10.02808722	10.07452393	10.11029360	10.12788608	10.13456091	10.14011091	10.14989486	10.15509222	10.15627905	10.16422347	10.17797311	10.18993643	10.19569236	10.19991539	10.19983934	10.18524243	10.15564344	10.11713634	10.07435314	10.02905249	9.97793578	9.91437191	9.82641353	9.68923991	9.46430781	9.31380935	9.20515048	9.11200774	9.01090411	8.86791345	8.62709534	8.46935194	8.36473971	8.27324256	8.16663134	8.00973574	7.81030947
	7.70639877	7.89402513	8.07671202	8.21724512	8.37849179	8.73406492	9.02312023	9.20967115	9.53586009	9.82235892	9.92485144	9.98966042	10.03966483	10.08778742	10.12399321	10.14008779	10.14361024	10.14510122	10.15211056	10.15531507	10.15542140	10.16330383	10.17754334	10.19007266	10.19631393	10.20155370	10.20144710	10.18566377	10.15472403	10.11522785	10.07208192	10.02722658	9.97746102	9.91588038	9.83100948	9.69893415	9.47248540	9.31763043	9.20720145	9.11387815	9.01406008	8.87460059	8.63459147	8.47259693	8.36640475	8.27474549	8.16897719	8.01427172	7.81278948
	7.71377887	7.91140058	8.08525558	8.22538365	8.39451377	8.77973704	9.03712485	9.22824598	9.58590866	9.83788799	9.93609322	10.00028029	10.05240522	10.10294596	10.14012622	10.15521692	10.15602415	10.15404993	10.15807621	10.15921576	10.15832338	10.16611452	10.18076032	10.19362259	10.20016890	10.20581465	10.20515378	10.18784370	10.15527976	10.11447016	10.07065492	10.02599432	9.97728981	9.91752202	9.83545185	9.70814463	9.48123974	9.32194545	9.20965475	9.11604269	9.01737715	8.88117493	8.64248186	8.47618799	8.36842319	8.27662370	8.17177047	8.01925480	7.81597982
	7.72400074	7.93393759	8.09616124	8.23630819	8.41414492	8.82365471	9.05369956	9.25015066	9.64141522	9.85393331	9.94844150	10.01152613	10.06553471	10.11820818	10.15588670	10.16942898	10.16782503	10.16263464	10.16354658	10.16275573	10.16115086	10.16907385	10.18405774	10.19707249	10.20376764	10.20948869	10.20768337	10.18851277	10.15411584	10.11189482	10.06724912	10.02268970	9.97482888	9.91659189	9.83663630	9.71264356	9.48550041	9.32311037	9.20946935	9.11555981	9.01743369	8.88287119	8.64525179	8.47670556	8.36792606	8.27579109	8.17098489	8.01875925	7.81542563
	7.73966948	7.97033064	8.11327102	8.24982969	8.43861097	8.85654097	9.06773758	9.27408836	9.69048131	9.87000660	9.96036446	10.02426324	10.08174834	10.13872709	10.17852574	10.19102517	10.18674778	10.17837261	10.17583081	10.17219532	10.16910306	10.17683125	10.19218345	10.20582945	10.21276081	10.21813845	10.21528333	10.19384632	10.15714500	10.11302222	10.06699946	10.02213428	9.97496499	9.91845345	9.84126865	9.72233195	9.49709626	9.32946110	9.21354838	9.11918845	9.02222438	8.89125452	8.65637550	8.48248654	8.37193822	8.27982552	8.17652204	8.02779222	7.82204213
	7.74400417	7.98804102	8.12400620	8.26068599	8.46395135	8.88193725	9.08108730	9.29984750	9.72149162	9.88538563	9.97221699	10.03702445	10.09835263	10.15997462	10.20168821	10.21278136	10.20538740	10.19371604	10.18736225	10.18048766	10.17591707	10.18353599	10.19951215	10.21422588	10.22145144	10.22655814	10.22240887	10.19840151	10.15913536	10.11301264	10.06555638	10.02025633	9.97383126	9.91906722	9.84471363	9.73049176	9.50751463	9.33456015	9.21631486	9.12140450	9.02533706	8.89733640	8.66536287	8.48681627	8.37456676	8.28226752	8.18000309	8.03390996	7.82690407
	7.74946932	8.00395249	8.13522120	8.27092266	8.48981767	8.90340668	9.09254599	9.32587423	9.74533490	9.89805265	9.98264544	10.04953926	10.11568519	10.18266050	10.22682387	10.23651591	10.22580149	10.21074424	10.20079910	10.19066115	10.18459060	10.19195864	10.20860549	10.22401953	10.23170859	10.23638562	10.23094334	10.20445011	10.16241540	10.11410141	10.06507378	10.01896961	9.97298118	9.91959706	9.84788892	9.73802662	9.51892184	9.34040503	9.21968314	9.12409729	9.02878393	8.90350745	8.67508190	8.49164232	8.37770270	8.28523591	8.18406569	8.04068165	7.83262021
	7.74870477	8.01051106	8.14381617	8.28037985	8.51718269	8.92443730	9.10594776	9.35767657	9.76987847	9.91233515	9.99522978	10.06530077	10.13661728	10.20860631	10.25464016	10.26208624	10.24727629	10.22799170	10.21443499	10.20061041	10.19316314	10.20058619	10.21818965	10.23440048	10.24223906	10.24674733	10.23964584	10.21025634	10.16519696	10.11408528	10.06328857	10.01610902	9.97034339	9.91840906	9.84970132	9.74446358	9.52952088	9.34485389	9.22135752	9.12480123	9.02974922	8.90614981	8.67994308	8.49335128	8.37805001	8.28504804	8.18393730	8.04111008	7.83303370
	7.76384547	8.02792450	8.15828408	8.29863095	8.56284453	8.94956042	9.12337905	9.40381878	9.79785721	9.92792083	10.01057922	10.08597810	10.16446130	10.24428348	10.29348702	10.29818163	10.27818948	10.25368087	10.23563505	10.21815105	10.20908007	10.21643269	10.23445965	10.25037275	10.25790392	10.26175481	10.25237424	10.21943228	10.17092838	10.11656114	10.06319175	10.01454404	9.96847510	9.91779920	9.85205562	9.75193965	9.54417534	9.35213426	9.22512346	9.12729504	9.03254457	8.91107122	8.68888088	8.49749378	8.38037425	8.28679067	8.18606259	8.04468328	7.83630860
	7.78764105	8.04948037	8.17538279	8.32148915	8.62163392	8.97682213	9.14342775	9.46157007	9.82756623	9.94563355	10.02881794	10.11030142	10.19736028	10.28703732	10.34012954	10.34190663	10.31591575	10.28552280	10.26232027	10.24115462	10.23010181	10.23776217	10.25560460	10.27100357	10.27799314	10.28080160	10.26853275	10.23124581	10.17850399	10.12055334	10.06400808	10.01355683	9.96668769	9.91699365	9.85401784	9.75913965	9.55997294	9.36013519	9.22924835	9.12991643	9.03528719	8.91569846	8.69776239	8.50160464	8.38267167	8.28846003	8.18800711	8.04790956	7.83944983
	7.80374423	8.06137973	8.18494688	8.33572579	8.66855994	8.99107010	9.15611161	9.50809354	9.84395729	9.95632048	10.04169394	10.12902769	10.22514630	10.32448030	10.38030376	10.37952229	10.34934415	10.31327196	10.28486425	10.25940149	10.24643941	10.25381385	10.27177297	10.28738388	10.29435599	10.29668871	10.28230307	10.24153150	10.18511083	10.12403987	10.06475013	10.01240054	9.96454924	9.91525491	9.85425321	9.76362774	9.57274701	9.36697340	9.23290276	9.13239702	9.03801280	8.92035807	8.70709810	8.50627065	8.38571744	8.29125742	8.19164302	8.05390257	7.84524071
	7.82189303	8.07156448	8.19437052	8.35203866	8.72809898	9.00700699	9.17395205	9.56719718	9.86180690	9.96948743	10.05811176	10.15256849	10.25848106	10.36734835	10.42419476	10.41995621	10.38478531	10.34331784	10.30883939	10.27845691	10.26379211	10.27130127	10.28942050	10.30527563	10.31262920	10.31501079	10.29837406	10.25379577	10.19322758	10.12844985	10.06614944	10.01097139	9.96147920	9.91177161	9.85236654	9.76604344	9.58424130	9.37266222	9.23500788	9.13297571	9.03822745	8.92138631	8.71085031	8.50763612	8.38577891	8.29062687	8.19065664	8.05290477	7.84488198
	7.85975143	8.08734108	8.21021094	8.37417840	8.79732795	9.02541484	9.19885539	9.64907995	9.88137582	9.98650002	10.08057427	10.18643554	10.30885739	10.43240245	10.49583018	10.48759051	10.44160056	10.39212224	10.34990749	10.31206956	10.29404916	10.30107936	10.31952087	10.33564185	10.34308792	10.34505972	10.32505680	10.27491220	10.20810716	10.13781889	10.07128263	10.01235579	9.96081428	9.91036459	9.85267755	9.77166584	9.60537415	9.38456956	9.24121141	9.13689645	9.04195584	8.92720977	8.72445830	8.51430614	8.38962329	8.29356515	8.19407280	8.05859951	7.85142724
	7.89776452	8.10011567	8.22428590	8.39462699	8.83255142	9.03881732	9.22144080	9.69980380	9.89598905	9.99968741	10.10016619	10.21636728	10.35330708	10.48898328	10.56063981	10.54893200	10.49279853	10.43481097	10.38693515	10.34256822	10.32159340	10.32816126	10.34674332	10.36296437	10.37036838	10.37179154	10.34876346	10.29373576	10.22144818	10.14629037	10.07607371	10.01423335	9.96050740	9.90910330	9.85221421	9.77481346	9.62072842	9.39325558	9.24548547	9.13945557	9.04440125	8.93117311	8.73421815	8.51886067	8.39203321	8.29523204	8.19602443	8.06211076	7.85579308
	7.93465315	8.11175355	8.23606245	8.41594601	8.85597746	9.05088238	9.24419607	9.72870598	9.90929014	10.01229508	10.11927501	10.24576748	10.39455030	10.54612015	10.61868535	10.60805724	10.54476941	10.47470414	10.42206940	10.37228136	10.34850729	10.35463808	10.37339324	10.38977354	10.39734255	10.39836726	10.37277346	10.31327027	10.23567382	10.15568896	10.08169503	10.01718842	9.96075849	9.90801625	9.85105438	9.77588845	9.63210399	9.39991705	9.24847526	9.14096959	9.04574879	8.93348330	8.74057652	8.52162599	8.39313036	8.29556064	8.19623721	8.06291937	7.85722313
	7.96448914	8.12060855	8.24587456	8.43641830	8.87521187	9.05959159	9.26625659	9.75292390	9.92018204	10.02428615	10.13916309	10.27953246	10.44534632	10.61713549	10.66638908	10.65962007	10.60828737	10.52810986	10.46578789	10.40914473	10.38154304	10.38689238	10.40591745	10.42286039	10.43091637	10.43156447	10.40327346	10.33830408	10.25404582	10.16789057	10.08918024	10.02146373	9.96208102	9.90795257	9.85095609	9.77815495	9.64783507	9.40903950	9.25285055	9.14347999	9.04821678	8.93749160	8.75156253	8.52652371	8.39562793	8.29723765	8.19825008	8.06666807	7.86213122
	7.99961150	8.13243548	8.25756897	8.46369038	8.89671896	9.06944817	9.29429206	9.77607735	9.93093660	10.03849086	10.16229461	10.31751088	10.51022627	10.66911084	10.69668415	10.68682815	10.65805967	10.58980966	10.51554143	10.45195818	10.42060592	10.42505687	10.44401244	10.46158990	10.46959921	10.46985562	10.43993499	10.36931140	10.27708826	10.18349591	10.09913515	10.02761676	9.96507697	9.90902000	9.85123577	9.77965897	9.66106353	9.41650307	9.25571049	9.14454795	9.04925903	8.93976740	8.75901467	8.52888199	8.39590070	8.29664187	8.19753297	8.06662172	7.86303923
	8.01752443	8.14373812	8.26765946	8.48996056	8.91483411	9.07902586	9.32006902	9.79386360	9.93938653	10.05121658	10.18259707	10.35334446	10.56958055	10.69387524	10.72142665	10.70953700	10.68279100	10.63753544	10.56181238	10.49032031	10.45613911	10.45997406	10.47788269	10.49629394	10.50560848	10.50594479	10.47404890	10.39935231	10.29983526	10.19931240	10.10960688	10.03452526	9.96958694	9.91150222	9.85299576	9.78203891	9.67322366	9.42440258	9.25929368	9.14639820	9.05114635	8.94301398	8.76840004	8.53245519	8.39724814	8.29717834	8.19812600	8.06820360	7.86535292
	8.03032960	8.15441054	8.27634686	8.51236045	8.92729260	9.08665286	9.34077359	9.80530685	9.94625745	10.06134813	10.19919866	10.38289637	10.60774593	10.71056805	10.73762057	10.72648400	10.69976490	10.66202899	10.59832726	10.52381188	10.48617877	10.48912387	10.50727541	10.52626778	10.53593621	10.53647302	10.50233068	10.42396264	10.31852077	10.21230335	10.11822679	10.04013987	9.97337797	9.91372687	9.85464888	9.78407457	9.67959152	9.43061297	9.26209438	9.14774153	9.05247755	8.94539377	8.77599482	8.53533933	8.39825786	8.29747739	8.19843927	8.06934568	7.86728865
	8.04703650	8.16800574	8.28706267	8.54143237	8.94072665	9.09514901	9.36707414	9.81868107	9.95423564	10.07382647	10.22171699	10.42197133	10.65264187	10.73205897	10.75743174	10.74900512	10.72256198	10.68971867	10.64321482	10.57299641	10.53064116	10.53218005	10.55037575	10.57068081	10.58051700	10.58159039	10.54419046	10.45928731	10.34518370	10.23054513	10.12999674	10.04747843	9.97807809	9.91626958	9.85642441	9.78637241	9.68575825	9.43819883	9.26523756	9.14891577	9.05368011	8.94804715	8.78555290	8.53874214	8.39919923	8.29754086	8.19862665	8.07080851	7.87007472
	8.05351499	8.17284529	8.29174027	8.55422726	8.94647655	9.09983000	9.37881891	9.82396118	9.95824203	10.07814156	10.22685381	10.42902944	10.65620752	10.73639029	10.76183084	10.75445925	10.72933077	10.69687489	10.65119903	10.58951465	10.54651091	10.54808689	10.56612534	10.58581037	10.59659733	10.59781600	10.55848528	10.47152427	10.35490918	10.23760467	10.13501702	10.05111664	9.98079569	9.91811875	9.85743732	9.78644533	9.68496822	9.43610196	9.26310394	9.14700570	9.05202941	8.94635458	8.78148874	8.53565960	8.39632950	8.29452416	8.19507844	8.06606285	7.86486573
	8.06128822	8.17872311	8.29634561	8.56741814	8.95206765	9.10348780	9.39040709	9.82967438	9.96162154	10.08344672	10.23635051	10.44370481	10.67336785	10.74511680	10.76988871	10.76361657	10.73912344	10.70731577	10.66854240	10.61144985	10.56587168	10.56671287	10.58530077	10.60574453	10.61678519	10.61838329	10.57715071	10.48647016	10.36642477	10.24549155	10.14011531	10.05428424	9.98276743	9.91908675	9.85791157	9.78685043	9.68618267	9.43747041	9.26313775	9.14650745	9.05166765	8.94647950	8.78304205	8.53558707	8.39557955	8.29347248	8.19391941	8.06494208	7.86420310
	8.07256875	8.18567908	8.30256713	8.58822824	8.95753068	9.10718304	9.40775866	9.83563634	9.96499767	10.09089357	10.25266744	10.47601042	10.69049382	10.75791743	10.78189840	10.77662153	10.75506303	10.72465045	10.68668721	10.64519291	10.60578946	10.60557909	10.62219387	10.63889811	10.64854516	10.64985766	10.61606162	10.52074330	10.39289977	10.26385488	10.15209708	10.06195420	9.98771825	9.92227250	9.86021265	9.78931535	9.69055643	9.44362507	9.26550213	9.14719633	9.05237528	8.94837031	8.78939905	8.53787563	8.39590308	8.29317359	8.19383944	8.06599069	7.86596608
	8.08002712	8.19049702	8.30733466	8.60464954	8.96182908	9.11076072	9.42004650	9.83975145	9.96797946	10.09622541	10.26251732	10.49666237	10.69978619	10.76550650	10.78935660	10.78479424	10.76465144	10.73554894	10.69976262	10.66090200	10.63200867	10.63140203	10.64398464	10.65708632	10.66421393	10.66524594	10.64094531	10.54635519	10.41317428	10.27818252	10.16174327	10.06834902	9.99208205	9.92533917	9.86237918	9.79099926	9.69239043	9.44515592	9.26503621	9.14614628	9.05153256	8.94817420	8.79068817	8.53719768	8.39432950	8.29114124	8.19156585	8.06358816	7.86384645
	8.08730905	8.19536983	8.31267575	8.62234264	8.96662469	9.11509971	9.43281599	9.84414372	9.97133859	10.10124704	10.27046073	10.51046445	10.70643996	10.77125063	10.79513964	10.79115986	10.77208556	10.74396852	10.70980747	10.67216661	10.64812081	10.64746464	10.65821490	10.66943751	10.67534989	10.67642176	10.65613894	10.56906007	10.43048959	10.29071882	10.17032388	10.07418683	9.99615250	9.92828040	9.86441827	9.79235661	9.69329832	9.44520713	9.26391709	9.14477666	9.05047886	8.94761015	8.79089809	8.53586310	8.39249138	8.28895969	8.18905763	8.06059248	7.86067806
	8.09692762	8.20198529	8.31997241	8.64668327	8.97234504	9.12029059	9.45080395	9.85033105	9.97639548	10.10959486	10.28724823	10.54078309	10.71868715	10.78139236	10.80492542	10.80183491	10.78423253	10.75791704	10.72645089	10.69115393	10.67216922	10.67136499	10.67899371	10.68794211	10.69297573	10.69404635	10.67639545	10.60724331	10.46041955	10.31175450	10.18422513	10.08330352	10.00225069	9.93270939	9.86781038	9.79547450	9.69692925	9.44976125	9.26516421	9.14460146	9.05034688	8.94831852	8.79410335	8.53666680	8.39178795	8.28764865	8.18766196	8.05958566	7.86016288
	8.10591860	8.20812249	8.32724802	8.66995530	8.97747920	9.12514434	9.46761775	9.85550480	9.98064527	10.11615113	10.30010934	10.56557021	10.72781818	10.78913942	10.81247407	10.81002287	10.79339864	10.76840452	10.73863150	10.70579382	10.68806248	10.68718840	10.69414412	10.70182443	10.70632463	10.70700764	10.68986265	10.63229031	10.48484182	10.32934624	10.19599443	10.09117917	10.00762308	9.93667406	9.87090802	9.79826407	9.69991605	9.45329432	9.26621976	9.14452159	9.05030713	8.94887522	8.79718143	8.53710987	8.39116958	8.28656669	8.18644276	8.05849081	7.85922416
	8.11130867	8.21090232	8.33062582	8.68309212	8.97875389	9.12586312	9.47664083	9.85741343	9.98239952	10.12100800	10.31375721	10.59179455	10.73682600	10.79628035	10.81957967	10.81808769	10.80270529	10.77935759	10.75165249	10.72157431	10.70504332	10.70399099	10.71030329	10.71691759	10.72120379	10.72186281	10.70564736	10.65907963	10.52125232	10.35444758	10.21226711	10.10144825	10.01428498	9.94141852	9.87471028	9.80219274	9.70510179	9.46068756	9.26892367	9.14491532	9.05056581	8.95020581	8.80140924	8.53930130	8.39117940	8.28586676	8.18596256	8.05923815	7.86078726
	8.11821784	8.21546448	8.33663783	8.70106430	8.98303300	9.13002690	9.48915033	9.86140772	9.98566433	10.12517289	10.32084227	10.60736328	10.74191809	10.80121651	10.82471684	10.82386374	10.80915557	10.78683305	10.76037997	10.73204256	10.71648363	10.71555520	10.72141552	10.72734335	10.73135012	10.73170614	10.71567621	10.67388642	10.54309230	10.37039961	10.22316675	10.10874730	10.01923450	9.94491077	9.87702688	9.80349571	9.70544280	9.45899806	9.26619764	9.14192355	9.04797826	8.94805208	8.79780955	8.53599608	8.38759953	8.28185540	8.18133644	8.05356266	7.85531531
	8.12293963	8.21877472	8.34141170	8.71369519	8.98642313	9.13344700	9.49672394	9.86396244	9.98755625	10.12688859	10.32208907	10.61289165	10.74315776	10.80297433	10.82683706	10.82630927	10.81191785	10.79004072	10.76408850	10.73652616	10.72146309	10.72072737	10.72647934	10.73212561	10.73604842	10.73621058	10.72013608	10.67861941	10.55360801	10.37841241	10.22902376	10.11285938	10.02206294	9.94682961	9.87798726	9.80343538	9.70405758	9.45460125	9.26231292	9.13851398	9.04510934	8.94551357	8.79412562	8.53218342	8.38404421	8.27805400	8.17692102	8.04791237	7.84951865
	8.12332826	8.21840344	8.34147814	8.71459506	8.98552394	9.13248413	9.49625337	9.86303414	9.98665462	10.12672367	10.32415569	10.61912255	10.74466918	10.80424240	10.82838819	10.82827341	10.81430544	10.79295000	10.76756498	10.74066963	10.72603088	10.72536956	10.73098810	10.73659186	10.74061491	10.74086511	10.72519799	10.68478122	10.56946180	10.38914837	10.23606318	10.11718842	10.02463539	9.94835085	9.87873502	9.80379462	9.70418577	9.45384376	9.26069537	9.13644857	9.04325394	8.94417528	8.79267132	8.53080731	8.38229429	8.27607851	8.17483971	8.04577586	7.84767524
	8.12713728	8.22097110	8.34526318	8.72676460	8.98791496	9.13502901	9.50308549	9.86510316	9.98820838	10.12859119	10.32734059	10.62414465	10.74647567	10.80606383	10.83047370	10.83067070	10.81717652	10.79648865	10.77197106	10.74616555	10.73228611	10.73193925	10.73736167	10.74267626	10.74639930	10.74631946	10.73057866	10.69069251	10.58380709	10.39978057	10.24321706	10.12181044	10.02753775	9.95018485	9.87971537	9.80406636	9.70345779	9.45076328	9.25751100	9.13333951	9.04045155	8.94163186	8.78906581	8.52750060	8.37924187	8.27279454	8.17099702	8.04084474	7.84281700
	8.13543951	8.22686082	8.35452098	8.75754259	8.99253881	9.14000514	9.51707461	9.86870324	9.99082512	10.13239401	10.33521371	10.63918750	10.75216699	10.81159635	10.83662923	10.83763579	10.82520372	10.80605594	10.78347259	10.76007583	10.74785225	10.74790655	10.75287235	10.75762969	10.76082206	10.76016496	10.74468045	10.70668033	10.62292610	10.42907382	10.26308600	10.13474939	10.03606573	9.95631300	9.88453153	9.80835254	9.70711943	9.45197134	9.25506621	9.12955468	9.03704408	8.93955379	8.78947948	8.52568681	8.37612005	8.26871626	8.16624967	8.03559407	7.83828664
	8.14076661	8.23086939	8.36052164	8.77597088	8.99648702	9.14446311	9.52930212	9.87234233	9.99374796	10.13541099	10.33917863	10.64506580	10.75463267	10.81423653	10.83956101	10.84093139	10.82903565	10.81065390	10.78903872	10.76679170	10.75538722	10.75565171	10.76032524	10.76466207	10.76740756	10.76626330	10.75053420	10.71290306	10.63864905	10.44036168	10.27121181	10.14034165	10.03999417	9.95923804	9.88672684	9.80982156	9.70734371	9.44979477	9.25234791	9.12673724	9.03442483	8.93708713	8.78430718	8.52252689	8.37316711	8.26538296	8.16211501	8.02999750	7.83321648
	8.14751012	8.23552527	8.36813555	8.79445356	8.99978789	9.14837023	9.54086198	9.87505018	9.99611169	10.13905933	10.34723045	10.65250966	10.75934288	10.81868052	10.84452026	10.84656129	10.83543488	10.81803875	10.79756211	10.77669483	10.76615870	10.76647290	10.77070204	10.77455395	10.77683898	10.77525289	10.75968809	10.72321816	10.65597638	10.46500826	10.28814124	10.15150717	10.04745728	9.96450211	9.89092190	9.81355702	9.71074086	9.45268888	9.25185305	9.12477179	9.03234735	8.93594242	8.78461251	8.52194598	8.37160054	8.26324709	8.15963306	8.02727951	7.83076889
	8.15233507	8.23873802	8.37357451	8.80352451	9.00177599	9.15074252	9.54936016	9.87622284	9.99698867	10.14048628	10.35087476	10.65603797	10.76162930	10.82103293	10.84741302	10.85000829	10.83952714	10.82283869	10.80319167	10.78331797	10.77338301	10.77372102	10.77767528	10.78123946	10.78323963	10.78139041	10.76600631	10.73031190	10.66717580	10.48352814	10.30125841	10.16045254	10.05356829	9.96882474	9.89419778	9.81605475	9.71220514	9.45247148	9.25012043	9.12226623	9.02968481	8.93380345	8.78187430	8.51995826	8.36960580	8.26101603	8.15695707	8.02377488	7.82738195
	8.15624136	8.24114536	8.37786829	8.80942385	9.00279175	9.15199713	9.55495308	9.87631857	9.99692407	10.14099567	10.35366888	10.65871415	10.76354740	10.82306366	10.85003830	10.85322164	10.84341148	10.82737354	10.80849625	10.78952667	10.78011694	10.78046591	10.78419470	10.78754003	10.78934373	10.78731472	10.77221483	10.73736266	10.67631960	10.50358917	10.31545937	10.17008857	10.06008759	9.97334825	9.89756334	9.81853132	9.71357194	9.45202041	9.24816456	9.11949638	9.02667752	8.93135217	8.77872005	8.51778384	8.36752878	8.25877954	8.15433699	8.02036585	7.82397403
	8.15739964	8.24225930	8.37955330	8.81116391	9.00394468	9.15330777	9.55751523	9.87717631	9.99760988	10.14134985	10.35339842	10.65841275	10.76370961	10.82344222	10.85048309	10.85373757	10.84396549	10.82796248	10.80910929	10.79015858	10.78076564	10.78111702	10.78481371	10.78810000	10.78982629	10.78768349	10.77246985	10.73756280	10.67633894	10.50413908	10.31622552	10.17088088	10.06081846	9.97401110	9.89814867	9.81897751	9.71372281	9.45182574	9.24804454	9.11937839	9.02648159	8.93107258	8.77784880	8.51752104	8.36739994	8.25861391	8.15401550	8.01975873	7.82339471
	8.16367457	8.24716593	8.38779495	8.82039368	9.00746093	9.15745945	9.56949754	9.87926555	9.99927288	10.14305740	10.35659484	10.66127590	10.76644890	10.82677905	10.85466776	10.85891664	10.85010289	10.83516269	10.81746077	10.79983440	10.79121811	10.79161145	10.79489018	10.79768466	10.79877798	10.79604903	10.78074905	10.74660213	10.68786281	10.53289569	10.33635133	10.18492798	10.07057225	9.98115489	9.90397766	9.82408697	9.71799047	9.45452168	9.24700652	9.11667657	9.02308716	8.92807329	8.77364095	8.51514359	8.36502973	8.25581256	8.15041622	8.01475700	7.81882298
	8.16582452	8.24863890	8.39043674	8.82330652	9.00793621	9.15800954	9.57249762	9.87913878	9.99912581	10.14338621	10.35895236	10.66342740	10.76753676	10.82774778	10.85604199	10.86093016	10.85278996	10.83869632	10.82189977	10.80529312	10.79724722	10.79769164	10.80074842	10.80326309	10.80396191	10.80100206	10.78569715	10.75196404	10.69473850	10.55070835	10.34771774	10.19248450	10.07548958	9.98453619	9.90668645	9.82671333	9.72077152	9.45696980	9.24664318	9.11512530	9.02115384	8.92647408	8.77194266	8.51404443	8.36376250	8.25432106	8.14865540	8.01263997	7.81693616
	8.17281888	8.25484134	8.40030412	8.83217000	9.01217263	9.16260043	9.58289450	9.88091873	10.00019474	10.14348542	10.35781468	10.66282830	10.76783217	10.82891848	10.85805176	10.86368890	10.85634431	10.84315491	10.82731060	10.81175560	10.80439196	10.80480544	10.80746338	10.80937151	10.80931870	10.80560397	10.78975148	10.75610745	10.69981703	10.56487695	10.35802461	10.20023493	10.08118968	9.98877619	9.91017831	9.82979579	9.72335603	9.45823069	9.24569115	9.11332093	9.01898445	8.92429834	8.76770686	8.51176635	8.36189847	8.25226919	8.14586468	8.00828851	7.81287382
	8.17700145	8.25831330	8.40637086	8.83711296	9.01356901	9.16416553	9.58977566	9.88097138	10.00007335	10.14337856	10.35905326	10.66435493	10.76931541	10.83119866	10.86147815	10.86826415	10.86204034	10.85000799	10.83543700	10.82132094	10.81481984	10.81529328	10.81753117	10.81879146	10.81795494	10.81349963	10.79742949	10.76451659	10.71092035	10.59999326	10.38167419	10.21645379	10.09201678	9.99639564	9.91636306	9.83580394	9.72981353	9.46500733	9.24620235	9.11136107	9.01588027	8.92118367	8.76309882	8.50917078	8.35964173	8.24989080	8.14288688	8.00401897	7.80870284
	8.18325153	8.26443663	8.41622444	8.84501001	9.01784161	9.16905731	9.60257092	9.88352134	10.00214859	10.14548158	10.36217639	10.66608045	10.77070359	10.83301390	10.86402145	10.87156621	10.86614699	10.85496360	10.84135717	10.82827080	10.82238431	10.82285055	10.82471478	10.82538149	10.82385085	10.81880736	10.80258012	10.77011974	10.71790217	10.62083609	10.39762811	10.22776742	10.09976774	10.00195674	9.92095156	9.84037690	9.73513951	9.47234274	9.24834120	9.11133534	9.01480209	8.91996579	8.76215576	8.50899848	8.35932645	8.24927001	8.14176764	8.00221887	7.80701276
	8.18987436	8.27108978	8.42741141	8.85331164	9.02214533	9.17407207	9.61764663	9.88572803	10.00386406	10.14657869	10.36310581	10.66706416	10.77242107	10.83539282	10.86745540	10.87614094	10.87190762	10.86191019	10.84954775	10.83764980	10.83222779	10.83245285	10.83365878	10.83352011	10.83109523	10.82527910	10.80864037	10.77685797	10.72641896	10.64221373	10.42171771	10.24532947	10.11212524	10.01094242	9.92824737	9.84736023	9.74302040	9.48395818	9.25223575	9.11191026	9.01367120	8.91828885	8.76020036	8.50829791	8.35870912	8.24838726	8.14009964	7.99877632	7.80399151
	8.19316498	8.27433221	8.43289360	8.85677237	9.02336145	9.17540346	9.62232100	9.88558832	10.00364377	10.14679044	10.36490821	10.66805937	10.77259654	10.83593065	10.86872812	10.87825522	10.87477919	10.86556296	10.85399958	10.84302886	10.83797535	10.83809536	10.83898002	10.83843698	10.83559686	10.82950338	10.81303849	10.78221511	10.73339565	10.65784575	10.44012278	10.25796226	10.12059582	10.01674730	9.93275818	9.85165934	9.74811627	9.49196877	9.25484646	9.11207634	9.01253235	8.91673238	8.75831077	8.50768560	8.35832820	8.24801008	8.13941509	7.99729950	7.80257484
	8.19881555	8.28044865	8.44285268	8.86368687	9.02767815	9.18013302	9.63071672	9.88687762	10.00405041	10.14518931	10.35961667	10.66412415	10.77050071	10.83485868	10.86847414	10.87893810	10.87650802	10.86842830	10.85791289	10.84782556	10.84310948	10.84305857	10.84348098	10.84240116	10.83904757	10.83251625	10.81606926	10.78540094	10.73734299	10.66318018	10.45224958	10.26777665	10.12829203	10.02289695	9.93812930	9.85683534	9.75358225	9.49994035	9.25742705	9.11294259	9.01238087	8.91592351	8.75675027	8.50715732	8.35825646	8.24800315	8.13895347	7.99549004	7.80096691
	8.20135415	8.28337357	8.44822873	8.86640937	9.02873344	9.18157920	9.63460898	9.88656952	10.00361831	10.14440980	10.35918498	10.66470987	10.77150674	10.83649113	10.87100190	10.88247180	10.88103563	10.87392817	10.86436605	10.85508306	10.85070606	10.85040010	10.85031614	10.84860741	10.84465166	10.83763853	10.82108745	10.79114767	10.74475066	10.67421927	10.47786276	10.28582098	10.14049312	10.03127947	9.94468146	9.86330558	9.76177696	9.51557031	9.26307478	9.11453942	9.01201318	8.91488695	8.75698090	8.50765117	8.35850245	8.24818664	8.13903703	7.99528294	7.80067676
	8.20317830	8.28550872	8.45130133	8.86650845	9.02809526	9.18065218	9.62730203	9.88367466	10.00118291	10.14239457	10.35758671	10.66257974	10.76895616	10.83455202	10.86987615	10.88219458	10.88154859	10.87517271	10.86629508	10.85770443	10.85351745	10.85302011	10.85259594	10.85059343	10.84640835	10.83938532	10.82328738	10.79457252	10.75013225	10.68240049	10.49851753	10.29966096	10.14944341	10.03694772	9.94864005	9.86705904	9.76708485	9.52922289	9.26929856	9.11697630	9.01251442	8.91475611	8.75938674	8.51022919	8.36056255	8.25012116	8.14111864	7.99894165	7.80303256
	8.20682794	8.28970919	8.45845133	8.87135922	9.03152003	9.18484131	9.63751416	9.88581348	10.00298069	10.14340203	10.35685490	10.66123228	10.76836423	10.83447486	10.87017780	10.88290665	10.88267677	10.87676685	10.86835941	10.86024657	10.85627519	10.85567561	10.85496503	10.85261610	10.84805461	10.84070659	10.82441858	10.79578733	10.75159703	10.68452211	10.50394883	10.30434412	10.15317762	10.03989934	9.95115222	9.86951822	9.76994311	9.53459175	9.27131817	9.11771460	9.01260816	8.91445618	8.75895355	8.51015096	8.36044549	8.24981259	8.14044205	7.99743613	7.80214726
	8.21051177	8.29407603	8.46565773	8.87569567	9.03444276	9.18836607	9.64438445	9.88681846	10.00344387	10.14236290	10.35376171	10.65876255	10.76717122	10.83380529	10.86999224	10.88338134	10.88391214	10.87875401	10.87114349	10.86381535	10.86024109	10.85955422	10.85846005	10.85560791	10.85048636	10.84258093	10.82595491	10.79723876	10.75331761	10.68707603	10.51264688	10.31165837	10.15870555	10.04393658	9.95429292	9.87255969	9.77369706	9.54303311	9.27423650	9.11839610	9.01212402	8.91306260	8.75598096	8.50912069	8.35990897	8.24930750	8.13960477	7.99585280	7.80080308
	8.21617324	8.30085059	8.47720136	8.88265031	9.03936425	9.19458627	9.65576569	9.88962607	10.00574498	10.14374947	10.35355935	10.65725070	10.76625588	10.83360247	10.87045665	10.88459780	10.88603414	10.88174641	10.87502683	10.86861324	10.86541920	10.86456070	10.86293948	10.85941351	10.85362223	10.84519403	10.82839334	10.79991115	10.75676787	10.69196828	10.52708455	10.32263439	10.16664228	10.04968917	9.95880549	9.87687493	9.77889935	9.55476823	9.27802493	9.11911759	9.01128512	8.91102207	8.75152381	8.50715692	8.35851443	8.24789927	8.13773422	7.99249981	7.79847653
	8.21947448	8.30497538	8.48427509	8.88490859	9.04014033	9.19561029	9.65586640	9.88838963	10.00471206	10.14324253	10.35510018	10.65854207	10.76635908	10.83363273	10.87099927	10.88592728	10.88823681	10.88471231	10.87881454	10.87308055	10.87009175	10.86899492	10.86693126	10.86284936	10.85657778	10.84786328	10.83119036	10.80372210	10.76224115	10.70043207	10.55258811	10.34018201	10.17802316	10.05679550	9.96365272	9.88145269	9.78557068	9.57586295	9.28737329	9.12291730	9.01259676	8.91141959	8.75447412	8.50994790	8.36036972	8.24945113	8.13949966	7.99667837	7.80096006
	8.22237148	8.30848317	8.49021953	8.88803697	9.04214059	9.19798958	9.65983055	9.88886555	10.00495707	10.14302508	10.35420258	10.65758092	10.76558204	10.83316795	10.87085574	10.88625929	10.88907617	10.88608898	10.88070180	10.87541796	10.87259527	10.87136604	10.86900459	10.86460388	10.85802896	10.84910501	10.83247552	10.80534036	10.76448037	10.70373743	10.56347385	10.34823032	10.18370687	10.06077117	9.96666783	9.88429933	9.78918315	9.58637472	9.29164546	9.12456503	9.01308188	8.91130170	8.75446612	8.51026595	8.36049358	8.24945857	8.13945303	7.99668329	7.80107324
	8.22634789	8.31354076	8.49907279	8.89230393	9.04497337	9.20156210	9.66297871	9.88953303	10.00528393	10.14236092	10.35201234	10.65564884	10.76477232	10.83318532	10.87153415	10.88767174	10.89129096	10.88910046	10.88440143	10.87974502	10.87709554	10.87560797	10.87271233	10.86775432	10.86066863	10.85131907	10.83461063	10.80791937	10.76793627	10.70887554	10.58145648	10.36183705	10.19347554	10.06763051	9.97186830	9.88920707	9.79541565	9.60565407	9.29944010	9.12767655	9.01424668	8.91154161	8.75537046	8.51110901	8.36079883	8.24952944	8.13950052	7.99703490	7.80150890
	8.22666084	8.31417354	8.49988300	8.89152783	9.04409094	9.20031832	9.65762251	9.88738580	10.00328727	10.14013862	10.34962775	10.65449253	10.76398052	10.83272903	10.87148307	10.88806985	10.89212324	10.89029851	10.88590213	10.88153412	10.87891682	10.87730682	10.87418584	10.86903525	10.86184196	10.85246292	10.83589871	10.80971424	10.77058340	10.71296094	10.59614860	10.37245377	10.20058421	10.07222652	9.97507266	9.89216706	9.79950997	9.62081767	9.30629406	9.13072353	9.01581083	8.91277718	8.75941269	8.51385858	8.36256635	8.25108991	8.14142567	8.00077326	7.80418695
	8.22495006	8.31238060	8.49653367	8.88827712	9.04127753	9.19679287	9.64853533	9.88418026	10.00042687	10.13728731	10.34750787	10.65395104	10.76360953	10.83246743	10.87155286	10.88857179	10.89301745	10.89152469	10.88741373	10.88328548	10.88070537	10.87899506	10.87570228	10.87041006	10.86312760	10.85366562	10.83732991	10.81157322	10.77334514	10.71715281	10.61166716	10.38406565	10.20801988	10.07660799	9.97775437	9.89446010	9.80285611	9.63527731	9.31253135	9.13300545	9.01649855	8.91305710	8.76142167	8.51552497	8.36351098	8.25188300	8.14254867	8.00288973	7.80613961
	8.22766069	8.31595017	8.50243467	8.89103125	9.04318885	9.19891778	9.65120340	9.88398141	9.99992866	10.13573251	10.34405118	10.65105330	10.76167151	10.83135567	10.87095338	10.88854699	10.89364635	10.89274935	10.88918607	10.88547134	10.88304832	10.88115181	10.87754116	10.87194007	10.86436324	10.85474016	10.83846444	10.81313624	10.77569439	10.72077621	10.62631670	10.39495504	10.21601172	10.08229818	9.98209974	9.89856300	9.80803798	9.65401206	9.32060240	9.13666599	9.01839535	8.91425304	8.76436058	8.51754096	8.36467222	8.25279932	8.14370131	8.00502274	7.80813480
	8.23099948	8.32015998	8.50960252	8.89490448	9.04589962	9.20217071	9.65711119	9.88492234	10.00033807	10.13505131	10.34205659	10.64918431	10.76042427	10.83061504	10.87053480	10.88851387	10.89420173	10.89390336	10.89089343	10.88762078	10.88536276	10.88329629	10.87939879	10.87343498	10.86548637	10.85554296	10.83917740	10.81405365	10.77699764	10.72283546	10.63385659	10.40174576	10.22127687	10.08613244	9.98494739	9.90118639	9.81132361	9.66587226	9.32557136	9.13847218	9.01885124	8.91390686	8.76294203	8.51697952	8.36408264	8.25214754	8.14306082	8.00466554	7.80793153
	8.23338836	8.32348225	8.51514176	8.89686351	9.04675247	9.20307859	9.65486646	9.88335525	9.99849271	10.13244730	10.33758492	10.64412243	10.75727498	10.82813907	10.86864418	10.88732333	10.89388404	10.89444576	10.89217870	10.88952075	10.88742097	10.88512108	10.88076258	10.87432128	10.86595572	10.85558313	10.83933200	10.81475563	10.77881450	10.72650971	10.64387590	10.41537982	10.23031317	10.09166739	9.98855871	9.90427016	9.81552161	9.67812817	9.33375029	9.14090228	9.01883036	8.91277275	8.76034044	8.51595234	8.36282198	8.25069761	8.14167529	8.00401728	7.80754204
	8.23516708	8.32602542	8.51950726	8.89850238	9.04765587	9.20398886	9.65373147	9.88218345	9.99695346	10.12973352	10.33281407	10.63620807	10.75417857	10.82565604	10.86655886	10.88568862	10.89280989	10.89395895	10.89220949	10.88999929	10.88807183	10.88564448	10.88105771	10.87440350	10.86587635	10.85538653	10.83931174	10.81496680	10.77959605	10.72802085	10.64817380	10.42114231	10.23449768	10.09454769	9.99064520	9.90617458	9.81811091	9.68443253	9.33863532	9.14237368	9.01895004	8.91240477	8.75960708	8.51551442	8.36199632	8.24961729	8.14055707	8.00307217	7.80711656
	8.23618168	8.32773010	8.52227939	8.89908935	9.04755404	9.20342072	9.64552348	9.87921909	9.99326366	10.12386314	10.32270633	10.61808721	10.74802675	10.82034975	10.86171115	10.88134193	10.88921291	10.89114494	10.89009608	10.88845135	10.88679461	10.88432834	10.87958874	10.87283951	10.86426835	10.85395718	10.83804761	10.81409518	10.77923611	10.72828557	10.64949564	10.42452950	10.23734850	10.09671111	9.99230987	9.90782576	9.82045233	9.68860140	9.34239361	9.14287435	9.01818669	8.91104342	8.75620802	8.51333894	8.35992908	8.24753356	8.13851002	8.00073134	7.80551927
	8.23818739	8.33089383	8.52692856	8.89855695	9.04549401	9.19914456	9.62569437	9.87195369	9.98454794	10.11144800	10.30440704	10.58860502	10.73859498	10.81214293	10.85408042	10.87462112	10.88380183	10.88710318	10.88722164	10.88645942	10.88508351	10.88253522	10.87751589	10.87061128	10.86198390	10.85173180	10.83612406	10.81308703	10.77950042	10.73064473	10.65656109	10.43753428	10.24636862	10.10226402	9.99583552	9.91121060	9.82615736	9.70081957	9.35731283	9.14767282	9.01942315	8.91174994	8.75885903	8.51412977	8.35890810	8.24618405	8.13805779	8.00353904	7.80706032
	8.23867895	8.33181496	8.52811615	8.89750966	9.04377704	9.19624108	9.61446275	9.86827834	9.97989089	10.10507787	10.29620827	10.57848973	10.73542018	10.80922550	10.85128579	10.87213103	10.88191565	10.88592461	10.88659077	10.88625623	10.88504032	10.88244160	10.87731840	10.87035474	10.86180337	10.85152192	10.83593322	10.81327008	10.78034398	10.73263843	10.66042447	10.44652814	10.25217291	10.10561870	9.99789699	9.91315174	9.82940206	9.70787526	9.36678518	9.15055521	9.02007690	8.91224044	8.76112919	8.51479579	8.35819792	8.24519191	8.13765140	8.00464995	7.80815301
	8.24234450	8.33656884	8.53586004	8.90094964	9.04612620	9.19818270	9.61283808	9.86778685	9.97831465	10.10087665	10.28755736	10.56182750	10.72983561	10.80468568	10.84706459	10.86814225	10.87854607	10.88329877	10.88458235	10.88476545	10.88387591	10.88126930	10.87608278	10.86913812	10.86069166	10.85049329	10.83512939	10.81263323	10.78017846	10.73299316	10.66150350	10.44989074	10.25578450	10.10901904	10.00112052	9.91657148	9.83384474	9.71492705	9.37622357	9.15463010	9.02275430	8.91504314	8.76767761	8.51710603	8.35864184	8.24520293	8.13820828	8.00683950	7.81025489
	8.24039923	8.33434341	8.53055051	8.89568282	9.04121771	9.19010934	9.58643324	9.86020187	9.96970332	10.08817975	10.26914896	10.53843143	10.72214787	10.79859490	10.84142427	10.86286183	10.87394167	10.87950114	10.88145221	10.88215171	10.88154474	10.87906936	10.87400553	10.86741855	10.85940087	10.84959719	10.83481764	10.81307543	10.78162266	10.73602500	10.66720933	10.46355114	10.26493475	10.11486164	10.00528788	9.92063915	9.83969845	9.72594575	9.39327136	9.16042509	9.02513475	8.91761656	8.77659555	8.52035869	8.35857604	8.24439166	8.13853614	8.01021503	7.81375825
	8.23653019	8.32942290	8.51967470	8.88731130	9.03375390	9.17794389	9.54811958	9.84870346	9.95678063	10.06907541	10.24141761	10.50283402	10.70923836	10.78833379	10.83156695	10.85316634	10.86465915	10.87086285	10.87351539	10.87484401	10.87475295	10.87280275	10.86837722	10.86256393	10.85532375	10.84623145	10.83232263	10.81150565	10.78085185	10.73596781	10.66798065	10.46502138	10.26593379	10.11612113	10.00685009	9.92285868	9.84344651	9.73308294	9.40378371	9.16274214	9.02571193	8.91880930	8.78173649	8.52062954	8.35676840	8.24274535	8.13851775	8.01310523	7.81611661
	8.23896970	8.33209596	8.52274213	8.88883808	9.03490731	9.17751543	9.53936835	9.84633840	9.95396857	10.06351293	10.22994206	10.48047359	10.70093277	10.78196538	10.82593390	10.84770314	10.85943589	10.86599546	10.86894676	10.87057972	10.87073241	10.86889259	10.86452104	10.85885319	10.85168255	10.84271529	10.82903105	10.80839460	10.77763295	10.73247023	10.66381059	10.45661552	10.26145057	10.11427465	10.00656246	9.92342173	9.84442748	9.73450236	9.40578448	9.16360321	9.02669551	8.92008680	8.78470376	8.52086002	8.35627344	8.24228796	8.13859022	8.01429760	7.81742424
	8.23168642	8.32263773	8.50429829	8.87573387	9.02405132	9.16096129	9.49528759	9.83259616	9.94005767	10.04388254	10.20209022	10.44645721	10.68931502	10.77493893	10.82013849	10.84217453	10.85418898	10.86097690	10.86422328	10.86622466	10.86675964	10.86528309	10.86123868	10.85610704	10.84945240	10.84100551	10.82808471	10.80822430	10.77828624	10.73417088	10.66698596	10.46307904	10.26453408	10.11638793	10.00855589	9.92578056	9.84793610	9.74143866	9.41725103	9.16548434	9.02677729	8.92116028	8.79139963	8.52100586	8.35392825	8.24028196	8.13859210	8.01763364	7.82031018
	8.23217051	8.32296769	8.50405566	8.87546820	9.02404844	9.15969964	9.48827594	9.83060158	9.93806360	10.03962396	10.19375099	10.43248411	10.68466331	10.77199032	10.81786202	10.84009056	10.85231284	10.85932921	10.86280079	10.86500406	10.86572866	10.86433891	10.86039987	10.85538080	10.84882777	10.84046074	10.82748611	10.80759412	10.77741798	10.73282085	10.66466659	10.45814492	10.26249271	10.11654385	10.00991686	9.92755072	9.84982367	9.74360444	9.42051972	9.16706282	9.02844943	8.92318482	8.79530153	8.52183932	8.35381268	8.24027388	8.13915355	8.01912562	7.82159636
	8.23250146	8.32321085	8.50407197	8.87549842	9.02428286	9.15929670	9.48512167	9.82973917	9.93729216	10.03749444	10.18901717	10.42422863	10.68199918	10.77038280	10.81669701	10.83908309	10.85145484	10.85865192	10.86230132	10.86462998	10.86546925	10.86412169	10.86024634	10.85525422	10.84871612	10.84036318	10.82726104	10.80722745	10.77681694	10.73173435	10.66280573	10.45446055	10.26110846	10.11672828	10.01089691	9.92873198	9.85100249	9.74477833	9.42211695	9.16793270	9.02946879	8.92437756	8.79698487	8.52196056	8.35348345	8.24004122	8.13920533	8.01958301	7.82187367
	8.23421292	8.32532845	8.50764160	8.87813824	9.02641493	9.16197145	9.49035942	9.83157727	9.93893230	10.03924864	10.19045661	10.42358551	10.68054337	10.76971403	10.81626494	10.83879369	10.85125617	10.85856209	10.86229081	10.86463053	10.86547340	10.86404056	10.86003645	10.85491778	10.84823895	10.83974248	10.82650255	10.80627747	10.77573584	10.73031716	10.66076521	10.45094490	10.25935846	10.11598861	10.01064862	9.92863193	9.85078890	9.74400092	9.42007641	9.16745574	9.02948321	8.92430542	8.79635719	8.52116427	8.35310805	8.23969714	8.13861149	8.01853863	7.82073091
	8.23310863	8.32375417	8.50453874	8.87601156	9.02486386	9.15938957	9.48329576	9.82923618	9.93687838	10.03596497	10.18498171	10.41554351	10.67759716	10.76799544	10.81507892	10.83784067	10.85045235	10.85792287	10.86178622	10.86420892	10.86512111	10.86368617	10.85968530	10.85454651	10.84782158	10.83928228	10.82597515	10.80564634	10.77501069	10.72932171	10.65949859	10.44834599	10.25796827	10.11555887	10.01070428	9.92880686	9.85098593	9.74422673	9.41985992	9.16694888	9.02911372	8.92408541	8.79550999	8.51970409	8.35171396	8.23854618	8.13774877	8.01798507	7.82000280
	8.22957217	8.31900756	8.49576788	8.86976262	9.02016294	9.15233146	9.46583293	9.82332925	9.93171673	10.02841610	10.17364081	10.40149671	10.67377265	10.76562047	10.81344616	10.83649003	10.84928878	10.85695480	10.86099136	10.86354943	10.86457886	10.86323075	10.85936849	10.85432509	10.84765719	10.83918737	10.82588362	10.80554416	10.77486404	10.72895859	10.65918967	10.44717509	10.25736945	10.11577561	10.01132986	9.92949062	9.85182197	9.74571587	9.42210788	9.16686325	9.02873163	8.92405878	8.79520589	8.51820325	8.34976344	8.23695811	8.13693589	8.01822171	7.82003050
	8.22633517	8.31461669	8.48765637	8.86400789	9.01622534	9.14631465	9.45064178	9.81758053	9.92721401	10.02190868	10.16293312	10.38504894	10.66470951	10.76104399	10.81019341	10.83376558	10.84688464	10.85477875	10.85894319	10.86155074	10.86260473	10.86124537	10.85740385	10.85235126	10.84565596	10.83705105	10.82356980	10.80291476	10.77188945	10.72536304	10.65286412	10.43883160	10.25292682	10.11375631	10.01045084	9.92891899	9.85113899	9.74470359	9.41923011	9.16516013	9.02773156	8.92341772	8.79399654	8.51568944	8.34772715	8.23557042	8.13616121	8.01793794	7.81920938
	8.22242518	8.30929275	8.47777252	8.85708694	9.01153937	9.13913411	9.43242718	9.81056955	9.92175885	10.01404575	10.14982474	10.36410515	10.65242083	10.75476332	10.80565051	10.82991976	10.84346922	10.85166271	10.85598812	10.85867217	10.85976636	10.85837895	10.85454626	10.84945597	10.84271268	10.83389229	10.82013983	10.79900680	10.76742906	10.72006542	10.64371945	10.42632485	10.24609267	10.11037311	10.00872605	9.92769119	9.84969689	9.74249013	9.41358591	9.16216853	9.02598398	8.92213849	8.79135834	8.51172180	8.34477716	8.23355885	8.13485054	8.01701316	7.81750644
	8.21980251	8.30571618	8.47096984	8.85220948	9.00801538	9.13381682	9.41892903	9.80564958	9.91771462	10.00837069	10.14118835	10.35215662	10.64684295	10.75172926	10.80346852	10.82807578	10.84184930	10.85019371	10.85462053	10.85737874	10.85854303	10.85719942	10.85344872	10.84841159	10.84168789	10.83285603	10.81902682	10.79772062	10.76596112	10.71839045	10.64092501	10.42222745	10.24381562	10.10935332	10.00830575	9.92748593	9.84957325	9.74262769	9.41345190	9.16155474	9.02550306	8.92205154	8.79197680	8.51074548	8.34364741	8.23278174	8.13466292	8.01758444	7.81782664
	8.21903804	8.30463907	8.46878248	8.85078699	9.00681449	9.13193208	9.41394058	9.80390012	9.91621418	10.00626206	10.13813341	10.34840733	10.64581778	10.75099710	10.80298307	10.82766072	10.84150712	10.84989612	10.85435843	10.85714509	10.85834513	10.85703548	10.85333808	10.84834018	10.84163330	10.83281720	10.81897392	10.79762589	10.76581870	10.71822668	10.64052718	10.42170390	10.24356348	10.10935623	10.00843401	9.92768705	9.84988282	9.74326777	9.41467959	9.16188714	9.02566473	8.92238922	8.79332509	8.51111652	8.34365001	8.23280009	8.13492107	8.01828205	7.81854581
	8.21823155	8.30350391	8.46650070	8.84937097	9.00569516	9.13019007	9.40926909	9.80184518	9.91458655	10.00412671	10.13480124	10.34338596	10.64093075	10.74917815	10.80163951	10.82646142	10.84042187	10.84888469	10.85337642	10.85616406	10.85736859	10.85606370	10.85240487	10.84743986	10.84075780	10.83192229	10.81803234	10.79659483	10.76462789	10.71676035	10.63606802	10.41863481	10.24188627	10.10848532	10.00798441	9.92738916	9.84956378	9.74283204	9.41370214	9.16132791	9.02532020	8.92213233	8.79266669	8.51053053	8.34323850	8.23255600	8.13482572	8.01831928	7.81848989
	8.21866402	8.30369697	8.46569316	8.84775625	9.00611908	9.13025095	9.40560905	9.79929283	9.91325357	10.00201436	10.12936396	10.32911628	10.61993756	10.74111198	10.79503586	10.82079820	10.83532199	10.84427747	10.84916378	10.85223736	10.85358542	10.85219181	10.84841608	10.84330585	10.83649262	10.82753793	10.81340385	10.79161385	10.75909441	10.71058147	10.62026657	10.40584910	10.23476932	10.10454784	10.00564857	9.92559146	9.84735197	9.73918053	9.40598434	9.15795704	9.02342842	8.92023282	8.78511048	8.50533860	8.33977786	8.22972830	8.13190555	8.01479244	7.81446651
	8.21703065	8.30113659	8.45942935	8.84155477	9.00328122	9.12602048	9.39088131	9.79012725	9.90676793	9.99406380	10.11592017	10.30277427	10.57742492	10.72615279	10.78283612	10.81000835	10.82534791	10.83495669	10.84029889	10.84370318	10.84529838	10.84389307	10.84011294	10.83507043	10.82825147	10.81930033	10.80492539	10.78263892	10.74929636	10.69950865	10.58996186	10.38434254	10.22167932	10.09641099	10.00012189	9.92101125	9.84222458	9.73177796	9.39117127	9.15072555	9.01877107	8.91565848	8.77033516	8.49620481	8.33372670	8.22489318	8.12714390	8.00927730	7.80821468
	8.21387106	8.29679382	8.45053490	8.83371397	8.99843376	9.11942534	9.37267285	9.77949699	9.89880265	9.98473465	10.10206479	10.27959914	10.53920301	10.71328200	10.77239888	10.80062801	10.81655099	10.82657440	10.83215620	10.83572616	10.83750062	10.83615891	10.83248330	10.82767035	10.82097376	10.81213748	10.79766741	10.77504994	10.74111746	10.69022901	10.56353592	10.36716778	10.21065128	10.08910841	9.99482537	9.91646062	9.83731588	9.72521126	9.37852149	9.14415673	9.01426685	8.91130103	8.75773760	8.48883515	8.32885666	8.22111327	8.12363350	8.00546777	7.80378620
	8.21458001	8.29763646	8.45175710	8.83485236	8.99932302	9.12053771	9.37457234	9.77999576	9.89913678	9.98498224	10.10188363	10.27789536	10.53683286	10.71175880	10.77111832	10.79942493	10.81549149	10.82564866	10.83138391	10.83504360	10.83689083	10.83553366	10.83180757	10.82694318	10.82016700	10.81122820	10.79662155	10.77383760	10.73966560	10.68835088	10.55720844	10.36311354	10.20812047	10.08756887	9.99389282	9.91574369	9.83639427	9.72346356	9.37461647	9.14227299	9.01308370	8.91001570	8.75318560	8.48617450	8.32714166	8.21963447	8.12197294	8.00330974	7.80159161
	8.21032541	8.29184865	8.44002721	8.82415295	8.99322038	9.11226862	9.35158535	9.76684310	9.88970795	9.97379839	10.08482691	10.24909296	10.48886051	10.69494095	10.75741298	10.78721441	10.80419359	10.81503903	10.82127530	10.82529685	10.82744903	10.82616484	10.82245960	10.81774755	10.81095075	10.80191563	10.78698455	10.76360361	10.72836462	10.67545739	10.52336207	10.34096124	10.19410977	10.07852013	9.98740000	9.91011805	9.83025073	9.71486861	9.35892699	9.13430684	9.00758137	8.90459131	8.73767971	8.47670127	8.32073164	8.21457313	8.11724293	7.99697008	7.79594415
	8.21088993	8.29251744	8.44096815	8.82544789	8.99376646	9.11289803	9.35239015	9.76711161	9.88983947	9.97389174	10.08474013	10.24845440	10.48705515	10.69435097	10.75700837	10.78677751	10.80378923	10.81467352	10.82093100	10.82497470	10.82714813	10.82587350	10.82216481	10.81745144	10.81064516	10.80160269	10.78667022	10.76323902	10.72798053	10.67490144	10.52139752	10.33965336	10.19327705	10.07802529	9.98712001	9.90994618	9.83004902	9.71440810	9.35784866	9.13380953	9.00726453	8.90422689	8.73639305	8.47598685	8.32024787	8.21409876	8.11666241	7.99600612	7.79525010
	8.20935351	8.29052924	8.43692327	8.82205484	8.99178064	9.11032635	9.34549569	9.76201773	9.88629595	9.96966955	10.07822938	10.23734791	10.46881803	10.68687620	10.75011503	10.78128744	10.79897906	10.81030740	10.81699611	10.82141148	10.82400284	10.82279385	10.81906147	10.81435528	10.80735449	10.79797806	10.78254358	10.75849372	10.72181169	10.66790125	10.50471550	10.32846037	10.18617821	10.07368064	9.98430354	9.90761538	9.82738026	9.70988183	9.34941914	9.12939718	9.00428404	8.90128060	8.72766535	8.47029947	8.31631984	8.21090303	8.11357510	7.99096883	7.79170958
	8.20518804	8.28523385	8.42734298	8.81025052	8.98687408	9.10419028	9.33079084	9.75283570	9.88031296	9.96275083	10.06782198	10.22018033	10.44150382	10.67582451	10.74017125	10.77297902	10.79142412	10.80374958	10.81093728	10.81584778	10.81886759	10.81767098	10.81379460	10.80903445	10.80176291	10.79191127	10.77581292	10.75084572	10.71256504	10.65637424	10.48093503	10.31272621	10.17613196	10.06722950	9.97965419	9.90342544	9.82270514	9.70302852	9.33792484	9.12331432	8.99994477	8.89704533	8.71598040	8.46280653	8.31119744	8.20692492	8.10996352	7.98533139	7.78751682
	8.20239301	8.28175196	8.42147888	8.80066250	8.98398207	9.10078553	9.32318941	9.74840334	9.87784140	9.95998991	10.06348628	10.21268124	10.42924768	10.67032340	10.73534984	10.76866468	10.78750548	10.80058452	10.80803731	10.81324350	10.81641935	10.81514874	10.81105752	10.80614354	10.79864598	10.78844421	10.77192225	10.74630029	10.70739064	10.64830771	10.46822369	10.30435078	10.17066973	10.06353531	9.97675047	9.90064408	9.81958632	9.69870129	9.33148452	9.11989255	8.99736348	8.89446890	8.70925659	8.45862959	8.30837084	8.20474186	8.10798348	7.98204789	7.78523344
	8.20364431	8.28332005	8.42352347	8.80563649	8.98532450	9.10242601	9.32553484	9.74861892	9.87770432	9.95963030	10.06238720	10.20985482	10.42322979	10.66678014	10.73260283	10.76639863	10.78618162	10.79891711	10.80681437	10.81223130	10.81574275	10.81449778	10.81039715	10.80539938	10.79772164	10.78727202	10.77032533	10.74424737	10.70456232	10.64210188	10.45928725	10.29777608	10.16635109	10.06098377	9.97538738	9.89977944	9.81845145	9.69585431	9.32606550	9.11696198	8.99547515	8.89240767	8.70317247	8.45467255	8.30549871	8.20206941	8.10511395	7.97645379	7.78242099
	8.19917984	8.27784465	8.41366147	8.79497755	8.97918861	9.09495849	9.30886613	9.73698187	9.86923252	9.95043202	10.05004977	10.19214144	10.39821978	10.65461087	10.72321289	10.75824989	10.77876657	10.79211231	10.80045597	10.80605273	10.81000380	10.80890131	10.80489557	10.80000603	10.79228041	10.78162778	10.76422682	10.73758204	10.69677359	10.62418450	10.44021786	10.28454568	10.15755466	10.05504983	9.97102812	9.89590107	9.81418641	9.68973806	9.31672503	9.11149082	8.99139421	8.88823705	8.69314402	8.44853455	8.30123367	8.19867053	8.10204019	7.97110391	7.77924518
	8.19867577	8.27726746	8.41245358	8.79256095	8.97883788	9.09475746	9.30764359	9.73567282	9.86853000	9.94971407	10.04845986	10.18864566	10.39128924	10.65027502	10.72008921	10.75514395	10.77637967	10.79002550	10.79867629	10.80440114	10.80855597	10.80743762	10.80331917	10.79829933	10.79040990	10.77958946	10.76188065	10.73469207	10.69358584	10.61572117	10.43144238	10.27849389	10.15356025	10.05243741	9.96918538	9.89429284	9.81224289	9.68665385	9.31163823	9.10874325	8.98937990	8.88593088	8.68685606	8.44476708	8.29862239	8.19634858	8.09957366	7.96630519	7.77665973
	8.19839120	8.27705704	8.41185952	8.78776481	8.97828448	9.09447076	9.30628071	9.73343515	9.86717693	9.94834484	10.04624411	10.18407403	10.38249366	10.64157956	10.71559937	10.75110871	10.77246591	10.78586983	10.79514125	10.80162445	10.80592644	10.80477881	10.80054256	10.79536870	10.78726244	10.77582585	10.75792123	10.73051696	10.68871561	10.60121129	10.42017463	10.27057374	10.14814971	10.04873201	9.96648407	9.89193849	9.80941386	9.68056458	9.30508108	9.10539812	8.98686213	8.88292919	8.67893697	8.44026027	8.29557590	8.19358811	8.09654091	7.96005829	7.77337479
	8.19368807	8.27173292	8.40283521	8.76748043	8.97300218	9.08901768	9.29396986	9.72401931	9.86178381	9.94285342	10.03814516	10.17068852	10.36110732	10.61657561	10.70548819	10.74205562	10.76445971	10.77831366	10.78843750	10.79612080	10.80080818	10.79961230	10.79509086	10.78947660	10.78072603	10.76829525	10.74944155	10.72078476	10.67728194	10.56731142	10.39635486	10.25433979	10.13735652	10.04137121	9.96087937	9.88683002	9.80328596	9.66241143	9.29272504	9.09901985	8.98194568	8.87722692	8.66491312	8.43172612	8.28972006	8.18870779	8.09180305	7.95147753	7.76851160
	8.19257846	8.27055072	8.40046151	8.76235368	8.97137857	9.08747082	9.28992806	9.71971679	9.85903470	9.93999452	10.03406617	10.16398379	10.35015591	10.60199526	10.69965865	10.73685881	10.75994278	10.77441134	10.78476273	10.79270757	10.79770919	10.79661654	10.79212559	10.78644457	10.77754594	10.76497049	10.74569783	10.71636376	10.67188973	10.55169046	10.38480066	10.24617200	10.13183916	10.03768199	9.95827417	9.88465909	9.80062782	9.65225912	9.28636622	9.09563306	8.97941988	8.87431647	8.65789593	8.42745183	8.28669138	8.18602694	8.08910033	7.94681015	7.76604754
	8.19582764	8.27449340	8.40615184	8.77245644	8.97453593	9.09157151	9.29676765	9.72141860	9.85992476	9.94095116	10.03495335	10.16343783	10.34564302	10.59007359	10.69467679	10.73262484	10.75600764	10.77117830	10.78191528	10.78932102	10.79463419	10.79365045	10.78935158	10.78381909	10.77508550	10.76293728	10.74359920	10.71403189	10.66924340	10.54443131	10.37888608	10.24135550	10.12821220	10.03519093	9.95672066	9.88361562	9.79909585	9.64234337	9.28132183	9.09292963	8.97749010	8.87178844	8.65190614	8.42423855	8.28435244	8.18346499	8.08601441	7.94146193	7.76363813
	8.19686694	8.27595200	8.40770506	8.77029467	8.97473211	9.09257450	9.29728732	9.71781802	9.85766915	9.93901735	10.03203629	10.15750281	10.33337282	10.56599805	10.68594496	10.72498033	10.74884905	10.76458137	10.77662135	10.78390409	10.78969067	10.78872814	10.78441218	10.77869407	10.76976660	10.75752310	10.73746014	10.70720579	10.66095883	10.52400265	10.36353817	10.22997059	10.12003085	10.02940378	9.95248628	9.88005550	9.79464357	9.62162619	9.27178002	9.08775568	8.97350910	8.86691137	8.64105292	8.41806792	8.27989802	8.17916449	8.08140979	7.93395149	7.76005051
	8.19526074	8.27413583	8.40404728	8.76227671	8.97211822	9.08988820	9.29058082	9.71077783	9.85322339	9.93487975	10.02626661	10.14860047	10.31905924	10.54328266	10.67721281	10.71738369	10.74160079	10.75853407	10.77117423	10.77880383	10.78498001	10.78400865	10.77955830	10.77352463	10.76425098	10.75151378	10.73075750	10.69941338	10.64798302	10.50259453	10.34769666	10.21868537	10.11218388	10.02391300	9.94828601	9.87627794	9.79001441	9.60355597	9.26360089	9.08328414	8.97000946	8.86275346	8.63228902	8.41285610	8.27617215	8.17587082	8.07827077	7.92950792	7.75784109
	8.18838090	8.26677046	8.39226862	8.73222103	8.96397774	9.08191574	9.27522296	9.69808613	9.84524443	9.92776595	10.01705918	10.13534974	10.29975505	10.51541029	10.66709762	10.70833294	10.73250806	10.75069153	10.76358898	10.77189840	10.77933480	10.77836313	10.77383039	10.76742736	10.75751059	10.74421284	10.72259657	10.68991676	10.62946786	10.47671812	10.32874427	10.20514782	10.10254243	10.01678190	9.94232441	9.87053684	9.78322087	9.57928498	9.25276735	9.07705128	8.96475250	8.85658768	8.61934613	8.40509327	8.27073846	8.17138747	8.07409609	7.92262381	7.75384396
	8.18914724	8.26777633	8.39372076	8.73276893	8.96542918	9.08380805	9.27757763	9.69950897	9.84661629	9.92968551	10.01858265	10.13547874	10.29649383	10.50592887	10.66199288	10.70465342	10.72932225	10.74837324	10.76140367	10.77002102	10.77732934	10.77602662	10.77099534	10.76399207	10.75355628	10.73972619	10.71758189	10.68392358	10.61773959	10.46251809	10.31925102	10.19880525	10.09821346	10.01371675	9.93987361	9.86816830	9.77992350	9.56597866	9.24752274	9.07455692	8.96271272	8.85360405	8.61267467	8.40141496	8.26823711	8.16894477	8.07133445	7.91813980	7.75146114
	8.18650383	8.26529702	8.38867974	8.71856175	8.96105593	9.08027532	9.26864966	9.68006819	9.83841807	9.92230926	10.00855957	10.11968349	10.27012067	10.46236847	10.63121394	10.68571558	10.71222435	10.73391543	10.74712520	10.75637291	10.76543163	10.76448299	10.75966432	10.75236237	10.74168344	10.72638291	10.70345914	10.66735721	10.57273124	10.42586801	10.29166052	10.17872532	10.08398459	10.00363247	9.93225587	9.86110922	9.77084027	9.53309087	9.23215889	9.06603056	8.95611217	8.84518325	8.59578400	8.39136982	8.26096249	8.16223503	8.06463780	7.90848776	7.74646265
	8.17692731	8.25591938	8.37377159	8.67780969	8.94934115	9.07003141	9.24834296	9.64152701	9.82626787	9.91190685	9.99508607	10.09999706	10.24075832	10.42005603	10.58530497	10.66690162	10.69626542	10.71898523	10.73410258	10.74532645	10.75452886	10.75393217	10.74959522	10.74157939	10.73033740	10.71381432	10.68934551	10.64871476	10.52696502	10.38950695	10.26471132	10.15965921	10.07075929	9.99425463	9.92480958	9.85392817	9.76205409	9.50574023	9.21939717	9.05865879	8.95037953	8.83812802	8.58175048	8.38200431	8.25383919	8.15595511	8.05919113	7.90194689	7.74328452
	8.17314672	8.25236818	8.36793715	8.66045345	8.94420492	9.06569080	9.23877304	9.61853602	9.81876337	9.90552489	9.98681568	10.08768999	10.22114335	10.38902504	10.54323937	10.64780371	10.68214907	10.70608687	10.72199366	10.73576216	10.74602029	10.74538357	10.74006070	10.73132616	10.71878132	10.70132411	10.67530621	10.62024353	10.49049786	10.36148040	10.24428451	10.14495159	10.06038740	9.98667723	9.91866294	9.84781519	9.75395570	9.48309205	9.20934982	9.05337042	8.94630007	8.83276863	8.57190945	8.37594315	8.24947964	8.15200129	8.05567912	7.89813091	7.74175228
	8.16809116	8.24783189	8.36069494	8.64056350	8.93785558	9.06074805	9.22733661	9.58816372	9.80913186	9.89787419	9.97726049	10.07297746	10.19778263	10.35264729	10.49398909	10.60371353	10.66282722	10.68876543	10.70667766	10.72268632	10.73237914	10.73183642	10.72605776	10.71602877	10.70230084	10.68339720	10.65444391	10.56435704	10.44339521	10.32573626	10.21836851	10.12657878	10.04758244	9.97738484	9.91104465	9.83989966	9.74289638	9.45496475	9.19737051	9.04757095	8.94182582	8.82635760	8.56002113	8.36872494	8.24445425	8.14749343	8.05166630	7.89350416	7.73966264
	8.16171116	8.24193689	8.35171974	8.61569248	8.93011623	9.05437971	9.21480665	9.55208160	9.79948821	9.89042817	9.96849643	10.06054338	10.17959099	10.32594101	10.46039476	10.56524787	10.64824180	10.67588742	10.69515094	10.71260838	10.72252084	10.72231802	10.71630397	10.70538785	10.69077209	10.67126402	10.63450672	10.53012329	10.41563140	10.30440978	10.20289800	10.11569435	10.04008088	9.97202691	9.90663629	9.83519372	9.73621491	9.44048903	9.19117763	9.04467555	8.93957715	8.82314543	8.55416465	8.36485893	8.24153635	8.14491861	8.04971598	7.89187884	7.73910886
	8.15336132	8.23472437	8.34196357	8.59141651	8.91987293	9.04701221	9.20136838	9.51609093	9.78650437	9.88133721	9.95817999	10.04637496	10.15874503	10.29547639	10.42109934	10.51934301	10.60841429	10.65746437	10.67921568	10.69759511	10.70905253	10.70923239	10.70300323	10.69091820	10.67671115	10.65195255	10.59312358	10.49045548	10.38376155	10.28030024	10.18551449	10.10353271	10.03174627	9.96608703	9.90171616	9.82976422	9.72799470	9.42361901	9.18415818	9.04163196	8.93724987	8.81946895	8.54734812	8.36055258	8.23837731	8.14200620	8.04709563	7.88887930	7.73759257
	8.14136587	8.22483340	8.32868289	8.55725521	8.90379769	9.03569295	9.18145337	9.46417997	9.76503127	9.86604324	9.94244446	10.02481066	10.12796170	10.25255116	10.36564518	10.45586652	10.53863399	10.60711992	10.65059507	10.67319012	10.68640483	10.68731192	10.68080823	10.66772027	10.64997194	10.60510871	10.52636574	10.43301506	10.33788664	10.24548901	10.16046669	10.08598881	10.01966687	9.95741208	9.89439723	9.82161043	9.71545235	9.40068680	9.17522044	9.03839605	8.93498254	8.81524838	8.53921716	8.35569622	8.23522286	8.13897792	8.04386507	7.88417234	7.73488120
	8.13374680	8.21888122	8.32100558	8.53745983	8.89326519	9.02880178	9.17002453	9.43388866	9.74977506	9.85655767	9.93297224	10.01278435	10.11121335	10.22869825	10.33543116	10.42136358	10.50067760	10.56886563	10.62381535	10.65688415	10.67114228	10.67254908	10.66628483	10.65125261	10.62254496	10.56654001	10.48951356	10.40181662	10.31291156	10.22646343	10.14657481	10.07607421	10.01262483	9.95210112	9.88968918	9.81631919	9.70759477	9.38874141	9.17057622	9.03654790	8.93345099	8.81256553	8.53467102	8.35293527	8.23309797	8.13676646	8.04142249	7.88073737	7.73288845
	8.12626588	8.21334659	8.31423638	8.52018996	8.88316254	9.02273934	9.16019054	9.40740294	9.73468594	9.84730340	9.92401836	10.00202810	10.09620421	10.20737174	10.30770566	10.38955062	10.46559893	10.53160672	10.58986075	10.63376157	10.65655500	10.65825798	10.64886170	10.62619168	10.58774476	10.52904528	10.45582695	10.37348947	10.29028334	10.20937873	10.13416460	10.06730109	10.00647864	9.94755192	9.88568121	9.81170645	9.70036407	9.37895768	9.16713618	9.03561025	8.93269998	8.81071356	8.53145487	8.35102845	8.23156960	8.13512356	8.03960931	7.87834580	7.73150564
	8.11593049	8.20605743	8.30626981	8.50256985	8.87021360	9.01567276	9.14953030	9.38019180	9.71797177	9.83614992	9.91356217	9.99000809	10.07947265	10.18285466	10.27618252	10.35340716	10.42650991	10.49032165	10.54609329	10.59568250	10.62852422	10.63157645	10.61416679	10.58406115	10.54182539	10.48585575	10.41682924	10.34049542	10.26380643	10.18932264	10.11968085	10.05705759	9.99936818	9.94224841	9.88097299	9.80575214	9.68953373	9.36509903	9.16185686	9.03390825	8.93108138	8.80660417	8.52504995	8.34720132	8.22860351	8.13212386	8.03630202	7.87351058	7.72831887
	8.10626663	8.19929459	8.29913976	8.48721521	8.85756646	9.00839380	9.13976534	9.35663448	9.69679759	9.82425295	9.90337125	9.97830041	10.06426163	10.16208137	10.25004183	10.32340141	10.39355913	10.45492277	10.50884082	10.55846943	10.59002908	10.59404671	10.57589759	10.54553842	10.50334077	10.45004393	10.38492124	10.31355859	10.24209581	10.17258869	10.10722074	10.04793973	9.99266628	9.93693445	9.87608503	9.79970413	9.67706970	9.35267677	9.15657464	9.03151360	8.92872955	8.80164849	8.51858085	8.34330355	8.22563746	8.12925294	8.03318991	7.86878808	7.72508388
	8.09654474	8.19234633	8.29178692	8.47208256	8.84508311	9.00086725	9.13007047	9.33492734	9.67266506	9.81305280	9.89388006	9.96798752	10.05144339	10.14521633	10.22904806	10.29980163	10.36716471	10.42666046	10.47915016	10.52766781	10.56031681	10.56427787	10.54628042	10.51736708	10.47565654	10.42468796	10.36265880	10.29489618	10.22716432	10.16118117	10.09879179	10.04186518	9.98823303	9.93344314	9.87287992	9.79581515	9.66729695	9.34576537	9.15382164	9.03038918	8.92765464	8.79879672	8.51570260	8.34150305	8.22419359	8.12781391	8.03160893	7.86633400	7.72334273
	8.08575232	8.18461520	8.28363816	8.45599109	8.83052510	8.99205846	9.11935605	9.31347622	9.64373298	9.80098702	9.88365290	9.95736383	10.03903475	10.12968682	10.21044637	10.27906977	10.34464138	10.40285503	10.45410987	10.50264785	10.53504944	10.54002756	10.52335414	10.49525360	10.45485913	10.40578707	10.34629726	10.28110049	10.21613092	10.15281657	10.09270556	10.03753310	9.98515883	9.93109131	9.87080084	9.79352642	9.66086485	9.34333486	9.15347702	9.03085607	8.92833512	8.80068167	8.51682904	8.34222998	8.22480315	8.12829522	8.03185316	7.86618976	7.72305991
	8.07257171	8.17573015	8.27505201	8.43980861	8.81033670	8.98238125	9.10831039	9.29150859	9.60058976	9.78593333	9.87173406	9.94547278	10.02524185	10.11222813	10.18932302	10.25549009	10.31888926	10.37545768	10.42469671	10.47205428	10.50484038	10.51002028	10.49367879	10.46705591	10.42818544	10.38158548	10.32503518	10.26343817	10.20213059	10.14218994	10.08492235	10.03186411	9.98098931	9.92774879	9.86749812	9.78940950	9.64534330	9.33783602	9.15167472	9.03031346	8.92776083	8.79988110	8.51520433	8.34128142	8.22406076	8.12747370	8.03076417	7.86379218	7.72101438
	8.05736477	8.16557275	8.26594319	8.42344497	8.77925549	8.97152443	9.09655344	9.26904063	9.55010024	9.76800517	9.85794083	9.93206833	10.00968973	10.09294400	10.16576135	10.22901254	10.28964110	10.34383790	10.39102386	10.43655128	10.46631727	10.47122673	10.45661446	10.43138582	10.39438236	10.35085356	10.29795477	10.24085011	10.18399180	10.12816179	10.07420529	10.02370542	9.97452731	9.92209617	9.86154859	9.78174856	9.61840864	9.32637201	9.14662076	9.02738610	8.92448311	8.79025317	8.50843484	8.33739733	8.22113452	8.12452830	8.02724539	7.85762288	7.71650544
	8.04071201	8.15483819	8.25700750	8.40758282	8.74101781	8.96015033	9.08497889	9.24623628	9.49880274	9.74704395	9.84281369	9.91764689	9.99315941	10.07213344	10.14000339	10.19996674	10.25700970	10.30806183	10.35287517	10.39646506	10.42353462	10.42804329	10.41472198	10.39076866	10.35556580	10.31508579	10.26610536	10.21398833	10.16237282	10.11137874	10.06140914	10.01393041	9.96672813	9.91521313	9.85421781	9.77200516	9.58636329	9.31275916	9.14104053	9.02451417	8.92117117	8.77915321	8.50113246	8.33337629	8.21821349	8.12161727	8.02366458	7.85089743	7.71137408
	8.02433673	8.14542882	8.24973355	8.39641432	8.71079892	8.95022752	9.07635540	9.23149706	9.46786831	9.72860222	9.83078042	9.90720745	9.98228019	10.05877720	10.12397274	10.18194818	10.23682369	10.28612827	10.32951943	10.37154754	10.39767693	10.40244798	10.38946196	10.36674347	10.33309746	10.29481798	10.24856385	10.19946788	10.15079309	10.10245458	10.05464832	10.00876784	9.96255889	9.91140663	9.85008399	9.76641131	9.57081422	9.30655612	9.13882981	9.02355437	8.92001387	8.77496463	8.49887040	8.33219014	8.21734475	8.12072479	8.02256167	7.84843221	7.70916809
	8.00374936	8.13294759	8.23951584	8.38077105	8.66965459	8.93680001	9.06432642	9.21242342	9.43038339	9.70640560	9.81579408	9.89424074	9.96906630	10.04349383	10.10643599	10.16247658	10.21528002	10.26289158	10.30509364	10.34578789	10.37149462	10.37711438	10.36495255	10.34393643	10.31232741	10.27639570	10.23282517	10.18657894	10.14080418	10.09487991	10.04897570	10.00447431	9.95909118	9.90818360	9.84657960	9.76183446	9.56042170	9.30304257	9.13801938	9.02350894	8.91997938	8.77447694	8.49943600	8.33277954	8.21789677	8.12116309	8.02276730	7.84781851	7.70821625
	7.97437642	8.12127851	8.23144736	8.36973183	8.63965209	8.92476421	9.05490472	9.19754782	9.39855173	9.67385426	9.79927373	9.88095402	9.95576848	10.02813941	10.08833358	10.14211408	10.19250507	10.23786299	10.27808399	10.31597346	10.34034092	10.34587376	10.33477608	10.31524234	10.28564490	10.25241577	10.21219266	10.16947008	10.12680948	10.08388422	10.04041960	9.99762450	9.95334572	9.90270266	9.84035442	9.75297845	9.53842175	9.29291993	9.13352479	9.02084631	8.91691813	8.76428299	8.49319727	8.32921981	8.21527374	8.11872146	8.01991579	7.84214577	7.70356163
	7.95278437	8.11283667	8.22571366	8.36192369	8.61821282	8.91607838	9.04815317	9.18703599	9.37651454	9.64645156	9.78764307	9.87152151	9.94647801	10.01757602	10.07610323	10.12845366	10.17730674	10.22117936	10.25991929	10.29620036	10.31959922	10.32516500	10.31414452	10.29566426	10.26746296	10.23608545	10.19812064	10.15781489	10.11737750	10.07645555	10.03455248	9.99286291	9.94919783	9.89861163	9.83561310	9.74615401	9.52332876	9.28615879	9.13049276	9.01886373	8.91447166	8.75593233	8.48891792	8.32673493	8.21333297	8.11683166	8.01766964	7.83788451	7.70006963
	7.90265641	8.09086532	8.20989703	8.34284383	8.57525959	8.89231602	9.03077500	9.16473080	9.33799240	9.58271591	9.76243319	9.85220249	9.92840761	9.99891901	10.05588018	10.10656194	10.15366258	10.19584573	10.23259233	10.26755375	10.29067698	10.29670554	10.28695642	10.27042029	10.24463933	10.21600950	10.18132233	10.14411977	10.10638810	10.06779686	10.02758769	9.98701305	9.94378448	9.89308112	9.82942273	9.73830565	9.51064823	9.28195307	9.12942091	9.01838603	8.91395693	8.75632620	8.49062515	8.32835185	8.21471736	8.11816568	8.01906966	7.83890179	7.70002377
	7.84203264	8.06013895	8.18833549	8.31833219	8.52304904	8.85899628	9.00754438	9.13678349	9.29178570	9.50501028	9.72701076	9.82611680	9.90459820	9.97494955	10.03014149	10.07906272	10.12407443	10.16428374	10.19909741	10.23281204	10.25529971	10.26175510	10.25394981	10.23976949	10.21701443	10.19172128	10.16102598	10.12744093	10.09290461	10.05706652	10.01884324	9.97942484	9.93665842	9.88577366	9.82122846	9.72834108	9.49568331	9.27738266	9.12879565	9.01855710	8.91434226	8.75954352	8.49452024	8.33179841	8.21780915	8.12120346	8.02222101	7.84189635	7.70109932
	7.78845058	8.02243516	8.16481502	8.29481064	8.47748854	8.81717931	8.98282452	9.10996402	9.24974935	9.43503046	9.67751005	9.79579957	9.87841400	9.94934681	10.00299299	10.05004463	10.09296071	10.13127605	10.16432476	10.19679450	10.21814344	10.22470357	10.21895130	10.20700831	10.18719441	10.16513552	10.13807937	10.10813180	10.07685373	10.04384798	10.00775163	9.96959063	9.92731472	9.87621936	9.81029671	9.71492123	9.47507567	9.26934736	9.12608292	9.01728378	8.91304331	8.75628601	8.49466353	8.33304031	8.21926650	8.12259111	8.02310870	7.84093677	7.69934012
	7.76421928	7.99494518	8.15138887	8.28291253	8.45727994	8.78553124	8.96933246	9.09688600	9.23013641	9.40205831	9.63754945	9.77875134	9.86451935	9.93628658	9.98945136	10.03552901	10.07732648	10.11496699	10.14713599	10.17857341	10.19918324	10.20603355	10.20134832	10.19051078	10.17217457	10.15170427	10.12620378	10.09803674	10.06841716	10.03671950	10.00166740	9.96409594	9.92201869	9.87076429	9.80388842	9.70710193	9.46346499	9.26429229	9.12381055	9.01579281	8.91139240	8.75177308	8.49296086	8.33228448	8.21871679	8.12203894	8.02220931	7.83842327	7.69689991
	7.73133383	7.94476670	8.12883263	8.26417834	8.42871152	8.72929768	8.94733532	9.07756431	9.20357500	9.36028966	9.57602988	9.75259134	9.84403880	9.91772728	9.97110463	10.01690187	10.05792068	10.09472286	10.12617438	10.15664303	10.17704624	10.18458090	10.18119339	10.17190131	10.15567645	10.13716335	10.11369112	10.08739839	10.05932842	10.02916959	9.99503243	9.95806638	9.91628066	9.86495553	9.79751391	9.70036397	9.45594392	9.26214131	9.12360916	9.01615710	8.91229152	8.75651347	8.49674971	8.33508460	8.22099355	8.12435557	8.02469413	7.84090324	7.69749752
	7.68921125	7.87268889	8.09436534	8.23844717	8.39240347	8.65028117	8.91388389	9.05073731	9.16851741	9.30614779	9.49075693	9.70559460	9.81201240	9.89024685	9.94476282	9.99030083	10.03038125	10.06585823	10.09616940	10.12504226	10.14478446	10.15294044	10.15120156	10.14420261	10.13084466	10.11512851	10.09480636	10.07133341	10.04559008	10.01736206	9.98451096	9.94826326	9.90660844	9.85490271	9.78713020	9.68929727	9.44489281	9.25944972	9.12403767	9.01755396	8.91473585	8.76704544	8.50425677	8.34057755	8.22560655	8.12922846	8.03023329	7.84753928	7.70025111
	7.64578157	7.79941275	8.04536113	8.20473580	8.35309540	8.57180486	8.86866301	9.01805028	9.13218360	9.25614829	9.41800124	9.63210618	9.77538063	9.86036012	9.91745129	9.96397890	10.00420330	10.03953714	10.06983946	10.09838262	10.11851728	10.12768863	10.12791100	10.12336269	10.11214514	10.09862015	10.08071711	10.05940592	10.03526429	10.00821316	9.97602932	9.94007716	9.89817448	9.84582707	9.77809113	9.67687743	9.43850597	9.25925063	9.12602297	9.02007217	8.91866467	8.78223564	8.51540786	8.34868017	8.23214774	8.13552160	8.03678591	7.85605509	7.70441566
	7.62698491	7.76855195	8.01929254	8.18892781	8.33606989	8.53829208	8.84491840	9.00247837	9.11550940	9.23277541	9.38315313	9.58742873	9.75471371	9.84398978	9.90249622	9.94951616	9.98947238	10.02461322	10.05483076	10.08320717	10.10350732	10.11304758	10.11414497	10.11070903	10.10067243	10.08838206	10.07187360	10.05185584	10.02874964	10.00247530	9.97079912	9.93499629	9.89284876	9.84011458	9.77198295	9.66722565	9.43282352	9.25849552	9.12722765	9.02186480	8.92097335	8.78925974	8.52124656	8.35325624	8.23599579	8.13923671	8.04059523	7.86108424	7.70693730
	7.61303853	7.74621923	7.99606563	8.17763966	8.32527883	8.51576597	8.82855166	8.99212083	9.10526152	9.21747181	9.35902293	9.55163180	9.73819511	9.83184176	9.89192460	9.93965042	9.97938251	10.01438090	10.04461584	10.07289627	10.09325383	10.10300321	10.10479621	10.10201392	10.09291599	10.08164442	10.06639553	10.04755626	10.02539675	9.99976781	9.96850914	9.93271031	9.89010094	9.83722126	9.76861392	9.66088193	9.43134784	9.26061489	9.13081254	9.02581106	8.92527032	8.79721167	8.52947350	8.35919578	8.24087053	8.14389904	8.04537287	7.86740829	7.70982397
	7.58693119	7.70904004	7.93257107	8.14958834	8.30172293	8.47838085	8.77853490	8.96842625	9.08471441	9.19244250	9.32491337	9.50381701	9.70754482	9.81207916	9.87484663	9.92409237	9.96468962	10.00038485	10.03138206	10.06024284	10.08131510	10.09199214	10.09468265	10.09247782	10.08441139	10.07424561	10.06025090	10.04243878	10.02123730	9.99630762	9.96558505	9.92988250	9.88720192	9.83468749	9.76572984	9.65524514	9.43134091	9.26289081	9.13374595	9.02891246	8.92904027	8.80411267	8.53733932	8.36390480	8.24423604	8.14706785	8.04858113	7.87086014	7.71013901
	7.55761211	7.67166910	7.86120383	8.11068494	8.27401860	8.43845140	8.69787719	8.93211628	9.05518663	9.15881724	9.27976956	9.43756751	9.64120636	9.77616982	9.84527161	9.89796910	9.94045046	9.97741436	10.00952389	10.03932568	10.06147372	10.07341595	10.07757685	10.07681809	10.07065903	10.06227110	10.05022613	10.03389433	10.01393812	9.98979003	9.95963234	9.92435188	9.88244417	9.83049215	9.76172503	9.64816357	9.43335435	9.26886607	9.14128366	9.03751312	8.93938844	8.81797975	8.55651642	8.37688398	8.25508187	8.15785150	8.06014796	7.88813479	7.71909659
	7.53536665	7.64669200	7.81906844	8.08055061	8.25296477	8.41296521	8.64914330	8.90611350	9.03464129	9.13785338	9.25472146	9.40387031	9.60009931	9.75542946	9.82809597	9.88285767	9.92691800	9.96514251	9.99834785	10.02907052	10.05225496	10.06521511	10.07042063	10.07044777	10.06514272	10.05764668	10.04656384	10.03101906	10.01175458	9.98801687	9.95824767	9.92374848	9.88257054	9.83103162	9.76269806	9.65163958	9.43733031	9.27300597	9.14545953	9.04204041	8.94458784	8.82440210	8.56498863	8.38218506	8.25943433	8.16210220	8.06435311	7.89364152	7.72137190
	7.51174790	7.62245828	7.78201334	8.04517124	8.23070542	8.38898858	8.60721367	8.87728851	9.01431911	9.11833339	9.23240857	9.37482459	9.56362315	9.73669865	9.81283133	9.87010579	9.91580734	9.95536496	9.98974996	10.02147761	10.04569082	10.05958877	10.06568428	10.06634098	10.06165110	10.05484588	10.04452513	10.02956933	10.01076459	9.98736805	9.95791323	9.92397166	9.88317693	9.83166133	9.76357279	9.65475401	9.44093372	9.27668916	9.14902335	9.04569061	8.94844759	8.82871508	8.57026365	8.38528906	8.26190605	8.16437198	8.06616694	7.89473423	7.72088230
	7.46553653	7.57921534	7.72302316	7.96503828	8.18568650	8.34554456	8.53961149	8.81583967	8.97261763	9.08027075	9.19168754	9.32587776	9.49977631	9.69509802	9.78244008	9.84592097	9.89509675	9.93751275	9.97434600	10.00824571	10.03450490	10.05012669	10.05768660	10.05938267	10.05557484	10.04988202	10.04076424	10.02672341	10.00831936	9.98559793	9.95697913	9.92355108	9.88288589	9.83077836	9.76260091	9.65373884	9.44276775	9.28024321	9.15319634	9.04999743	8.95260572	8.83259968	8.57456604	8.38798107	8.26424916	8.16636241	8.06693865	7.89225597	7.71769286
	7.42328272	7.54653625	7.68441376	7.90250350	8.14401660	8.31064371	8.48886400	8.74468331	8.92654023	9.04193404	9.15347819	9.28124998	9.43791938	9.62790454	9.74306644	9.81160505	9.86477109	9.91003660	9.94891213	9.98452403	10.01257237	10.02975694	10.03900523	10.04221382	10.04005273	10.03611512	10.02864224	10.01614176	9.99919069	9.97803228	9.95096169	9.91867306	9.87861534	9.82701370	9.75887489	9.64527707	9.43984281	9.28097557	9.15670621	9.05509383	8.95835731	8.83862859	8.58370694	8.39563778	8.27186193	8.17424108	8.07503173	7.90414976	7.72450098
	7.37792680	7.51340144	7.65007620	7.84444903	8.10386130	8.27913027	8.44872967	8.68186544	8.88653592	9.00918576	9.12218367	9.24592472	9.39181093	9.57336622	9.71071182	9.78442123	9.84124400	9.88948764	9.93053121	9.96792491	9.99761300	10.01627794	10.02709340	10.03157587	10.03071941	10.02801556	10.02188537	10.01046110	9.99490410	9.97499043	9.94906716	9.91739250	9.87756440	9.82599735	9.75775346	9.64428744	9.44050908	9.28411036	9.16127754	9.06019200	8.96309498	8.84234640	8.58800843	8.39927336	8.27555297	8.17764213	8.07745635	7.90519239	7.72421662
	7.33225917	7.48288230	7.62240390	7.80099012	8.06496579	8.25105457	8.41734327	8.62823029	8.84974737	8.98076570	9.09653408	9.21884235	9.35850705	9.52799393	9.68084279	9.76222553	9.82207280	9.87256034	9.91555989	9.95462134	9.98579614	10.00582160	10.01799418	10.02356282	10.02375301	10.02200944	10.01700072	10.00654517	9.99215772	9.97309353	9.94778759	9.91642065	9.87663083	9.82490155	9.75638722	9.64068378	9.44182062	9.28715988	9.16505680	9.06400776	8.96643150	8.84485611	8.59142678	8.40229352	8.27870886	8.18078449	8.08010226	7.90774083	7.72507929
	7.24769859	7.42743247	7.57965673	7.74469038	7.99321929	8.20513499	8.37250072	8.56133404	8.78113741	8.93437815	9.05669475	9.17921632	9.31250174	9.46977066	9.62611555	9.73043568	9.79495344	9.84832196	9.89420701	9.93574848	9.96916739	9.99125681	10.00550742	10.01265686	10.01434275	10.01401326	10.01068766	10.00209487	9.98915421	9.97131839	9.94685202	9.91595703	9.87630789	9.82452513	9.75597045	9.64116375	9.44719184	9.29468892	9.17350380	9.07233170	8.97406912	8.85206628	8.60192891	8.41041583	8.28612284	8.18778589	8.08666346	7.91696773	7.72981911
	7.15830994	7.34421192	7.52685999	7.69115147	7.91036165	8.14510032	8.32276883	8.49918291	8.70077992	8.87771254	9.01083042	9.13710483	9.26800765	9.41713690	9.56816715	9.69841279	9.77015151	9.82680948	9.87598274	9.92026348	9.95620147	9.98066866	9.99689452	10.00567059	10.00878831	10.00998851	10.00842825	10.00177180	9.99019822	9.97350866	9.94990966	9.91950194	9.87996147	9.82813831	9.75935246	9.64866387	9.45635284	9.30499328	9.18404963	9.08223381	8.98264873	8.85932222	8.61201790	8.41857410	8.29360932	8.19459950	8.09258229	7.92486035	7.73402849
	7.09432296	7.26170410	7.46928062	7.64400522	7.84177968	8.08063299	8.27311527	8.44668182	8.63253976	8.82005881	8.96696788	9.09842296	9.23021009	9.37701498	9.52562613	9.67136086	9.75389178	9.81439914	9.86632764	9.91290380	9.95106916	9.97758934	9.99524137	10.00533770	10.00946488	10.01179541	10.01151236	10.00605196	9.99542280	9.97954541	9.95658189	9.92635187	9.88682754	9.83495011	9.76621036	9.66204155	9.46838965	9.31586205	9.19390087	9.09098890	8.99034008	8.86657390	8.62258680	8.42671124	8.30084827	8.20137418	8.09923800	7.93594243	7.74043161
