	12.25148691	12.58092250	12.58213152	12.58960217	12.60504286	12.62395810	12.64246274	12.66229902	12.68937630	12.73395209	12.78288687	12.80744401	12.82603762	12.84256942	12.85975968	12.88320117	12.92509290	12.98426223	13.01429587	13.03344986	13.04853645	13.06246154	13.07499867	13.08615911	13.09779803	13.11144931	13.12800953	13.14603265	13.15972650	13.16690985	13.16696753	13.15914040	13.14360910	13.11989860	13.09776409	13.07887864	13.06317503	13.05000539	13.03795021	13.02504450	13.01001063	12.99211514	12.96214544	12.93709226	12.91519729	12.88989450	12.86816048	12.84855638	12.82933136
	13.14940446	13.42650498	13.42359038	13.42715186	13.44217238	13.46568117	13.49179710	13.52033114	13.55688886	13.61161445	13.69256988	13.73243243	13.76137434	13.78627646	13.81254298	13.84749535	13.90670437	13.99799913	14.04455603	14.07469776	14.09808755	14.11861160	14.13589916	14.15100680	14.16656442	14.18440166	14.20486475	14.22673993	14.24668046	14.25917537	14.25854366	14.24274186	14.21556332	14.18406539	14.15388994	14.12752760	14.10502982	14.08537885	14.06658494	14.04636564	14.02247087	13.99282177	13.94072434	13.88978619	13.85359186	13.82339590	13.79475512	13.76606511	13.73602446
	12.74360762	13.66315873	13.65697671	13.65622790	13.66922740	13.69445274	13.72466871	13.75852318	13.80138475	13.86400572	13.96238223	14.01355383	14.04983882	14.08042371	14.11231744	14.15447581	14.22623163	14.33501313	14.39082627	14.42707550	14.45528031	14.48023133	14.50151256	14.52041141	14.54003056	14.56233960	14.58771317	14.61471793	14.63939662	14.65498678	14.65396461	14.63361951	14.59913271	14.55946191	14.52175194	14.48903226	14.46150320	14.43768516	14.41515828	14.39103397	14.36239812	14.32657164	14.26145665	14.19768464	14.15265457	14.11487182	14.07847407	14.04121202	13.99908856
	12.59848668	13.72599911	13.71759586	13.71233062	13.72046290	13.74269279	13.77183896	13.80565382	13.84834077	13.90948135	14.00792731	14.06230107	14.09985661	14.13112372	14.16340098	14.20618897	14.27968534	14.38771224	14.44295392	14.47893298	14.50715107	14.53223098	14.55386191	14.57352258	14.59408225	14.61717353	14.64309526	14.67049207	14.69530410	14.71047136	14.70890084	14.68740560	14.65150998	14.61045394	14.57166322	14.53824435	14.51034555	14.48636546	14.46383035	14.43961454	14.41081437	14.37434463	14.30551068	14.24095533	14.19535499	14.15685324	14.11932730	14.08013157	14.03492103
	12.31797413	13.79647996	13.78477294	13.77060412	13.76922556	13.78570973	13.81383269	13.85003021	13.89623074	13.96027618	14.06357471	14.13219474	14.17526387	14.21012720	14.24560849	14.29287122	14.37591054	14.49169596	14.55024048	14.58845163	14.61891576	14.64658512	14.67128653	14.69468986	14.71921306	14.74600063	14.77547410	14.80644963	14.83399861	14.84913745	14.84715954	14.82185905	14.78000257	14.73249542	14.68787082	14.64991289	14.61871311	14.59236907	14.56802364	14.54200640	14.51106530	14.47150534	14.39440709	14.32175668	14.27129500	14.22902922	14.18768035	14.14357212	14.09030543
	12.26508175	13.77987352	13.76700826	13.74802809	13.74050452	13.75197159	13.77788186	13.81482447	13.86284328	13.92839653	14.03312745	14.10893104	14.15449514	14.19082637	14.22774125	14.27726311	14.36604883	14.48345980	14.54233895	14.58089214	14.61218503	14.64112008	14.66742166	14.69289399	14.71946271	14.74799872	14.77905513	14.81154401	14.84020640	14.85366146	14.85192132	14.82467485	14.77985464	14.72922729	14.68183193	14.64176601	14.60911828	14.58184235	14.55676037	14.53015499	14.49842436	14.45770710	14.37577222	14.29867024	14.24545844	14.20092970	14.15726469	14.10994866	14.04418198
	12.00070588	13.90539087	13.88990214	13.86416818	13.84877650	13.85505852	13.87934020	13.91889840	13.97178153	14.04300074	14.15431574	14.24624053	14.29832347	14.33907752	14.38004892	14.43477291	14.53331582	14.66274793	14.72763563	14.77009987	14.80483843	14.83731036	14.86700769	14.89576265	14.92530254	14.95650138	14.99010408	15.02515565	15.05602003	15.06869927	15.06672272	15.03822734	14.98895194	14.93306478	14.88045847	14.83587331	14.79965664	14.76952832	14.74195944	14.71285324	14.67819987	14.63363639	14.54329865	14.45697637	14.39782397	14.34866163	14.30055620	14.24818317	14.17442643
	11.85668959	13.98876407	13.97129864	13.93528621	13.90490435	13.89810248	13.91575290	13.95914160	14.02060109	14.10063757	14.22378955	14.33251369	14.39168359	14.43739593	14.48377675	14.54761640	14.66895905	14.80202970	14.86885858	14.91363927	14.95227607	14.99034417	15.02670459	15.06222200	15.09704235	15.13251898	15.16985696	15.20822894	15.23307257	15.24030073	15.23722788	15.21278851	15.15505708	15.09058833	15.03023598	14.97942721	14.93849316	14.90495053	14.87471268	14.84297886	14.80516195	14.75619416	14.65250378	14.55195195	14.48378174	14.42769225	14.37269160	14.31198206	14.19688044
	11.50438866	14.08198795	14.06238276	14.01381581	13.96505491	13.94210582	13.95117215	14.00122134	14.07761685	14.17436487	14.31902599	14.45952780	14.53283415	14.58836568	14.64448073	14.72282750	14.87628629	15.02880209	15.10644695	15.15903735	15.20625394	15.25479050	15.30213504	15.34736845	15.38979253	15.43216079	15.47631907	15.51939455	15.54098194	15.54838808	15.54441319	15.52054049	15.45074746	15.37170769	15.29775801	15.23543299	15.18550132	15.14498663	15.10903852	15.07176438	15.02750485	14.97018602	14.84756942	14.72086355	14.63632155	14.56822916	14.50204924	14.42899005	14.28035692
	11.38604104	14.17290686	14.15731474	14.10382606	14.03904092	13.99353869	13.98155410	14.03105466	14.11869345	14.22476113	14.37469681	14.54007599	14.62247282	14.68297979	14.74349826	14.82867783	14.99983887	15.15966890	15.24077669	15.29662815	15.34914724	15.40605665	15.46318263	15.51668230	15.56563896	15.61360657	15.66321401	15.69850636	15.71339629	15.71957085	15.71536383	15.69718345	15.62982595	15.53806667	15.45287837	15.38164641	15.32537765	15.28062008	15.24174263	15.20248473	15.15653615	15.09760689	14.97391409	14.82721844	14.73201862	14.65769189	14.58706816	14.51008598	14.35316491
	11.16998477	14.35141243	14.33888616	14.27847413	14.19636000	14.12618254	14.09303565	14.14887444	14.25695706	14.38116497	14.55135425	14.74494639	14.83937357	14.90816466	14.97758663	15.07754479	15.28592650	15.45270881	15.54047650	15.60240315	15.66353141	15.73253326	15.80308015	15.86853486	15.92815746	15.98475368	16.03836857	16.06389144	16.07908395	16.08536369	16.08052221	16.06120218	15.99797051	15.88660080	15.78406359	15.69931726	15.63313936	15.58101362	15.53620078	15.49132725	15.43931409	15.37273386	15.22495322	15.05199041	14.94103982	14.85550135	14.77460187	14.68620687	14.48412088
	11.04896595	14.47323326	14.46360306	14.40089136	14.30949674	14.22284735	14.17096940	14.23085374	14.35335102	14.48923363	14.67067932	14.88354573	14.98578188	15.05967427	15.13443106	15.24294328	15.47276604	15.64570598	15.73783073	15.80370515	15.87031366	15.94701688	16.02568452	16.09806207	16.16391919	16.22499313	16.27781665	16.30128698	16.31697345	16.32334334	16.31813342	16.29776967	16.23606558	16.11327983	16.00054503	15.90782248	15.83568314	15.77918919	15.73076924	15.68227776	15.62640034	15.55484686	15.38980207	15.20280967	15.08343213	14.99194917	14.90567374	14.80954317	14.58996345
	10.88797471	14.53331879	14.52673436	14.46194325	14.36159750	14.25663362	14.18063880	14.25262407	14.39155976	14.53977393	14.73692660	14.96119254	15.06832702	15.14623246	15.22666802	15.34657186	15.60327776	15.76979169	15.86315864	15.93190767	16.00443656	16.08998213	16.17741882	16.25706972	16.32880129	16.39379325	16.43670651	16.45973044	16.47534848	16.48144744	16.47563974	16.45426592	16.39818407	16.26307996	16.14003936	16.03955233	15.96185764	15.90142209	15.84965616	15.79787852	15.73841610	15.66224000	15.47954828	15.27777791	15.15016816	15.05277760	14.96104222	14.84416640	14.61209335
	10.83756419	14.60548146	14.60169501	14.53768073	14.43321421	14.31539749	14.21217358	14.29760993	14.44805455	14.60320610	14.80647791	15.03970010	15.14999393	15.23004782	15.31310933	15.43822223	15.70694227	15.87265077	15.96687082	16.03726854	16.11318674	16.20374995	16.29568731	16.37855013	16.45200385	16.51756674	16.55655814	16.57950691	16.59508520	16.60108930	16.59507238	16.57325568	16.51761008	16.37732291	16.24975281	16.14570159	16.06544458	16.00313670	15.94974538	15.89631428	15.83473542	15.75569814	15.55627861	15.34727499	15.21632329	15.11637620	15.02212893	14.87098115	14.65279901
	10.75641885	14.72312494	14.72307003	14.66002142	14.54995755	14.41209626	14.26743437	14.37943336	14.54961876	14.71651267	14.93477429	15.17810214	15.29209349	15.37542699	15.46362741	15.59995890	15.88604691	16.05052357	16.14551602	16.21878678	16.30096742	16.40040693	16.49978314	16.58689590	16.66189890	16.72833083	16.76127039	16.78420327	16.79968772	16.80540188	16.79870891	16.77562293	16.71773793	16.56959299	16.43532747	16.32617946	16.24224705	16.17713998	16.12126219	16.06517885	16.00022212	15.91669540	15.69290953	15.47109945	15.33396973	15.22919590	15.13039787	14.92652409	14.72544221
	10.72105367	14.78669340	14.79057377	14.73157289	14.62078459	14.46592417	14.27804695	14.41475764	14.60443069	14.77972216	15.00808147	15.25665350	15.37196208	15.45669991	15.54816597	15.69300965	15.98842562	16.14890361	16.24278435	16.31762265	16.40493094	16.51176028	16.61646607	16.70481708	16.77838013	16.84262000	16.87094263	16.89339735	16.90848060	16.91376590	16.90648309	16.88253861	16.82185618	16.66986214	16.53246469	16.42110333	16.33565603	16.26944766	16.21257939	16.15526971	16.08871133	16.00302264	15.76349177	15.53469275	15.39465510	15.28774666	15.18746757	14.95212054	14.76254176
	10.90691021	14.78129271	14.78792088	14.73663603	14.63359756	14.47345339	14.26216854	14.40929342	14.61070622	14.78171683	15.00693021	15.23976649	15.34724150	15.42734202	15.51614742	15.66105194	15.94347336	16.08807272	16.17409535	16.24539626	16.33215721	16.43939430	16.54189602	16.62430822	16.69049079	16.74553295	16.76985353	16.79043863	16.80413782	16.80857575	16.80108560	16.77774484	16.71789586	16.57280211	16.44225587	16.33673899	16.25592820	16.19331971	16.13948022	16.08489779	16.02138531	15.93946090	15.70360224	15.48463219	15.35152093	15.24971757	15.15484436	14.91029448	14.73769332
	11.09321723	14.71812617	14.72866662	14.68830032	14.59653099	14.43211276	14.18841793	14.33980589	14.55615017	14.72029287	14.93311111	15.15363002	15.25380527	15.32855868	15.41245582	15.55187761	15.81660834	15.94765843	16.02634992	16.09374658	16.17856912	16.28400123	16.38174666	16.45630977	16.51402203	16.56096857	16.58273285	16.60131256	16.61368593	16.61746710	16.61016650	16.58805432	16.52890137	16.39369197	16.27210862	16.17381204	16.09866868	16.04052375	15.99040020	15.93941142	15.87983654	15.80287427	15.57304176	15.36888490	15.24529255	15.15095183	15.06398830	14.82414155	14.67006721
	11.43094157	14.60744197	14.61915573	14.58804761	14.51009095	14.35196225	14.10643963	14.25329976	14.46546335	14.61203421	14.80127232	14.99409033	15.08092018	15.14620149	15.22050550	15.34620231	15.57754843	15.68872871	15.75626130	15.81591307	15.89330468	15.98895189	16.07439647	16.13675361	16.18410095	16.22334686	16.24197363	16.25795220	16.26848845	16.27157966	16.26492816	16.24523357	16.18987483	16.07199832	15.96610347	15.88057250	15.81528278	15.76474194	15.72086782	15.67599303	15.62313963	15.55463971	15.34090952	15.16587656	15.05910786	14.97713219	14.90189937	14.67264409	14.54705328
	11.68103271	14.49177493	14.50410441	14.48040945	14.41405327	14.26057464	14.01244587	14.15763042	14.36480665	14.49695280	14.66532705	14.83732771	14.91386291	14.97152743	15.03776072	15.15123664	15.35577214	15.45191015	15.51092974	15.56452413	15.63602040	15.72359517	15.79942803	15.85315547	15.89371654	15.92543779	15.94154544	15.95538412	15.96445707	15.96703054	15.96103765	15.94359242	15.89529640	15.78931312	15.69451900	15.61839391	15.56054488	15.51588317	15.47701148	15.43702968	15.38969996	15.32824099	15.12929179	14.97774237	14.88449233	14.81261362	14.73309647	14.53219936	14.42783994
	11.95058372	14.29148012	14.30312787	14.28547515	14.23063710	14.08247140	13.86393701	14.00295682	14.18677083	14.29834160	14.44254568	14.58247308	14.64504979	14.69295467	14.74910291	14.84758141	15.01552139	15.09247115	15.14066957	15.18616873	15.24848276	15.32352398	15.38651545	15.43028470	15.46392742	15.48623753	15.49935686	15.51049736	15.51771736	15.51957349	15.51445834	15.49986801	15.46181442	15.37128242	15.29102546	15.22708754	15.17884246	15.14164721	15.10921490	15.07561539	15.03569522	14.98366961	14.81024397	14.68617343	14.60851682	14.54828030	14.44914035	14.29377800	14.21485896
	12.12002981	14.10579979	14.11713946	14.10459174	14.05899576	13.88357808	13.71291086	13.84987180	14.01710693	14.11343566	14.23911833	14.35575545	14.40805782	14.44868847	14.49726011	14.58457729	14.72462838	14.78742642	14.82775480	14.86768266	14.92376048	14.98988812	15.04379963	15.08104133	15.10851497	15.12319293	15.13388974	15.14289879	15.14858816	15.14989660	15.14542106	15.13302730	15.10504787	15.02468329	14.95432524	14.89897105	14.85765503	14.82602678	14.79845067	14.76979788	14.73568228	14.69117244	14.53930513	14.43513877	14.36902638	14.31786165	14.21191887	14.09489182	14.03291287
	12.25578979	13.91810126	13.92894134	13.92063343	13.88284012	13.64995147	13.56058693	13.69592060	13.84496754	13.92703850	14.03657099	14.13119732	14.17406169	14.20816091	14.25006927	14.32777653	14.44156772	14.49161210	14.52494875	14.55998158	14.61043474	14.66834599	14.71425093	14.74630893	14.76534752	14.77492309	14.78342808	14.79043148	14.79469785	14.79545901	14.79144890	14.78097733	14.76061354	14.69152509	14.62991945	14.58230217	14.54727423	14.52076726	14.49756240	14.47348136	14.44479441	14.40734195	14.27789979	14.19126058	14.13534515	14.09234084	13.99301890	13.90410893	13.85522895
	12.26673347	13.88727459	13.89872205	13.89261310	13.85664644	13.48917442	13.51798289	13.66352638	13.81532656	13.89616394	14.00324077	14.09683704	14.13861702	14.17197260	14.21321249	14.29042526	14.40047642	14.44852815	14.48116888	14.51649037	14.56797380	14.62629228	14.67231443	14.70463437	14.71868692	14.72780068	14.73567758	14.74208482	14.74589944	14.74640872	14.74243332	14.73220570	14.71298432	14.64599451	14.58364372	14.53607085	14.50153247	14.47559108	14.45286731	14.42932556	14.40121042	14.36441844	14.23409677	14.15019278	14.09571557	14.05397772	13.94931288	13.87225402	13.82787340
	12.23674583	13.77618562	13.78775123	13.78290512	13.76458217	13.20950616	13.41100403	13.56156199	13.70892537	13.78607255	13.89085868	13.97735429	14.01645754	14.04823910	14.08829241	14.16483979	14.26628985	14.31049388	14.34133549	14.37601417	14.42705362	14.48373273	14.52837880	14.55813963	14.56879131	14.57718684	14.58426326	14.58985086	14.59308949	14.59330144	14.58937711	14.57953326	14.56126522	14.49806937	14.43715708	14.39125540	14.35833466	14.33365447	14.31204781	14.28957712	14.26266280	14.22726731	14.09882821	14.01921408	13.96689528	13.92582008	13.81280461	13.75165949	13.71435858
	12.29407118	13.72895882	13.72242563	13.72945322	13.21458070	13.09851323	13.35531096	13.50857586	13.64852661	13.72014222	13.81805183	13.89763281	13.93344696	13.96286266	14.00027538	14.07304958	14.16429918	14.20401665	14.23247352	14.26592374	14.31557324	14.36992714	14.41341560	14.43593253	14.44519818	14.45253061	14.45841449	14.46292989	14.46544415	14.46533980	14.46149722	14.45241307	14.43560318	14.37829840	14.31983203	14.27653830	14.24592380	14.22310719	14.20325503	14.18249487	14.15759762	14.12460350	14.00113918	13.92848173	13.88034281	13.83529796	13.73571407	13.68830560	13.65762918
	12.16086684	13.35533128	13.66580451	13.22656092	12.58148522	12.97928340	13.26293209	13.43467968	13.58489656	13.66065694	13.76543032	13.84843528	13.88597057	13.91715861	13.95712478	14.03640430	14.12959640	14.17056431	14.20077816	14.23774401	14.29280077	14.35276608	14.40116537	14.41838452	14.42780381	14.43500702	14.44051150	14.44465525	14.44683416	14.44641999	14.44219285	14.43258875	14.41498117	14.35647141	14.29221526	14.24550688	14.21291340	14.18889274	14.16803854	14.14625972	14.12007057	14.08458771	13.95109466	13.87438113	13.82371352	13.76156546	13.67241326	13.62860568	13.59903611
	11.98517598	12.65173129	13.32672583	12.40278593	12.46398023	12.85666408	13.15579117	13.34490241	13.50674190	13.58765021	13.70095874	13.78891324	13.82885984	13.86232855	13.90547741	13.99223455	14.08929797	14.13247551	14.16505046	14.20608672	14.26718036	14.33427046	14.38478123	14.40050264	14.41016689	14.41724142	14.42247635	14.42632016	14.42821874	14.42752464	14.42287119	14.41253229	14.39378065	14.33318929	14.26226477	14.21138203	14.17628835	14.15060245	14.12840337	14.10519652	14.07723949	14.03820963	13.89236779	13.80974579	13.75553341	13.67732580	13.59538332	13.55351244	13.52446996
	11.91310991	11.89227384	12.40618033	12.20150172	12.41724158	12.81097464	13.11720001	13.31571941	13.48381827	13.56700666	13.68266557	13.77553156	13.81694409	13.85155109	13.89587353	13.98532713	14.08525262	14.12962074	14.16350621	14.20713372	14.27202886	14.34456379	14.39448767	14.40972281	14.41926005	14.42587890	14.43054693	14.43385919	14.43537408	14.43434071	14.42933893	14.41857963	14.39921917	14.33689389	14.26231406	14.20937353	14.17316689	14.14677637	14.12394117	14.09999131	14.07090971	14.02247249	13.87196008	13.78805147	13.73285285	13.64078953	13.57258853	13.53550353	13.50878076
	11.73362253	11.76602246	11.89585736	12.05121558	12.28850389	12.70357086	13.02747099	13.24109591	13.42081350	13.50895858	13.63212637	13.73317336	13.77791391	13.81528212	13.86279890	13.95986553	14.06576968	14.11303943	14.14976320	14.19852504	14.27052464	14.35287062	14.40093976	14.41655787	14.42600897	14.43212369	14.43607177	14.43879106	14.43979019	14.43827708	14.43257897	14.42078859	14.39972646	14.33078733	14.25115724	14.19497819	14.15671747	14.12874188	14.10436019	14.07855569	14.04690719	13.98015200	13.82376389	13.73642199	13.67791015	13.57393075	13.51326466	13.47890515	13.45328684
	11.60343996	11.63951693	11.76628392	11.94124266	12.19166963	12.61930657	12.95592242	13.18132833	13.36978610	13.46102370	13.58601740	13.69596941	13.74355086	13.78276621	13.83187886	13.93231138	14.04436455	14.09400063	14.13285661	14.18510918	14.26231733	14.35291627	14.39832449	14.41392479	14.42291573	14.42831516	14.43148367	14.43365271	14.43420059	14.43231572	14.42613271	14.41360539	14.39131637	14.31666958	14.23478859	14.17699407	14.13754868	14.10860453	14.08315698	14.05607285	14.02256669	13.94012977	13.78143829	13.69247963	13.62993216	13.52405000	13.46936809	13.43724351	13.41274174
	11.50325664	11.54438890	11.67416753	11.85666860	12.11652988	12.55514361	12.90139134	13.13577727	13.33104242	13.42434766	13.55046725	13.66688411	13.71663322	13.75726744	13.80753365	13.91052549	14.02742055	14.07894390	14.11945103	14.17432615	14.25622996	14.35435559	14.39592908	14.41129941	14.41979680	14.42456321	14.42717215	14.42889475	14.42914908	14.42696563	14.42039234	14.40726909	14.38400088	14.30509310	14.22167814	14.16267234	14.12234841	14.09262654	14.06635810	14.03826167	14.00339327	13.91063428	13.75041556	13.66012573	13.59304700	13.49002242	13.43775480	13.40654295	13.38245287
	11.37054786	11.42179167	11.55379029	11.75077832	12.02827164	12.48610225	12.85076548	13.09990549	13.30667597	13.40369000	13.53108723	13.65873229	13.71226292	13.75525011	13.80722004	13.91372756	14.04013353	14.09524191	14.13849829	14.19747220	14.28721279	14.39655064	14.43365966	14.44874530	14.45654010	14.46040811	14.46222906	14.46332273	14.46314552	14.46053353	14.45329790	14.43916994	14.41424168	14.32764950	14.24160032	14.18049728	14.13862845	14.10756809	14.07986192	14.04998586	14.01278057	13.90136262	13.74009896	13.64784225	13.57149109	13.47425234	13.42471712	13.39453908	13.37092089
	11.33198662	11.38418589	11.51531637	11.70935929	11.98281064	12.43599086	12.78345179	13.02244588	13.22209719	13.31529151	13.44196390	13.56279976	13.61432549	13.65627042	13.70749780	13.81448811	13.93424777	13.98717920	14.02936532	14.08760958	14.17699286	14.28336311	14.31677380	14.33088336	14.33796052	14.34136035	14.34287843	14.34384507	14.34364596	14.34103705	14.33389100	14.32001764	14.29553352	14.21067086	14.12740952	14.06833443	14.02783139	13.99769876	13.97071698	13.94157040	13.90535182	13.79772281	13.64071716	13.55108651	13.47836541	13.38191954	13.33358926	13.30444086	13.28169928
	11.25888926	11.29500754	11.44910887	11.65006465	11.93266156	12.39538711	12.75175463	12.99715200	13.20207959	13.29703699	13.42534438	13.55059478	13.60379304	13.64692142	13.69920673	13.80887206	13.93222486	13.98676060	14.03032054	14.09067025	14.18406037	14.29520224	14.32649963	14.34044122	14.34720191	14.35022402	14.35141891	14.35214127	14.35177887	14.34898187	14.34152107	14.32714767	14.30187170	14.21365519	14.12887673	14.06868249	14.02737976	13.99656516	13.96888511	13.93888142	13.90161282	13.78684664	13.62817855	13.53719475	13.45951432	13.36442757	13.31683198	13.28805750	13.26548775
	11.16531521	11.62826818	11.35625930	11.57050183	11.86655971	12.34023425	12.70374905	12.95605515	13.16686305	13.26300887	13.38755654	13.52046335	13.57584269	13.61983467	13.67170908	13.78035886	13.91212488	13.96896966	14.01372410	14.07629626	14.17563213	14.29039254	14.31954378	14.33253686	14.33825064	14.34027599	14.34062082	14.34083151	14.34006481	14.33691735	14.32904532	14.31401152	14.28768656	14.19275021	14.10884456	14.04889127	14.00750798	13.97636812	13.94805159	13.91706272	13.87850101	13.74638543	13.59359462	13.50413511	13.42101356	13.33375641	13.28908236	13.26159310	13.23990546
	11.11691688	12.20834595	11.30806011	11.52816981	11.82885360	12.30439397	12.66178295	12.91090064	13.12026831	13.21499298	13.33712712	13.46979149	13.52505679	13.56879318	13.61984559	13.72787572	13.86029614	13.91701274	13.96156344	14.02456570	14.12583070	14.23869623	14.26658575	14.27859705	14.28351860	14.28484459	14.28474667	14.28466058	14.28372781	14.28045038	14.27242382	14.25714408	14.22887467	14.13212072	14.05111967	13.99293396	13.95249880	13.92179471	13.89359136	13.86245837	13.82364398	13.68238711	13.53774079	13.45157402	13.36810480	13.28437750	13.24177644	13.21539520	13.19458142
	11.09243089	12.61610358	11.28176749	11.50330656	11.80083955	12.27258044	12.61697946	12.85890695	13.06345695	13.15527817	13.27493786	13.40383810	13.45770368	13.50049735	13.55036350	13.65758160	13.78691321	13.84214295	13.88577377	13.94850347	14.05033806	14.15851076	14.18468363	14.19565090	14.19980975	14.20060053	14.20021386	14.19994956	14.19893022	14.19558161	14.18753735	14.17228917	14.14187525	14.04685168	13.96937981	13.91349190	13.87445231	13.84458848	13.81693982	13.78628908	13.74807477	13.60559315	13.46812440	13.38537965	13.30395873	13.22232178	13.18136561	13.15597464	13.13600560
	11.12363811	13.09464759	11.30504759	11.51875433	11.81383569	12.27365285	12.60654418	12.84100783	13.03978149	13.12841533	13.24234013	13.36777304	13.42016652	13.46156381	13.50931326	13.61345545	13.74046296	13.79403539	13.83635053	13.89868983	14.00192071	14.10354799	14.12740897	14.13698516	14.14011894	14.14019430	14.13930335	14.13874022	14.13750641	14.13401701	14.12595889	14.11082423	14.07603190	13.98567825	13.91281151	13.85983205	13.82254847	13.79380030	13.76693860	13.73703973	13.69970977	13.55579448	13.42863585	13.35066654	13.27424673	13.19707153	13.15843894	13.13414138	13.11525612
	11.13267766	13.15144075	11.30942178	11.52350204	11.82014920	12.27911780	12.60781264	12.84051067	13.03829812	13.12578552	13.23753290	13.36194230	13.41375218	13.45463836	13.50163948	13.60595642	13.73263847	13.78550893	13.82755095	13.89119125	13.99789615	14.09451829	14.11682580	14.12543857	14.12787639	14.12743856	14.12619254	14.12544123	14.12398722	14.12027150	14.11197355	14.09653018	14.05654872	13.96938622	13.89905789	13.84760455	13.81113436	13.78284041	13.75617577	13.72642031	13.68951089	13.54387440	13.42287841	13.34738654	13.27555148	13.19845401	13.16003840	13.13570231	13.11715138
	11.10880825	13.17807511	11.28490564	11.49298655	11.81064026	12.28152878	12.61995610	12.85922004	13.06255378	13.15288393	13.26164474	13.39221583	13.44626152	13.48795382	13.53470900	13.63832549	13.77389472	13.82850701	13.87136426	13.93786608	14.05055728	14.14742933	14.16879682	14.17652056	14.17806542	14.17678670	14.17481171	14.17346242	14.17142664	14.16705612	14.15794008	14.14122117	14.08703999	14.00440136	13.93682885	13.88669564	13.85058172	13.82199675	13.79452976	13.76348677	13.72263351	13.56451218	13.45132300	13.37809028	13.30463968	13.23052216	13.19342805	13.16969454	13.15150531
	11.08060213	13.16848155	11.25913541	11.46892068	11.79429433	12.27191559	12.60760783	12.84586936	13.04951955	13.13981506	13.24938813	13.37900978	13.43300996	13.47483370	13.52188714	13.62870162	13.76366612	13.81788162	13.86113739	13.92980818	14.04590710	14.13879191	14.15903075	14.16602849	14.16703287	14.16536783	14.16314037	14.16160384	14.15933595	14.15468182	14.14508796	14.12759554	14.06616322	13.98638631	13.92085270	13.87201649	13.83652495	13.80806371	13.78040924	13.74891884	13.70462818	13.54555162	13.43768283	13.36624319	13.29504331	13.21806106	13.18071569	13.15705126	13.13915809
	11.09376139	13.13079839	11.26881827	11.47655757	11.79654012	12.26687818	12.58741817	12.81687516	13.01423574	13.10135619	13.20928301	13.33365478	13.38562960	13.42623930	13.47240619	13.57955039	13.70823612	13.76011093	13.80240660	13.87047945	13.98448551	14.07146616	14.09044754	14.09688658	14.09762337	14.09591194	14.09371875	14.09220642	14.08992709	14.08525809	14.07567338	14.05800513	13.99524357	13.91917544	13.85662133	13.80999005	13.77597751	13.74847499	13.72160748	13.69087180	13.64819594	13.49342126	13.39100894	13.32246878	13.25450807	13.17657913	13.13959716	13.11662000	13.09919353
	11.19010663	13.12669816	11.35474791	11.54742012	11.85759204	12.30539179	12.60708491	12.82367807	13.01048130	13.09343061	13.19320626	13.31262266	13.36232696	13.40068758	13.44385263	13.54430458	13.66845294	13.71755890	13.75762784	13.82263362	13.93095453	14.01271920	14.03021813	14.03596173	14.03637309	14.03450176	14.03219627	14.03053392	14.02815872	14.02347150	14.01407767	13.99495944	13.93168600	13.86233800	13.80500067	13.76201693	13.73041545	13.70458181	13.67909817	13.64968054	13.60299165	13.45688121	13.36443369	13.30134986	13.23454266	13.16345273	13.12982154	13.10903591	13.09304148
	11.29357812	13.09592538	11.42735522	11.62927583	11.91970394	12.33851509	12.61442797	12.81346685	12.98626053	13.06297878	13.15622348	13.26604001	13.31189030	13.34738840	13.38764555	13.48325126	13.59684801	13.64181677	13.67927511	13.74084215	13.84262740	13.91573398	13.93137356	13.93642091	13.93664149	13.93480314	13.93262991	13.93104729	13.92876088	13.92425851	13.91530376	13.89447866	13.83649548	13.77279401	13.72025869	13.68083572	13.65179258	13.62792622	13.60431659	13.57692554	13.52818067	13.39830757	13.31436810	13.25660886	13.19582328	13.12776420	13.09601775	13.07677101	13.06198366
	11.43831025	13.06199106	11.56718737	11.73462326	12.00622750	12.38785909	12.62715772	12.80291006	12.95716622	13.02535530	13.10673728	13.20574674	13.24655795	13.27796278	13.31365949	13.40074554	13.50241065	13.54190054	13.57586198	13.63275476	13.72465031	13.78635297	13.79935838	13.80331650	13.80313461	13.80119890	13.79898629	13.79732877	13.79492004	13.79041433	13.78180907	13.75958100	13.70271650	13.64939616	13.60517978	13.57164856	13.54659081	13.52561143	13.50447065	13.47958988	13.42983107	13.31627778	13.24819372	13.19957189	13.14772461	13.08580092	13.05704327	13.03972939	13.02653927
	11.50142832	13.03632498	11.63859616	11.78528810	12.04265681	12.40464812	12.62751896	12.79139274	12.93630959	13.00044330	13.07856203	13.17024573	13.20832462	13.23784230	13.27203316	13.35774327	13.45038037	13.48705595	13.51957703	13.57466647	13.66265445	13.71741533	13.72914404	13.73264416	13.73240738	13.73053931	13.72845578	13.72684315	13.72450165	13.72009521	13.71173869	13.68911661	13.63558868	13.58561242	13.54436458	13.51310399	13.48968075	13.46997815	13.45006008	13.42655607	13.37612307	13.27374582	13.21103846	13.16581849	13.11961680	13.05833164	13.03013281	13.01350686	13.00084640
	11.55276365	13.05325054	11.98881660	11.82697858	12.07984697	12.43638812	12.65023669	12.80836638	12.94919176	13.01218815	13.08717589	13.17681120	13.21380170	13.24233426	13.27577776	13.36131081	13.44994652	13.48524070	13.51755065	13.57283631	13.65983123	13.70935958	13.72015268	13.72332207	13.72303077	13.72113728	13.71904529	13.71727579	13.71477667	13.71021392	13.70168468	13.67628499	13.62478170	13.57711986	13.53783951	13.50805239	13.48563098	13.46658190	13.44721803	13.42425975	13.36985861	13.27631555	13.21780552	13.17493961	13.13317545	13.07187479	13.04375753	13.02750467	13.01509753
	11.58909943	13.06769052	12.12123045	11.85819013	12.10983524	12.46611207	12.66920786	12.82196744	12.95938381	13.02151896	13.09389139	13.18219306	13.21855112	13.24635135	13.27925557	13.36464118	13.45034248	13.48468499	13.51690523	13.57211523	13.65767237	13.70393943	13.71410595	13.71703845	13.71667940	13.71475643	13.71259562	13.71068992	13.70799805	13.70326051	13.69457888	13.66584864	13.61645188	13.57083602	13.53323584	13.50467760	13.48307496	13.46454957	13.44558842	13.42296434	13.36440275	13.27815670	13.22299366	13.18179562	13.14132866	13.08127393	13.05363242	13.03786937	13.02584215
	11.62211273	13.08266089	12.43875729	11.88808584	12.13884374	12.49731614	12.68769890	12.83465730	12.96857767	13.03009349	13.09931025	13.18689041	13.22284515	13.24992804	13.28222306	13.36690606	13.45048118	13.48396772	13.51611534	13.57111610	13.65501636	13.69856601	13.70817853	13.71088068	13.71045406	13.70848505	13.70624215	13.70416641	13.70120993	13.69626964	13.68741653	13.65487941	13.60769395	13.56416179	13.52829958	13.50097393	13.48020219	13.46219558	13.44359556	13.42120060	13.35757673	13.27897267	13.22736804	13.18788486	13.14788793	13.08948448	13.06267131	13.04755443	13.03603038
	11.61065296	13.07600598	12.48244211	11.87830035	12.13051851	12.49039240	12.68041310	12.82746673	12.96172005	13.02319441	13.09309185	13.18049422	13.21638914	13.24352189	13.27615240	13.36202353	13.44471344	13.47820532	13.51055612	13.56584329	13.64990871	13.69309762	13.70270064	13.70540489	13.70499453	13.70303537	13.70080852	13.69872003	13.69575727	13.69077385	13.68187122	13.64938311	13.60208160	13.55837931	13.52242369	13.49502909	13.47420869	13.45617415	13.43753667	13.41509804	13.35219296	13.27313376	13.22132791	13.18169412	13.14237529	13.08303972	13.05581590	13.04047912	13.02883200
	11.60343286	13.07335289	12.80783197	11.87549545	12.13032248	12.50028035	12.67690421	12.81820661	12.95010701	13.01170504	13.08016863	13.16712657	13.20289149	13.22960566	13.26267854	13.35101205	13.43001725	13.46306876	13.49610684	13.55226490	13.63574518	13.67555710	13.68470576	13.68724810	13.68679921	13.68482831	13.68252691	13.68019669	13.67691308	13.67154061	13.66215351	13.62612873	13.58017617	13.53768253	13.50288807	13.47631830	13.45606067	13.43834883	13.41978680	13.39717361	13.32960723	13.25712589	13.20854277	13.17050076	13.13295109	13.07390518	13.04603339	13.03044667	13.01881319
	11.59520704	13.08124853	12.84226319	11.87315560	12.13148126	12.51066629	12.68054801	12.81952502	12.95107107	13.01346492	13.08098319	13.16897880	13.20516157	13.23186436	13.26520588	13.35463436	13.43345064	13.46665225	13.50025710	13.55729545	13.64119287	13.67991107	13.68892400	13.69140798	13.69091054	13.68890150	13.68651906	13.68401535	13.68050781	13.67489284	13.66496112	13.62673636	13.58102902	13.53885540	13.50434171	13.47799341	13.45785709	13.44018104	13.42142553	13.39843665	13.32656152	13.25762645	13.21067583	13.17345664	13.13613583	13.07737281	13.04922730	13.03346772	13.02183487
	11.60648971	13.10598029	13.12893325	11.88658269	12.15499016	12.54321484	12.70379022	12.83697555	12.96681972	13.02930542	13.09603976	13.18397254	13.21993057	13.24652614	13.28093402	13.37425717	13.44781299	13.48060350	13.51487374	13.57256310	13.65590386	13.69133504	13.70007771	13.70253360	13.70214696	13.70021778	13.69785987	13.69523443	13.69156135	13.68569185	13.67587443	13.63693833	13.59154360	13.54969312	13.51561380	13.48963915	13.46988723	13.45243138	13.43381252	13.41088142	13.34012895	13.27380447	13.22835790	13.19211413	13.15839021	13.09886993	13.06821158	13.05129005	13.03912828
	11.80256214	13.12030891	13.15552454	12.07512283	12.20894528	12.58781622	12.73479434	12.85420297	12.97546968	13.03611489	13.09762200	13.18235825	13.21724903	13.24259554	13.27592515	13.36627141	13.43490991	13.46632846	13.49968184	13.55538646	13.63476827	13.66643698	13.67460216	13.67686363	13.67647430	13.67455853	13.67214202	13.66929361	13.66543934	13.65946942	13.64955015	13.60968921	13.56708145	13.52782566	13.49590416	13.47163580	13.45317310	13.43667393	13.41891599	13.39663816	13.32488400	13.26647713	13.22576717	13.19270063	13.16095529	13.10630694	13.07603957	13.05934538	13.04755551
	12.36869606	13.12619443	13.15830041	12.22299720	12.18121841	12.57758271	12.72744904	12.84597646	12.96963611	13.03269273	13.09549380	13.18311354	13.21913268	13.24527486	13.28057794	13.37631967	13.44366761	13.47599776	13.51083507	13.56848798	13.64986885	13.68068074	13.68903632	13.69143199	13.69107889	13.68912068	13.68657949	13.68349210	13.67934430	13.67298866	13.66251625	13.62112045	13.57732438	13.53698996	13.50425477	13.47945820	13.46063127	13.44378161	13.42558161	13.40258938	13.32943406	13.27102375	13.23018583	13.19686682	13.16524232	13.11210385	13.07821715	13.05960915	13.04674678
	12.81140783	13.14895456	13.17618062	12.46573623	12.14576953	12.57358914	12.72876168	12.84574772	12.97203018	13.03929800	13.10364606	13.19574772	13.23403686	13.26150577	13.29960091	13.40236606	13.46902202	13.50285678	13.53962106	13.59964569	13.68360843	13.71444292	13.72320701	13.72584066	13.72553923	13.72354422	13.72082314	13.71742609	13.71289614	13.70597745	13.69421251	13.65085658	13.60536225	13.56348132	13.52953511	13.50396604	13.48458255	13.46722823	13.44830106	13.42416302	13.34862510	13.28964530	13.24840398	13.21463056	13.18276636	13.13302735	13.09348363	13.07199107	13.05741547
	13.17480423	13.23172337	13.25772747	12.90839929	12.09798816	12.58622333	12.75878364	12.88453872	13.02338450	13.09992008	13.16984585	13.27409601	13.31773463	13.34851178	13.39136126	13.50605168	13.58074570	13.61871533	13.65987943	13.72655154	13.81957016	13.85431435	13.86419796	13.86720913	13.86694206	13.86470578	13.86158235	13.85765682	13.85237700	13.84443356	13.82981343	13.78125554	13.73079479	13.68429438	13.64660244	13.61828225	13.59682344	13.57761664	13.55646243	13.52930291	13.44370684	13.37988193	13.33508332	13.29827391	13.26356197	13.21138006	13.16523984	13.14015475	13.12328552
	13.20211766	13.26547778	13.28762648	13.28212774	12.06657762	12.57751688	12.76085241	12.89014593	13.03513001	13.11586892	13.18923970	13.29983361	13.34649816	13.37933535	13.42588498	13.54950572	13.62629823	13.66655392	13.71012900	13.77980148	13.87557075	13.91390949	13.92452299	13.92776960	13.92747844	13.92503697	13.92159559	13.91720475	13.91133617	13.90251806	13.88241621	13.83179939	13.77990146	13.73180864	13.69268928	13.66320543	13.64080486	13.62053383	13.59802147	13.56885104	13.47713566	13.41198286	13.36597750	13.32807088	13.29241417	13.24382769	13.19021885	13.16117023	13.14198694
	13.26990596	13.33132599	13.35091735	13.34748646	12.12141202	12.64422615	12.82781286	12.95314750	13.09310671	13.17454333	13.24461463	13.35493268	13.40283479	13.43560572	13.48177445	13.60165503	13.68090353	13.72113357	13.76412808	13.83222936	13.92533174	13.96514257	13.97586822	13.97916374	13.97888092	13.97634480	13.97277348	13.96812569	13.96203887	13.95290445	13.92796795	13.87912760	13.82880920	13.78212261	13.74398769	13.71521766	13.69327869	13.67327680	13.65077796	13.61866974	13.52716308	13.46616834	13.42264418	13.38650443	13.35243094	13.30887544	13.25370634	13.22356514	13.20385204
	13.30940355	13.37086718	13.39164798	13.38922440	12.70585355	12.66208822	12.85347328	12.98030453	13.11798083	13.20365911	13.27186053	13.38625527	13.43874260	13.47297782	13.51961182	13.63890415	13.72563124	13.76743994	13.81087286	13.87843045	13.96989572	14.01623635	14.02781886	14.03154110	14.03144018	14.02898068	14.02529424	14.02043092	14.01398339	14.00433396	13.97391693	13.92522361	13.87496083	13.82811714	13.78971089	13.76068042	13.73842968	13.71792898	13.69467072	13.65855972	13.56582588	13.50532083	13.46201321	13.42597105	13.39205118	13.35271111	13.29337408	13.26075470	13.23954567
	13.31324638	13.37380379	13.39457706	13.39209842	12.72179954	12.65364685	12.84820560	12.97609187	13.11486742	13.20162503	13.27063779	13.38697455	13.44052924	13.47550936	13.52381067	13.64765413	13.73253234	13.77490466	13.81891658	13.88704933	13.97855531	14.02577287	14.03762071	14.04152708	14.04149262	14.03905445	14.03532281	14.03032507	14.02369143	14.01371971	13.98194072	13.93275031	13.88210734	13.83489571	13.79614712	13.76685373	13.74433057	13.72353155	13.69983432	13.66288212	13.56982366	13.50897045	13.46543456	13.42930222	13.39544582	13.35983931	13.29782299	13.26235631	13.23957190
	13.30583618	13.36117555	13.38049049	13.37853818	13.03327874	12.69245086	12.87398653	12.99229297	13.11849882	13.19921934	13.26247803	13.37055157	13.42140587	13.45424149	13.49959301	13.61499093	13.69388155	13.73327121	13.77393222	13.83627383	13.91924465	13.96467087	13.97593087	13.97971377	13.97975111	13.97750335	13.97398000	13.96923985	13.96291375	13.95335341	13.92107644	13.87604213	13.82986271	13.78665878	13.75123249	13.72435260	13.70353408	13.68414359	13.66198499	13.62527427	13.54039055	13.48510189	13.44550431	13.41268975	13.38203886	13.35230789	13.29440201	13.25900930	13.23650780
	13.29615640	13.34551151	13.36303402	13.36156350	13.21234871	12.73553623	12.90103853	13.00875210	13.12130431	13.19559643	13.25271932	13.35135547	13.39889622	13.42933162	13.47171683	13.57840899	13.64893039	13.68484657	13.72174827	13.77777643	13.85164537	13.89379411	13.90431907	13.90794346	13.90815148	13.90616918	13.90297401	13.89859509	13.89262814	13.88358714	13.85241034	13.81162445	13.77003023	13.73110692	13.69927993	13.67505910	13.65615821	13.63838804	13.61800087	13.58359167	13.50698516	13.45754330	13.42225440	13.39312840	13.36613353	13.34023525	13.29166476	13.25529303	13.23265480
	13.30563392	13.35249199	13.36980862	13.36938050	13.34996395	12.76903679	12.92595030	13.03008495	13.13290768	13.20662743	13.25870908	13.35285603	13.40081051	13.43026903	13.46991207	13.56937452	13.63955011	13.67389408	13.70835422	13.76010748	13.82825782	13.87123599	13.88173417	13.88556075	13.88602176	13.88432289	13.88146615	13.87731876	13.87152419	13.86273130	13.83162946	13.79293248	13.75375071	13.71727401	13.68743907	13.66463872	13.64679951	13.62988198	13.61032954	13.57576129	13.50416721	13.45819843	13.42544054	13.39852094	13.37370049	13.35003247	13.30891241	13.27135107	13.24830131
	13.29828625	13.34364151	13.36063245	13.36039437	13.34163321	12.77044019	12.92310150	13.02641465	13.12607133	13.19903316	13.24973362	13.34189910	13.38983452	13.41904056	13.45826087	13.55623028	13.62485979	13.65854637	13.69208568	13.74215877	13.80782906	13.85086949	13.86138465	13.86534181	13.86592544	13.86440878	13.86168321	13.85760349	13.85182261	13.84260071	13.81162365	13.77376577	13.73557191	13.70014531	13.67118217	13.64897344	13.63154590	13.61490542	13.59557569	13.56117418	13.49139012	13.44673205	13.41495368	13.38895524	13.36512919	13.34251653	13.30535562	13.26602850	13.24220815
	13.28239820	13.32392387	13.33995193	13.34008436	13.32392233	12.78447746	12.92629035	13.02500880	13.11672615	13.18590451	13.23267152	13.31874959	13.36524394	13.39312954	13.43027721	13.52235981	13.58697263	13.61860456	13.64967394	13.69549981	13.75512608	13.79712102	13.80735319	13.81132418	13.81210197	13.81089173	13.80842785	13.80456404	13.79900416	13.78940440	13.75915549	13.72396695	13.68864153	13.65607235	13.62940995	13.60886871	13.59260352	13.57687686	13.55848953	13.52435692	13.46009441	13.41902835	13.38985847	13.36607398	13.34443892	13.32403237	13.29424199	13.25387336	13.22968763
	13.28342404	13.32290645	13.33849522	13.33909540	13.32462699	12.80720236	12.94153751	13.03775505	13.12355489	13.18994169	13.23355744	13.31464984	13.36058022	13.38745503	13.42241474	13.50823428	13.57239976	13.60275277	13.63199990	13.67471552	13.73003781	13.77194429	13.78203860	13.78603100	13.78691376	13.78588447	13.78358164	13.77987708	13.77449676	13.76405811	13.73446605	13.70137858	13.66826035	13.63779004	13.61275226	13.59339945	13.57796049	13.56288155	13.54515169	13.51005698	13.45023671	13.41189770	13.38462561	13.36236512	13.34215240	13.32309505	13.29615141	13.25696931	13.23339687
	13.29780577	13.33672904	13.35230552	13.35334609	13.34007781	12.83433473	12.96276373	13.05878524	13.14081800	13.20617429	13.24774643	13.32482642	13.37189901	13.39838745	13.43180701	13.51252266	13.57849505	13.60833605	13.63647942	13.67720316	13.72983697	13.77229944	13.78251908	13.78658428	13.78758714	13.78669821	13.78450924	13.78091875	13.77561167	13.76438292	13.73494825	13.70302062	13.67117247	13.64190897	13.61787045	13.59924133	13.58424951	13.56947805	13.55199901	13.51462757	13.45804599	13.42162379	13.39562881	13.37437968	13.35505156	13.33678468	13.31045245	13.27255114	13.24967919
	13.29344990	13.33082255	13.34611649	13.34739919	13.33508293	12.83678356	12.96116712	13.05712586	13.13703465	13.20093103	13.24115981	13.31623429	13.36357880	13.39002038	13.42300044	13.50171753	13.56754219	13.59692975	13.62425823	13.66331684	13.71328301	13.75602056	13.76668147	13.77089778	13.77203088	13.77126920	13.76921943	13.76563695	13.76025000	13.74656059	13.71776369	13.68699906	13.65645599	13.62837810	13.60529527	13.58725675	13.57255236	13.55787467	13.54035508	13.50098562	13.44706122	13.41209929	13.38714141	13.36671181	13.34821275	13.33076857	13.30773945	13.26896222	13.24531519
	13.28448709	13.32049242	13.33541602	13.33671836	13.32497297	12.83634797	12.95619724	13.05097502	13.12926062	13.19189264	13.23121217	13.30458098	13.35174037	13.37801411	13.41080399	13.48863903	13.55283195	13.58169677	13.60835240	13.64614634	13.69406015	13.73592423	13.74709870	13.75135951	13.75254424	13.75190875	13.74998487	13.74645708	13.74108020	13.72595657	13.69782076	13.66801071	13.63846032	13.61131600	13.58900421	13.57146652	13.55701652	13.54248989	13.52504568	13.48504733	13.43306275	13.39923338	13.37504216	13.35526787	13.33745010	13.32069492	13.30048138	13.26114387	13.23685597
	13.28245238	13.31635313	13.33066502	13.33233324	13.32214090	12.86104333	12.96838260	13.05995482	13.13297080	13.19246006	13.22909560	13.29526080	13.34381623	13.36957327	13.40072434	13.47315650	13.53563461	13.56325202	13.58812093	13.62268348	13.66584567	13.70407944	13.71778623	13.72216120	13.72351129	13.72316333	13.72152627	13.71821622	13.71283496	13.69571813	13.66957053	13.64205670	13.61489677	13.58997428	13.56947083	13.55315453	13.53947715	13.52550130	13.50857003	13.46833665	13.42065001	13.38950383	13.36713512	13.34886701	13.33252412	13.31715511	13.30036362	13.26222399	13.23790365
	13.27568318	13.30832123	13.32241131	13.32441614	13.31510847	12.86467336	12.96671155	13.05730201	13.12760124	13.18542305	13.22065062	13.28336438	13.33334696	13.35920983	13.38979069	13.45963433	13.52203160	13.54921431	13.57321884	13.60592351	13.64612726	13.68153342	13.69825813	13.70284494	13.70442505	13.70432251	13.70284679	13.69959311	13.69390623	13.67502962	13.65007861	13.62391133	13.59807141	13.57437240	13.55482876	13.53911237	13.52574515	13.51194165	13.49508841	13.45440818	13.40863249	13.37871747	13.35716732	13.33959729	13.32396110	13.30928014	13.29381517	13.25687849	13.23184447
	13.26662620	13.29826981	13.31207829	13.31444306	13.30610119	12.87021674	12.96694703	13.05571258	13.12292264	13.17777304	13.21121302	13.26859486	13.32061485	13.34664828	13.37637431	13.44238171	13.50493263	13.53159786	13.55452200	13.58479523	13.62108181	13.65247885	13.67134870	13.67781292	13.67965692	13.67976952	13.67842835	13.67504952	13.66589927	13.64685327	13.62393734	13.59998722	13.57615784	13.55427341	13.53602239	13.52116177	13.50820299	13.49456128	13.47774347	13.43538912	13.39284373	13.36479886	13.34450662	13.32798889	13.31325850	13.29947684	13.28481978	13.24952857	13.22414828
	13.30355913	13.33730588	13.35203305	13.35546065	13.34878892	12.91255782	12.99669698	13.08993939	13.15671727	13.21209030	13.24530317	13.29572618	13.35639576	13.38513600	13.41473576	13.47579675	13.54513628	13.57325063	13.59568855	13.62357542	13.65555743	13.68242926	13.70109546	13.71169740	13.71641089	13.71775952	13.71613570	13.70990378	13.69714958	13.67945532	13.65857698	13.63685972	13.61495567	13.59461950	13.57734742	13.56286291	13.54981226	13.53561822	13.51787358	13.47125029	13.43106527	13.40415481	13.38445110	13.36854293	13.35443900	13.34125366	13.32715788	13.29431166	13.26631918
	13.35624294	13.39364518	13.40973067	13.41391330	13.40770942	12.94940131	13.02672454	13.12805617	13.19937306	13.25892317	13.29445995	13.34442543	13.41226980	13.44439550	13.47562059	13.53735583	13.61392467	13.64458018	13.66817714	13.69651454	13.72832057	13.75468892	13.77272061	13.78378211	13.78961914	13.79168077	13.78981777	13.78247247	13.77009653	13.75245179	13.73147037	13.70969589	13.68751725	13.66677712	13.64896763	13.63375806	13.61985894	13.60450915	13.58500981	13.53386046	13.49279322	13.46500568	13.44453268	13.42798315	13.41341343	13.39978205	13.38518183	13.35151212	13.32088142
	13.36586933	13.40311646	13.41917595	13.42356880	13.41785470	12.96044095	13.03250469	13.13525312	13.20766000	13.26694948	13.30232739	13.35091544	13.42044105	13.45348176	13.48491662	13.54559995	13.62323445	13.65423665	13.67764130	13.70501831	13.73497093	13.75935007	13.77583617	13.78594877	13.79174289	13.79410123	13.79240813	13.78544033	13.77379092	13.75711017	13.73716709	13.71649248	13.69527277	13.67524440	13.65785462	13.64283528	13.62882199	13.61320625	13.59364102	13.54054339	13.50086332	13.47370535	13.45362118	13.43732277	13.42309173	13.40984180	13.39562505	13.36486134	13.33213283
	13.44414261	13.48720063	13.50520883	13.51073069	13.50595284	13.02893133	13.08681180	13.19899833	13.27783413	13.34045405	13.37890388	13.42539742	13.50253383	13.54140233	13.57472407	13.63338340	13.72007820	13.75535922	13.78019449	13.80744450	13.83584444	13.85801427	13.87262612	13.88152603	13.88658505	13.88875957	13.88735190	13.88111718	13.87048529	13.85500142	13.83640614	13.81683587	13.79641938	13.77672792	13.75917548	13.74350712	13.72834954	13.71105406	13.68467194	13.62864595	13.59016585	13.56316726	13.54286239	13.52625626	13.51166876	13.49802497	13.48331641	13.45060943	13.41565733
	13.52410497	13.57281530	13.59444159	13.60122962	13.59731879	13.09903458	13.14874307	13.26872477	13.35359356	13.41825150	13.45974567	13.50392210	13.58700716	13.63313277	13.66856777	13.72380557	13.81891516	13.85976708	13.88642152	13.91351324	13.93992021	13.95941464	13.97173940	13.97887907	13.98269070	13.98410024	13.98248123	13.97674484	13.96728741	13.95348339	13.93685797	13.91909585	13.89993279	13.88090057	13.86333298	13.84700597	13.83052239	13.81109874	13.77071313	13.71787820	13.68199203	13.65592621	13.63580502	13.61910358	13.60428947	13.59028830	13.57502274	13.53778102	13.50204521
	13.49012139	13.53953120	13.55941123	13.56608808	13.56239783	13.07399366	13.12120354	13.23864591	13.32227644	13.38506698	13.42571701	13.46819208	13.55033642	13.59690486	13.63188929	13.68488553	13.77821524	13.81915910	13.84536333	13.87126089	13.89583818	13.91364582	13.92481538	13.93125055	13.93468810	13.93594602	13.93439275	13.92906214	13.92025074	13.90741273	13.89190707	13.87528047	13.85720810	13.83909189	13.82220599	13.80626048	13.78994560	13.77042625	13.72730661	13.67787992	13.64404786	13.61917689	13.59980282	13.58366161	13.56932772	13.55586922	13.54105888	13.50585072	13.46979490
	13.57281126	13.62373329	13.65019915	13.65816831	13.65545227	13.17074731	13.20272406	13.32203925	13.40865261	13.47161568	13.51482516	13.55412030	13.63222372	13.68929144	13.72576303	13.77343545	13.86696497	13.91483751	13.94288507	13.96864069	13.99164466	14.00741685	14.01685583	14.02186982	14.02414490	14.02446913	14.02244137	14.01730686	14.00934103	13.99797536	13.98421472	13.96925639	13.95264446	13.93542685	13.91874447	13.90244557	13.88524683	13.86299149	13.80858517	13.76658956	13.73648830	13.71354575	13.69516804	13.67952081	13.66546239	13.65216697	13.63742621	13.59652817	13.56297595
	13.55987865	13.61364591	13.64226872	13.65069548	13.64787337	13.13518491	13.16845855	13.29413235	13.38583928	13.45196874	13.49790983	13.53894678	13.61985937	13.68305309	13.72215205	13.77161901	13.86823692	13.92140240	13.95151808	13.97863383	14.00236505	14.01836898	14.02786600	14.03280848	14.03496124	14.03511299	14.03285914	14.02749863	14.01928358	14.00760877	13.99346271	13.97807031	13.96089584	13.94296689	13.92546210	13.90815957	13.88972307	13.86365696	13.80598889	13.76353593	13.73273508	13.70904186	13.68992175	13.67357837	13.65887656	13.64499646	13.62899633	13.58611898	13.55072755
	13.54986806	13.60557947	13.63566131	13.64434887	13.64135820	13.10673564	13.14180128	13.27219613	13.36747908	13.43617629	13.48425715	13.52686098	13.60991870	13.67760361	13.71868765	13.76985466	13.86859620	13.92574746	13.95738894	13.98559523	14.01001367	14.02636104	14.03602081	14.04101701	14.04315423	14.04323491	14.04083018	14.03528153	14.02681272	14.01478854	14.00021566	13.98436324	13.96663556	13.94807935	13.92991740	13.91186044	13.89252033	13.86328960	13.80410044	13.76081846	13.72925146	13.70486170	13.68511218	13.66820441	13.65298156	13.63862184	13.62165860	13.57732222	13.54048141
	13.52467616	13.58052107	13.60869460	13.61704291	13.61395472	13.08261908	13.11975657	13.24900916	13.34313881	13.41097984	13.45823192	13.50065071	13.58455788	13.64992824	13.69034500	13.74154389	13.84076509	13.89545727	13.92643489	13.95417842	13.97820835	13.99431885	14.00386782	14.00886885	14.01109826	14.01127948	14.00900885	14.00355654	13.99517788	13.98323512	13.96875431	13.95302316	13.93542350	13.91705790	13.89907848	13.88126953	13.86221119	13.83435248	13.77540775	13.73205629	13.70054119	13.67624410	13.65660073	13.63980623	13.62471996	13.61051609	13.59466883	13.55086860	13.51367670
	13.53535493	13.59177685	13.62149453	13.63017125	13.62699069	13.08440667	13.12107957	13.25270142	13.34852584	13.41792000	13.46686310	13.51002682	13.59367010	13.66335978	13.70516142	13.75692285	13.85611840	13.91446563	13.94654038	13.97491307	13.99924690	14.01545601	14.02501169	14.02998993	14.03215081	14.03225717	14.02986698	14.02431807	14.01581548	14.00371714	13.98906974	13.97315881	13.95530752	13.93664129	13.91830964	13.90007709	13.88022532	13.84924296	13.79005900	13.74682478	13.71522161	13.69074324	13.67087919	13.65382960	13.63848379	13.62400650	13.60725504	13.56198429	13.52452952
	13.57554616	13.63310941	13.66755102	13.67724062	13.67408338	13.10530680	13.13934186	13.27687995	13.37732333	13.45064712	13.50367113	13.54858450	13.63106552	13.71131591	13.75653013	13.80953945	13.90812623	13.97613871	14.01104718	14.04116882	14.06655104	14.08325162	14.09297778	14.09793136	14.09988602	14.09975600	14.09700228	14.09115696	14.08230263	14.06978728	14.05467063	14.03824387	14.01972699	14.00024319	13.98100642	13.96168032	13.93994999	13.90151263	13.84191762	13.79875827	13.76680682	13.74179607	13.72134453	13.70364882	13.68763501	13.67245878	13.65256979	13.60438005	13.56658065
	13.60395199	13.66361981	13.70121870	13.71178578	13.70831016	13.10630130	13.14166435	13.28652421	13.39210210	13.46891273	13.52597991	13.57319850	13.65560619	13.74550763	13.79474289	13.84972433	13.94890140	14.02569871	14.06362641	14.09563777	14.12213404	14.13934803	14.14928272	14.15424981	14.15609581	14.15576184	14.15270897	14.14650780	14.13723352	14.12418510	14.10848707	14.09145465	14.07218172	14.05182347	14.03158719	14.01112763	13.98670136	13.94159893	13.88151575	13.83785887	13.80525701	13.77953600	13.75837444	13.73994118	13.72315819	13.70718480	13.68206532	13.63226192	13.59397566
	13.63982064	13.70226122	13.74339410	13.75490465	13.75078773	13.10674147	13.14486361	13.29893313	13.41077826	13.49177957	13.55383281	13.60400461	13.68669501	13.78818931	13.84237333	13.89993116	14.00053486	14.08754382	14.12911650	14.16341795	14.19125830	14.20906962	14.21924862	14.22424021	14.22597591	14.22540341	14.22201013	14.21537163	14.20557480	14.19185580	14.17544354	14.15765217	14.13744093	14.11600723	14.09453360	14.07266854	14.04494548	13.99181882	13.93082093	13.88648516	13.85303827	13.82642329	13.80436678	13.78501186	13.76726599	13.75028470	13.71886686	13.66672477	13.62780914
	13.66881267	13.73310366	13.77761303	13.78981380	13.78550394	13.11626811	13.15267535	13.31272252	13.42908370	13.51324816	13.57892093	13.63087904	13.71277188	13.82348570	13.88075667	13.93960159	14.04084287	14.13553192	14.17958544	14.21544183	14.24422849	14.26246517	14.27280674	14.27778521	14.27941385	14.27862845	14.27500414	14.26808427	14.25797204	14.24385062	14.22700545	14.20873411	14.18789318	14.16572888	14.14338309	14.12052272	14.09102523	14.03102315	13.97027703	13.92565322	13.89172390	13.86451336	13.84185600	13.82187021	13.80348883	13.78585623	13.75178874	13.69680963	13.65742825
	13.67736957	13.74255429	13.78872002	13.80102324	13.79678374	13.11794609	13.15282557	13.31535695	13.43369157	13.51920430	13.58633609	13.63895562	13.72041732	13.83518015	13.89355405	13.95282292	14.05429791	14.15218725	14.19727590	14.23380144	14.26301996	14.28147070	14.29190333	14.29688074	14.29846496	14.29758444	14.29386119	14.28681780	14.27657377	14.26228193	14.24524468	14.22675512	14.20563155	14.18313873	14.16039966	14.13709510	14.10720545	14.04400682	13.98357210	13.93881335	13.90466833	13.87718809	13.85426505	13.83400647	13.81536327	13.79762195	13.76290964	13.70646522	13.66678647
	13.68412712	13.75171424	13.80019627	13.81243563	13.80803175	13.10145364	13.13814201	13.30707780	13.42972175	13.51793585	13.58811579	13.64279598	13.72594610	13.84711308	13.90809808	13.96924459	14.07250440	14.17616625	14.22350813	14.26157221	14.29179782	14.31079307	14.32150579	14.32657859	14.32815743	14.32720903	14.32329522	14.31599658	14.30540162	14.29063343	14.27303083	14.25392190	14.23206202	14.20872111	14.18506947	14.16071192	14.12937619	14.06192820	14.00030313	13.95449096	13.91941743	13.89112064	13.86744273	13.84646371	13.82711728	13.80894812	13.77132513	13.71303118	13.67226984
	13.68446057	13.76100066	13.81170229	13.82331327	13.81656957	13.02445452	13.06987839	13.25691858	13.39112524	13.48782608	13.56743732	13.62934931	13.72292733	13.85790815	13.92660162	13.99492599	14.10978199	14.22489083	14.27736130	14.31905861	14.35147010	14.37147856	14.38279910	14.38827380	14.39017180	14.38945718	14.38543917	14.37776752	14.36631393	14.35027951	14.33111781	14.31026731	14.28634453	14.26074830	14.23468653	14.20758107	14.17068794	14.09543833	14.02730234	13.97707507	13.93854114	13.90746498	13.88133413	13.85807666	13.83663067	13.81532097	13.77403752	13.70917671	13.66351530
	13.69599049	13.78346959	13.83701793	13.84810081	13.84424840	12.93460017	12.99088061	13.20112849	13.34944147	13.45521357	13.54848427	13.62012686	13.72420014	13.88049344	13.96005663	14.03655923	14.16164700	14.29522405	14.35574812	14.40233471	14.43731067	14.45833949	14.47019652	14.47603407	14.47826040	14.47779152	14.47370444	14.46563613	14.45328913	14.43593151	14.41509832	14.39233358	14.36594115	14.33748759	14.30817573	14.27715517	14.22978977	14.14409763	14.06993454	14.01536684	13.97318823	13.93898578	13.90991963	13.88381675	13.85958842	13.83509320	13.78480724	13.71236059	13.66124132
	13.71441415	13.80789127	13.86344250	13.87444912	13.87360773	12.89043144	12.95266184	13.17686777	13.33320827	13.44309872	13.54580507	13.62361244	13.73134158	13.90349571	13.99058097	14.07117383	14.19852589	14.34655773	14.41310823	14.46283526	14.49916808	14.52058340	14.53255985	14.53848162	14.54082417	14.54044490	14.53634760	14.52809207	14.51536548	14.49745017	14.47587763	14.45223005	14.42452300	14.39441311	14.36306009	14.32942340	14.27306646	14.18047885	14.10463083	14.04854207	14.00483538	13.96912617	13.93848863	13.91076088	13.88480901	13.85886324	13.79953211	13.72337100	13.66981467
	13.71247994	13.80744768	13.86100975	13.87169032	13.86435205	12.88040047	12.94628919	13.17126775	13.32724126	13.43762744	13.54098031	13.61960658	13.72991023	13.90138875	13.98853617	14.06994721	14.19946385	14.34628334	14.41285184	14.46263915	14.49896339	14.52036199	14.53236013	14.53833832	14.54076642	14.54048771	14.53640582	14.52816571	14.51536466	14.49732663	14.47560906	14.45178767	14.42390894	14.39360552	14.36203712	14.32814936	14.27182319	14.17861380	14.10215356	14.04578968	14.00188268	13.96597711	13.93515512	13.90724016	13.88110463	13.85515073	13.79627108	13.71872215	13.66466179
	13.75269747	13.85753352	13.91327313	13.92386580	13.90182513	12.81657212	12.89280888	13.13949846	13.30742477	13.42486698	13.54455823	13.63369740	13.75139302	13.94786602	14.04721652	14.13581676	14.27109309	14.43993116	14.51585062	14.57074572	14.60937054	14.63156845	14.64391761	14.65012703	14.65282274	14.65276232	14.64856054	14.64001306	14.62647276	14.60729384	14.58416225	14.55870201	14.52855905	14.49552778	14.46053571	14.42235172	14.35072413	14.24802388	14.16798471	14.10868081	14.06203618	14.02349289	13.98999714	13.95932958	13.93030690	13.90119541	13.82778054	13.74491931	13.68673158
	13.75086909	13.85699087	13.91242967	13.92302495	13.91467636	12.80534816	12.88343731	13.13209494	13.30099636	13.41943307	13.54038862	13.63044293	13.74988424	13.94799910	14.04787514	14.13728540	14.27410069	14.44402507	14.52054960	14.57587112	14.61475164	14.63709451	14.64954331	14.65582259	14.65858910	14.65857832	14.65438196	14.64580840	14.63216571	14.61281888	14.58947628	14.56377510	14.53333004	14.49997661	14.46461164	14.42602178	14.35453310	14.25028411	14.16944369	14.10959235	14.06250893	14.02359592	13.98976491	13.95878731	13.92946904	13.90048322	13.82677673	13.74264174	13.68363320
	13.76833514	13.87934788	13.93467551	13.94504216	13.96348793	12.76837197	12.85455698	13.11405052	13.28760939	13.40857131	13.53857665	13.63452703	13.75907451	13.96858047	14.07424973	14.16765963	14.30839473	14.48720641	14.56844353	14.62643589	14.66661075	14.68945868	14.70217367	14.70860104	14.71146135	14.71152510	14.70709639	14.69826908	14.68407482	14.66391886	14.63964175	14.61284657	14.58103818	14.54600864	14.50862331	14.46745819	14.38458700	14.27944131	14.19723870	14.13620187	14.08785929	14.04763980	14.01241669	13.97989602	13.94898009	13.91864413	13.83576493	13.75008624	13.68942446
	13.78955010	13.90199963	13.95472856	13.96460753	13.88152390	12.76242878	12.85221699	13.11430508	13.28682729	13.40582565	13.54164332	13.64114120	13.76557487	13.98129475	14.09076164	14.18525839	14.32443909	14.50844315	14.59202322	14.65071973	14.69066279	14.71307030	14.72544989	14.73178584	14.73453302	14.73470995	14.73018322	14.72147595	14.70729172	14.68711022	14.66282886	14.63600121	14.60412197	14.56876179	14.53074052	14.48838558	14.39473378	14.29187465	14.21137302	14.15146513	14.10368263	14.06364421	14.02828909	13.99531737	13.96377941	13.93017272	13.84069839	13.75725670	13.69754745
	13.78237052	13.88925580	13.93640689	13.94559739	13.70026905	12.80115534	12.88685315	13.13424356	13.29566679	13.40706473	13.53757194	13.63315065	13.75089655	13.95612018	14.06107342	14.15087800	14.28251502	14.45776543	14.53686267	14.59208833	14.62942145	14.65027040	14.66172609	14.66768243	14.67016620	14.67045232	14.66614942	14.65804895	14.64470954	14.62571090	14.60285191	14.57762773	14.54773749	14.51447484	14.47861962	14.43839877	14.34631393	14.24946791	14.17390416	14.11782979	14.07302758	14.03541005	14.00207859	13.97084653	13.94086163	13.90495575	13.82011617	13.74255704	13.68688231
	13.74312115	13.84550763	13.88822533	13.89628614	13.76369407	12.80452118	12.89170142	13.12604215	13.27694552	13.38294175	13.50904780	13.60069854	13.71545551	13.91020059	14.00907274	14.09488236	14.22165718	14.38655935	14.46177807	14.51426626	14.54965728	14.56945195	14.58043269	14.58608728	14.58859979	14.58897235	14.58490995	14.57717990	14.56432313	14.54605224	14.52409753	14.49980667	14.47102686	14.43901259	14.40446717	14.36552642	14.27695255	14.18518929	14.11357511	14.06047071	14.01787299	13.98198923	13.95006021	13.92008142	13.89122847	13.85812746	13.77577280	13.70174347	13.64841650
	13.71159862	13.80168391	13.83882810	13.84532454	13.74486694	12.88477855	12.95895455	13.16448379	13.29580679	13.38538228	13.49907857	13.58088084	13.67740691	13.85215734	13.94128324	14.01561601	14.12094268	14.26927650	14.33754261	14.38413467	14.41494143	14.43193080	14.44122334	14.44597976	14.44798879	14.44825125	14.44458856	14.43796017	14.42686165	14.41109270	14.39215702	14.37111740	14.34611170	14.31800287	14.28741348	14.25237054	14.16553046	14.09007925	14.03034180	13.98555650	13.94932744	13.91846425	13.89076903	13.86448692	13.83901131	13.80747000	13.73060541	13.66914351	13.62424993
	13.68693986	13.77018748	13.80077097	13.80629108	13.63151340	12.92779597	12.99727690	13.18333178	13.30062477	13.38154792	13.48696572	13.56242795	13.65148060	13.81087112	13.89206841	13.95996719	14.05654285	14.19135555	14.25333068	14.29549468	14.32321420	14.33851241	14.34687510	14.35114055	14.35296566	14.35331454	14.34995967	14.34403202	14.33391532	14.31952192	14.30225842	14.28307664	14.26034045	14.23474783	14.20682165	14.17446672	14.09423091	14.02539338	13.97130720	13.93091231	13.89816646	13.87017070	13.84492807	13.82086943	13.79743556	13.76550014	13.69679456	13.64132353	13.60070562
	13.62467716	13.69569545	13.71984310	13.72424634	13.61297941	12.97712828	13.03935133	13.19591264	13.29318757	13.36150808	13.45223573	13.51700120	13.59447533	13.72913101	13.79748281	13.85521964	13.93783588	14.05125708	14.10374911	14.13938629	14.16268100	14.17554294	14.18257738	14.18623917	14.18789863	14.18827321	14.18553932	14.18054409	14.17199355	14.15977553	14.14513199	14.12879220	14.10941376	14.08757221	14.06365423	14.03568925	13.96766203	13.90903710	13.86330978	13.82921710	13.80153520	13.77777305	13.75626595	13.73565239	13.71556491	13.68769677	13.63000160	13.58246359	13.54771125
	13.58039725	13.63977899	13.65827637	13.66174494	13.38466224	13.02583042	13.08038444	13.21117521	13.29073215	13.34681066	13.42537873	13.48178569	13.54743518	13.66201921	13.72087220	13.76987580	13.83900346	13.93512150	13.97997948	14.01010772	14.02953101	14.04017890	14.04598547	14.04908504	14.05064411	14.05104769	14.04886628	14.04466127	14.03746703	14.02713813	14.01476363	14.00097260	13.98456453	13.96607155	13.94564261	13.92011332	13.86125719	13.81251463	13.77481628	13.74668008	13.72370415	13.70383307	13.68565376	13.66802824	13.65071189	13.62252149	13.57486465	13.53584881	13.50716684
	13.56607065	13.62286006	13.63999418	13.64307882	13.27644736	13.02874770	13.08300807	13.20801454	13.28305157	13.33625494	13.41343580	13.46848036	13.53173758	13.64277364	13.69970611	13.74683050	13.81262934	13.90548478	13.94910882	13.97819881	13.99679520	14.00691184	14.01244159	14.01543081	14.01700147	14.01739018	14.01533193	14.01128741	14.00436062	13.99442369	13.98249402	13.96920835	13.95332675	13.93540029	13.91547143	13.88948880	13.83173597	13.78573313	13.75019887	13.72356059	13.70167550	13.68265404	13.66511846	13.64800295	13.63108109	13.60254834	13.55602043	13.51914111	13.49188264
	13.55299006	13.60953038	13.62671567	13.62949633	13.32477437	13.00311983	13.06306755	13.18828599	13.26243273	13.31774436	13.39813133	13.45385207	13.52049529	13.63295809	13.68926086	13.73716618	13.80536927	13.89922707	13.94297933	13.97227413	13.99097359	14.00119387	14.00680559	14.00989676	14.01155729	14.01198919	14.00991870	14.00584464	13.99875676	13.98861154	13.97642463	13.96279825	13.94650465	13.92802989	13.90740776	13.88046367	13.82214651	13.77489460	13.73874035	13.71162447	13.68931309	13.66987860	13.65187334	13.63425846	13.61676935	13.58941103	13.54046336	13.50229561	13.47413804
	13.52265265	13.57603163	13.59228109	13.59457592	13.27525479	12.98012648	13.04280721	13.16258121	13.23207880	13.28688985	13.36815031	13.42313214	13.49042196	13.59998807	13.65412038	13.70104218	13.76865432	13.85973212	13.90230387	13.93075355	13.94877937	13.95865991	13.96411455	13.96725973	13.96900243	13.96957498	13.96766228	13.96376236	13.95681702	13.94686806	13.93489020	13.92146753	13.90537478	13.88703852	13.86643251	13.83787177	13.78223264	13.73578742	13.70066730	13.67428130	13.65251673	13.63346651	13.61567957	13.59817585	13.58068006	13.55332129	13.50529795	13.46761355	13.43983241
	13.49696337	13.54653855	13.56163109	13.56339471	13.26936175	12.97118067	13.03261500	13.14538791	13.21024118	13.26290059	13.34338121	13.39687391	13.46164210	13.56765052	13.61993314	13.66489962	13.72919776	13.81708578	13.85845288	13.88579866	13.90293534	13.91233363	13.91750920	13.92057996	13.92233227	13.92298281	13.92123679	13.91754636	13.91089840	13.90131950	13.88981341	13.87687704	13.86132851	13.84353334	13.82341104	13.79419247	13.73991338	13.69614122	13.66319969	13.63830998	13.61767668	13.59946056	13.58232815	13.56533634	13.54821165	13.51956276	13.47340275	13.43794363	13.41164591
	13.50481070	13.55340684	13.56812774	13.56973768	13.26119605	12.97384961	13.03454471	13.14697378	13.21016790	13.26049208	13.34264650	13.39792251	13.46094265	13.56873477	13.62291391	13.66778619	13.72958489	13.81871757	13.86147055	13.88924577	13.90639707	13.91575269	13.92084303	13.92389679	13.92562279	13.92633026	13.92465529	13.92102954	13.91439525	13.90482503	13.89332719	13.88038656	13.86478280	13.84676220	13.82618513	13.79237777	13.73846607	13.69643220	13.66486024	13.64080333	13.62068885	13.60270414	13.58556161	13.56836293	13.55077118	13.51652058	13.47209531	13.43820764	13.41288272
	13.48334906	13.52909789	13.54344760	13.54492494	13.26424193	12.94363419	13.00844417	13.11808104	13.18001793	13.23349196	13.31630155	13.37189270	13.43853380	13.54459075	13.59817347	13.64390384	13.70944842	13.79713781	13.83900160	13.86632729	13.88330015	13.89266760	13.89785279	13.90106157	13.90298047	13.90387393	13.90235621	13.89876143	13.89204869	13.88234392	13.87066098	13.85756808	13.84184209	13.82377754	13.80314395	13.76920203	13.71693006	13.67261057	13.64008281	13.61552504	13.59509707	13.57690345	13.55959059	13.54221518	13.52442558	13.49022461	13.44560338	13.41069390	13.38471411
	13.44912877	13.49135596	13.50482224	13.50555764	13.21451579	12.89942580	12.97133372	13.07502864	13.13330466	13.18877625	13.27588143	13.33185265	13.39975405	13.50704269	13.55987775	13.60518766	13.66985716	13.75852477	13.80099598	13.82831603	13.84489900	13.85403345	13.85914101	13.86238810	13.86442785	13.86533746	13.86387854	13.86026277	13.85350086	13.84370930	13.83196925	13.81868597	13.80261355	13.78382422	13.76202229	13.72438299	13.67014083	13.62800097	13.59719521	13.57355262	13.55356622	13.53545197	13.51793179	13.49989664	13.48106787	13.44221172	13.39761734	13.36401841	13.33869798
	13.43175889	13.47020805	13.48270795	13.48289644	12.94658261	12.87900761	12.95081831	13.04920740	13.10368716	13.15818587	13.24771647	13.30555087	13.37144330	13.47911503	13.53371658	13.57818239	13.63897296	13.72526493	13.77167932	13.79959802	13.81598141	13.82485994	13.82990093	13.83314307	13.83525991	13.83617011	13.83474347	13.83114574	13.82434124	13.81461909	13.80289758	13.78951800	13.77314452	13.75353430	13.72959847	13.68419180	13.63340209	13.59512122	13.56707625	13.54504784	13.52604549	13.50835419	13.49076524	13.47211724	13.44914566	13.40557110	13.36453063	13.33377563	13.31016661
	13.38652180	13.42010662	13.43141875	13.43128197	12.86765086	12.85168455	12.92341531	13.01273390	13.06325826	13.11747964	13.20506637	13.26050843	13.32419638	13.42732692	13.47941953	13.52163591	13.57940917	13.66150369	13.70675924	13.73336168	13.74875594	13.75715231	13.76192513	13.76504369	13.76714698	13.76807994	13.76675700	13.76333610	13.75680778	13.74748529	13.73624485	13.72330958	13.70737658	13.68803283	13.66205595	13.61643254	13.56953605	13.53431833	13.50861844	13.48815169	13.47028500	13.45341193	13.43641336	13.41804899	13.39323685	13.34980874	13.31185361	13.28342019	13.26138728
	13.34684443	13.37437041	13.38445857	13.38395064	12.83309814	12.82381461	12.89699231	12.97569821	13.02301030	13.07860845	13.16478290	13.21788405	13.28019679	13.37945265	13.42891479	13.46910071	13.52456400	13.60210559	13.64690689	13.67218606	13.68672608	13.69470213	13.69933851	13.70250875	13.70466077	13.70567002	13.70451992	13.70129692	13.69501253	13.68596464	13.67506074	13.66242248	13.64675686	13.62746640	13.59883751	13.55349602	13.50989211	13.47745800	13.45390748	13.43491759	13.41805603	13.40189320	13.38527718	13.36699960	13.33971290	13.29671004	13.26131613	13.23482839	13.21416626
	13.32570704	13.35010517	13.35921143	13.35836448	12.83360766	12.82402130	12.89424674	12.96571211	13.01046544	13.06377951	13.14717496	13.19800224	13.25613370	13.35198848	13.39924740	13.43696223	13.48736507	13.56082126	13.60537039	13.62973533	13.64357372	13.65112429	13.65555346	13.65860299	13.66072534	13.66164673	13.66056697	13.65754133	13.65158744	13.64292633	13.63251979	13.62031203	13.60509209	13.58615129	13.55611732	13.50850550	13.47044654	13.44183496	13.42082349	13.40354211	13.38795173	13.37267511	13.35663678	13.33878643	13.30846544	13.26694075	13.23527280	13.21137613	13.19253056
	13.30697295	13.32858876	13.33675044	13.33551950	12.82539587	12.81956139	12.88889381	12.95353783	12.99635277	13.04909547	13.12952125	13.17906555	13.23484355	13.32630123	13.37281608	13.40904370	13.45591321	13.52370148	13.56914390	13.59328468	13.60669727	13.61407596	13.61838670	13.62136230	13.62348729	13.62441268	13.62340749	13.62050847	13.61474053	13.60635201	13.59619204	13.58411520	13.56888991	13.54940620	13.51479626	13.47021299	13.43615752	13.41054332	13.39154084	13.37553464	13.36088148	13.34617337	13.33035696	13.31219994	13.27714783	13.23913316	13.21036563	13.18847960	13.17105422
	13.29678009	13.31645312	13.32390015	13.32231346	12.81536852	12.81372002	12.88359741	12.94191565	12.98391658	13.03595791	13.11634309	13.16531165	13.21863240	13.30891341	13.35558492	13.39074649	13.43388352	13.49636304	13.54515619	13.56969461	13.58319852	13.59054563	13.59485606	13.59790679	13.60013498	13.60113269	13.60018607	13.59732990	13.59161526	13.58334466	13.57313760	13.56077369	13.54484237	13.52260061	13.48148305	13.44103845	13.41121272	13.38864337	13.37156534	13.35674119	13.34271877	13.32818315	13.31204741	13.29185327	13.25134277	13.21678453	13.19084544	13.17076582	13.15456225
	13.28026377	13.29878500	13.30575488	13.30398772	12.80806794	12.80846113	12.87526192	12.92964089	12.97109610	13.02163301	13.10077198	13.14886698	13.19971557	13.28744006	13.33414634	13.36811270	13.40816864	13.46611400	13.51572214	13.54069615	13.55410092	13.56135890	13.56566872	13.56876521	13.57107779	13.57211136	13.57128658	13.56850865	13.56288204	13.55478843	13.54470373	13.53232468	13.51613235	13.49114698	13.44847991	13.41198156	13.38494905	13.36446887	13.34869200	13.33475422	13.32129602	13.30707945	13.29100140	13.26893163	13.22770474	13.19554641	13.17153822	13.15273016	13.13747344
	13.25601706	13.27307041	13.27953635	13.27767706	12.80128736	12.80362881	12.86598772	12.91560547	12.95576360	13.00381823	13.08055247	13.12685067	13.17439203	13.25887624	13.30393161	13.33602097	13.37238861	13.42380018	13.47446955	13.49900446	13.51207418	13.51918973	13.52345151	13.52654916	13.52896212	13.53003199	13.52935513	13.52668779	13.52125724	13.51351484	13.50369259	13.49145426	13.47519863	13.44657017	13.40512330	13.37323884	13.34935260	13.33117092	13.31689491	13.30406886	13.29137504	13.27769575	13.26194590	13.23789733	13.19788125	13.16846757	13.14663755	13.12938325	13.11526070
	13.22731425	13.24221571	13.24777079	13.24665088	12.80172789	12.80636581	12.86408139	12.90721138	12.94534621	12.99100383	13.06116365	13.10466546	13.14893313	13.22468342	13.26815109	13.29780107	13.33025959	13.37433654	13.42102890	13.44550269	13.45808442	13.46491089	13.46914042	13.47219561	13.47471161	13.47580034	13.47531407	13.47281487	13.46768985	13.46025703	13.45075227	13.43870973	13.42199244	13.38888356	13.35429972	13.32721289	13.30682800	13.29122930	13.27871274	13.26717693	13.25549769	13.24253724	13.22728958	13.19946319	13.16466729	13.13875593	13.11961984	13.10436247	13.09170928
	13.24137160	13.25526768	13.26037723	13.22991703	12.82395496	12.82995177	12.88610539	12.92561857	12.96375857	13.00873418	13.07743581	13.11975058	13.16264699	13.23610753	13.27856774	13.30723499	13.33772836	13.37803026	13.42267595	13.44859363	13.46122422	13.46803654	13.47241304	13.47557728	13.47824674	13.47942389	13.47905045	13.47663295	13.47154353	13.46407579	13.45446032	13.44199121	13.42294158	13.38800717	13.35671280	13.33218841	13.31359760	13.29933603	13.28763610	13.27660473	13.26523767	13.25231993	13.23690520	13.20594281	13.17349043	13.14936648	13.13158072	13.11724780	13.10526203
	13.27264126	13.28622496	13.29122794	13.22747409	12.85113968	12.85834441	12.91353447	12.95222828	12.99061810	13.03487620	13.10421027	13.14748714	13.18949940	13.26250002	13.30687359	13.33552943	13.36461488	13.40185954	13.44619958	13.47489337	13.48817970	13.49530485	13.49995119	13.50332315	13.50619825	13.50752017	13.50721574	13.50478881	13.49956385	13.49188536	13.48185763	13.46855172	13.44594080	13.41013081	13.37983762	13.35743089	13.34019607	13.32681858	13.31559041	13.30473415	13.29328482	13.28002990	13.26307862	13.22996514	13.19802775	13.17524418	13.15835300	13.14458149	13.13293929
	13.33402914	13.34804654	13.35330291	13.23284407	12.89331763	12.90184335	12.95728111	12.99748124	13.03667680	13.08067824	13.15313059	13.19971920	13.24178592	13.31606922	13.36569834	13.39558741	13.42417994	13.45932604	13.50379293	13.53760260	13.55232995	13.56015078	13.56529418	13.56904031	13.57223513	13.57376044	13.57353446	13.57101690	13.56547674	13.55726806	13.54638385	13.53170923	13.50364395	13.46543423	13.43740424	13.41609578	13.39952201	13.38645539	13.37525628	13.36415272	13.35217133	13.33804328	13.31845524	13.28117301	13.25055583	13.22835081	13.21176066	13.19811111	13.18640476
	13.40779101	13.42230271	13.42777073	13.08732708	12.93666522	12.94701460	13.00408090	13.04636213	13.08797994	13.13387456	13.21010989	13.26138364	13.30521038	13.38208466	13.43761739	13.46954535	13.49853777	13.53273404	13.57596292	13.61539095	13.63292332	13.64177571	13.64771371	13.65210988	13.65586266	13.65766176	13.65754413	13.65482874	13.64870285	13.63957687	13.62726295	13.60903050	13.57399658	13.53586035	13.50910539	13.48840903	13.47209978	13.45902279	13.44751009	13.43584433	13.42290096	13.40729495	13.38363226	13.34208707	13.31206092	13.29001713	13.27337784	13.25955548	13.24750101
	13.46334526	13.47829637	13.48386317	12.93542945	12.95855571	12.97124693	13.03123109	13.07488734	13.11933852	13.16779613	13.24815463	13.30399232	13.35012898	13.42771775	13.49111992	13.52532666	13.55498513	13.58865627	13.62958209	13.67469127	13.69516301	13.70522516	13.71211371	13.71729020	13.72176363	13.72387015	13.72392498	13.72090938	13.71410884	13.70385305	13.68974389	13.66547975	13.62441763	13.58842444	13.56249552	13.54220367	13.52600756	13.51281142	13.50085140	13.48846208	13.47434299	13.45691439	13.42575438	13.38323840	13.35360244	13.33163547	13.31486324	13.30070966	13.28823815
	13.49770415	13.51282451	13.51834826	12.94146341	12.96120062	12.97621827	13.03889309	13.08296709	13.13082108	13.18165316	13.26652739	13.32609708	13.37422635	13.45277851	13.52288080	13.55903844	13.58909638	13.62189602	13.66039739	13.70715077	13.73326840	13.74457449	13.75243338	13.75849822	13.76384323	13.76631177	13.76654417	13.76316247	13.75557664	13.74400627	13.72770585	13.69381641	13.65106220	13.61752706	13.59277415	13.57309047	13.55721791	13.54399685	13.53166937	13.51849408	13.50307212	13.48371927	13.44337281	13.40203889	13.37305123	13.35140550	13.33467113	13.32025679	13.30741648
	13.51955102	13.53476017	13.54033293	12.94315448	12.96432390	12.98042393	13.04249977	13.08795661	13.13728529	13.18954939	13.27416165	13.33866114	13.38832712	13.46574813	13.54044645	13.57852500	13.60885611	13.64093222	13.67773547	13.72088702	13.74887219	13.76357379	13.77318379	13.78030233	13.78667421	13.78958702	13.79005167	13.78643667	13.77806224	13.76505102	13.74301921	13.70691847	13.66646749	13.63451018	13.61056940	13.59136430	13.57569101	13.56243772	13.54979373	13.53598411	13.51937732	13.49532303	13.45326779	13.41356548	13.38520702	13.36394712	13.34734306	13.33286031	13.31977737
	13.55200026	13.56746380	13.57325822	12.95493296	12.97855088	12.99567147	13.05547278	13.10375456	13.15317384	13.20544294	13.28793025	13.35962094	13.41014253	13.48349069	13.56614961	13.60664404	13.63678619	13.66694703	13.70051982	13.73993449	13.77191259	13.78987603	13.80134696	13.80974469	13.81733020	13.82073059	13.82149432	13.81767657	13.80838229	13.79378212	13.76568586	13.72532587	13.68819443	13.65899928	13.63669480	13.61851617	13.60335671	13.59023516	13.57731742	13.56289003	13.54497598	13.51615915	13.47046391	13.43389931	13.40706511	13.38672667	13.37059535	13.35630442	13.34313670
	13.57945256	13.59576287	13.60234477	12.92446568	12.95029204	12.96973267	13.03255751	13.08438788	13.13940261	13.19638429	13.28472860	13.36533369	13.42037356	13.49747689	13.58939304	13.63410433	13.66626660	13.69737695	13.73116947	13.76936588	13.80322299	13.82345267	13.83925790	13.85032896	13.85973694	13.86393628	13.86504560	13.86056390	13.84960537	13.82891591	13.79509165	13.75264814	13.71556538	13.68614144	13.66334853	13.64451577	13.62854100	13.61442558	13.60017675	13.58387165	13.56289161	13.52556944	13.47791593	13.44100044	13.41332761	13.39228514	13.37524276	13.35993237	13.34557435
	13.58349027	13.59978723	13.60529697	12.91216122	12.93853496	12.95904147	13.02166245	13.07457135	13.13149146	13.18981128	13.27930410	13.36267980	13.41897491	13.49634934	13.59089228	13.63688938	13.66932298	13.70000028	13.73286409	13.76924180	13.80281343	13.82414897	13.84128011	13.85462916	13.86500770	13.86952105	13.87075555	13.86602446	13.85440344	13.83021586	13.79335211	13.75132804	13.71539005	13.68674282	13.66435598	13.64567429	13.62971164	13.61537454	13.60069984	13.58369075	13.56122700	13.51917780	13.47217926	13.43627360	13.40896860	13.38815847	13.37107390	13.35561885	13.34090289
	13.59667049	13.61250164	13.50347240	12.93188493	12.95972294	12.98054060	13.03731308	13.09273305	13.14550362	13.20140466	13.28111771	13.36901797	13.42574066	13.49495037	13.58830795	13.63900411	13.67098910	13.69909361	13.72792022	13.75881425	13.78653430	13.80660069	13.82329244	13.83852600	13.85163003	13.85801581	13.85991801	13.85412534	13.83923413	13.81251388	13.77687700	13.74144136	13.71049654	13.68524276	13.66498691	13.64761430	13.63233540	13.61818945	13.60320754	13.58448595	13.55567629	13.51251815	13.47279301	13.44154253	13.41721320	13.39831695	13.38243401	13.36773006	13.35332286
	13.61394734	13.62943884	13.31657543	12.95358345	12.98368131	13.00508826	13.05468603	13.11289319	13.16017464	13.21306628	13.27921394	13.37393006	13.43220977	13.49131217	13.58126861	13.64016554	13.67224704	13.69763819	13.72188695	13.74666011	13.76764795	13.78400211	13.79922886	13.81538985	13.83124148	13.83966211	13.84240150	13.83536759	13.81679290	13.78895061	13.75846384	13.73052613	13.70521067	13.68373983	13.66577922	13.64973317	13.63501388	13.62079623	13.60504295	13.58095892	13.54496846	13.50544340	13.47406202	13.44822466	13.42739956	13.41072217	13.39622185	13.38231215	13.36817387
	13.59848952	13.61357431	12.90314325	12.94514183	12.97641014	12.99864261	13.04215875	13.10041729	13.14351262	13.19418314	13.25037355	13.34649895	13.40768159	13.46025297	13.54031767	13.60804242	13.64086236	13.66448403	13.68543892	13.70587002	13.72244028	13.73483135	13.74653805	13.75938562	13.77439685	13.78297971	13.78640559	13.77867020	13.76030604	13.73779877	13.71354721	13.69074045	13.66932600	13.65042354	13.63392009	13.61860283	13.60391148	13.58920055	13.57055008	13.53904431	13.50119749	13.47050423	13.44522583	13.42356850	13.40549261	13.39050889	13.37703801	13.36360649	13.34939452
	13.57560423	13.59020017	12.85185356	12.93384137	12.96490339	12.98708014	13.02762217	13.08220201	13.12639263	13.17561912	13.22928272	13.32007722	13.38351836	13.43423639	13.50701608	13.57653637	13.60989155	13.63292791	13.65272132	13.67161288	13.68670381	13.69790448	13.70855732	13.72000813	13.73327222	13.74084133	13.74384628	13.73675245	13.72036854	13.69997172	13.67778183	13.65670354	13.63662346	13.61861889	13.60258480	13.58742501	13.57260676	13.55743947	13.53375483	13.50214259	13.46872830	13.44150128	13.41857982	13.39862010	13.38172463	13.36748890	13.35444878	13.34119106	13.32686683
	13.55823366	13.57350262	12.86443413	12.93368253	12.96556215	12.98721840	13.02275552	13.07210161	13.11794509	13.16426545	13.21384520	13.29424304	13.36214820	13.41065656	13.47223706	13.54042170	13.57792004	13.60067787	13.61918696	13.63622539	13.64942107	13.65904635	13.66817063	13.67780757	13.68892607	13.69520677	13.69769570	13.69164524	13.67787715	13.66047463	13.64116234	13.62248966	13.60419520	13.58726611	13.57169232	13.55653954	13.53968803	13.52131879	13.49522430	13.46684785	13.43963540	13.41686665	13.39714521	13.37954705	13.36428125	13.35111744	13.33870497	13.32570482	13.31084995
	13.52285307	13.45651753	12.84008164	12.90818910	12.94218479	12.96296661	12.99157816	13.03491938	13.08475417	13.12898138	13.17481580	13.24304899	13.31808007	13.36524790	13.41645836	13.48224125	13.52377954	13.54715418	13.56464615	13.58006937	13.59155191	13.59969421	13.60738813	13.61540409	13.62460316	13.62970226	13.63160595	13.62659380	13.61522415	13.60070957	13.58408140	13.56752990	13.55063768	13.53428740	13.51863029	13.50136907	13.48182638	13.45886472	13.43305343	13.40983138	13.38874485	13.37041312	13.35392421	13.33861751	13.32484762	13.31255709	13.30045115	13.28716093	13.26968292
	13.52856689	13.23245559	12.84672533	12.90644263	12.95086034	12.97238366	12.99701641	13.03262169	13.08255828	13.12654739	13.16963695	13.22377470	13.30305561	13.35444483	13.39790922	13.45133116	13.49845620	13.52744055	13.54588406	13.56118171	13.57191050	13.57920379	13.58586124	13.59279063	13.60052104	13.60476599	13.60651120	13.60255456	13.59329225	13.58117076	13.56667982	13.55143621	13.53493720	13.51798477	13.49899492	13.47467120	13.45291460	13.43127242	13.41226371	13.39499283	13.37850673	13.36353171	13.34956917	13.33593567	13.32322368	13.31137159	13.29913025	13.28269446	13.25772889
	13.52741187	13.19355136	12.83811942	12.89539902	12.94472876	12.96638946	12.98991955	13.02338016	13.07430308	13.11814435	13.16016102	13.20980716	13.28977839	13.34415177	13.38543904	13.43279975	13.48204995	13.51398904	13.53339685	13.54898528	13.55967598	13.56684788	13.57329654	13.57995772	13.58727943	13.59126659	13.59296733	13.58930413	13.58067271	13.56928356	13.55529298	13.54019477	13.52336371	13.50523059	13.48355861	13.45637268	13.43405111	13.41473852	13.39827211	13.38309094	13.36816697	13.35434429	13.34114804	13.32796007	13.31541366	13.30347207	13.29055854	13.27110861	13.24360574
	13.51147932	13.19263814	12.81470418	12.87133332	12.92242292	12.94454759	12.96696389	12.99937873	13.05268397	13.09633119	13.13804881	13.18633211	13.26579931	13.32218328	13.36282908	13.40637654	13.45575286	13.49017021	13.50973458	13.52534378	13.53609999	13.54340078	13.54993647	13.55663509	13.56385849	13.56776298	13.56937745	13.56565580	13.55710028	13.54585260	13.53180621	13.51645190	13.49921075	13.47999974	13.45509775	13.42626656	13.40420844	13.38710624	13.37220687	13.35822991	13.34412821	13.33092855	13.31805574	13.30500965	13.29239067	13.28036103	13.26693907	13.24315645	13.21480157
	13.58174490	13.13736987	12.87110023	12.92260254	12.97914180	13.00281727	13.02372007	13.05321584	13.10621816	13.15350393	13.19463374	13.24178906	13.31424023	13.37806492	13.41951526	13.45931265	13.50255213	13.53678429	13.56137974	13.57934060	13.59105597	13.59899484	13.60609646	13.61323255	13.62076588	13.62490630	13.62656070	13.62285814	13.61435361	13.60304669	13.58856629	13.57226599	13.55220750	13.52650713	13.49880866	13.47312000	13.45463104	13.43988365	13.42674534	13.41418057	13.40113667	13.38865485	13.37606847	13.36299024	13.35002786	13.33637863	13.31742674	13.28948551	13.26592662
	13.64831392	12.94034115	12.89699400	12.94307919	13.00914989	13.03702283	13.05856401	13.08548493	13.13755323	13.18877660	13.23007666	13.27644680	13.34251171	13.41623546	13.46059120	13.49668961	13.53237225	13.56615272	13.59677946	13.61733576	13.63169641	13.64181044	13.65024687	13.65847351	13.66689121	13.67158283	13.67356222	13.67002752	13.66146128	13.64974364	13.63410388	13.61401895	13.58845979	13.55458542	13.52788298	13.50720066	13.49189859	13.47937143	13.46775991	13.45627943	13.44394589	13.43168080	13.41879651	13.40485636	13.38943693	13.37111206	13.34520917	13.32003163	13.30031686
	13.68515050	12.89474045	12.91843190	12.96055305	13.02525616	13.06092294	13.08303950	13.10846701	13.15635240	13.20703704	13.24970910	13.29501753	13.35547129	13.43193733	13.47987713	13.51432056	13.54547757	13.57573873	13.60474234	13.62722750	13.64488338	13.65800269	13.66781359	13.67712785	13.68645220	13.69181183	13.69422585	13.69091723	13.68242820	13.67041376	13.65392022	13.62869389	13.59915771	13.56604675	13.54242626	13.52461243	13.51110385	13.49984615	13.48915878	13.47833138	13.46639016	13.45422257	13.44112848	13.42658819	13.40689327	13.38493075	13.35943958	13.33781277	13.32092994
	13.66653609	12.90653653	12.94125806	12.98074530	13.04242497	13.08482478	13.10779436	13.13186599	13.17552466	13.22487265	13.26880378	13.31441054	13.37090975	13.44723905	13.49919865	13.53319549	13.56161371	13.58809322	13.61449224	13.63762499	13.65742832	13.67269837	13.68393909	13.69465262	13.70566328	13.71206434	13.71498436	13.71186096	13.70330478	13.69016317	13.67205182	13.64275008	13.61114337	13.58052553	13.55961603	13.54373508	13.53141517	13.52100469	13.51090437	13.50043078	13.48862163	13.47634287	13.46210681	13.44625479	13.42300420	13.39954422	13.37586884	13.35703378	13.34230530
	13.33667462	12.96910827	12.99847360	13.03331682	13.08779078	13.14427693	13.16980075	13.19244711	13.22715964	13.27172872	13.31991590	13.36567553	13.41604357	13.48516927	13.54915908	13.58349735	13.60838423	13.62894604	13.64929457	13.67017619	13.68983373	13.70604286	13.72134201	13.73787026	13.75489354	13.76375360	13.76789248	13.76526839	13.75649190	13.73944369	13.71281934	13.67999926	13.65021226	13.62694463	13.61011749	13.59688170	13.58609352	13.57672576	13.56725576	13.55695726	13.54492931	13.53220242	13.51349311	13.48999420	13.46435995	13.44359594	13.42553918	13.41076079	13.39918762
	13.07722408	12.97711881	13.01011935	13.04212947	13.09044158	13.15645015	13.18422836	13.20720744	13.23727781	13.27606380	13.32545989	13.37037690	13.41680077	13.47811102	13.54439934	13.58353456	13.60687097	13.62446202	13.64108101	13.65898691	13.67588924	13.69102361	13.70735530	13.72599178	13.74412986	13.75526219	13.76150266	13.75912088	13.74881760	13.73098483	13.70179470	13.67118667	13.64547352	13.62658372	13.61227176	13.60062555	13.59071401	13.58178917	13.57248935	13.56190935	13.54821139	13.53138297	13.51089558	13.48522697	13.46243872	13.44464869	13.42990682	13.41766452	13.40803558
	12.91845167	12.97511342	13.01417572	13.04335879	13.08673802	13.15687401	13.18500274	13.20599439	13.23221892	13.26749199	13.31582257	13.36280661	13.40631098	13.46034948	13.52713489	13.56848183	13.59070344	13.60661827	13.62079304	13.63609743	13.64992607	13.66293998	13.67901240	13.69748901	13.71516090	13.72911924	13.73765826	13.73496950	13.72208287	13.70321730	13.67436605	13.64762995	13.62584271	13.60948094	13.59667553	13.58595532	13.57658003	13.56780437	13.55849830	13.54751606	13.53232069	13.51090097	13.48859677	13.46397020	13.44534099	13.43065837	13.41825639	13.40784248	13.39960324
	12.95534402	12.99112789	13.03474313	13.06165838	13.10048450	13.16724844	13.19748099	13.21649843	13.23927164	13.27078723	13.31611742	13.36350498	13.40415453	13.45221833	13.51306908	13.55572527	13.57778652	13.59237668	13.60499765	13.61851083	13.63034037	13.64143488	13.65499499	13.67012362	13.68735614	13.70244433	13.71169113	13.70909520	13.69522068	13.67587203	13.65197349	13.62971109	13.61102929	13.59661308	13.58508051	13.57513724	13.56620665	13.55769344	13.54817310	13.53596711	13.51867999	13.49542503	13.47365008	13.45413661	13.43881962	13.42646214	13.41587933	13.40691220	13.39976367
	12.95970053	12.99175058	13.04321451	13.06916649	13.10374210	13.16810927	13.20623431	13.22478955	13.24446259	13.27183314	13.31593827	13.36568893	13.40636880	13.45005177	13.50507535	13.55020062	13.57530965	13.59020960	13.60230590	13.61464053	13.62529527	13.63535243	13.64698082	13.66029590	13.67663930	13.69120793	13.69989004	13.69769078	13.68477844	13.66654279	13.64673094	13.62797582	13.61161655	13.59850303	13.58748228	13.57750877	13.56798236	13.55855113	13.54644274	13.52812468	13.50959451	13.48797344	13.46930049	13.45346137	13.44067874	13.43008462	13.42078680	13.41278571	13.40638093
	13.00833379	13.03309473	13.08440559	13.11476410	13.14440361	13.20014342	13.24705271	13.26537535	13.28241176	13.30374152	13.34105523	13.38834449	13.43198579	13.47124750	13.51498593	13.55578345	13.58233308	13.60112873	13.61398098	13.62572746	13.63573351	13.64515957	13.65533455	13.66675110	13.67987553	13.69145079	13.69828329	13.69664618	13.68711501	13.67332922	13.65777256	13.64203406	13.62789254	13.61598541	13.60534432	13.59505748	13.58197283	13.56878080	13.55525223	13.53666236	13.51904492	13.50302048	13.48898504	13.47663432	13.46629769	13.45747685	13.44948593	13.44246320	13.43675417
	13.09869233	13.11489455	13.16310280	13.20153828	13.23214948	13.28153721	13.33547311	13.36191916	13.37983888	13.39665586	13.42745856	13.47171412	13.51927156	13.56071665	13.59896536	13.63453071	13.66108786	13.68148867	13.69659610	13.71086779	13.72421807	13.73479466	13.74516167	13.75603503	13.76783882	13.77808078	13.78443165	13.78337103	13.77603285	13.76524272	13.75215977	13.73802404	13.72463353	13.71234968	13.69871175	13.68591520	13.66979619	13.65464689	13.64050098	13.62393451	13.60872257	13.59575906	13.58407737	13.57347039	13.56429228	13.55618417	13.54861015	13.54177713	13.53625178
