	11.07765837	11.04902174	11.02185501	10.99052732	10.96696855	10.94560286	10.98065849	10.95897461	-4528.03846837	10.75419597	10.78448921	10.81418533	10.85932719	10.90736003	10.98330292	11.10736438	11.36178914	11.62559983	11.90865991	12.17835830	12.39032296	12.57675262	12.70193601	12.82664929	12.88411260	13.00232482	13.07930339	13.10994173	13.13100644	13.14935790	13.16567741	13.17904818	13.18779894	13.18908162	13.18247650	13.17084739	13.15755650	13.14496363	13.13341199	13.12245426	13.11146585	13.09945770	13.08483331	13.06564105	13.03953674	12.98899570	12.93135128	12.89522033	12.87053586
	11.28504894	11.24785125	11.20536758	11.16320707	11.13339603	11.10646836	11.07938595	11.04479504	-9460.29804620	10.81980806	10.86823136	10.92083081	10.98247526	11.06788101	11.19208178	11.38595887	11.64612794	11.97893071	12.38451467	12.78421715	13.10249354	13.37987433	13.57592623	13.73960602	13.83131475	14.01718458	14.09400829	14.13451827	14.16604357	14.19554443	14.22230967	14.24421045	14.25788557	14.25819181	14.24428415	14.22212617	14.19824700	14.17645001	14.15726385	14.13976032	14.12267653	14.10436543	14.08247792	14.05399034	14.01549183	13.93743760	13.86006180	13.81037803	13.77435334
	11.14323092	11.09846102	11.04450939	11.00318302	10.96996531	10.93893314	10.90369192	10.86658254	-8485.02151279	10.61370435	10.67027864	10.73103948	10.79456338	10.89847047	11.04210461	11.26728779	11.55650250	11.93810680	12.41882482	12.90059395	13.27905464	13.60606331	13.83711428	14.02839672	14.13693092	14.35440188	14.44319834	14.49067794	14.52842345	14.56427765	14.59724061	14.62461453	14.64195631	14.64232653	14.62468669	14.59652377	14.56647783	14.53928870	14.51570803	14.49446519	14.47402838	14.45230414	14.42634241	14.39234516	14.34584128	14.24673035	14.15692705	14.09961088	14.05731078
	11.17645328	11.12538231	11.07473141	11.03862037	11.00578922	10.97292879	10.93643132	6.33605685	-7859.88302790	10.66594847	10.72127433	10.78087162	10.83922991	10.94348511	11.08629992	11.31420690	11.59416357	11.97359659	12.45946605	12.94761252	13.32806760	13.65522067	13.88941036	14.07577935	14.18523965	14.40247271	14.48935209	14.53669816	14.57508497	14.61199462	14.64619050	14.67473464	14.69282586	14.69292654	14.67398745	14.64413398	14.61246298	14.58410839	14.55974756	14.53799832	14.51723076	14.49522373	14.46889362	14.43423149	14.38632700	14.28004184	14.19259429	14.13648588	14.09443824
	11.03131630	10.96993778	10.92936122	10.89419062	10.85942683	10.82282102	10.78860373	-3701.16490233	-6539.82931099	10.52620700	10.58131553	10.64168814	10.69259202	10.79957910	10.94135113	11.16733421	11.46654437	11.87964916	12.41251899	12.94680956	13.35832541	13.70890349	13.95883181	14.15648419	14.27332351	14.50476992	14.59671976	14.64769804	14.69020201	14.73185996	14.77108369	14.80421245	14.82541253	14.82567499	14.80351426	14.76863920	14.73183826	14.69934198	14.67186655	14.64777396	14.62511741	14.60139757	14.57312699	14.53566474	14.48322923	14.36279203	14.27094837	14.21225249	14.16795187
	10.91753735	10.86251732	10.82582138	10.78872874	10.75154658	10.71674294	10.68582483	-9935.68970535	-2588.97805603	10.43757599	10.48918492	10.54950120	10.59721517	10.70510577	10.84527966	11.05967512	11.37115669	11.79725027	12.35182719	12.90514393	13.32762828	13.68548512	13.94117880	14.14111325	14.26002847	14.49632694	14.59021641	14.64248838	14.68663359	14.73017180	14.77149015	14.80647677	14.82886336	14.82900172	14.80527328	14.76813930	14.72908522	14.69478065	14.66600276	14.64098750	14.61762051	14.59334910	14.56440241	14.52578262	14.47123537	14.34270392	14.25014648	14.19100595	14.14602611
	10.75810516	10.71060597	10.66994944	10.62677117	10.58895482	10.55505401	10.52580178	-9999.00000000	-1607.19836791	10.27025208	10.32375820	10.38783686	10.43559262	10.54898045	10.69542243	10.90691522	11.25021663	11.71249011	12.32278678	12.93405323	13.39915032	13.79041204	14.06203534	14.28681771	14.41446464	14.67095024	14.77435780	14.83129266	14.87930813	14.92662299	14.97156317	15.00960474	15.03395776	15.03429787	15.00868642	14.96830226	14.92568525	14.88816552	14.85670869	14.82938759	14.80396380	14.77756673	14.74615007	14.70402112	14.64416024	14.50153114	14.40289821	14.33963636	14.29126849
	10.52612618	10.47909962	10.42556414	10.38318778	10.34753230	10.31746400	116.75779489	-9999.00000000	9.99213483	10.05426953	10.10401414	10.17253947	10.22026797	10.33708001	10.48907723	10.70509343	11.07933665	11.59338651	12.27490695	12.93856805	13.43942539	13.85911035	14.15949102	14.38750124	14.52339731	14.79969706	14.91015775	14.97112195	15.02296632	15.07424471	15.12297220	15.16390071	15.18984093	15.18935536	15.16114028	15.11713667	15.07070455	15.02972572	14.99517333	14.96516789	14.93722365	14.90807204	14.87315925	14.82567905	14.75616466	14.58955048	14.49111582	14.42675342	14.37607582
	10.03445183	9.96822567	9.90796105	9.86491939	9.82455189	9.79870673	-4903.64381516	-10019.83980498	9.44305671	9.52331982	9.57792768	9.65577664	9.70795025	9.83709082	10.00553202	10.24546173	10.67088912	11.27382895	12.08251414	12.86160894	13.44877391	13.93733528	14.28140849	14.54984867	14.70374882	15.02465237	15.15565199	15.22670010	15.28677326	15.34601796	15.40242104	15.45001228	15.48037012	15.48024482	15.44809578	15.39751202	15.34363258	15.29572543	15.25515490	15.21981985	15.18683097	15.15235685	15.11093938	15.05421903	14.95901287	14.76772286	14.65936589	14.58757748	14.52992742
	9.83146858	9.75345801	9.70008690	9.64450841	9.61286450	9.60253499	-9999.00000000	-4998.16474813	9.27002088	9.34851843	9.40415462	9.48207046	9.53338511	9.66231159	9.82804214	10.06879415	10.49701829	11.13935958	12.01348783	12.84687538	13.47333771	13.99103586	14.33766068	14.63934087	14.79680611	15.13766390	15.28200054	15.35828873	15.42333062	15.48838763	15.55184780	15.60719711	15.64441875	15.64745481	15.61336275	15.55732822	15.49694924	15.44285158	15.39729684	15.35808398	15.32170211	15.28406912	15.23932853	15.17815584	15.06410813	14.86405647	14.75155887	14.67704623	14.61651903
	9.46704102	9.39529381	9.31812674	9.26067989	9.24966268	9.24194047	-9999.00000000	8.68780254	8.92980333	9.00700541	9.07079193	9.15228201	9.20696459	9.34723742	9.52752455	9.79073054	10.25838341	10.98699282	11.96261675	12.88532272	13.57618944	14.14683465	14.52959549	14.86069659	15.03375929	15.41428096	15.57487954	15.66010063	15.73439878	15.81070484	15.88737599	15.95629973	16.00409628	16.00985494	15.96943945	15.90199164	15.82947072	15.76472102	15.71056295	15.66446950	15.62217300	15.57904053	15.52822523	15.45909152	15.32413400	15.10291799	14.97887060	14.89663351	14.82940054
	9.26038584	9.18353111	9.08866296	9.04926737	9.04126025	9.03111910	-9999.00000000	8.51157172	8.73357992	8.80840070	8.87894460	8.96039952	9.01664470	9.16263196	9.34895246	9.62458737	10.10996841	10.89237984	11.93402213	12.91529886	13.64746119	14.25194566	14.65228515	15.00771890	15.18991148	15.59545220	15.76723372	15.85843025	15.93875811	16.02268000	16.10850591	16.18703754	16.24235584	16.25006918	16.20499149	16.12936094	16.04841333	15.97645974	15.91661505	15.86599363	15.81980236	15.77312217	15.71844453	15.64417912	15.49485844	15.26157741	15.13056730	15.04351584	14.97193727
	9.04081387	8.94619373	8.85824962	8.82741227	8.81743849	164.90142560	-9999.00000000	8.34655904	8.53061701	8.60113042	8.67837919	8.75938660	8.81766684	8.97052412	9.16812038	9.45957215	9.97882729	10.80777543	11.89840121	12.92041479	13.68139948	14.31040943	14.73761989	15.09611601	15.28744135	15.71323754	15.89155037	15.98723808	16.07260668	16.16336206	16.25751148	16.34470878	16.40640370	16.41496481	16.36483077	16.28152588	16.19311350	16.11491998	16.05017012	15.99555484	15.94585742	15.89583752	15.83738292	15.75788901	15.59227727	15.35235734	15.21694279	15.12644791	15.05141066
	8.95592924	8.84390322	8.77216902	8.73604767	8.71615887	-3871.56251247	-9999.00000000	8.30730852	8.46908902	8.53652384	8.61897255	8.69701866	8.75621388	8.91165261	9.11432089	9.41238553	9.93510688	10.78764338	11.90604742	12.95203063	13.72919798	14.37168481	14.80614930	15.17401529	15.36878417	15.80506543	15.98887191	16.08735193	16.17540303	16.26977051	16.36855700	16.46051523	16.52581933	16.53470514	16.48158680	16.39383487	16.30119140	16.21959826	16.15216962	16.09541754	16.04382273	15.99193875	15.93130065	15.84865348	15.66889844	15.42899572	15.29278640	15.20118504	15.12451856
	8.80229669	8.68386785	8.62453044	8.57096229	8.54689172	-8286.67580593	-9999.00000000	8.20490341	8.35381649	8.41853739	8.50813764	8.58404395	8.64534858	8.80652565	9.02216045	9.33631207	9.88919136	10.78275009	11.94096012	13.02021039	13.81976991	14.48227423	14.93599309	15.30967323	15.51081501	15.96354941	16.15488513	16.25748761	16.34893893	16.44750099	16.55108475	16.64731805	16.71517416	16.72306439	16.66612975	16.57371968	16.47688480	16.39190798	16.32169392	16.26235987	16.20806182	16.15314065	16.08850314	15.99963272	15.79230263	15.55669208	15.42095135	15.32831042	15.24932019
	8.70222181	8.60011783	8.53737554	8.46610714	8.45331548	-10131.27635084	-9999.00000000	8.16581825	8.30910762	8.37105231	8.46503069	8.53792332	8.60004810	8.76340083	8.98657132	9.31002053	9.88277024	10.79904684	11.97695097	13.06788829	13.87564021	14.54555627	15.00926054	15.38291456	15.58599702	16.04566948	16.24168337	16.34628052	16.43876235	16.53845733	16.64318200	16.74002043	16.80766904	16.81428899	16.75569091	16.66198086	16.56427740	16.47866431	16.40779400	16.34747502	16.29171464	16.23475301	16.16700660	16.07267782	15.83980629	15.61498192	15.48333980	15.39190959	15.31223174
	8.90472006	8.82206624	8.74760310	8.68703333	8.69206107	-10001.17268084	-9995.57520111	8.43602945	8.56880030	8.62635749	8.71758565	8.78539444	8.84533299	9.00282982	9.22490385	9.54278687	10.10958577	10.99852124	12.11855344	13.14876717	13.91234227	14.54685511	14.99914748	15.34136923	15.53489227	15.97222494	16.15949305	16.25907777	16.34648344	16.44043161	16.53858363	16.62849017	16.69007974	16.69420790	16.63793272	16.54989583	16.45871846	16.37885990	16.31235320	16.25524582	16.20173799	16.14624201	16.07924751	15.98463247	15.74158127	15.54195496	15.42276901	15.33823023	15.26283258
	9.12268842	9.05516371	8.96574001	8.93101677	8.95322954	-9999.00000000	-9454.10583633	8.73545790	8.85471021	8.90741171	8.99531851	9.05462430	9.11090676	9.25768939	9.46769609	9.76828090	10.30380899	11.14748056	12.20503382	13.17300885	13.89024261	14.48636002	14.90839521	15.23371099	15.41342705	15.82385940	16.00369004	16.09766252	16.17901635	16.26614401	16.35688797	16.43946652	16.49552944	16.49863405	16.44630314	16.36495590	16.28077833	16.20702152	16.14537564	16.09185699	16.04102893	15.98761286	15.92228401	15.82861432	15.58253990	15.40703703	15.30036057	15.22315675	15.15258334
	9.57137536	9.50097383	9.42702083	9.41080118	9.44315466	-9999.00000000	-4629.08796670	9.25939539	9.36007518	9.40665543	9.48591315	9.53610198	9.58662977	9.71681174	9.90767710	10.17900062	10.66799229	11.42125040	12.36216344	13.21641179	13.85117826	14.37916426	14.75716109	15.04210908	15.20087941	15.56495638	15.72567719	15.80878642	15.88014000	15.95644447	16.03559263	16.10710100	16.15482803	16.15625335	16.11006611	16.03916234	15.96600781	15.90197282	15.84833894	15.80121013	15.75584377	15.70742144	15.64739494	15.56006971	15.33027509	15.18312206	15.09221049	15.02521587	14.96263583
	9.92384013	9.84668459	9.79910469	9.78958873	9.88193145	-9999.00000000	-183.02636190	9.67796252	9.76017061	9.80271822	9.87374066	9.91642695	9.96228669	10.07787929	10.25089166	10.49634845	10.94220704	11.61927060	12.46341084	13.22734797	13.79545355	14.26850072	14.60703841	14.86294554	15.00432915	15.33064163	15.47586808	15.54999194	15.61325226	15.68078217	15.75096156	15.81431262	15.85637795	15.85739193	15.81648760	15.75390386	15.68932147	15.63283423	15.58549653	15.54353765	15.50269707	15.45861667	15.40331172	15.32054437	15.10835267	14.98154559	14.90242125	14.84330912	14.78709780
	10.35440824	10.28409887	10.25454722	10.24504330	185.06629719	-9999.00000000	10.07603883	10.17194066	10.23690708	10.27355210	10.33384484	10.36958943	10.40952197	10.50798516	10.65936912	10.87350890	11.26402250	11.84616751	12.56713093	13.20331543	13.68364701	14.08281747	14.37723440	14.58646659	14.70671078	14.98357567	15.10599214	15.16803245	15.22094616	15.27715496	15.33571445	15.38818347	15.42271175	15.42299654	15.38863540	15.33663304	15.28303725	15.23626960	15.19702759	15.16180869	15.12714763	15.08927317	15.04101999	14.96273707	14.78274936	14.67917569	14.61386055	14.56435602	14.51663605
	10.65416634	10.60353677	10.57933284	10.56540991	-3908.69243727	-9999.00000000	10.37234821	10.53023250	10.58121678	10.61356954	10.66514972	10.69516073	10.73039483	10.81516882	10.94888299	11.13883811	11.48352879	11.99354088	12.61687207	13.15632525	13.56980424	13.91255261	14.17244942	14.34664851	14.45021041	14.68865487	14.79400462	14.84680333	14.89158627	14.93896250	14.98850891	15.03275753	15.06192542	15.06225618	15.03345062	14.98974372	14.94458313	14.90524203	14.87214547	14.84209676	14.81208601	14.77886690	14.73590428	14.65626657	14.50611520	14.41992840	14.36511002	14.32289689	14.28150965
	10.91911998	10.88578070	10.85760660	10.84272276	-7944.70079954	-9999.00000000	10.71010765	10.84091703	10.88105919	10.90936983	10.95284627	10.97809676	11.00888018	11.08153975	11.19939309	11.36837645	11.67203958	12.11866892	12.65201721	13.09984272	13.45192353	13.74252952	13.97252953	14.11260004	14.20130292	14.40407953	14.49346777	14.53791729	14.57537645	14.61484555	14.65624016	14.69319408	14.71759571	14.71789738	14.69403756	14.65768563	14.62004716	14.58735406	14.55977705	14.53440116	14.50858038	14.47953731	14.44131391	14.36161108	14.23883055	14.16808064	14.12263024	14.08698355	14.05130154
	10.93546714	10.90690974	10.86893411	10.86264338	-10131.48346856	-9999.00000000	10.76235961	10.88536854	10.91974197	10.94872879	10.99014459	11.01378427	11.04432775	11.11441973	11.23035122	11.39801336	11.69619709	12.13424165	12.65213422	13.08750058	13.43102200	13.71474318	13.93980494	14.07660881	14.16290926	14.36043824	14.44825540	14.49169572	14.52802113	14.56610071	14.60637502	14.64262021	14.66679614	14.66752469	14.64460088	14.60928227	14.57265419	14.54095789	14.51417524	14.48937963	14.46396924	14.43512830	14.39670352	14.31184820	14.19477470	14.12734731	14.08377097	14.04912153	14.01391738
	10.94650385	10.91196548	10.87657102	10.97128311	-9999.00000000	-9999.00000000	10.79937293	10.91196388	10.94294289	10.97050069	11.01010974	11.03282984	11.06236770	11.12979999	11.24328782	11.41267585	11.70147919	12.12951438	12.61755578	13.02187454	13.34800314	13.61603677	13.83633991	13.96012350	14.04294286	14.23073792	14.31313352	14.35418532	14.38845313	14.42407151	14.46187589	14.49600667	14.51879286	14.51931002	14.49751001	14.46408545	14.42959235	14.39990342	14.37475165	14.35118124	14.32676791	14.29875964	14.26094472	14.17194734	14.06477843	14.00270130	13.96212951	13.92923562	13.89536242
	11.05946241	11.01743744	10.99674469	127.17237991	-9999.00000000	-9999.00000000	10.95748310	11.04652787	11.07319470	11.10001343	11.13566903	11.15604492	11.18394097	11.24621519	11.35376706	11.52059526	11.79068664	12.19213207	12.63907427	13.00802968	13.31014016	13.55771251	13.76590816	13.87704952	13.95418634	14.12800940	14.20359870	14.24155323	14.27311863	14.30585764	14.34058762	14.37227316	14.39363077	14.39428201	14.37404953	14.34289130	14.31090332	14.28358133	14.26044540	14.23852895	14.21549159	14.18873688	14.15219162	14.06083701	13.96606541	13.91076540	13.87399765	13.84348344	13.81131694
	10.88291117	10.83965314	10.82310968	-3231.99763115	-9999.00000000	-9999.00000000	10.80406435	10.88885124	10.91514456	10.94353448	10.98025499	11.00122840	11.03033654	11.09556564	11.20987818	11.39741869	11.68290759	12.09747712	12.55790311	12.93716247	13.25095458	13.50646985	13.72583028	13.83847104	13.91924055	14.09963372	14.17737847	14.21678950	14.24952986	14.28344819	14.31939424	14.35246323	14.37491064	14.37578961	14.35464575	14.32212009	14.28880100	14.26046950	14.23641533	14.21345525	14.18915612	14.16046940	14.12079180	14.01793177	13.92324188	13.86770781	13.83032704	13.79851710	13.76413952
	10.64747234	10.61264916	4.99719085	-8876.61922232	-9999.00000000	-9999.00000000	10.59338630	10.67644401	10.70307819	10.73221125	10.77206831	10.79426636	10.82466357	10.89467789	11.01787093	11.23110621	11.53530427	11.97091409	12.45084514	12.84594716	13.17630495	13.44360344	13.67775582	13.79331009	13.87932146	14.06938038	14.14999611	14.19149197	14.22603710	14.26184753	14.29989153	14.33516040	14.35915689	14.36003198	14.33729770	14.30263373	14.26717508	14.23723037	14.21168654	14.18716792	14.16122526	14.13034061	14.08701690	13.97273717	13.87551404	13.81858920	13.77988348	13.74620996	13.70920748
	10.54076777	10.51401617	-993.04215822	-6057.99903025	-9999.00000000	-9999.00000000	10.51597311	10.59451762	10.62062114	10.65113223	10.69162867	10.71398656	10.74505823	10.81711112	10.94544987	11.17405946	11.49022704	11.92907560	12.41644478	12.81817728	13.15583536	13.42846735	13.67009292	13.78676732	13.87567628	14.07074902	14.15190821	14.19439254	14.23002925	14.26708059	14.30665137	14.34368241	14.36893592	14.36974671	14.34550979	14.30897926	14.27179253	14.24060045	14.21401555	14.18843129	14.16133794	14.12897812	14.08298215	13.95923137	13.86302836	13.80663635	13.76776134	13.73305988	13.69417997
	10.31156875	10.27859487	-6548.77723356	176.60945368	-9999.00000000	-9999.00000000	10.29551567	10.37913942	10.40663157	10.43771971	10.48172678	10.50583742	10.53787460	10.61614237	10.75589299	11.01101842	11.35507995	11.81318459	12.32414387	12.74481767	13.09989712	13.38419136	13.64153071	13.76205381	13.85757926	14.06327918	14.14752526	14.19272895	14.23091703	14.27070876	14.31316115	14.35299598	14.37988993	14.37994850	14.35297904	14.31315109	14.27303064	14.23947597	14.21082144	14.18306576	14.15336721	14.11756154	14.06600234	13.92518061	13.82986784	13.77297033	13.73273551	13.69547904	13.65250132
	10.15264178	28.47644744	-10042.78006818	11.36475030	-9999.00000000	-9999.00000000	10.14509901	10.23030639	10.25860414	10.29000938	10.33654995	10.36154221	10.39386657	10.47644819	10.62401318	10.89458372	11.25486245	11.72657401	12.25351560	12.68713840	13.05429166	13.34736194	13.61462628	13.73841669	13.83843922	14.05069720	14.13719709	14.18452062	14.22466115	14.26658564	14.31130185	14.35331168	14.38137294	14.38071890	14.35164295	14.30923359	14.26686341	14.23145794	14.20120986	14.17177718	14.14007944	14.10153146	14.04554945	13.89251934	13.79878679	13.74176439	13.70065000	13.66148271	13.61525669
	10.03012560	-300.02866902	-9704.21851958	11.28380836	-9999.00000000	-9999.00000000	10.02429585	10.11566451	10.14548087	10.17668576	10.22559273	10.25153773	10.28393457	10.36977055	10.52291501	10.80432172	11.17673574	11.65994035	12.19972539	12.64316953	13.01945237	13.31904523	13.59377700	13.71999771	13.82355185	14.04076600	14.12893868	14.17788585	14.21960652	14.26329978	14.30990202	14.35379969	14.38293878	14.38185289	14.35106518	14.30659197	14.26233650	14.22543047	14.19387512	14.16313296	14.12994763	14.08940314	14.02955695	13.86936150	13.77566848	13.71807795	13.67605608	13.63531273	13.58643605
	9.85583108	-1336.51310861	-7910.09059315	11.18332830	-9999.00000000	-9999.00000000	9.84965281	9.95574982	9.98959641	10.02109606	10.07310332	10.10124988	10.13412377	10.22480268	10.38643528	10.68329697	11.07420556	11.57856624	12.14097866	12.60320106	12.99532812	13.30750952	13.59474413	13.72637795	13.83576051	14.06233007	14.15380444	14.20556673	14.25007444	14.29691520	14.34703273	14.39445848	14.42581419	14.42419770	14.39042811	14.34215927	14.29442653	14.25481359	14.22097800	14.18800993	14.15241340	14.10878041	14.04096264	13.87165647	13.77661225	13.71748945	13.67347923	13.62992268	13.57642325
	9.84777338	-2777.43467436	-4943.13837715	11.14687999	-9999.00000000	-9999.00000000	9.82479731	9.94012691	9.97741393	10.00480525	10.05704554	10.08753617	10.11849329	10.20980090	10.37086124	10.66685286	11.05412870	11.54932819	12.09763939	12.54878578	12.92951015	13.22814124	13.50925194	13.63487174	13.74274068	13.96268350	14.05100615	14.10141457	14.14495847	14.19076308	14.23971489	14.28599660	14.31628513	14.31414965	14.28079337	14.23356417	14.18704681	14.14846016	14.11539203	14.08305077	14.04806547	14.00497402	13.93578957	13.77191317	13.67966869	13.62209144	13.57899288	13.53614126	13.48284198
	9.75591542	-2936.63959034	-4161.49579525	11.08898382	-9999.00000000	-9999.00000000	9.72831007	9.85121175	9.89214570	9.91982141	9.97234313	10.00512087	10.03647309	10.13037403	10.29622969	10.60019354	10.99699334	11.50364262	12.06244301	12.52413566	12.91194034	13.21529282	13.50239504	13.63040540	13.74122785	13.96553855	14.05543492	14.10716784	14.15200658	14.19925702	14.24979920	14.29762394	14.32884388	14.32641957	14.29172486	14.24283338	14.19477813	14.15497192	14.12086151	14.08748385	14.05134880	14.00675932	13.93321842	13.76564604	13.67256924	13.61415211	13.57003203	13.52578389	13.47048496
	9.63165795	-7377.12413659	21.39272705	11.02741644	-9999.00000000	-9999.00000000	9.61576437	9.75282176	9.80317257	9.82935111	9.88260281	9.91974353	9.95034788	10.04665556	10.21582961	10.52607166	10.93071724	11.44561158	12.01440080	12.48178630	12.87639709	13.18731003	13.47952538	13.61078149	13.72426265	13.95272533	14.04421732	14.09766927	14.14425201	14.19352091	14.24650558	14.29678743	14.32952675	14.32661849	14.28963781	14.23798616	14.18754170	14.14596037	14.11044260	14.07566364	14.03807212	13.99156609	13.90598117	13.74067962	13.64782664	13.58892381	13.54326270	13.49656783	13.43198394
	9.58604370	-9111.78053615	-19.11815628	10.99401986	-10146.63050638	-9999.00000000	157.18518817	9.71219340	9.77005041	9.79583197	9.84292386	9.88757233	9.91779327	10.01469643	10.18566876	10.49831307	10.90401951	11.41824385	11.98227913	12.44825434	12.83900682	13.14522992	13.43596500	13.56579942	13.67962025	13.90625286	13.99686061	14.05033893	14.09712952	14.14672366	14.20011588	14.25078268	14.28337760	14.27968138	14.24178024	14.18945109	14.13865577	14.09689489	14.06121557	14.02616591	13.98821434	13.94102326	13.84765519	13.68808396	13.59720289	13.53897370	13.49301527	13.44542295	13.37454814
	143.35317243	-10017.07805455	25.80461875	10.97489258	-8101.47374089	-9999.00000000	-1754.08245750	9.70547467	9.76748516	9.79318625	9.83384068	9.88435226	9.91428275	10.01030137	10.18127522	10.49296021	10.89469971	11.40177846	11.95452861	12.41257593	12.79441899	13.09102790	13.37646767	13.50247572	13.61491847	13.83637160	13.92496843	13.97761072	14.02379964	14.07275966	14.12547637	14.17544657	14.20725186	14.20292599	14.16504120	14.11324138	14.06323679	14.02217398	13.98699567	13.95230109	13.91465966	13.86758536	13.77025571	13.61706348	13.52889740	13.47196212	13.42641247	13.37877201	13.30486791
	-1846.91851668	-7702.10570218	11.02308822	11.00560114	-5423.20227743	-9999.00000000	-5695.75883697	9.76056332	9.82364172	9.85040631	9.88445585	9.93924803	9.96911405	10.06173824	10.23066613	10.53648109	10.93022532	11.42512714	11.96146072	12.40712679	12.77704845	13.06412696	13.34157131	13.46408527	13.57416658	13.78916679	13.87535776	13.92711099	13.97270633	14.02118469	14.07350172	14.12322665	14.15478016	14.15023846	14.11242778	14.06086457	14.01129235	13.97071072	13.93593351	13.90160198	13.86447926	13.81790060	13.71882552	13.57190266	13.48667017	13.43112687	13.38604189	13.33829185	13.26102810
	-4344.37296155	-7588.03977949	11.03586848	11.01838580	-2197.18869187	-9999.00000000	-7771.75384343	9.77264502	9.83645009	9.86743220	9.89829908	9.95428929	9.98629729	10.07651611	10.24726192	10.55365427	10.94708167	11.43996167	11.97062469	12.41295694	12.77820110	13.06139024	13.33624818	13.45763131	13.56713192	13.77984485	13.86554070	13.91735694	13.96308356	14.01181960	14.06448399	14.11464504	14.14637371	14.14159845	14.10334769	14.05139187	14.00159594	13.96095285	13.92605008	13.89153850	13.85428301	13.80734278	13.70530511	13.56155576	13.47757708	13.42233475	13.37689890	13.32816159	13.24729720
	-7868.77293973	-3859.72507111	11.03044608	11.01233633	-49.24705937	-9999.00000000	-9796.90107584	9.72413406	9.79582176	9.83296696	9.86080264	9.91986468	9.95556404	10.04249377	10.22049638	10.53168188	10.93401570	11.43586917	11.97662328	12.42390353	12.79570863	13.08764125	13.36719522	13.49258332	13.60435382	13.82180756	13.90966698	13.96321031	14.01052783	14.06115246	14.11606051	14.16843676	14.20149666	14.19609755	14.15575984	14.10133100	14.04942322	14.00721027	13.97096937	13.93513108	13.89633106	13.84727266	13.73568129	13.59378270	13.50961164	13.45305443	13.40542285	13.35333259	13.26478584
	-9951.50745948	-4137.61804425	11.01072183	10.99235490	0.31324581	-9999.00000000	-9988.33939845	9.67449145	9.75657262	9.80258387	9.82936723	9.88663437	9.92800016	10.01262489	10.19783591	10.51590691	10.92525904	11.43312056	11.97018432	12.42221403	12.79111969	13.07833157	13.35826364	13.48293823	13.59566109	13.81271701	13.90062669	13.95450343	14.00217096	14.05322298	14.10841281	14.16098632	14.19362395	14.18740418	14.14633357	14.09154695	14.03946851	13.99720250	13.96071319	13.92444243	13.88493139	13.83460205	13.71658336	13.57835693	13.49527987	13.43856690	13.38994184	13.33612158	13.24376110
	-10181.80445511	-4842.21753693	11.02040929	11.00233013	10.98568773	-9999.00000000	-9999.00000000	13.90223248	9.78588275	9.83590250	9.86290299	9.91397565	9.96087698	10.04095174	10.22827525	10.54431866	10.94798399	11.44710872	11.96717348	12.41102794	12.76784841	13.04270389	13.31540710	13.43548377	13.54564858	13.75612460	13.84170440	13.89425738	13.94073253	13.99034715	14.04368995	14.09418841	14.12497705	14.11821734	14.07823003	14.02528807	13.97505050	13.93423417	13.89878320	13.86331568	13.82437592	13.77436346	13.65469861	13.52342227	13.44356969	13.38842543	13.34050581	13.28665171	13.19547927
	-9765.17626974	-2869.34416285	11.10390319	11.08645931	11.07048416	-9999.00000000	-9999.00000000	114.99421090	9.91868112	9.96925753	9.99616726	10.04016737	10.09049549	10.16168709	10.34602155	10.64810324	11.03443640	11.51065529	12.00529215	12.42745988	12.76703313	13.03003982	13.28966564	13.40478828	13.50965144	13.71061540	13.79260748	13.84301113	13.88753576	13.93495484	13.98584383	14.03383577	14.06285115	14.05596132	14.01751797	13.96684656	13.91887031	13.87990878	13.84602687	13.81199747	13.77443529	13.72587575	13.60683294	13.48493401	13.40990307	13.35735554	13.31091040	13.25669599	13.16918541
	-9408.15660875	-2976.79975183	11.18851953	11.17204656	11.15701585	-9999.00000000	-9999.00000000	-1254.71317657	10.07020781	10.11813932	10.14610549	10.18295122	10.23537112	10.29881769	10.47804584	10.76514811	11.13103186	11.58032844	12.04013172	12.43820006	12.75391562	12.99684143	13.23980874	13.34693442	13.44526993	13.63293556	13.70991449	13.75723803	13.79894173	13.84311062	13.89029197	13.93465974	13.96120218	13.95434852	13.91844973	13.87141152	13.82695672	13.79081985	13.75918157	13.72719558	13.69167354	13.64542530	13.53106216	13.41870225	13.34902417	13.29981877	13.25574603	13.20179698	13.12106184
	-10183.22217644	274.67346641	11.31498077	11.29980650	11.28605859	-9999.00000000	-9999.00000000	-4715.33300699	10.28637828	10.32858853	10.36206215	10.39030190	10.44410138	10.49484345	10.66860892	10.93433134	11.27117168	11.68198944	12.09333451	12.45506478	12.73785743	12.95530276	13.17463635	13.27116422	13.35984402	13.52905544	13.59933209	13.64249845	13.68036940	13.72031876	13.76272419	13.80235352	13.82546577	13.81837705	13.78556858	13.74310939	13.70316527	13.67074914	13.64211444	13.61291849	13.57992168	13.53620290	13.42585941	13.32921341	13.26790896	13.22326439	13.18204748	13.12739988	13.05547064
	-10061.56021137	10.76639485	11.36745806	11.35302210	11.33994558	-10000.38526945	-9999.00000000	-6996.79963224	10.38165199	10.42208908	10.45821934	10.48353605	10.53687705	10.58380377	10.75431183	11.01230471	11.33935185	11.73259415	12.11578611	12.46324472	12.72867570	12.92998664	13.13783799	13.22865387	13.31303942	13.47288781	13.53966315	13.58071224	13.61662803	13.65430450	13.69405529	13.73106153	13.75233424	13.74530795	13.71441430	13.67461841	13.63715706	13.60674187	13.57965330	13.55183706	13.52021661	13.47795049	13.37115160	13.28079164	13.22307693	13.18066287	13.14101869	13.08601646	13.01933762
	-10337.00759031	11.31338623	11.41743623	11.40324213	11.39041252	-10297.12852067	-9999.00000000	-9095.20595827	10.43357307	10.48530953	10.52489356	10.54978348	10.60161754	10.64667218	10.81772417	11.07165481	11.39392483	11.77931750	12.14881170	12.48687906	12.74342470	12.93909376	13.14060985	13.22951620	13.31068374	13.46597376	13.53207361	13.57249566	13.60750669	13.64393489	13.68211052	13.71757856	13.73785200	13.73090390	13.70116944	13.66293255	13.62686432	13.59759737	13.57134398	13.54409280	13.51281965	13.47049241	13.36324589	13.27757518	13.22210894	13.18060088	13.14089424	13.08209368	13.02009360
	-7105.31491173	11.27699014	11.45444002	11.44051392	11.42795732	-7040.06903908	-9999.00000000	-10218.31551382	10.47227614	10.53265793	10.57274479	10.59935796	10.64783782	10.69410205	10.86562199	11.11794862	11.43850525	11.81685108	12.17489628	12.50607802	12.75567903	12.94673729	13.14351042	13.23098315	13.30971507	13.46161017	13.52728407	13.56720540	13.60149401	13.63683777	13.67361287	13.70767504	13.72698531	13.72003993	13.69122529	13.65430298	13.61943062	13.59109044	13.56554349	13.53866971	13.50753368	13.46484293	13.35676657	13.27508627	13.22143556	13.18054159	13.14057198	13.07847532	13.02049687
	-2438.54682749	11.30850338	11.49026731	11.47659192	11.46429099	-2375.90396472	-9999.00000000	-9999.00000000	208.58457422	10.57847738	10.61750811	10.64711656	10.69058936	10.73994590	10.91139895	11.16172422	11.47937475	11.85118974	12.19903867	12.52259344	12.76572845	12.95348218	13.14561912	13.23204187	13.30825206	13.45697895	13.52247311	13.56198299	13.59559610	13.62988087	13.66528564	13.69794139	13.71632217	13.70940154	13.68144804	13.64577388	13.61202990	13.58456750	13.55970714	13.53315158	13.50204131	13.45881185	13.34961188	13.27206217	13.22019323	13.17980853	13.13935657	13.07375574	13.02005022
	-2371.20362966	11.29770427	11.47961851	11.46597405	11.45369585	-2370.15632420	-9999.00000000	-9999.00000000	-721.59096097	10.56369457	10.60381402	10.63444209	10.67748854	10.72805009	10.90047870	11.15283995	11.47382970	11.84709254	12.19276709	12.51867830	12.76102857	12.94774655	13.14025396	13.22647922	13.30288117	13.45164042	13.51722309	13.55677709	13.59042506	13.62473468	13.66014218	13.69278053	13.71107773	13.70408030	13.67610391	13.64043034	13.60668816	13.57922052	13.55431850	13.52770327	13.49645068	13.45295274	13.34350266	13.26599500	13.21409129	13.17360659	13.13298259	13.06732089	13.01353806
	-13.50313876	11.30730114	11.48055488	11.46729484	11.45530784	-12.72165126	-9999.00000000	-9999.00000000	-6502.04016834	10.55307026	10.60085120	10.63875060	10.67497785	10.73349847	10.90823425	11.16573251	11.49048120	11.86109890	12.19569104	12.51847250	12.75554743	12.93766260	13.12718987	13.21278196	13.28747319	13.43351407	13.50016284	13.53963648	13.57277703	13.60618291	13.64039347	13.67178508	13.68920100	13.68203706	13.65473833	13.62003068	13.58725442	13.56053225	13.53603945	13.50947249	13.47767186	13.43174552	13.32110980	13.24724901	13.19663757	13.15596363	13.11376826	13.04463969	12.99484361
	10.81718256	11.32056801	11.47983827	11.46666611	11.45472567	11.43417312	-9999.00000000	-9999.00000000	-9928.45042659	10.53455056	10.59218867	10.63392311	10.66718145	10.72975201	10.90622751	11.16660817	11.49339657	11.86540611	12.19836163	12.52010332	12.75687096	12.93948396	13.12876577	13.21508547	13.28927855	13.43507567	13.50316109	13.54298046	13.57615493	13.60928063	13.64288899	13.67363799	13.69069786	13.68353473	13.65660436	13.62232508	13.58986995	13.56333727	13.53878907	13.51196326	13.47960218	13.43169924	13.31994954	13.24734164	13.19695929	13.15576432	13.11223297	13.04077039	12.99291371
	10.59651929	11.47590312	11.50087540	11.48813184	11.47658759	11.46586677	-9999.00000000	-9999.00000000	-10001.93945286	200.38352108	10.61281066	10.65782397	10.68910492	10.75574800	10.93461612	11.20022582	11.53343112	11.90084844	12.22396004	12.54604779	12.77534877	12.95436253	13.14099205	13.22686566	13.29896710	13.44149324	13.51161637	13.55167282	13.58439053	13.61661483	13.64881864	13.67820094	13.69426233	13.68715497	13.66115014	13.62812236	13.59681979	13.57108379	13.54696703	13.52012762	13.48699631	13.43287772	13.32452436	13.25529230	13.20610952	13.16452146	13.11830787	13.04601133	13.00114902
	10.83176630	11.49962139	11.56828417	11.55639319	11.54559240	11.53552989	-9994.71041628	-9999.00000000	-9999.00000000	-4378.15735387	10.70675079	10.75904161	10.78814654	10.85540916	11.02890425	11.28948096	11.60815170	11.95720920	12.26497635	12.56937806	12.78766819	12.95844219	13.13543418	13.21881531	13.28639009	13.41943831	13.49075776	13.52960126	13.56059374	13.59052035	13.62039235	13.64771242	13.66247499	13.65549743	13.63080165	13.59979729	13.57047243	13.54648045	13.52376582	13.49784470	13.46508378	13.40438243	13.30532308	13.24164423	13.19516308	13.15417731	13.10309795	13.03599658	12.99640076
	10.66633651	11.32207516	11.53233982	11.52042081	11.50956568	11.49940255	-10271.40781750	-9999.00000000	-9999.00000000	-7542.32436817	10.63235968	10.70251245	10.73253156	10.80341214	10.98342627	11.25522018	11.58654005	11.94109267	12.25204183	12.56433826	12.78367262	12.95701131	13.13638980	13.22239185	13.29020167	13.42030351	13.49914315	13.53972083	13.57127728	13.60099897	13.63020720	13.65685236	13.67109280	13.66395640	13.63957213	13.60909587	13.58017858	13.55636121	13.53338531	13.50653430	13.47192022	13.40245298	13.30589699	13.24303376	13.19603713	13.15319062	13.09536522	13.02981752	12.99125390
	10.59442372	10.96394221	11.49014665	11.47802290	11.46700448	11.45663688	-5342.80627157	-9999.00000000	-9999.00000000	-10010.38008077	10.53829999	10.63064207	10.66174010	10.73693166	10.92632198	11.21645641	11.55614411	11.92170050	12.24211741	12.56188202	12.78733330	12.96567416	13.14830303	13.23923026	13.30748056	13.43293800	13.52316927	13.56618156	13.59852372	13.62814613	13.65663489	13.68223359	13.69568136	13.68829930	13.66441679	13.63437602	13.60566997	13.58200109	13.55873252	13.53070790	13.49320451	13.41175261	13.31857290	13.25676424	13.20872282	13.16273215	13.09522230	13.03241791	12.99531554
	10.42668333	10.80902432	11.41611150	11.39355949	11.38152041	11.37020151	-2258.90958736	-9999.00000000	-9999.00000000	-9999.00000000	6.98873451	10.46130410	10.49549281	10.57874524	10.78778444	11.10702316	11.48217818	11.88292906	12.23342755	12.58239297	12.82888666	13.02737208	13.22600471	13.32803954	13.40160639	13.53263179	13.63904480	13.68736383	13.72285453	13.75452424	13.78431053	13.81090501	13.82481887	13.81686450	13.79158071	13.75978762	13.72929808	13.70395036	13.67863048	13.64739947	13.60485235	13.50875596	13.41073518	13.34491014	13.29235168	13.24036246	13.16029696	13.09526312	13.05666730
	10.30309175	10.74420543	11.32963538	11.32333121	11.31075842	11.29892835	-15.84914746	-9999.00000000	-9999.00000000	-9999.00000000	-1221.43426894	10.34428536	10.38014532	10.46978496	10.69418198	11.04186535	11.43275272	11.85178621	12.21953452	12.58678503	12.84217505	13.04727617	13.25440930	13.36179053	13.43790023	13.56973953	13.68582526	13.73743945	13.77458427	13.80689415	13.83659524	13.86275527	13.87603060	13.86747108	13.84174904	13.80958062	13.77864238	13.75267557	13.72616330	13.69255856	13.64561826	13.53716287	13.44056970	13.37422607	13.31909531	13.26242582	13.17370326	13.10980031	13.07159298
	10.38960673	10.91166589	11.40603505	11.39160221	11.37924067	11.36751503	11.35598751	-10095.30229663	-9999.00000000	-9999.00000000	-4784.22565203	10.42271240	10.45721273	10.54642945	10.77098356	11.11391710	11.50319770	11.91724339	12.28160684	12.64056624	12.89434203	13.09990046	13.30174037	13.41187617	13.48615581	13.61051688	13.73145697	13.78379081	13.82049012	13.85173586	13.88010288	13.90479811	13.91704376	13.90833184	13.88326684	13.85212316	13.82208473	13.79690585	13.77091612	13.73707915	13.68837241	13.57448022	13.48375005	13.42023754	13.36522350	13.30618370	13.21315199	13.15469782	13.11950063
	10.35650462	11.01815751	11.33712073	11.38097531	11.36834162	11.35634668	11.34447099	-5245.35386272	-9999.00000000	-9999.00000000	-8081.54139743	10.39076258	10.42368805	10.51435192	10.74326537	11.09267559	11.49300742	11.91587249	12.28451424	12.64950622	12.90854219	13.12623029	13.32265198	13.44561729	13.52030204	13.63689515	13.76930104	13.82610721	13.86468246	13.89595986	13.92321097	13.94648150	13.95788732	13.94920190	13.92486784	13.89456463	13.86502352	13.83986168	13.81295480	13.77670140	13.72138148	13.60063369	13.51453757	13.45227952	13.39505039	13.32636051	13.23201419	13.17742290	13.14416907
	10.32050829	10.81881136	11.09223623	11.35524447	11.34246509	11.33023125	11.31807309	-5020.39073544	-9999.00000000	-9999.00000000	-10199.77347178	10.35337720	10.38722776	10.48057114	10.71535238	11.07469757	11.47784644	11.90478918	12.27837196	12.64686173	12.90784378	13.12632797	13.32450458	13.44886351	13.52383553	13.63851625	13.77444961	13.83256443	13.87156223	13.90271523	13.92946408	13.95208305	13.96297339	13.95420222	13.93013621	13.90023725	13.87094545	13.84583953	13.81857973	13.78120725	13.72309031	13.59907386	13.51502817	13.45325949	13.39510540	13.32368674	13.22721878	13.17393770	13.14132400
	10.48426976	10.82621261	11.31176734	11.45274867	11.44064095	11.42905158	11.41745929	-2422.01844933	-9999.00000000	-9999.00000000	-9999.00000000	10.51452321	10.54584114	10.63457446	10.85733382	11.19985755	11.57663307	11.97647621	12.32677105	12.67194054	12.91511335	13.11951998	13.30253219	13.42127015	13.49120241	13.59456050	13.72384172	13.77977167	13.81665008	13.84561159	13.87004570	13.89048755	13.90007286	13.89179184	13.86965892	13.84220646	13.81508116	13.79160381	13.76573958	13.72949455	13.66678130	13.55412208	13.47896625	13.42230830	13.36691052	13.29276960	13.20641842	13.15897951	13.12973977
	10.67553926	10.73101098	11.46722627	11.56557530	11.55424325	11.54333026	11.53229097	178.55354882	-9998.22805582	-9999.00000000	-9999.00000000	10.70114277	10.73071302	10.81477127	11.02574157	11.34570899	11.69254146	12.06025896	12.38536737	12.70070283	12.92424563	13.11133714	13.27611061	13.38888908	13.45304844	13.54375271	13.66465999	13.71825712	13.75275578	13.77906513	13.80060738	13.81833855	13.82634061	13.81873356	13.79902668	13.77463956	13.75025447	13.72877052	13.70445637	13.66936841	13.60209183	13.50283994	13.43738741	13.38639849	13.33401422	13.25800175	13.18256748	13.14158670	13.11608871
	10.78895721	10.81751983	11.66046168	11.64053111	11.62965172	11.61908182	11.60836506	11.83108498	-10012.82641052	-9999.00000000	-9999.00000000	10.81493758	10.84212058	10.92209415	11.12086541	11.42745789	11.75951180	12.11109382	12.41721692	12.71798341	12.93138950	13.11694557	13.26476342	13.38270000	13.44374558	13.52402528	13.64289712	13.69754546	13.73165863	13.75678546	13.77671726	13.79278160	13.79997206	13.79292867	13.77475806	13.75202629	13.72901802	13.70848832	13.68473534	13.64930291	13.57440799	13.48609483	13.42696104	13.37921710	13.32729487	13.24581413	13.17951705	13.14327585	13.12045521
	10.82025926	10.81159967	11.66411564	11.65479963	11.64400314	11.63348513	11.62277062	11.61138751	-8230.34897596	-9999.00000000	-9999.00000000	10.84397688	10.87109229	10.95072810	11.14741432	11.45057531	11.77642433	12.12143993	12.42228366	12.71670635	12.92658764	13.10921492	13.25195082	13.37017370	13.43018148	13.50690769	13.62363653	13.67888825	13.71286827	13.73745636	13.75660421	13.77186116	13.77854703	13.77160701	13.75404794	13.73200488	13.70955978	13.68934197	13.66555419	13.62934478	13.55084811	13.46772576	13.41130556	13.36473437	13.31237415	13.22906879	13.16660455	13.13229115	13.11054193
	10.93086250	10.95653116	11.57692913	11.71466425	11.70431814	11.69421170	11.68378059	11.67261144	-6067.67831879	-9999.00000000	-9999.00000000	10.94927143	10.97588422	11.05263674	11.24130479	11.52695117	11.83576813	12.16113657	12.44588505	12.72295430	12.92126593	13.09491971	13.22634547	13.34145308	13.39823541	13.46776317	13.57787249	13.63220934	13.66492951	13.68796580	13.70554209	13.71934734	13.72518893	13.71852944	13.70215053	13.68159163	13.66047761	13.64125827	13.61814589	13.58190658	13.50120938	13.42775999	13.37676546	13.33303310	13.28138661	13.19805583	13.14308921	13.11256819	13.09297525
	11.02143366	11.05548226	11.63153641	11.77121264	11.76184679	11.75211818	11.74197303	11.73108615	-3993.32593367	-9999.00000000	-9991.22938695	11.03815559	11.06293488	11.13618055	11.31462676	11.58916037	11.88578141	12.19833094	12.47009186	12.73558555	12.92747109	13.09644635	13.21927309	13.33317701	13.38793975	13.45287218	13.55813827	13.61186041	13.64382785	13.66598137	13.68267352	13.69564087	13.70102334	13.69452467	13.67879529	13.65904611	13.63866983	13.62003006	13.59740396	13.56136992	13.48061596	13.41303547	13.36533266	13.32337306	13.27220688	13.19001118	13.13983148	13.11170393	13.09346128
	11.08647576	11.18561985	11.66852997	11.81759106	11.80788305	11.79836789	11.78840278	11.77763694	-2291.16251104	-9999.00000000	-9999.00000000	11.10222494	11.12512819	11.19602541	11.36843422	11.63347607	11.92477445	12.23030439	12.49521374	12.75245764	12.94266166	13.11011648	13.22716076	13.34177776	13.39579816	13.45801676	13.56043152	13.61430270	13.64604280	13.66774795	13.68396042	13.69640281	13.70153093	13.69505724	13.67960043	13.66019599	13.64006202	13.62165412	13.59914730	13.56290994	13.48150966	13.41762177	13.37185926	13.33065086	13.27884617	13.19688469	13.15017322	13.12373200	13.10636992
	11.11233330	11.20559898	11.63667002	11.82664367	11.81704992	11.80752147	11.79749736	11.78650142	-298.91587306	-9999.00000000	-9999.00000000	11.12270196	11.14710717	11.21835409	11.38945077	11.65090029	11.93782805	12.23839465	12.49953899	12.75331010	12.94022998	13.10528457	13.21904274	13.33316133	13.38660770	13.44628218	13.54556054	13.60029411	13.63215755	13.65360994	13.66926667	13.68103362	13.68573961	13.67917421	13.66397924	13.64486239	13.62483153	13.60634808	13.58326442	13.54526651	13.46270139	13.40315737	13.35932547	13.31837159	13.26450909	13.18303757	13.13981320	13.11498586	13.09842417
	11.13617427	11.21104551	11.63147878	11.83523699	11.82476562	11.81522164	11.80516336	11.79402656	72.98439575	-9999.00000000	-9997.40407841	11.14217411	11.16856051	11.24056443	11.41114754	11.66947309	11.95118253	12.24627659	12.50342261	12.75336873	12.93564717	13.09734236	13.20843230	13.32090803	13.37369854	13.43123879	13.52725108	13.58253029	13.61437958	13.63552063	13.65075681	13.66201523	13.66639719	13.65981286	13.64490067	13.62615639	13.60629473	13.58783034	13.56433960	13.52408204	13.44248537	13.38626541	13.34399522	13.30329748	13.24736353	13.16791830	13.12727679	13.10364016	13.08770617
	11.22771830	11.21881345	11.73964525	11.89340970	11.87966096	11.87037049	11.86050385	11.84944435	93.14282705	-9999.00000000	-9999.00000000	11.22994857	11.25850959	11.32997838	11.49447146	11.73972532	12.00730649	12.28737102	12.53212301	12.76851280	12.94223222	13.09699621	13.20003755	13.30927799	13.36055260	13.41328513	13.49891824	13.55674749	13.58864125	13.60919329	13.62345559	13.63370442	13.63749820	13.63113109	13.61701724	13.59917554	13.57987773	13.56153904	13.53742675	13.49013897	13.41686781	13.36712900	13.32804103	13.28790828	13.22622082	13.15599662	13.12028214	13.09900583	13.08427770
	11.25644879	11.24992648	11.73474147	11.90253694	11.89287263	11.88365180	11.87374018	11.86257318	21.08467119	-9999.00000000	-9999.52190716	11.25647188	11.28897596	11.36278445	11.52380955	11.76230290	12.02451611	12.29760684	12.53747024	12.76817459	12.93823670	13.09040823	13.18942965	13.29779412	13.34872871	13.39884879	13.47719164	13.53835816	13.57070882	13.59123321	13.60511692	13.61493707	13.61838968	13.61207063	13.59822195	13.58057401	13.56117280	13.54255132	13.51736259	13.46303803	13.39700360	13.35108982	13.31362566	13.27310904	13.20585649	13.14224620	13.10937183	13.08937393	13.07526030
	11.29671547	11.28749656	11.60568662	11.92134187	11.91248017	11.90335162	11.89342789	11.88208753	11.86838242	-9998.79170066	-9999.00000000	11.29463885	11.33255827	11.40879662	11.56607985	11.79534700	12.05040736	12.31371923	12.54778724	12.77070183	12.93570586	13.08350260	13.17817772	13.28404521	13.33455218	13.38179808	13.45122351	13.51490500	13.54783986	13.56836116	13.58189229	13.59121515	13.59423802	13.58786316	13.57417685	13.55655002	13.53685143	13.51752270	13.49075269	13.42992998	13.37284939	13.33126006	13.29536967	13.25375723	13.18172171	13.12631981	13.09679763	13.07822485	13.06478821
	11.31383591	11.30125810	11.68370441	11.94023548	11.93089268	11.92145353	11.91115812	11.89909997	17.06492313	-9999.00000000	-10004.18011316	11.30927049	11.35621907	11.43811281	11.59438633	11.82057028	12.07618877	12.34057191	12.57353580	12.79563130	12.96404651	13.11517406	13.20567838	13.31461713	13.36855895	13.41328368	13.47127079	13.54070405	13.57822692	13.60079592	13.61490005	13.62431010	13.62714367	13.62046107	13.60617547	13.58730619	13.56555391	13.54313489	13.50606399	13.44307910	13.39567569	13.35807767	13.32180071	13.27437201	13.19582651	13.14946311	13.12307636	13.10542936	13.09219853
	11.26678753	11.24959373	11.86748554	11.92347443	11.91398089	11.90402451	11.89303368	11.88017642	84.93140118	-9999.00000000	-10072.06224547	11.26069551	11.31408680	11.40203169	11.56355352	11.79955651	12.06794261	12.34577877	12.58960627	12.82083619	12.99982134	13.15972615	13.25293338	13.36795850	13.42655630	13.47261706	13.52872398	13.60157020	13.64353570	13.66849872	13.68384644	13.69397268	13.69702206	13.68977846	13.67430472	13.65363483	13.62937659	13.60368189	13.55654495	13.49620627	13.45026200	13.41206796	13.37308573	13.31860951	13.23724253	13.19227956	13.16571501	13.14743655	13.13349927
	11.26820701	11.25329945	11.76074029	11.92363477	11.91409303	11.90405056	11.89282890	11.87967988	112.10356205	-9999.00000000	-10076.79500752	11.26160265	11.32153502	11.41282418	11.57405295	11.81011646	12.07889673	12.35474554	12.59966974	12.83094377	13.00869957	13.16823201	13.26047994	13.37472093	13.43404437	13.47926070	13.53199318	13.60317672	13.64703799	13.67281911	13.68851058	13.69871180	13.70168920	13.69414888	13.67818361	13.65666012	13.63097488	13.60279135	13.54936143	13.49526152	13.45247649	13.41536440	13.37554989	13.31608933	13.23767787	13.19562774	13.17001403	13.15199957	13.13810755
	11.24138745	11.21895750	11.78640248	11.92876689	11.91875373	11.90816721	11.89633206	11.88241600	7.59352861	-9999.00000000	-8635.33850190	11.23235826	11.29965048	11.39796812	11.56509808	11.81277166	12.09430409	12.38359605	12.64011157	12.88042219	13.06993933	13.23820497	13.33427530	13.45201201	13.51812042	13.56568133	13.61646281	13.68300440	13.73460421	13.76407675	13.78167706	13.79288309	13.79588289	13.78724239	13.76881152	13.74352998	13.71276218	13.67119939	13.61894819	13.57081356	13.52990109	13.49135019	13.44578920	13.37056879	13.30155564	13.26189239	13.23610386	13.21700611	13.20199812
	11.22262232	11.34108611	11.93040418	11.93793456	11.92745976	11.91628807	11.90382459	11.88907512	15.18251525	-9999.00000000	-7192.73861536	11.20896774	11.28386882	11.38999518	11.56381163	11.82271783	12.11666033	12.41938762	12.68705730	12.93607620	13.13693307	13.31270041	13.41269805	13.53223676	13.60566939	13.65608706	13.70544302	13.76507175	13.82355017	13.85663500	13.87611121	13.88829144	13.89115784	13.88073439	13.85864943	13.82787131	13.78367675	13.73469058	13.69062797	13.64782792	13.60813176	13.56689026	13.51308078	13.42780994	13.36840183	13.33098933	13.30479304	13.28446924	13.26845159
	11.22207616	11.18621800	11.93263377	11.92326451	11.91301114	11.90195369	11.88961682	11.87495764	4.18966252	-9999.00000000	-3705.46817391	11.20793256	11.28498457	11.39389462	11.56656104	11.82334457	12.11165177	12.40640047	12.66977309	12.91421191	13.11049525	13.28252365	13.38013601	13.49581884	13.56885701	13.61824846	13.66507380	13.72002185	13.77761471	13.81107609	13.83090643	13.84333105	13.84612780	13.83524531	13.81231266	13.77998932	13.73003059	13.68464650	13.64480259	13.60511399	13.56718531	13.52615656	13.46954103	13.38692744	13.33203827	13.29649476	13.27104171	13.25109207	13.23544481
	11.29731846	11.62232600	12.00310474	11.99313480	11.98287458	11.97179784	11.95936803	11.94461641	10.06424838	-9999.00000000	-2998.82493524	11.27028535	11.34941257	11.46126108	11.63414302	11.89049596	12.18082391	12.48066196	12.74446584	12.98899454	13.19092695	13.36369681	13.46390850	13.57652053	13.65555092	13.70814991	13.75562897	13.80806698	13.86436845	13.89826973	13.91851487	13.93105278	13.93343888	13.92046960	13.89338422	13.85169846	13.79375019	13.75487150	13.71975493	13.68243510	13.64392310	13.59876592	13.52792905	13.45634970	13.40833293	13.37442586	13.34848311	13.32750255	13.31131823
	11.18516313	11.54619228	11.91889181	11.90845701	11.89768815	11.88605314	11.87296646	11.85739261	91.89412808	-9999.00000000	-792.04997536	11.15262510	11.23724113	11.36003883	11.54090705	11.81197882	12.11456404	12.42578184	12.70183534	12.95741880	13.16871463	13.34925032	13.45475171	13.57181541	13.65528319	13.71105184	13.76099495	13.81558229	13.87359485	13.90841843	13.92920804	13.94205360	13.94426132	13.92996608	13.90033888	13.85185627	13.79194692	13.75276799	13.71708333	13.67856114	13.63801590	13.58915173	13.51162344	13.44083577	13.39225391	13.35718328	13.32993587	13.30785599	13.29102096
	11.09957117	11.46666720	11.85457788	11.84381027	11.83264162	11.82057200	11.80698932	11.79079476	126.07716227	-9999.00000000	277.14977545	11.06297293	11.15154132	11.28328325	11.47004683	11.75300279	12.06447432	12.38367081	12.66910672	12.93296643	13.15118367	13.33771025	13.44724152	13.56798301	13.65464021	13.71276878	13.76468696	13.82124231	13.88072444	13.91617274	13.93730429	13.95031074	13.95236807	13.93715710	13.90580817	13.85269317	13.79178392	13.75183566	13.71533201	13.67564739	13.63347804	13.58189192	13.50034105	13.42930773	13.37985213	13.34375777	13.31549700	13.29260048	13.27528349
	11.09219600	11.43312364	11.84150633	11.83090793	11.81980169	11.80780439	11.79427439	11.77813762	208.62033998	-9999.00000000	142.57713857	11.05796805	11.14616510	11.27974068	11.46518413	11.74845366	12.05573631	12.36958026	12.65292951	12.91455380	13.12984338	13.31476521	13.42267851	13.54245187	13.62774035	13.68478602	13.73561205	13.79088218	13.84961642	13.88498556	13.90613701	13.91914958	13.92119059	13.90605274	13.87497902	13.82262535	13.76306386	13.72369400	13.68765929	13.64852967	13.60698005	13.55627066	13.47566859	13.40452666	13.35528539	13.31955116	13.29166970	13.26913450	13.25212516
	11.06463451	11.44656146	11.82251704	11.81163225	11.80031240	11.78807222	11.77426783	11.75780503	-414.93334103	-9999.00000000	26.70410559	11.02538167	11.11590060	11.25531327	11.44517910	11.73431922	12.04621841	12.36311972	12.65128256	12.91659576	13.13560534	13.32360509	13.43396713	13.55554570	13.64310416	13.70184946	13.75409197	13.81077189	13.87027149	13.90570847	13.92684393	13.93981317	13.94166666	13.92577377	13.89338284	13.83744013	13.77730404	13.73758353	13.70119867	13.66141327	13.61868495	13.56564219	13.48266363	13.41244591	13.36316820	13.32691315	13.29838256	13.27526803	13.25793128
	11.00966516	11.46491974	11.79124723	11.77990413	11.76809282	11.75529917	11.74090262	11.72373062	-1321.34423637	-9999.00000000	27.93359885	10.95897174	11.05442983	11.20360124	11.40258014	11.70370743	12.02882111	12.35779609	12.65768593	12.93290296	13.16235837	13.35816604	13.47508088	13.60136868	13.69462185	13.75775679	13.81394278	13.87483443	13.93669775	13.97232643	13.99340076	14.00625692	14.00776152	13.99038980	13.95528030	13.89185108	13.82904483	13.78790410	13.75024914	13.70854597	13.66288422	13.60443165	13.51624567	13.44750307	13.39773718	13.36004195	13.32984565	13.30524454	13.28694179
	10.93134289	11.47170304	11.74176399	11.72992874	11.71754381	11.70415520	11.68905646	11.67106107	-1436.18403601	-9999.00000000	0.11850893	10.87183605	10.97259710	11.13267884	11.34146258	11.65709158	11.99524233	12.33738418	12.64973236	12.93627026	13.17680193	13.38089511	13.50483577	13.63710713	13.73500900	13.80172220	13.86163255	13.92655866	13.99153682	14.02764080	14.04864143	14.06131596	14.06232888	14.04343938	14.00509125	13.93466177	13.86917178	13.82654169	13.78755884	13.74394881	13.69524652	13.62997256	13.53988152	13.47111090	13.42019603	13.38077994	13.34877262	13.32269455	13.30301877
	10.83390931	11.48319424	11.68032782	11.66787473	11.65477101	11.64063115	11.62463285	11.60558519	-2139.51579821	-9999.00000000	10.72508158	10.76421747	10.87171063	11.04481832	11.26795544	11.60062781	11.95556945	12.31300721	12.64097641	12.94146183	13.19538249	13.40970647	13.54217293	13.68190952	13.78538083	13.85631752	13.92061618	13.99022328	14.05900711	14.09587641	14.11684892	14.12937038	14.12976071	14.10894851	14.06642406	13.98754001	13.91893561	13.87459656	13.83401633	13.78811322	13.73568184	13.66191894	13.56969829	13.50071418	13.44830994	13.40675427	13.37251789	13.34464110	13.32327592
	10.77342061	11.46424394	11.64442995	11.63156025	11.61800157	11.60336536	11.58683449	11.56713282	-2242.87254009	-9999.00000000	10.65608686	10.69670859	10.80870384	10.98869690	11.22152426	11.56442097	11.93156772	12.30068209	12.63905896	12.94909826	13.21272196	13.43416713	13.57236843	13.71658211	13.82469442	13.89909726	13.96665357	14.03959320	14.11079116	14.14803402	14.16904630	14.18152575	14.18155178	14.15939009	14.11412529	14.02961441	13.95882725	13.91326585	13.87152351	13.82389011	13.76876722	13.68969185	13.59476392	13.52614983	13.47288127	13.42991669	13.39415743	13.36499958	13.34272114
	10.74485461	11.44364543	11.62670265	11.61366194	11.59991896	11.58508345	11.56834949	11.54838822	-2045.91030830	-9999.00000000	10.62274893	10.66587322	10.77969690	10.96208962	11.19897937	11.54612988	11.91825262	12.29245378	12.63507022	12.94918464	13.21698975	13.44141738	13.58198155	13.72799434	13.83796779	13.91394313	13.98304916	14.05755673	14.12999447	14.16726435	14.18816282	14.20056274	14.20043126	14.17787403	14.13162370	14.04476259	13.97292928	13.92677104	13.88446112	13.83601830	13.77971305	13.69856004	13.60240410	13.53394041	13.48030279	13.43676668	13.40039195	13.37079408	13.34815914
	10.66186029	11.35954202	11.57123556	11.55777811	11.54357104	11.52824834	11.51094710	11.49031870	-2079.95347580	-9999.00000000	10.53428119	10.57983279	10.69804931	10.88668568	11.13346598	11.49169335	11.87580700	12.26055257	12.61374125	12.93755733	13.21419867	13.44541116	13.59106049	13.74117132	13.85483139	13.93369823	14.00559961	14.08271139	14.15763006	14.19616728	14.21715045	14.22960230	14.22920523	14.20589378	14.15620391	14.06636166	13.99255428	13.94513765	13.90152701	13.85139453	13.79265054	13.70676602	13.60963001	13.53994877	13.48495235	13.44000365	13.40228413	13.37177065	13.34799932
	10.38875355	10.85826299	11.37900304	11.36430881	11.34873172	11.33186496	11.31277910	11.29005563	-4725.27587349	-9999.00000000	10.24462143	10.30064688	10.43354302	10.64238895	10.92703232	11.31583703	11.73646664	12.14605844	12.53265502	12.88399106	13.18367689	13.43546915	13.59383997	13.75487662	13.88120962	13.96675847	14.04239462	14.12140481	14.19962128	14.24490145	14.26940336	14.28395689	14.28340269	14.25557265	14.19460193	14.09905648	14.02325301	13.97426444	13.92813022	13.87437731	13.80991107	13.71285124	13.60885348	13.53438973	13.47508925	13.42608432	13.38467689	13.35058461	13.32482425
	10.04706078	10.36340207	11.13998175	11.12368359	11.10634707	11.08746816	11.06607083	11.04068267	-8029.03889657	-9999.00000000	9.88044860	9.95243748	10.10636448	10.33623514	10.67025683	11.09697641	11.56672490	12.00777015	12.43571807	12.82160401	13.15185951	13.42853626	13.60387756	13.77578833	13.92046116	14.01548978	14.09590778	14.17708692	14.25678183	14.31063222	14.34109499	14.35893032	14.35807988	14.32193088	14.24382898	14.14489053	14.06750226	14.01686179	13.96771406	13.90887896	13.83557273	13.72204437	13.61323610	13.53426257	13.46988764	13.41542818	13.36879571	13.32921610	13.30068611
	9.85176025	10.21733769	11.00503451	10.98776126	10.96936690	10.94926818	10.92647281	10.89951380	-9666.13248076	-9999.00000000	9.66986965	9.75291459	9.92108859	10.16008284	10.52376029	10.97250002	11.47301274	11.93346554	12.38500039	12.79115023	13.14084642	13.43136472	13.61764161	13.79392347	13.95124249	14.05261933	14.13589503	14.21819924	14.29684741	14.35573334	14.39084450	14.41103149	14.40990820	14.36684342	14.27634342	14.17803556	14.10037649	14.04902047	13.99828429	13.93610091	13.85634715	13.73098164	13.62251027	13.54216968	13.47511541	13.41716133	13.36695837	13.32331211	13.29289998
	9.83253478	10.19304750	10.98779544	10.97045432	10.95194027	10.93171109	10.90869465	10.88162444	-9754.39195473	-9999.00000000	9.64834439	9.73490733	9.90632584	10.14390395	10.51354115	10.96337104	11.46724386	11.92701397	12.38204851	12.78812381	13.13691688	13.42847031	13.61467656	13.79137033	13.94896475	14.05052646	14.13366510	14.21571578	14.29383093	14.35308532	14.38859700	14.40909947	14.40785857	14.36419373	14.27312891	14.17526062	14.09808042	14.04670711	13.99583878	13.93341378	13.85306914	13.72723427	13.61816335	13.53759676	13.47032484	13.41220675	13.36185573	13.31815502	13.28786137
	9.54017470	9.86700092	10.78301970	10.76428671	10.74411758	10.72192869	10.69664956	10.66730157	-9996.98526483	-9999.00000000	9.32611161	9.43962701	9.63192684	9.87934948	10.29278317	10.77878127	11.32808184	11.82246884	12.31529095	12.75157140	13.13045165	13.44469823	13.64820484	13.83350931	14.01007968	14.12135597	14.20858959	14.29289875	14.37102209	14.43391789	14.47663064	14.50160329	14.49960260	14.44213323	14.33964511	14.24119335	14.16276749	14.10954951	14.05565244	13.98759536	13.89538530	13.75411176	13.64423743	13.56075570	13.48880951	13.42497175	13.36890686	13.31852096	13.28595997
	9.50547907	9.78957491	10.75795279	10.73901504	10.71866817	10.69626918	10.67074011	10.64116003	-9998.26802349	-9999.00000000	9.28998344	9.40688001	9.60141691	9.84864524	10.26698319	10.75679031	11.31086647	11.80833170	12.30556080	12.74451411	13.12555083	13.44211466	13.64687907	13.83305759	14.01112537	14.12330527	14.21112189	14.29578235	14.37409498	14.43761687	14.48137207	14.50679334	14.50487974	14.44624753	14.34257427	14.24399519	14.16533838	14.11183793	14.05755834	13.98899965	13.89635108	13.75329593	13.64272212	13.55869200	13.48624444	13.42195955	13.36551232	13.31496748	13.28193525
	9.36706016	9.41784134	10.65301381	10.63312651	10.61197624	10.58856596	10.56182710	10.53121087	-9999.00000000	-9999.00000000	9.13000475	9.26431354	9.46921206	9.72610449	10.16750897	10.67219358	11.24838140	11.76103969	12.27752218	12.72886073	13.12248327	13.45001971	13.66284167	13.85444717	14.03983168	14.15702872	14.24744233	14.33455190	14.41390712	14.47662183	14.52033427	14.54774607	14.54427034	14.47952721	14.37482459	14.27477867	14.19489644	14.13978628	14.08299514	14.01054234	13.90791652	13.76281115	13.65184556	13.56620910	13.49117860	13.42386997	13.36476153	13.31031301	13.27786572
	9.34512463	9.23580029	10.62659651	10.60611514	10.58476808	10.56103380	10.53387241	10.50306988	-9999.00000000	-10013.32997700	9.08957687	9.23770249	9.44792669	9.70877796	10.16115582	10.66605337	11.24832091	11.76136183	12.28135727	12.73257068	13.12912598	13.45885809	13.67437536	13.86572983	14.05473963	14.17368188	14.26339591	14.34926490	14.42603807	14.48482375	14.52650820	14.55468846	14.54920779	14.48096032	14.37882359	14.28143023	14.20342468	14.14881967	14.09141972	14.01711848	13.90530773	13.76245242	13.65520185	13.57079407	13.49530333	13.42655029	13.36525040	13.30821411	13.27773186
	9.53765802	9.46160055	10.75394761	10.72779988	10.70748886	10.68486520	10.65893621	10.62965496	-9999.00000000	-9960.66598281	9.28355951	9.42832905	9.63104173	9.88555626	10.31893613	10.79614700	11.34993008	11.83719815	12.33159587	12.75880398	13.13584640	13.45032071	13.65567326	13.83740029	14.01885499	14.13220377	14.21654242	14.29653150	14.36725634	14.42043181	14.45817654	14.48472890	14.47836728	14.41415320	14.31926074	14.22879939	14.15606359	14.10475978	14.05017934	13.97898610	13.86824771	13.73384768	13.63316303	13.55343397	13.48151581	13.41558915	13.35558045	13.30114724	13.27324044
	9.67610862	9.61657445	10.82549320	10.80054201	10.78108989	10.75926854	10.73418483	10.70626098	-9999.00000000	-9099.48884650	9.41818406	9.56024756	9.75780162	10.01745205	10.43565807	10.88599835	11.41259147	11.88197955	12.35759241	12.76158319	13.11837017	13.41921185	13.61511002	13.78863479	13.96167997	14.07083750	14.15216039	14.22917036	14.29625927	14.34689464	14.38239236	14.40890878	14.40249615	14.33951194	14.24907081	14.16296554	14.09368763	14.04416643	13.99115743	13.92184839	13.81438271	13.68588424	13.59027933	13.51434754	13.44541035	13.38213674	13.32479606	13.27296148	13.24644113
	10.06614790	10.01528701	10.96505627	11.06345510	11.04618079	11.02675240	11.00438554	10.97959159	-9999.00000000	-5863.98881574	9.83087630	9.95919268	10.13786078	10.37418343	10.74749596	11.14966048	11.61414130	12.03218864	12.45310995	12.81022956	13.12951172	13.39497664	13.57119604	13.72329418	13.87822332	13.97681256	14.04986128	14.11842767	14.17708507	14.22021241	14.24959033	14.27129220	14.26411647	14.20844489	14.12920606	14.05390935	13.99295255	13.94888521	13.90117500	13.83758801	13.73475093	13.62599906	13.54513109	13.47925087	13.41789088	13.36060816	13.30747179	13.25951929	13.23831184
	10.30730528	10.25854788	11.02605946	11.21747396	11.20156161	11.18358282	11.16281553	11.14003611	-9999.00000000	-4819.07301186	10.08064757	10.20165346	10.36998847	10.59866806	10.94483351	11.31373855	11.73748932	12.12448351	12.51267862	12.83811431	13.13046938	13.37550215	13.53776639	13.67717662	13.82055548	13.91212981	13.97974734	14.04213601	14.09457755	14.13280285	14.15874445	14.17794734	14.17058275	14.12010552	14.04849338	13.98074595	13.92542326	13.88484946	13.84049142	13.78082971	13.68306355	13.58377039	13.51008039	13.44981963	13.39313322	13.33995506	13.28945340	13.24593612	13.22708915
	10.66716535	10.62575495	11.17028572	11.45166548	11.43784692	11.42215213	11.40394417	11.38424275	-9999.00000000	-1864.33365799	10.46497581	10.57178916	10.72101172	10.92820564	11.23158022	11.55113233	11.91347871	12.25181555	12.58923452	12.86807155	13.11900796	13.33122632	13.47150787	13.59076812	13.71563786	13.79563444	13.85452521	13.90790518	13.95231787	13.98463212	14.00633734	14.02277453	14.01638095	13.97365013	13.91311487	13.85561942	13.80844076	13.77319375	13.73429704	13.68179192	13.59560622	13.50987051	13.44644942	13.39435719	13.34505196	13.29869423	13.25400110	13.21709760	13.20098219
	11.00046361	10.96904022	11.19744790	11.67019379	11.65832293	11.64474616	11.62886273	11.61201193	-9999.00000000	57.70946589	10.81790791	10.91237877	11.04857839	11.23378111	11.49839227	11.77960079	12.08169920	12.37643526	12.66520424	12.90151072	13.11695393	13.29991308	13.42217358	13.52484788	13.63332408	13.70283689	13.75369386	13.79842777	13.83547429	13.86232026	13.87958369	13.89302056	13.88710822	13.85078872	13.79978398	13.75118677	13.71114588	13.68046294	13.64621774	13.59927865	13.52099163	13.44936470	13.39600844	13.35149173	13.30852035	13.26761012	13.22610017	13.19620157	13.18357380
	11.06216569	11.03458630	11.10031491	11.70610408	11.69463249	11.68145877	11.66597374	11.64977402	-9999.00000000	1.45910218	10.88102910	10.97366558	11.11092911	11.29117830	11.54859235	11.82694195	12.11244750	12.40044093	12.67800332	12.90383493	13.11100577	13.28742873	13.40610069	13.50453157	13.60947873	13.67738635	13.72690718	13.76974389	13.80498724	13.83018656	13.84607256	13.85864335	13.85268000	13.81801872	13.76951330	13.72312980	13.68477229	13.65496081	13.62131152	13.57475060	13.49656873	13.42922657	13.37869279	13.33597739	13.29426730	13.25424973	13.21315870	13.18462518	13.17314178
	11.00635321	10.97975621	10.99358037	11.65760092	11.64590777	11.63238517	11.61643067	11.60015004	-9999.00000000	10.68227860	10.81901083	10.91436700	11.06174679	11.24404161	11.50718521	11.79635924	12.08210290	12.38095195	12.66016839	12.88700603	13.09304459	13.27207035	13.39118864	13.48868288	13.59493038	13.66502262	13.71557228	13.75860730	13.79331567	13.81794799	13.83389693	13.84668173	13.84086052	13.80694376	13.75944975	13.71372122	13.67559257	13.64550428	13.61096581	13.56301069	13.48298586	13.41448081	13.36342987	13.32014929	13.27790503	13.23734580	13.19651847	13.16695562	13.15512304
	11.01495628	10.99023357	10.95637034	11.64888937	11.63742380	11.62403236	11.60814866	11.59239949	-9999.00000000	10.69518462	10.82530852	10.92071669	11.07683970	11.25450714	11.51433481	11.80549922	12.08070169	12.38049150	12.64990582	12.86864428	13.06658133	13.24147499	13.35766541	13.45093475	13.55524322	13.62518146	13.67484327	13.71612440	13.74889359	13.77204880	13.78739111	13.79995617	13.79451595	13.76268178	13.71809620	13.67478081	13.63831083	13.60886784	13.57433293	13.52604582	13.44653664	13.37978156	13.33016685	13.28777934	13.24617490	13.20603287	13.16554690	13.13722316	13.12575534
	11.06517163	11.04074605	11.00721848	11.67247137	11.66146987	11.64849383	11.63305243	11.61801648	-9999.00000000	10.75322077	10.87608992	10.97003888	11.12844760	11.30225171	11.55279055	11.83534916	12.10247968	12.39180651	12.64933344	12.85833600	13.04763989	13.21572415	13.32831371	13.41731031	13.51820716	13.58665685	13.63487626	13.67437700	13.70552667	13.72745345	13.74194243	13.75385561	13.74845332	13.71812175	13.67582797	13.63465290	13.59978808	13.57119266	13.53721942	13.48919788	13.41039562	13.34753706	13.30061017	13.25998085	13.21952644	13.18018406	13.13960429	13.11310557	13.10274386
	11.07321569	11.04821360	11.01722663	11.67429234	11.66346267	11.65051450	11.63504825	11.62023273	-9999.00000000	10.75910097	10.87915890	10.97441517	11.13952179	11.31538704	11.56392803	11.84706202	12.11168054	12.40151131	12.65395578	12.85918832	13.04942170	13.21557178	13.33054823	13.41869127	13.51931032	13.58890343	13.63737063	13.67651775	13.70632998	13.72678818	13.74017700	13.75126891	13.74549897	13.71564999	13.67427522	13.63388083	13.59938289	13.57048170	13.53546417	13.48357075	13.40409719	13.34431881	13.29898893	13.25877701	13.21765670	13.17643810	13.13417241	13.10993218	13.10082202
	11.03781045	11.01225513	10.98377054	11.63802438	11.62716018	11.61407416	11.59844574	11.58374184	-9999.00000000	10.72186855	10.83994445	10.93714376	11.10666012	11.28822823	11.53683271	11.82065616	12.09063596	12.37851685	12.63011056	12.83715733	13.02395085	13.19205765	13.30632734	13.39505511	13.49716663	13.56630039	13.61415655	13.65269163	13.68226765	13.70300764	13.71713112	13.72895421	13.72346822	13.69373792	13.65263616	13.61260877	13.57842090	13.54963301	13.51478570	13.46312555	13.38440519	13.32141495	13.27493211	13.23427679	13.19299096	13.15182510	13.11010369	13.08548266	13.07581392
	10.99326731	10.96261878	10.93598292	11.58090196	11.57007584	11.55678667	11.54094036	11.52669427	-9999.00000000	10.67659804	10.78065393	10.88474578	11.06177549	11.26725033	11.51333834	11.78868531	12.07198427	12.35078258	12.59918478	12.80456569	12.98443164	13.15128954	13.26520771	13.35036766	13.45049162	13.52285078	13.57187068	13.60976451	13.63798885	13.65721562	13.67072849	13.68185658	13.67602522	13.64774020	13.60904528	13.57098092	13.53779914	13.50858577	13.47210843	13.41514375	13.33547669	13.27574383	13.23109438	13.19075803	13.14880928	13.10572878	13.06356051	13.04037203	13.03179441
	11.00605539	10.96192135	10.93461351	11.55976433	11.55297492	11.53982721	11.52424047	11.51052674	-9999.00000000	10.69262684	10.77160728	10.88418610	11.06310013	11.28629521	11.53416500	11.79137657	12.08116629	12.34413292	12.58565408	12.78477466	12.96100272	13.12204310	13.23884881	13.32102488	13.41620318	13.49264812	13.54328530	13.58051809	13.60724387	13.62466958	13.63698332	13.64686216	13.64022930	13.61266465	13.57564248	13.53894782	13.50624653	13.47614821	13.43705817	13.37186955	13.29658325	13.24200495	13.20011356	13.16036546	13.11734380	13.06974419	13.02973053	13.00983671	13.00322206
	11.04660715	11.00349598	10.97463929	11.38059963	11.56247282	11.54972749	11.53481846	11.52195414	-9999.00000000	10.74612465	10.81128641	10.93171431	11.10355802	11.32352451	11.56811160	11.81093293	12.09186912	12.33832135	12.56928525	12.76055022	12.92543598	13.07916344	13.19150975	13.26889318	13.35855919	13.43391430	13.48328640	13.51866651	13.54372053	13.56009259	13.57172972	13.58080364	13.57410961	13.54821335	13.51373884	13.47942039	13.44835643	13.41910773	13.38014949	13.31471397	13.24305667	13.19205198	13.15261770	13.11437901	13.07237576	13.02550003	12.98704341	12.96912428	12.96349473
	11.08392347	11.04069191	11.00649898	11.00517635	11.56409317	11.55169902	11.53753254	11.52549247	-9999.00000000	10.78116413	10.84080528	10.97764244	11.14638116	11.35682878	11.59256950	11.83478998	12.09800025	12.33115122	12.55285677	12.73651735	12.89086363	13.03843673	13.14655686	13.21960269	13.30466401	13.37864569	13.42701723	13.46075842	13.48452565	13.50013546	13.51126887	13.51950772	13.51271754	13.48826939	13.45618333	13.42415576	13.39468804	13.36613062	13.32692694	13.26074038	13.19294264	13.14471429	13.10719288	13.07008871	13.02860904	12.98150978	12.94555751	12.92952914	12.92484725
	11.15213707	11.11785707	11.08003979	11.05387128	11.60569940	11.59390501	11.58059395	11.56929317	-9999.00000000	10.85867254	10.91645144	11.05732375	11.22753396	11.42744455	11.64642259	11.88684349	12.12823680	12.34907042	12.55988066	12.73377499	12.87986093	13.01933785	13.12377906	13.19196593	13.27098147	13.34422684	13.39146894	13.42354839	13.44572212	13.45987885	13.46979824	13.47678525	13.46990274	13.44699641	13.41721857	13.38726258	13.35924646	13.33145969	13.29255273	13.22324973	13.16228800	13.11862088	13.08377159	13.04823532	13.00769766	12.95889127	12.92678992	12.91304880	12.90951533
	11.19936794	11.17023555	11.13038657	11.10250873	11.62913951	11.61777508	11.60522140	11.59456711	-9999.00000000	10.90909315	10.96731374	11.11284063	11.28494994	11.48130600	11.68541569	11.92525244	12.14854090	12.35966269	12.56204593	12.72859904	12.86758489	12.99941352	13.10195611	13.16676747	13.24062731	13.31207007	13.35944716	13.39048005	13.41149499	13.42467607	13.43373872	13.43969711	13.43264070	13.41084493	13.38271023	13.35415137	13.32688746	13.29900579	13.25610175	13.19039371	13.13476750	13.09421043	13.06113447	13.02626101	12.98504424	12.93646650	12.90782933	12.89588390	12.89336899
	11.22131755	11.19466796	11.15709740	11.12354421	11.63102634	11.61988493	11.60812223	11.59799538	-9999.00000000	10.92669512	10.98903474	11.14186561	11.31557168	11.51624887	11.71042035	11.95022329	12.15900043	12.36400593	12.56136562	12.72313080	12.85632071	12.98153347	13.08450442	13.14614614	13.21384480	13.28571477	13.33469534	13.36545397	13.38556038	13.39760354	13.40564776	13.41049878	13.40330609	13.38259936	13.35600887	13.32856589	13.30125440	13.27203677	13.22263462	13.16013091	13.11094373	13.07358198	13.04176159	13.00654814	12.96154864	12.91395050	12.88921984	12.87932462	12.87816804
	11.25304370	11.22657067	11.19380714	11.15656337	11.63847591	11.63493633	11.62377535	11.61406382	-9999.00000000	10.96050120	11.02723161	11.18172541	11.34991886	11.54662030	11.73939455	11.96884855	12.16941155	12.36799830	12.55936265	12.71555136	12.84416770	12.96316991	13.06537849	13.12437201	13.18703544	13.25780821	13.30755490	13.33797818	13.35735648	13.36862818	13.37605333	13.38029082	13.37324144	13.35347919	13.32808891	13.30151944	13.27444006	13.24401384	13.19321846	13.13322208	13.08836433	13.05328157	13.02251801	12.98742519	12.94052639	12.89487381	12.87268408	12.86401592	12.86347833
	11.30763713	11.28109994	11.25269404	11.21412245	11.55163362	11.66666360	11.65629544	11.64715936	-9999.00000000	11.02155707	11.09266385	11.24661907	11.40748882	11.59363434	11.78629496	11.99768450	12.18777686	12.37675602	12.55918698	12.70677504	12.82954750	12.93976660	13.04036641	13.09578008	13.15225373	13.22039817	13.27047396	13.30017471	13.31860586	13.32904843	13.33577445	13.33947704	13.33273049	13.31426535	13.29047628	13.26513181	13.23859987	13.20775529	13.15449440	13.10042083	13.06019342	13.02780822	12.99847302	12.96400005	12.91543699	12.87360913	12.85402501	12.84662768	12.84670978
	11.40354866	11.37621903	11.35119168	11.31516934	11.34731812	11.72781431	11.71866374	11.71045774	-9999.00000000	11.12799893	11.20316588	11.35317407	11.51181295	11.67643451	11.86749242	12.05124740	12.22696806	12.40142864	12.57006780	12.70651567	12.81952653	12.91926434	13.01428300	13.06565253	13.11645811	13.17689123	13.22618062	13.25492874	13.27222414	13.28184237	13.28784306	13.29100186	13.28448368	13.26734567	13.24521936	13.22129260	13.19528708	13.16240179	13.11276597	13.06646077	13.03070902	13.00109639	12.97345450	12.93998761	12.89145201	12.85556925	12.83874332	12.83269140	12.83334512
	11.45906617	11.42918932	11.40482176	11.37170338	11.34703651	11.76603473	11.75758282	11.74981096	-9999.00000000	11.18246734	11.26225320	11.41186494	11.57689963	11.73131581	11.92021234	12.09312206	12.26350294	12.43202972	12.59552538	12.72773088	12.83621383	12.93087012	13.02456352	13.07418421	13.12192627	13.17922743	13.22920937	13.25796521	13.27488004	13.28416089	13.28985402	13.29270399	13.28623710	13.26968303	13.24813570	13.22452755	13.19812675	13.16271580	13.11501517	13.07264893	13.03926257	13.01086897	12.98364228	12.94984416	12.90046924	12.86762341	12.85232518	12.84705858	12.84811638
	11.48734151	11.45460434	11.43009669	11.39896401	11.36744401	11.78730448	11.77921477	11.77157922	-9999.00000000	11.20355062	11.28742912	11.43923478	11.61033080	11.76432236	11.95162301	12.12200687	12.29164432	12.45887037	12.62150952	12.75124935	12.86054975	12.95169218	13.04753650	13.09706051	13.14210867	13.19756845	13.24950424	13.27961521	13.29682962	13.30605699	13.31160031	13.31432905	13.30781955	13.29135168	13.26967997	13.24546774	13.21683955	13.17886137	13.13187317	13.09273817	13.06132411	13.03366106	13.00618748	12.97063522	12.92000797	12.88921611	12.87515024	12.87054784	12.87206422
	11.49352307	11.45679132	11.43117065	11.40145372	11.36656726	11.79605987	11.78799006	11.78019173	-9999.00000000	11.19327454	11.28206126	11.44001831	11.61926251	11.77953497	11.97038162	12.14468501	12.31854439	12.49006659	12.65712855	12.78613232	12.90240810	12.99054439	13.09361895	13.14513561	13.18866285	13.24143514	13.29802700	13.33130998	13.34980135	13.35942941	13.36514575	13.36799004	13.36133270	13.34431821	13.32155918	13.29552865	13.26277836	13.21995277	13.17488205	13.13846289	13.10803073	13.08019085	13.05147959	13.01260854	12.95967211	12.93062967	12.91740223	12.91331836	12.91537857
	11.47539982	11.43307309	11.40519755	11.37613196	11.33760730	11.78399716	11.77597998	11.76798512	-9999.00000000	11.15066638	11.24930639	11.41832977	11.60892660	11.78513316	11.97677694	12.15903732	12.34059309	12.51900834	12.69335889	12.82520996	12.94929391	13.03698037	13.14773026	13.20270391	13.24641243	13.29686521	13.35756066	13.39529555	13.41565188	13.42602381	13.43213802	13.43516957	13.42812261	13.40997757	13.38533909	13.35628565	13.31800107	13.27060024	13.22852377	13.19357764	13.16313810	13.13421241	13.10323523	13.05900541	13.00464396	12.97657060	12.96389072	12.96025482	12.96285476
	11.43149682	11.38380221	11.35298357	11.32346185	11.28241833	11.74653042	11.73875176	11.73068758	-9999.00000000	11.08121386	11.19363249	11.37628362	11.57688473	11.76932782	11.96186189	12.15329143	12.34294104	12.52829447	12.71048420	12.84559179	12.97765172	13.06631416	13.18352808	13.24246924	13.28699949	13.33607936	13.39890845	13.44149896	13.46388916	13.47517900	13.48175316	13.48497512	13.47736023	13.45782662	13.43091667	13.39840120	13.35121788	13.30492404	13.26501835	13.23087147	13.19993722	13.16948587	13.13578282	13.08382554	13.03077490	13.00356326	12.99127221	12.98807112	12.99121542
	11.37870183	11.32632298	11.29125532	11.26106513	11.21901879	11.69450332	11.68753375	11.67957678	-9999.00000000	11.00281555	11.13736418	11.33497429	11.54038950	11.74205887	11.93663443	12.13692090	12.33264840	12.52264020	12.71146110	12.84975587	12.98779347	13.07658677	13.19971003	13.26211355	13.30706759	13.35450866	13.41816905	13.46567157	13.48994094	13.50209751	13.50909357	13.51248479	13.50422311	13.48316060	13.45383119	13.41638976	13.36187848	13.31812151	13.28078184	13.24764369	13.21636562	13.18434870	13.14777855	13.08786213	13.03731769	13.01124681	12.99962836	12.99702082	13.00086475
	11.35355167	11.30043100	11.26113120	11.23022952	11.18953062	11.66961159	11.66132217	11.65351202	-9999.00000000	10.96219301	11.11301020	11.31777035	11.52633551	11.72820648	11.92568133	12.13060742	12.32866162	12.52059154	12.71222142	12.85036385	12.99298679	13.08160697	13.20442036	13.27163924	13.31734198	13.36352824	13.42341575	13.47237828	13.49964983	13.51330862	13.52119499	13.52511496	13.51645366	13.49387626	13.46110444	13.41873943	13.36669490	13.32555855	13.28980466	13.25721129	13.22559897	13.19232538	13.15291670	13.09038138	13.04196409	13.01672667	13.00563700	13.00347400	13.00783663
	11.34402175	11.29161040	11.24759419	11.21608948	11.17757558	11.57097642	11.65067977	11.64302040	-9999.00000000	10.93800230	11.09945605	11.30837574	11.52393300	11.72546580	11.92671284	12.13482947	12.33385788	12.52777365	12.72167982	12.85518861	13.00624087	13.09187681	13.21502771	13.28848806	13.33418081	13.37666361	13.43071399	13.48341418	13.51461600	13.53019852	13.53922202	13.54386956	13.53485663	13.51051777	13.47377901	13.42355451	13.37439331	13.33797164	13.30537255	13.27432458	13.24285065	13.20845118	13.16600243	13.09995496	13.05534690	13.03171937	13.02145776	13.01990237	13.02492705
	11.21291545	11.15993896	11.10698308	11.07222231	11.03430914	11.31180099	11.53230656	11.52479970	-9999.00000000	10.77056259	10.96247073	11.18508667	11.42147786	11.62799469	11.84537842	12.06961427	12.27928019	12.48374171	12.69097696	12.83073584	12.99429900	13.08382177	13.21290455	13.29487853	13.34373123	13.38737617	13.44062348	13.49515718	13.53089291	13.54886093	13.55936829	13.56484713	13.55463222	13.52675229	13.48186904	13.42814449	13.38076590	13.34492535	13.31208296	13.27975736	13.24600000	13.20801726	13.15769721	13.08888125	13.04424808	13.02042931	13.01023797	13.00919064	13.01499161
	11.17671452	11.12514382	11.06793710	11.03194666	10.99526939	11.09655972	11.49544211	11.48834527	-9999.00000000	10.72395728	10.92850019	11.15355396	11.39718839	11.60305102	11.82646625	12.05546264	12.26520785	12.46986293	12.67959949	12.82033921	12.98660912	13.07653614	13.20566516	13.29081594	13.34046598	13.38386184	13.43534803	13.48922568	13.52656955	13.54563546	13.55665412	13.56247352	13.55168875	13.52222419	13.47368319	13.41900813	13.37411413	13.33953341	13.30744442	13.27516163	13.24085645	13.20153499	13.14757329	13.07879114	13.03538605	13.01213694	13.00228302	13.00154518	13.00765874
	11.23902382	11.19033309	11.13188705	11.09449160	11.05976392	11.14091827	11.54261258	11.53614360	-9999.00000000	10.78875099	10.99412303	11.21416245	11.45308195	11.65381842	11.87261032	12.09384782	12.29548038	12.49448184	12.69655165	12.82814536	12.99408954	13.08095373	13.19461395	13.28774713	13.33919035	13.37940938	13.42302283	13.46858429	13.50338012	13.52374838	13.53707988	13.54477455	13.53311476	13.49960996	13.45147584	13.40451638	13.36679746	13.33683461	13.30798651	13.27740330	13.24352020	13.20262433	13.14419903	13.08421973	13.04579479	13.02490371	13.01626145	13.01617291	13.02268117
	11.31385218	11.26708523	11.20886968	11.16824741	11.13501295	11.29154509	11.59770572	11.59192261	-9999.00000000	10.86285393	11.06819957	11.28318475	11.51667667	11.71105093	11.92226302	12.13258400	12.32617764	12.52064891	12.71345202	12.83325281	12.99935330	13.08360455	13.17594257	13.27935066	13.33499387	13.37189595	13.40631280	13.44045434	13.47054896	13.49124366	13.50654493	13.51620374	13.50374711	13.46697977	13.42321199	13.38729825	13.35770683	13.33298367	13.30763034	13.27872357	13.24488343	13.19963231	13.13889058	13.09063710	13.05813912	13.04011710	13.03297881	13.03378714	13.04096741
	11.36420854	11.31830442	11.26366706	11.21773807	11.18506046	11.31871474	11.62492215	11.62024303	-9999.00000000	10.91448810	11.12277247	11.32985666	11.55555876	11.74337327	11.94713137	12.14639752	12.33102603	12.51954311	12.70150708	12.81385447	12.97391638	13.05880737	13.13148328	13.23749823	13.30020504	13.33615440	13.36530956	13.39056076	13.41194389	13.42804240	13.44149605	13.45185913	13.43898670	13.40712894	13.37451846	13.34685623	13.32290529	13.30175156	13.27855833	13.25036593	13.21583505	13.16320389	13.10874326	13.06981312	13.04216531	13.02667497	13.02097699	13.02267375	13.03053405
	11.39560820	11.35012199	11.29904960	11.25038780	11.21791862	11.20048942	11.64171015	11.63785692	-9999.00000000	10.95342757	11.16305914	11.36311968	11.58110597	11.76429221	11.96355246	12.15587036	12.33322434	12.51561951	12.68926125	12.79976538	12.95099450	13.03798766	13.10529056	13.20204691	13.27022138	13.30702436	13.33511033	13.35795726	13.37639884	13.38986546	13.40094996	13.40986497	13.39819574	13.37075041	13.34194119	13.31706257	13.29502927	13.27504142	13.25259821	13.22459661	13.18965055	13.13431445	13.08584818	13.05048487	13.02494608	13.01065157	13.00561785	13.00769230	13.01564380
	11.46742333	11.42033239	11.37380066	11.32330597	11.29073518	11.25897859	11.69137411	11.68837104	-9999.00000000	11.03317759	11.23857138	11.42930974	11.63679626	11.81226670	12.00188297	12.18336167	12.35196423	12.52588363	12.68280699	12.79463560	12.92759696	13.02161766	13.08230007	13.16341204	13.23626786	13.27664443	13.30405571	13.32425781	13.33942873	13.35013068	13.35897457	13.36621229	13.35678566	13.33431688	13.31025696	13.28897352	13.26934947	13.25092155	13.22942440	13.20165744	13.16355313	13.11090747	13.07052981	13.04005767	13.01745620	13.00482701	13.00063944	13.00310233	13.01119509
	11.51686266	11.46315224	11.42056336	11.36890044	11.33490028	11.30553596	11.71232470	11.71066043	-9999.00000000	11.08583000	11.28485308	11.46973663	11.66572741	11.83473942	12.01531299	12.18551681	12.34557064	12.51149159	12.65048914	12.76540685	12.87742842	12.98136437	13.03635357	13.10050564	13.17593457	13.22231872	13.25050088	13.26854665	13.28064368	13.28878619	13.29555424	13.30147440	13.29412534	13.27663930	13.25729102	13.23954739	13.22211510	13.20498758	13.18397746	13.15476643	13.11237523	13.06596093	13.03390818	13.00862912	12.98921109	12.97832143	12.97506558	12.97807580	12.98648599
	11.59343662	11.53263971	11.49106911	11.44195056	11.40427051	11.37570024	11.76137728	11.76086589	-9999.00000000	11.15132990	11.34517855	11.52355243	11.71499828	11.87663155	12.04645672	12.20831136	12.36423488	12.52254611	12.63826313	12.76458832	12.85220649	12.96577312	13.02209242	13.06940502	13.13236185	13.18907630	13.22445535	13.24384033	13.25525373	13.26268360	13.26901298	13.27491284	13.26954821	13.25564178	13.23945077	13.22402474	13.20799304	13.19147583	13.17024728	13.13546533	13.09457075	13.05973592	13.03466264	13.01399694	12.99752777	12.98827124	12.98596307	12.98954481	12.99841283
	11.60632539	11.54127308	11.49916084	11.45141596	11.41072672	11.38190854	11.76056840	11.76100228	-9999.00000000	11.15565568	11.34944633	11.52718967	11.71668140	11.87688864	12.04420550	12.20385165	12.35898182	12.51531283	12.62278882	12.75465831	12.83414235	12.95067508	13.00899149	13.05118207	13.10715117	13.16751987	13.20697090	13.22749788	13.23892204	13.24625495	13.25250542	13.25843573	13.25376864	13.24110627	13.22591248	13.21118570	13.19549923	13.17902409	13.15707146	13.11977036	13.08102033	13.05039402	13.02790600	13.00893355	12.99357995	12.98498579	12.98312052	12.98704268	12.99631721
	11.60098397	11.52992006	11.48656487	11.44007157	11.39612175	11.36688503	11.74159895	11.74045732	-9999.00000000	11.14524287	11.33884417	11.51756420	11.70174168	11.86182838	12.02842858	12.18586722	12.33938554	12.49428064	12.59814033	12.73261099	12.80902408	12.92669267	12.98662591	13.02692312	13.07800790	13.13937076	13.18215440	13.20328858	13.21447810	13.22158782	13.22753266	13.23327949	13.22878041	13.21670925	13.20193646	13.18745022	13.17189778	13.15539065	13.13245835	13.09372539	13.05725953	13.02892368	13.00785278	12.98982830	12.97515836	12.96705779	12.96559137	12.96992138	12.97979123
	11.67068824	11.59821935	11.55134966	11.50799763	11.45986780	11.42921382	11.67620731	11.79631036	-9999.00000000	11.20814066	11.39985255	11.58092790	11.76163985	11.92197829	12.08753009	12.24265965	12.39426154	12.54488160	12.64651540	12.78013366	12.85512629	12.96257332	13.03239403	13.07265946	13.11815104	13.17239480	13.21874438	13.24501319	13.25848763	13.26656085	13.27315089	13.27962275	13.27568026	13.26409494	13.24968442	13.23537408	13.21940248	13.20161653	13.17532881	13.13957282	13.10824568	13.08299739	13.06402911	13.04753110	13.03385333	13.02637290	13.02526971	13.02990328	13.04011953
	11.69400647	11.62380681	11.56381204	11.52000869	11.46807224	11.43319015	11.45782408	11.80080925	-9999.00000000	11.20073847	11.39993086	11.58463122	11.76840718	11.93167371	12.09904313	12.25644475	12.41103430	12.55937891	12.66165280	12.79747914	12.87415307	12.96981780	13.05331016	13.09567349	13.13493301	13.17960385	13.22862535	13.26162930	13.27852104	13.28949046	13.29850892	13.30675610	13.30382915	13.29272965	13.27834725	13.26311914	13.24638256	13.22562365	13.19816172	13.16833286	13.14253711	13.12070429	13.10404236	13.08912989	13.07643624	13.06960570	13.06909321	13.07453988	13.08579280
	11.72491878	11.65846040	11.59336537	11.54962937	11.49784235	11.46011601	11.45780795	11.82277736	-9999.00000000	11.22214411	11.42123500	11.60609701	11.79014519	11.95285386	12.11877764	12.27546741	12.42908361	12.56998197	12.67531653	12.80544922	12.88609565	12.97128289	13.05914229	13.10586405	13.14302492	13.18187734	13.22672472	13.25959257	13.27945835	13.29429319	13.30691352	13.31710669	13.31525381	13.30464109	13.29001351	13.27302979	13.25536106	13.23545875	13.21077815	13.18562047	13.16335308	13.14397472	13.12897546	13.11522087	13.10331643	13.09694770	13.09675475	13.10251832	13.11418334
	11.75643654	11.69242102	11.62431159	11.58029959	11.52939739	11.48891459	11.45963704	11.84651485	-9999.00000000	11.24670427	11.44535506	11.63025584	11.81417040	11.97631880	12.14091706	12.29663220	12.44862166	12.58250005	12.69121362	12.81410874	12.89927143	12.97675577	13.06466413	13.11629617	13.15379895	13.18928227	13.22924267	13.26058871	13.28199104	13.29936854	13.31464134	13.32672332	13.32598443	13.31580713	13.30104594	13.28343737	13.26576379	13.24757115	13.22628886	13.20471318	13.18505746	13.16757177	13.15385717	13.14101504	13.12975332	13.12376750	13.12383789	13.12984381	13.14182379
	11.82146536	11.76479527	11.69659044	11.64846520	11.60081990	11.55440898	11.52364416	11.90250812	-9995.40094160	11.29927117	11.49965184	11.68336793	11.86952043	12.03054814	12.19313520	12.34793229	12.49724269	12.61781078	12.73458517	12.84026736	12.93678971	13.00372237	13.08171701	13.14666655	13.18745748	13.21948310	13.25059232	13.27655794	13.29706006	13.31505571	13.33213707	13.34917591	13.35131796	13.34151646	13.32755646	13.31326116	13.29903728	13.28646204	13.27237079	13.25639101	13.24089526	13.22655046	13.21483834	13.20348324	13.19328558	13.18793919	13.18845243	13.19479474	13.20726528
	11.84432345	11.79330616	11.72928798	11.67524274	11.62990841	11.57982039	11.54675124	11.91624037	-9999.00000000	11.31095272	11.51474785	11.69444795	11.88231146	12.04182014	12.20240094	12.35582197	12.50162358	12.61411368	12.73568045	12.83036947	12.93115776	12.99483059	13.06325935	13.12984469	13.17660854	13.20824193	13.23519205	13.25719245	13.27511367	13.29093365	13.30743039	13.32593107	13.32996242	13.32208714	13.31095290	13.30173154	13.29188572	13.28390265	13.27457428	13.26271019	13.25051334	13.23853504	13.22822300	13.21795484	13.20860632	13.20382648	13.20470929	13.21134663	13.22430744
	11.87396275	11.83385334	11.77112910	11.71253558	11.66826904	11.61713667	11.58230565	11.93761024	-9999.00000000	11.35070656	11.54805258	11.72526950	11.90691919	12.06277678	12.21892603	12.36772503	12.50764047	12.61299877	12.73414496	12.81964644	12.92036160	12.98361473	13.04317219	13.10735309	13.15984283	13.19205158	13.21748605	13.23652695	13.25135419	13.26466329	13.27868008	13.29647396	13.30151422	13.29555595	13.28768290	13.28264291	13.27662422	13.27189754	13.26537319	13.25615392	13.24616484	13.23575517	13.22639828	13.21700565	13.20843738	13.20421585	13.20545005	13.21239760	13.22575105
	11.93882525	11.90601804	11.84646388	11.78721162	11.74436627	11.69533073	11.65979443	11.94815367	-9999.00000000	11.43554596	11.62375487	11.79409380	11.96672182	12.11586659	12.26437804	12.40533657	12.53582249	12.63529758	12.75092276	12.82960755	12.92309383	12.98691668	13.04020308	13.09702853	13.15074929	13.18523996	13.20984731	13.22722824	13.23983331	13.25152817	13.26332799	13.27868128	13.28412348	13.28086749	13.27643552	13.27408832	13.27084364	13.26832098	13.26388876	13.25678553	13.24857467	13.23948332	13.23105861	13.22254777	13.21479737	13.21108387	13.21249790	13.21942434	13.23261424
	11.95884597	11.93141105	11.87531432	11.81470651	11.77020350	11.72325879	11.68291299	11.75133472	-9999.00000000	11.44972708	11.64027000	11.80813367	11.98107805	12.12885423	12.27532388	12.41369270	12.53811805	12.63571212	12.74919388	12.82477296	12.91062519	12.98050939	13.03038048	13.08112883	13.13344590	13.17465890	13.20122358	13.21829790	13.22963323	13.24003351	13.25043071	13.26486368	13.27166708	13.27146940	13.27096978	13.27207662	13.27215710	13.27242561	13.27064111	13.26600640	13.25959563	13.25164365	13.24378097	13.23577882	13.22853278	13.22520100	13.22694903	13.23424874	13.24802575
	12.04918460	12.02557543	11.97632496	11.91980157	11.87376157	11.83115330	11.78808285	11.75382664	-9994.29734809	11.55405365	11.73801921	11.89886238	12.06428837	12.20535576	12.34411892	12.47379477	12.58516548	12.68141292	12.78336248	12.85802597	12.93052658	13.00297569	13.05170239	13.09347406	13.13917354	13.17872306	13.21233641	13.23117326	13.24200198	13.25151755	13.26109757	13.27513526	13.28334338	13.28614373	13.28932932	13.29386124	13.29703599	13.30005104	13.30100409	13.29879770	13.29415233	13.28731445	13.28007018	13.27275548	13.26621127	13.26341203	13.26549096	13.27302867	13.28712738
	12.13319225	12.10879043	12.06108454	12.01140927	11.96209147	11.92166427	11.87596557	11.84509721	-10003.70959871	11.61976188	11.81239741	11.97140429	12.14220118	12.28459769	12.42391839	12.55193666	12.65790057	12.75794478	12.85276375	12.93129035	12.99609683	13.06815520	13.12263365	13.16082314	13.20067891	13.23750566	13.27377984	13.29556403	13.30877773	13.32105231	13.33344741	13.34918905	13.36006160	13.36615477	13.37315567	13.38143389	13.38793621	13.39391435	13.39744220	13.39717556	13.39367965	13.38737738	13.38018950	13.37301425	13.36668858	13.36406758	13.36634674	13.37420695	13.38887935
