	-2787.14581549	-2787.17093711	-2787.19445113	-2787.21588043	-2787.23550849	-2787.25280423	-2787.26660180	-2787.27297060	-2787.25367101	-2787.22331737	-2787.20736451	-2787.18539898	-2787.15173067	-2787.10091602	-2787.02661872	-2786.91933549	-2786.75056339	-2786.48602373	-2786.13607226	-2785.73711187	3.13093226	3.53323092	3.88586316	4.20253514	4.48768365	4.70577583	4.82833983	4.87824355	4.90104638	4.89400671	4.87054617	4.83758731	4.79744091	4.73853545	4.66011859	4.56891859	4.47084599	4.37247963	4.28350394	4.20956185	4.14588028	4.08567483	4.02529777	3.95639278	3.87083491	3.77037952	3.66304958	3.55624251	3.45300418
	1.10473846	1.06242449	1.02344592	0.98734256	0.95501333	0.92692348	0.90442403	0.89425274	0.92540099	0.96623567	0.98798409	1.01766717	1.06396658	1.13343974	1.23520650	1.38152463	1.61346130	1.99109569	2.51136684	3.11856408	3.74196933	4.32129539	4.82824913	5.27806454	5.67445342	5.97110639	6.13904399	6.21262579	6.24418731	6.23486900	6.20335256	6.15500826	6.09729897	6.01647540	5.91052319	5.78882721	5.65805641	5.52596768	5.40543613	5.30452342	5.21710757	5.13431846	5.05129232	4.95823995	4.84190959	4.70242008	4.55195860	4.40068163	4.25396742
	1.02346772	0.98101598	0.94185157	0.90571213	0.87361221	0.84604010	0.82513152	0.81990269	0.86088086	0.90234513	0.92190314	0.95125197	0.99874826	1.07041047	1.17620871	1.32725060	1.56198744	1.94537048	2.48374939	3.11888573	3.77721634	4.38920864	4.92460512	5.39974846	5.82034124	6.13790040	6.32039884	6.40677251	6.44621868	6.44473712	6.41819220	6.37133634	6.31327505	6.23065265	6.12129861	5.99541074	5.85993878	5.72217419	5.59557153	5.48834053	5.39411414	5.30400129	5.21376929	5.11393722	4.99111883	4.84541757	4.68985964	4.53432067	4.38378781
	0.95566456	0.91307142	0.87370822	0.83753434	0.80566034	0.77863374	0.75933426	0.75925615	0.80879937	0.84814023	0.86564439	0.89404327	0.94108839	1.01181261	1.11754395	1.27065371	1.50964041	1.90308106	2.45986448	3.11701667	3.79826314	4.43073821	4.98328322	5.47387203	5.90914415	6.23825293	6.42765843	6.52022453	6.56361066	6.56616178	6.54056196	6.49445910	6.43639836	6.35218870	6.24009631	6.11094189	5.97208698	5.83031687	5.69985817	5.58877579	5.49010213	5.39494011	5.29957185	5.19454024	5.06592878	4.91437762	4.75378302	4.59406150	4.43994519
	0.77398525	0.73046030	0.69021477	0.65365555	0.62191150	0.59574600	0.57972655	0.59123907	0.65311204	0.68667019	0.70239895	0.72875782	0.77390305	0.83981544	0.94015120	1.09120342	1.33433189	1.74710918	2.34536223	3.05475256	3.79059213	4.47234378	5.06504947	5.59068416	6.05817652	6.41219765	6.61585392	6.71967782	6.77056771	6.78074314	6.76006159	6.71752416	6.66171019	6.57597974	6.45950438	6.32418958	6.17860047	6.02848579	5.88908442	5.76916333	5.66094062	5.55507312	5.44871484	5.33255250	5.19146718	5.02655936	4.85357182	4.68285696	4.51897954
	0.73885233	0.69530398	0.65519352	0.61929879	0.58853543	0.56397384	0.55161664	0.57444339	0.64082383	0.66834958	0.68289113	0.70752373	0.75083195	0.81373063	0.91087706	1.06014635	1.30463976	1.72471648	2.33654269	3.06039098	3.81082835	4.50522401	5.10773587	5.64305590	6.12084281	6.48180107	6.68989408	6.79972493	6.85463731	6.87140773	6.85523747	6.81729598	6.76477277	6.68022744	6.56404792	6.42849305	6.28248028	6.13104481	5.98945809	5.86639044	5.75389144	5.64310932	5.53153438	5.41020189	5.26369032	5.09392391	4.91742640	4.74430655	4.57875903
	0.95219105	0.91250403	0.87602129	0.84379533	0.81637676	0.79521049	0.78736872	0.81837357	0.87947279	0.90272523	0.91512652	0.93595610	0.97340172	1.02397230	1.10253188	1.22977734	1.44701294	1.83246616	2.40826983	3.09416288	3.80646176	4.46590239	5.03589278	5.54195690	5.99318606	6.33425086	6.52893104	6.63295290	6.68428136	6.70092853	6.68574845	6.65151366	6.60410057	6.52714450	6.42054822	6.29555039	6.16069808	6.01996067	5.88731685	5.77103683	5.66399683	5.55862120	5.45223857	5.33712404	5.19933599	5.03986909	4.87423374	4.71203462	4.55717439
	1.10103625	1.06347263	1.02937267	1.00024352	0.97614273	0.95980745	0.96301119	1.01663095	1.06361043	1.07922353	1.09031497	1.10976304	1.14291663	1.18843314	1.26095288	1.38188800	1.59412386	1.97463812	2.54018238	3.21087192	3.90502724	4.54294982	5.09320684	5.58117069	6.01826550	6.34244879	6.52433569	6.62385368	6.67494331	6.69253787	6.68115137	6.65338445	6.61268355	6.54185107	6.44184793	6.32376731	6.19568544	6.06091756	5.93386534	5.82000784	5.71223412	5.60454867	5.49552092	5.37716394	5.23628010	5.07605114	4.91238671	4.75373994	4.60321299
	1.16659724	1.13076209	1.09856611	1.07166539	1.04997320	1.03716927	1.04953920	1.11315249	1.14928284	1.16217955	1.17301091	1.19190450	1.22226345	1.26383081	1.33037319	1.44288298	1.64371740	2.01137740	2.56750828	3.23301402	3.92084404	4.54961201	5.09051161	5.56871857	5.99764798	6.31045319	6.48338937	6.57658565	6.62438051	6.64228783	6.63315863	6.60855665	6.57264746	6.50757404	6.41404224	6.30185824	6.17980395	6.05087684	5.92736580	5.81495575	5.70677946	5.59798061	5.48735670	5.36701430	5.22510940	5.06517153	4.90295255	4.74646973	4.59839100
	1.38010172	1.34805721	1.31968703	1.29661037	1.27871983	1.27063763	1.29367255	1.35872900	1.38450472	1.39395759	1.40414145	1.42159620	1.44792757	1.48359189	1.54066522	1.63838744	1.81578030	2.14958480	2.66588592	3.29009436	3.93358551	4.51784764	5.01945156	5.46231316	5.86050341	6.14586472	6.29685440	6.37826913	6.42110347	6.43755341	6.43077905	6.41166520	6.38412774	6.32959536	6.24897537	6.15031879	6.04201345	5.92643968	5.81370147	5.70841442	5.60601328	5.50146560	5.39489371	5.27858632	5.14294053	4.99170533	4.83941298	4.69337864	4.55569958
	1.53638440	1.50642476	1.48049862	1.46007685	1.44509834	1.44144664	1.47596361	1.53700647	1.55609428	1.56370107	1.57400098	1.59107205	1.61530271	1.65048045	1.70857676	1.80594247	1.97833471	2.29957127	2.79390281	3.39168488	4.00622008	4.56000621	5.03629911	5.45683536	5.83616818	6.10219160	6.24134648	6.31425934	6.35616525	6.37317354	6.36976127	6.35585609	6.33502680	6.28691711	6.21323166	6.12249791	6.02098494	5.91217583	5.80445429	5.70250813	5.60223630	5.49845899	5.39251858	5.27676860	5.14170171	4.99276289	4.84400718	4.70225542	4.56896980
	1.56730474	1.53824177	1.51345789	1.49430749	1.48080318	1.47993009	1.52205136	1.57976124	1.59593508	1.60317313	1.61365305	1.63057189	1.65387838	1.68840912	1.74594144	1.84233095	2.01243439	2.32977969	2.81940034	3.41349857	4.02380613	4.57199054	5.04273310	5.45917561	5.83486073	6.09435404	6.22934925	6.29950571	6.34030411	6.35740254	6.35608819	6.34419907	6.32713783	6.28214715	6.21159557	6.12361302	6.02442662	5.91790258	5.81120483	5.70989927	5.60886270	5.50470024	5.39784524	5.28067880	5.14438231	4.99472919	4.84577560	4.70421399	4.57131280
	1.53489283	1.50531834	1.48056464	1.46174748	1.44911040	1.45104229	1.50162507	1.55667729	1.57104644	1.57836797	1.58940129	1.60677795	1.63012468	1.66762760	1.73190238	1.83765013	2.01908929	2.34996902	2.85268301	3.46055941	4.08374267	4.64283090	5.12261206	5.54711001	5.93046419	6.19480265	6.33020120	6.40291690	6.44609632	6.46403638	6.46512027	6.45605524	6.44166304	6.39670059	6.32504686	6.23527529	6.13461833	6.02475356	5.91468091	5.80852116	5.70155809	5.59199859	5.47880540	5.35441881	5.21027645	5.05302420	4.89740838	4.74997164	4.61192440
	1.50592055	1.47625906	1.45180769	1.43348250	1.42173075	1.42620226	1.48312912	1.53620272	1.54897516	1.55650403	1.56796989	1.58558492	1.60883087	1.64759694	1.71473076	1.82425704	2.00927540	2.34413940	2.85261020	3.46880254	4.10013310	4.66665289	5.15170690	5.58167102	5.96982907	6.23642875	6.37164346	6.44464786	6.48755388	6.50738432	6.50912180	6.50223234	6.48891862	6.44514215	6.37223340	6.28200594	6.18088380	6.06974028	5.95862536	5.84993123	5.73971741	5.62670283	5.51016573	5.38214033	5.23413511	5.07304239	4.91398331	4.76346624	4.62271695
	1.48850708	1.45873478	1.43473246	1.41708042	1.40655177	1.41449145	1.47857834	1.52874170	1.53979913	1.54757680	1.55952452	1.57738144	1.60049717	1.64192092	1.71509602	1.83289091	2.02700670	2.37090646	2.88667520	3.51083773	4.14865256	4.72110719	5.21105728	5.64589837	6.03886020	6.30498698	6.44138796	6.51534271	6.55898204	6.58009836	6.58238473	6.57864218	6.56677046	6.52358404	6.44987488	6.35861800	6.25629836	6.14318803	6.02942630	5.91703320	5.80314003	5.68544578	5.56412583	5.43006389	5.27624301	5.11037402	4.94696037	4.79260904	4.64846860
	1.50187496	1.47262931	1.44958181	1.43296316	1.42386678	1.43537700	1.50510067	1.55121338	1.56118388	1.56919050	1.58140781	1.59919879	1.62186747	1.66528248	1.74322924	1.86734455	2.06796721	2.41677145	2.93390975	3.55867217	4.19494837	4.76522525	5.25322037	5.68639818	6.07867024	6.34108109	6.47542388	6.54998492	6.59331076	6.61517117	6.61666157	6.61534783	6.60456992	6.56233117	6.49019930	6.39959315	6.29784129	6.18459417	6.06968358	5.95543701	5.83931899	5.71870558	5.59405653	5.45545794	5.29790925	5.12955882	4.96424552	4.80838985	4.66295829
	1.47362772	1.44397290	1.42098485	1.40462043	1.39634170	1.41095888	1.48512394	1.52860490	1.53838503	1.54667785	1.55931129	1.57744577	1.60035081	1.64726331	1.73307371	1.86837463	2.08337542	2.44913380	2.97999504	3.61620859	4.26122756	4.83856190	5.33215328	5.77076383	6.16894857	6.43472076	6.56957013	6.64856549	6.69260117	6.71744962	6.71923458	6.71977400	6.71009494	6.66607582	6.59191896	6.49881046	6.39452542	6.27814474	6.16047904	6.04158642	5.91992653	5.79373692	5.66291951	5.51695643	5.35225874	5.17777154	5.00724384	4.84672867	4.69698588
	1.44657113	1.41743757	1.39537022	1.38005247	1.37334885	1.39278057	1.47290595	1.51164360	1.52100820	1.52971943	1.54269511	1.56081219	1.58338200	1.63186777	1.72177530	1.86218929	2.08323905	2.45634027	2.99451354	3.63866699	4.29086323	4.87221297	5.36966443	5.81141036	6.21141695	6.47856939	6.61211082	6.68975530	6.73486539	6.75836444	6.76054821	6.76238864	6.75392511	6.71078955	6.63758837	6.54503955	6.44146107	6.32504059	6.20564731	6.08427453	5.95954907	5.82905368	5.69331240	5.54223340	5.37164748	5.19300175	5.01954596	4.85625997	4.70394137
	1.40879016	1.37984555	1.35832598	1.34373671	1.33839370	1.36260092	1.44713083	1.48206198	1.49140982	1.50054715	1.51392312	1.53225568	1.55483503	1.60602770	1.70236160	1.85119420	2.08323966	2.46983781	3.02049239	3.67621593	4.33847626	4.92700234	5.43196839	5.87950978	6.28252787	6.55162910	6.68679475	6.76367910	6.81187863	6.83430132	6.83737777	6.84011866	6.83216806	6.78868975	6.71483759	6.62112465	6.51658508	6.39918627	6.27654254	6.15122577	6.02167409	5.88655409	5.74555529	5.58797940	5.40956665	5.22541716	5.04771358	4.88021884	4.72385850
	1.36569984	1.33716942	1.31641375	1.30262462	1.29891203	1.32882214	1.41699196	1.44822260	1.45743400	1.46700913	1.48075621	1.49919787	1.52172623	1.57509165	1.67654540	1.83234513	2.07328334	2.47109391	3.03288362	3.69972678	4.37151618	4.96808020	5.47919096	5.93258623	6.34052031	6.60847084	6.74389933	6.82079493	6.86932522	6.89199296	6.89364633	6.89749173	6.89039797	6.84754007	6.77424748	6.68087360	6.57648914	6.45900715	6.33338992	6.20518904	6.07062517	5.93110369	5.78526901	5.62111675	5.43661849	5.24733982	5.06546098	4.89418265	4.73414547
	1.31965302	1.29091875	1.27042566	1.25698609	1.25443329	1.28859038	1.37895265	1.40860018	1.41765691	1.42760201	1.44173289	1.46062733	1.48362312	1.54156529	1.65271633	1.82158732	2.07927837	2.49624455	3.07384715	3.75366070	4.43626355	5.04077147	5.55832584	6.01704609	6.43163282	6.70228434	6.84009822	6.92198007	6.97216559	6.99875086	7.00086697	7.00718917	7.00006962	6.95599576	6.88095488	6.78564699	6.67921673	6.55798030	6.42739361	6.29476836	6.15349726	6.00739490	5.85410221	5.68233821	5.49047700	5.29380955	5.10633185	4.93025170	4.76522711
	1.34079377	1.31302166	1.29360080	1.28102504	1.28002647	1.31894719	1.40891335	1.43619307	1.44495708	1.45501036	1.46922549	1.48799985	1.51075824	1.57163939	1.68934480	1.86662936	2.13442437	2.55990371	3.13969348	3.81738957	4.49443154	5.09208667	5.60455486	6.05599727	6.46610359	6.73475344	6.87089253	6.95465740	7.00686357	7.03458006	7.03877856	7.04772522	7.04091802	6.99751171	6.92331899	6.82929878	6.72440754	6.60366926	6.47211926	6.33594525	6.19216704	6.04230018	5.88523938	5.70892108	5.51241382	5.31331139	5.12466106	4.94787941	4.78171926
	1.38111683	1.35446288	1.33612373	1.32436422	1.32488467	1.36837360	1.45698060	1.48169622	1.49020888	1.50023884	1.51456358	1.53312896	1.55554094	1.61929881	1.74349809	1.92900415	2.20709509	2.64060250	3.22012587	3.89260244	4.55907057	5.14779720	5.65250082	6.09509969	6.49650568	6.76062449	6.89627294	6.98010221	7.03691785	7.06591610	7.07251050	7.08405687	7.07792746	7.03535391	6.96202557	6.86963804	6.76649995	6.64792172	6.51610616	6.37674554	6.22975694	6.07674445	5.91658231	5.73511998	5.53516112	5.33499251	5.14536548	4.96851014	4.80193820
	1.40899565	1.38409090	1.36718573	1.35640335	1.35876121	1.40819519	1.49564866	1.51633515	1.52539849	1.53526450	1.54977644	1.56798057	1.58987294	1.65440542	1.78068667	1.96847614	2.24870783	2.68167208	3.25628373	3.92269323	4.58210219	5.16368022	5.66146844	6.09943585	6.49179521	6.74908932	6.88096746	6.96257697	7.01860262	7.05004394	7.05636196	7.06917300	7.06529334	7.02530639	6.95515596	6.86649583	6.76714826	6.65096716	6.51953264	6.38087377	6.23308500	6.07879044	5.91731990	5.73414487	5.53451499	5.33429698	5.14405431	4.96833024	4.80257584
	1.35420115	1.32976685	1.31311267	1.30239701	1.30586783	1.35968233	1.44828942	1.46733828	1.47706791	1.48729172	1.50235655	1.52110358	1.54362581	1.61345897	1.75087366	1.95337156	2.25269431	2.70594010	3.29800134	3.97880244	4.64938466	5.23843513	5.74227992	6.18632249	6.58415608	6.84272893	6.97834614	7.06615150	7.12595864	7.16253320	7.17406881	7.19077527	7.18809620	7.14716256	7.07578845	6.98545606	6.88419876	6.76370304	6.62690071	6.48120093	6.32738403	6.16533728	5.99546806	5.80421451	5.59627384	5.38824578	5.19186440	5.01085904	4.84034338
	1.37363763	1.35074390	1.33493380	1.32473997	1.33052172	1.39145537	1.47708128	1.49361788	1.50266304	1.51380866	1.52917654	1.54773597	1.56996481	1.64247326	1.78642646	1.99629206	2.30341464	2.76230869	3.35650629	4.03673281	4.70079030	5.28524307	5.78283905	6.21949447	6.61694915	6.86992733	7.00314813	7.09217768	7.15658928	7.19390338	7.20958515	7.22890177	7.22848463	7.18936407	7.12031019	7.03235856	6.93338405	6.81516991	6.67755763	6.52787969	6.37028382	6.20561245	6.03263435	5.83660041	5.62413853	5.41423610	5.21765462	5.03431303	4.86283324
	1.44474526	1.42325752	1.40795692	1.39800048	1.40558954	1.47075937	1.55239630	1.56663474	1.57495780	1.58646906	1.60179739	1.61995192	1.64161263	1.71562447	1.86409812	2.07727845	2.38726987	2.84485693	3.43126112	4.09760396	4.74509386	5.31403271	5.79571516	6.21820047	6.60560352	6.84991031	6.97864223	7.06760013	7.13410881	7.17488181	7.19190616	7.21357619	7.21515594	7.17831069	7.11253636	7.02832677	6.93327280	6.81745188	6.68117977	6.53319926	6.37363862	6.20856820	6.03530667	5.83885475	5.62714635	5.42008741	5.22584992	5.04401881	4.87452935
	1.49933936	1.47870522	1.46306727	1.45294595	1.46227068	1.53020123	1.60872527	1.62115708	1.62884170	1.64063554	1.65602883	1.67404562	1.69544392	1.77174733	1.92595080	2.14416640	2.45945517	2.91963030	3.50170071	4.15813390	4.79391455	5.35030358	5.82194720	6.23138250	6.60998092	6.84421119	6.97749363	7.06591124	7.13569523	7.18128403	7.20264303	7.22794967	7.23095479	7.19620343	7.13266138	7.05061862	6.95781745	6.84058229	6.70446634	6.55546311	6.39623011	6.22807442	6.05300039	5.85551259	5.64428931	5.43796634	5.24451172	5.06342477	4.89520705
	1.59069898	1.57065475	1.55446209	1.54504099	1.55753095	1.62958984	1.70156249	1.71178964	1.71922034	1.73123634	1.74645864	1.76393615	1.78453387	1.86108740	2.01685204	2.23534687	2.54764530	3.00013058	3.56603664	4.20311972	4.81608793	5.35106728	5.80544284	6.19911874	6.56296868	6.78578517	6.91457784	7.00572929	7.07373229	7.12196177	7.14727626	7.17581299	7.18045189	7.14865880	7.08873621	7.01052691	6.92214243	6.80959833	6.67431790	6.52638278	6.37059087	6.20489855	6.03088028	5.83673940	5.62884871	5.42654294	5.23744127	5.06061831	4.89601406
	1.67453584	1.65409587	1.63693832	1.62860140	1.64341171	1.71644463	1.78397860	1.79294360	1.80016496	1.81199042	1.82693276	1.84398760	1.86396100	1.94152999	2.10080723	2.32320624	2.63731251	3.08729696	3.64137787	4.25863269	4.84682870	5.35854584	5.79288111	6.17445717	6.52292797	6.73759783	6.85919315	6.95692196	7.02760141	7.07873623	7.10905754	7.14047464	7.14629563	7.11640295	7.05892406	6.98291367	6.89714479	6.78935061	6.65587633	6.50780510	6.35083157	6.18854080	6.01392196	5.82091239	5.61655182	5.41839106	5.23391005	5.06124714	4.89926475
	1.70630880	1.68492069	1.66695092	1.65979448	1.67635823	1.75028686	1.81607397	1.82407310	1.83128583	1.84308482	1.85799907	1.87487716	1.89449786	1.97336460	2.13611176	2.36226899	2.67934824	3.13096239	3.68177850	4.29058069	4.86971461	5.37169578	5.79717896	6.17206123	6.51295660	6.72379292	6.84522757	6.94120597	7.01928542	7.07236405	7.10592916	7.13962421	7.14750078	7.11952818	7.06414504	6.98991634	6.90528232	6.79616328	6.66468002	6.51505724	6.35684389	6.19164151	6.01821759	5.82264379	5.61876438	5.42263763	5.23904575	5.06699595	4.90548027
	1.68689065	1.66395098	1.64537558	1.63919683	1.65647304	1.73019605	1.79791972	1.80559386	1.81274609	1.82458229	1.83965419	1.85663223	1.87627265	1.95680290	2.12350306	2.35486120	2.67830947	3.13720948	3.69366517	4.30600889	4.88686912	5.38894442	5.81466585	6.18954703	6.52984863	6.74146017	6.86541836	6.96337094	7.04405345	7.10151319	7.13827943	7.17383844	7.18340711	7.15639003	7.10116264	7.02763609	6.94306184	6.83228846	6.69789530	6.54654404	6.38464829	6.21614433	6.03991770	5.84086422	5.63457132	5.43653289	5.25134062	5.07748555	4.91377102
	1.65220199	1.62638262	1.60725994	1.60288759	1.62080276	1.69282113	1.76483019	1.77237799	1.77933664	1.79122568	1.80649697	1.82359246	1.84320602	1.92486090	2.09481757	2.33127076	2.66103890	3.12724314	3.68971110	4.30541157	4.88717390	5.38945782	5.81480455	6.18824701	6.52676751	6.73910805	6.86598579	6.96779612	7.05017348	7.11287151	7.15429016	7.19223012	7.20394734	7.17910328	7.12538621	7.05269934	6.96898300	6.85710671	6.71874994	6.56534222	6.40112573	6.22840956	6.04798928	5.84655563	5.63812988	5.43790095	5.25174566	5.07654350	4.91108972
	1.63001021	1.60339628	1.58381408	1.57928116	1.59582285	1.66270740	1.74049267	1.74896716	1.75521580	1.76665327	1.78195585	1.79959879	1.81973594	1.90386574	2.07968971	2.32498989	2.66636260	3.14476800	3.71643616	4.33646942	4.91977992	5.42340446	5.84939430	6.22356700	6.56281643	6.77684415	6.90942203	7.01473756	7.10232788	7.16927111	7.21458157	7.25460956	7.26672166	7.24156625	7.18629426	7.11157483	7.02564069	6.91149864	6.76969571	6.61286880	6.44458914	6.26756682	6.08216935	5.87769130	5.66617040	5.46447956	5.27686504	5.10005241	4.93299040
	1.60507711	1.57712698	1.55715513	1.55327681	1.56986130	1.63516906	1.71577979	1.72458887	1.73061272	1.74199638	1.75735970	1.77517925	1.79547459	1.88070488	2.05934247	2.30876741	2.65539691	3.13982817	3.71662593	4.33921382	4.92398014	5.42908279	5.85568489	6.23003019	6.56929746	6.78450757	6.91925339	7.02776895	7.11654479	7.18611540	7.23415094	7.27536303	7.28845895	7.26407990	7.20924984	7.13422768	7.04818408	6.93316412	6.78869226	6.62969368	6.45998429	6.28050904	6.09170953	5.88566926	5.67247222	5.46935627	5.28084824	5.10296158	4.93481256
	1.55826026	1.52630275	1.50789444	1.50687223	1.52311378	1.58233140	1.67110415	1.68098341	1.68618445	1.69730117	1.71267976	1.73071647	1.75099888	1.83571167	2.01441726	2.26578612	2.61481429	3.10146438	3.68166586	4.30570530	4.88977730	5.39350664	5.81991168	6.19021454	6.52668602	6.74253822	6.88088893	6.99243692	7.08309415	7.15441008	7.20739601	7.25086312	7.26558509	7.24285908	7.19019462	7.11652789	7.03149250	6.91629286	6.77047600	6.61062330	6.43985053	6.25749279	6.06733927	5.85983867	5.64714727	5.44385807	5.25586855	5.07894477	4.91147163
	1.52396774	1.49000726	1.47279837	1.47305696	1.48839677	1.54190189	1.63559779	1.64860053	1.65298897	1.66346826	1.67858578	1.69688720	1.71753871	1.80344236	1.98580035	2.24337297	2.59979564	3.09351236	3.67975636	4.30607742	4.89011088	5.39300411	5.81989786	6.18777348	6.52293003	6.73992736	6.88357297	6.99907808	7.09143673	7.16821513	7.22528132	7.27156490	7.28652071	7.26238322	7.20914511	7.13463815	7.04845672	6.93307354	6.78486102	6.62284913	6.44884696	6.26330298	6.07079999	5.86030152	5.64715969	5.44302754	5.25453954	5.07750063	4.90979012
	1.49889137	1.46376861	1.44733855	1.44833351	1.46278938	1.51136819	1.60752427	1.62458806	1.62834533	1.63810660	1.65285485	1.67138443	1.69247554	1.77983263	1.96638445	2.23087047	2.59564734	3.09777361	3.69030147	4.31904482	4.90353756	5.40611898	5.83350451	6.19990009	6.53431337	6.75348347	6.90115157	7.02128814	7.11524488	7.19742445	7.25810461	7.30709010	7.32257051	7.29795359	7.24347257	7.16770567	7.08008733	6.96304881	6.81235064	6.64778996	6.47054497	6.28156152	6.08612101	5.87242009	5.65823371	5.45306592	5.26403790	5.08663675	4.91839534
	1.51029825	1.47554667	1.46154405	1.46376424	1.47704599	1.51951849	1.61530068	1.63832514	1.64129713	1.65018774	1.66419332	1.68249116	1.70356165	1.78987787	1.97560625	2.24073205	2.60592278	3.10612910	3.69534385	4.31631758	4.89137045	5.38568548	5.80527813	6.16322047	6.49058930	6.70815153	6.85825008	6.97769208	7.07489223	7.15980385	7.22053057	7.27130172	7.28739999	7.26376748	7.21060067	7.13638567	7.05023160	6.93393741	6.78426235	6.62015805	6.44267982	6.25391430	6.05914870	5.84577974	5.63437181	5.43284198	5.24613049	5.07167294	4.90656317
	1.52162455	1.48727834	1.47523638	1.47844184	1.49083293	1.52868205	1.62144335	1.65126763	1.65377329	1.66210162	1.67523318	1.69316961	1.71428912	1.79974509	1.98505500	2.25117422	2.61728015	3.11621603	3.70298603	4.31826293	4.88549715	5.37214059	5.78554432	6.13656115	6.45823372	6.67537841	6.82683710	6.94660891	7.04675929	7.13426169	7.19656865	7.24876053	7.26545605	7.24256611	7.18998402	7.11652801	7.03174813	6.91519041	6.76586733	6.60245563	6.42396924	6.23499520	6.04059860	5.82707720	5.61799476	5.41916039	5.23435691	5.06259447	4.90028642
	1.49091450	1.45922559	1.45052817	1.45521871	1.46664728	1.49929492	1.58871118	1.62776104	1.62991606	1.63751985	1.64977004	1.66729560	1.68837497	1.77224961	1.95532102	2.22070109	2.58635786	3.08316175	3.66745413	4.27813564	4.83917814	5.31974444	5.72558956	6.07260959	6.38795731	6.60439132	6.75653344	6.87854449	6.97998843	7.06626647	7.12895942	7.18146992	7.19891414	7.17761000	7.12737167	7.05679640	6.97484625	6.85977183	6.71232185	6.54885875	6.36976031	6.18261550	5.98729145	5.77584839	5.56758537	5.37236054	5.19059012	5.02057009	4.86156555
	1.49050536	1.46014416	1.45222949	1.45702918	1.46727983	1.49519025	1.57787470	1.62764964	1.63000162	1.63673797	1.64782033	1.66488580	1.68633058	1.77121107	1.95798565	2.22993534	2.60287590	3.10447724	3.69045023	4.29655214	4.85128208	5.32532445	5.72514670	6.06822164	6.37899689	6.59503563	6.75118377	6.87697298	6.98241089	7.07166497	7.13817651	7.19265659	7.21054518	7.18887249	7.13768267	7.06632815	6.98386324	6.86756132	6.71863003	6.55329238	6.37180057	6.18301234	5.98484865	5.77254217	5.56455372	5.37080763	5.19075529	5.02248333	4.86485018
	1.46426325	1.43406478	1.42565722	1.43006525	1.43948882	1.46450344	1.54051461	1.59999166	1.60358457	1.60935509	1.61975526	1.63650975	1.65843922	1.74572979	1.93878651	2.22050905	2.60448995	3.11635624	3.71019027	4.31930070	4.87562693	5.35017405	5.75058409	6.09442121	6.40536333	6.62426127	6.78490436	6.91657009	7.02598250	7.12064183	7.19184184	7.24896252	7.26667512	7.24395686	7.19082552	7.11707655	7.03172108	6.91254305	6.75952837	6.59051103	6.40492736	6.21226732	6.00908421	5.79359646	5.58322469	5.38825378	5.20687809	5.03816116	4.87950766
	1.41593253	1.38780089	1.38068108	1.38559896	1.39468244	1.41785431	1.48878993	1.55593587	1.56085536	1.56588912	1.57592638	1.59232574	1.61436757	1.70228293	1.89705076	2.18253320	2.57102286	3.08757755	3.68586486	4.29768357	4.85516051	5.33045948	5.73112010	6.07647912	6.38541179	6.60583490	6.76882422	6.90264779	7.01437509	7.10949252	7.18215956	7.23981737	7.25778949	7.23544469	7.18283065	7.10955794	7.02378091	6.90456066	6.75092079	6.57953099	6.39205675	6.19833045	5.99239682	5.77643537	5.56445002	5.36956944	5.18847655	5.01937217	4.86093562
	1.39157826	1.36473895	1.35779579	1.36259122	1.37120260	1.39250417	1.45703542	1.53070459	1.53839690	1.54260597	1.55213427	1.56801067	1.59020753	1.67954940	1.87808211	2.16992868	2.56599285	3.08922157	3.69311130	4.30668116	4.86310074	5.33736453	5.73825171	6.08288275	6.38953580	6.61205094	6.77749664	6.91366299	7.02901907	7.12540401	7.20059904	7.25954443	7.27756781	7.25489658	7.20176118	7.12806437	7.04174623	6.92192001	6.76723366	6.59240769	6.40254542	6.20601712	5.99719266	5.77925262	5.56665388	5.37093445	5.19028918	5.02151505	4.86274837
	1.32836238	1.30390194	1.29860881	1.30393983	1.31176032	1.32950750	1.38086046	1.46475776	1.48136334	1.48429358	1.49270633	1.50718242	1.52929820	1.62058941	1.82517508	2.12825055	2.53800426	3.07299629	3.68619760	4.30454549	4.86018160	5.33411887	5.73162305	6.07522606	6.37871731	6.60246782	6.77444066	6.91710705	7.03931093	7.14036625	7.22089404	7.28370938	7.30270903	7.28033944	7.22598932	7.15061700	7.06233560	6.93946275	6.78136710	6.60247156	6.40731636	6.20675279	5.99134439	5.77068105	5.55528126	5.36002724	5.17927229	5.01074422	4.85310101
	1.31379062	1.28999924	1.28447713	1.28952083	1.29684299	1.31305085	1.35851031	1.44495144	1.46693334	1.46944015	1.47722832	1.49101665	1.51323313	1.60671563	1.81680907	2.12786708	2.54736692	3.09053568	3.70891406	4.32853944	4.88372995	5.35588213	5.75326940	6.09583850	6.39821059	6.62362426	6.79920187	6.94456947	7.07078235	7.17559035	7.25897075	7.32352378	7.34256738	7.31940645	7.26394622	7.18730659	7.09778863	6.97363389	6.81305765	6.63076464	6.43256325	6.22814080	6.00918677	5.78562935	5.56895907	5.37291630	5.19242416	5.02390542	4.86569260
	1.31139480	1.29082981	1.28637630	1.29150069	1.29823205	1.31222754	1.35001667	1.43329271	1.46659774	1.46946487	1.47604538	1.48869663	1.50991216	1.60320198	1.81373741	2.12728591	2.54911277	3.09163653	3.70702132	4.31980999	4.86664063	5.32955610	5.72017714	6.05737043	6.35184614	6.57551028	6.75169620	6.89915946	7.02637127	7.13426541	7.21948439	7.28564742	7.30568107	7.28279639	7.22808061	7.15226895	7.06397045	6.94083801	6.78116993	6.59762061	6.39904662	6.19397746	5.97492907	5.75156662	5.53734450	5.34336119	5.16688901	5.00069851	4.84591448
	1.33086776	1.31276651	1.30895958	1.31399047	1.32018192	1.33237121	1.36421501	1.44001209	1.48448422	1.48929808	1.49458710	1.50605336	1.52611510	1.61874446	1.82883751	2.14292975	2.56402612	3.10206953	3.70975436	4.31179210	4.84690554	5.29876313	5.67969989	6.00889327	6.29466445	6.51504379	6.69051226	6.83828272	6.96559423	7.07401470	7.16023561	7.22720706	7.24759311	7.22521747	7.17185268	7.09756149	7.01116726	6.88998110	6.73174048	6.54905304	6.35212221	6.14748981	5.92995867	5.70875733	5.49845378	5.30810735	5.13632078	4.97377805	4.82332237
	1.34827022	1.33310775	1.33010446	1.33508178	1.34077978	1.35117672	1.37721514	1.44303585	1.50002007	1.50777726	1.51166833	1.52188298	1.54056281	1.63213586	1.84089132	2.15458477	2.57363958	3.10569402	3.70433060	4.29428004	4.81599836	5.25567698	5.62559804	5.94523972	6.22247371	6.43854313	6.61245364	6.76120607	6.88797272	6.99584398	7.08278834	7.15037598	7.17118849	7.14999641	7.09845760	7.02617375	6.94207536	6.82311871	6.66691770	6.48574391	6.29130508	6.08740217	5.87271582	5.65376791	5.44857454	5.26209340	5.09542338	4.93724929	4.79174032
	1.34792257	1.33245474	1.32923482	1.33406049	1.33966588	1.34997537	1.37579330	1.44024432	1.49752852	1.50665821	1.51060458	1.52066841	1.53935373	1.63158846	1.84205005	2.15788636	2.57936889	3.11340298	3.71341820	4.30404010	4.82636373	5.26606857	5.63645681	5.95642742	6.23402016	6.45062955	6.62524096	6.77518330	6.90323180	7.01233268	7.10046711	7.16869274	7.18960127	7.16805494	7.11574420	7.04259860	6.95760843	6.83752195	6.68069943	6.49852388	6.30331708	6.09838255	5.88274709	5.66279939	5.45702860	5.27018831	5.10319264	4.94454704	4.79886512
	1.37626567	1.36264203	1.35936679	1.36349062	1.36844021	1.37688874	1.39685679	1.44543468	1.51133811	1.53189364	1.53543546	1.54350826	1.56067074	1.65328793	1.86596539	2.18519055	2.60887854	3.13902972	3.73013440	4.30681807	4.81298892	5.23818057	5.59635295	5.90479606	6.17428523	6.38597990	6.55976049	6.71113966	6.84141475	6.95228101	7.04350309	7.11262612	7.13414937	7.11336629	7.06167897	6.98935403	6.90597826	6.78729322	6.63108232	6.44919618	6.25499904	6.04939158	5.83480560	5.61605326	5.41464154	5.23259977	5.07031407	4.91713872	4.77611692
	1.38735624	1.37494951	1.37180464	1.37562081	1.38031800	1.38792131	1.40515294	1.44573606	1.51340720	1.54169184	1.54534710	1.55233116	1.56857697	1.66073352	1.87302650	2.19218479	2.61503975	3.14129452	3.72625893	4.29471081	4.79111886	5.20861259	5.55954363	5.85974954	6.12597393	6.33440101	6.50691273	6.65770474	6.78874033	6.89943937	6.98973190	7.05768253	7.07932074	7.05985467	7.01025710	6.94053185	6.85984249	6.74352814	6.58709784	6.40589903	6.21256191	6.00760605	5.79406119	5.57717568	5.37880976	5.19964559	5.04019266	4.89121403	4.75268809
	1.43427609	1.42249801	1.41905996	1.42205221	1.42621068	1.43263504	1.44643980	1.47700037	1.53855134	1.58103861	1.58711792	1.59257833	1.60768364	1.69988063	1.91378566	2.23385660	2.65593827	3.17513627	3.74773205	4.30324214	4.78450043	5.18828070	5.52737689	5.81870208	6.07616857	6.27992172	6.45275764	6.60411006	6.73768762	6.85131173	6.94449218	7.01398317	7.03554610	7.01668084	6.96741743	6.89791789	6.81801244	6.70254538	6.54770909	6.36552704	6.17339965	5.96883342	5.75637782	5.54076085	5.34673298	5.17161157	5.01670899	4.87252095	4.73835618
	1.46873720	1.45843602	1.45499946	1.45735631	1.46116249	1.46660701	1.47731295	1.49900689	1.54823269	1.60401421	1.61771649	1.62125137	1.63491843	1.72600893	1.93888043	2.25686606	2.67486553	3.18425317	3.74258452	4.28059791	4.74270698	5.13045033	5.45446526	5.73244018	5.97968207	6.17732548	6.34566791	6.49460816	6.62632267	6.73933676	6.83308845	6.90344343	6.92604296	6.90838739	6.86072051	6.79365504	6.71684243	6.60602124	6.45475618	6.27692075	6.08648678	5.88608945	5.67477522	5.46461254	5.27525968	5.10726640	4.95733320	4.82099794	4.69256798
	1.48716416	1.47698456	1.47321716	1.47507460	1.47856473	1.48347343	1.49274631	1.51062764	1.55149448	1.61161424	1.63231819	1.63534901	1.64837495	1.73970754	1.95428918	2.27349453	2.69280496	3.19969569	3.75299565	4.28455988	4.73836864	5.11847539	5.43568011	5.70795348	5.95051082	6.14561662	6.31419521	6.46478110	6.59756242	6.71115787	6.80542489	6.87663075	6.90004113	6.88279230	6.83604083	6.77047204	6.69529982	6.58610688	6.43404343	6.25546638	6.06393670	5.86399495	5.65131667	5.44278637	5.25387812	5.08887906	4.94066022	4.80770887	4.68180537
	1.51081887	1.50089313	1.49671301	1.49773996	1.50078770	1.50491501	1.51228933	1.52574893	1.55611031	1.61608378	1.64909538	1.65255606	1.66504652	1.75651824	1.97248199	2.29179027	2.71022853	3.21155056	3.75589782	4.27544299	4.71728974	5.08570834	5.39251736	5.65708279	5.89135521	6.08253153	6.25047242	6.40043465	6.53365058	6.64916779	6.74652197	6.81925725	6.84411030	6.82790768	6.78258205	6.71776114	6.64314528	6.53499287	6.38369421	6.20679339	6.01543801	5.81588282	5.60413132	5.39742794	5.21110731	5.04971033	4.90579678	4.77690111	4.65550173
	1.52630495	1.51699455	1.51285077	1.51346102	1.51629338	1.52002624	1.52627988	1.53721623	1.56129223	1.61843894	1.66005915	1.66452611	1.67648584	1.76675211	1.98080302	2.29730168	2.71145780	3.20621138	3.74245150	4.25183180	4.68316317	5.04207600	5.34008928	5.59801221	5.82495068	6.01217778	6.17822750	6.32764376	6.46043102	6.57452797	6.67026099	6.74201020	6.76747720	6.75302331	6.71026932	6.64887592	6.57782226	6.47308160	6.32253136	6.14780626	5.95721519	5.75984569	5.55052754	5.34660928	5.16325769	5.00559104	4.86524042	4.74013085	4.62269470
	1.51622806	1.50665509	1.50201258	1.50182218	1.50412880	1.50731947	1.51252538	1.52146338	1.54083773	1.59183247	1.64334885	1.65013061	1.66259762	1.75568237	1.97606657	2.29808281	2.71750984	3.21424794	3.75077899	4.25791072	4.68465268	5.04098762	5.33561079	5.59102325	5.81447277	6.00184845	6.16983177	6.32257895	6.45950773	6.57753821	6.67667013	6.75053874	6.77686889	6.76273081	6.71955229	6.65779844	6.58613046	6.47957549	6.32590701	6.14852387	5.95446205	5.75397773	5.54247019	5.33625122	5.15327669	4.99552439	4.85692617	4.73293857	4.61719956
	1.49718317	1.48795976	1.48321356	1.48243856	1.48430297	1.48714752	1.49146542	1.49868228	1.51381964	1.55568344	1.61746044	1.62789569	1.64026260	1.73368324	1.95455579	2.27634952	2.69478252	3.18822349	3.72103346	4.22091175	4.63975169	4.98896810	5.27654315	5.52662147	5.74505714	5.92916303	6.09529577	6.24654777	6.38218954	6.50061673	6.60118196	6.67662956	6.70435408	6.69141725	6.64987791	6.58952169	6.51940092	6.41365308	6.26285036	6.08682996	5.89418072	5.69282816	5.48316326	5.27715398	5.09741209	4.94103199	4.80635008	4.68516289	4.57265023
	1.50815547	1.49953242	1.49504687	1.49406073	1.49560002	1.49822379	1.50198344	1.50797617	1.52023103	1.55343607	1.61949137	1.63534069	1.64755419	1.73865738	1.95473022	2.27079980	2.68101583	3.16470987	3.68703971	4.17576970	4.58368876	4.92235371	5.20129866	5.44275778	5.65640365	5.83521727	5.99760332	6.14811186	6.28376446	6.40068361	6.49866520	6.57297549	6.60178180	6.59149074	6.55363236	6.49789909	6.43245235	6.32913764	6.18057271	6.00424085	5.81489152	5.61541211	5.41009190	5.20742770	5.03221597	4.87892592	4.74922751	4.63214791	4.52395948
	1.52133453	1.51246448	1.50758706	1.50608114	1.50717485	1.50943716	1.51279728	1.51813418	1.52907948	1.55943123	1.62791506	1.64543525	1.65805078	1.75089809	1.96999881	2.28771596	2.69911224	3.18136860	3.70092740	4.18665308	4.59206713	4.92734240	5.20403377	5.44431333	5.65673689	5.83524758	5.99826571	6.14988181	6.28646482	6.40458703	6.50384131	6.57904935	6.60832854	6.59815140	6.56017234	6.50436754	6.43886031	6.33513356	6.18586354	6.00834892	5.81771973	5.61655114	5.41046326	5.20694736	5.03164578	4.87900449	4.75002534	4.63394143	4.52683529
	1.52992511	1.52118169	1.51615716	1.51414768	1.51482011	1.51668047	1.51964822	1.52427733	1.53384967	1.56057621	1.62904480	1.65071650	1.66404200	1.75776720	1.97803536	2.29598962	2.70614650	3.18559854	3.70013485	4.18059701	4.58065476	4.90968104	5.18232915	5.41775529	5.62669933	5.80361807	5.96534565	6.11585371	6.25186159	6.37103367	6.47206230	6.54902319	6.57948921	6.56992632	6.53222252	6.47647160	6.41124610	6.30768961	6.15876078	5.98236749	5.79264503	5.59176013	5.38521040	5.18327564	5.00870183	4.85839640	4.73109040	4.61719884	4.51223315
	1.51864647	1.50977094	1.50433140	1.50157290	1.50163794	1.50296790	1.50546779	1.50941250	1.51779907	1.54200231	1.61117087	1.63626698	1.65073572	1.74758040	1.97310987	2.29509405	2.70875676	3.18940675	3.70387834	4.18155827	4.57933239	4.90452384	5.17538419	5.40807612	5.61532156	5.79239440	5.95512246	6.10764939	6.24616439	6.36670475	6.46927837	6.54761230	6.57924860	6.57039999	6.53330607	6.47798065	6.41350297	6.31018249	6.15964222	5.98040547	5.78788374	5.58496977	5.37513089	5.17233374	4.99622194	4.84710494	4.71985595	4.60720635	4.50347019
	1.51706347	1.50865296	1.50342445	1.50054152	1.50047642	1.50169518	1.50394185	1.50734539	1.51449226	1.53454523	1.60219111	1.63257601	1.64710368	1.74191120	1.96221316	2.27937237	2.68554882	3.15891213	3.66614425	4.13448776	4.52462036	4.84196456	5.10666266	5.33295991	5.53412011	5.70703926	5.86633946	6.01702275	6.15430857	6.27423582	6.37561563	6.45412997	6.48751236	6.48147695	6.44777375	6.39608916	6.33522223	6.23511192	6.08747937	5.90988493	5.71931945	5.52001851	5.31226782	5.11321506	4.93855783	4.79305081	4.66845914	4.55918765	4.45855982
	1.53451377	1.52608324	1.52066183	1.51743241	1.51702000	1.51795392	1.51994819	1.52305403	1.52966604	1.54870612	1.61483249	1.64732874	1.66236896	1.75768783	1.97768683	2.29340049	2.69667821	3.16603139	3.66813534	4.13095920	4.51614483	4.82924335	5.08991543	5.31395045	5.51174952	5.68282789	5.84119590	5.99189780	6.12912222	6.24913834	6.35056830	6.42934999	6.46343615	6.45829093	6.42564202	6.37537485	6.31513114	6.21673698	6.06865853	5.89207044	5.70108570	5.50275140	5.29639537	5.09763037	4.92444686	4.78016293	4.65711456	4.54943585	4.45041598
	1.55625618	1.54791656	1.54226491	1.53852943	1.53750450	1.53797994	1.53957909	1.54223926	1.54809031	1.56566540	1.63018009	1.66547197	1.68159740	1.77755772	1.99643918	2.30938541	2.70745508	3.17041626	3.66424680	4.11862904	4.49607191	4.80224758	5.05744977	5.27728144	5.47029703	5.63847609	5.79534973	5.94511898	6.08133728	6.20082280	6.30237633	6.38226631	6.41787033	6.41408783	6.38266611	6.33404072	6.27554657	6.17902488	6.03207182	5.85675458	5.66677589	5.46975942	5.26485109	5.06768812	4.89608310	4.75429722	4.63374731	4.52861764	4.43218163
	1.56109508	1.55300224	1.54742609	1.54361061	1.54238670	1.54276153	1.54419586	1.54660897	1.55181410	1.56737741	1.62939324	1.66854935	1.68480851	1.77899917	1.99404226	2.30207617	2.69395359	3.15121467	3.63887693	4.08686546	4.45878253	4.76014468	5.01087806	5.22748872	5.41641613	5.58162828	5.73632660	5.88427520	6.01911497	6.13756574	6.23852085	6.31892778	6.35592769	6.35366414	6.32386083	6.27709631	6.22069770	6.12624076	5.98086935	5.80793537	5.62027334	5.42559098	5.22350884	5.02810535	4.85885485	4.71931437	4.60094583	4.49787686	4.40347274
	1.55884894	1.55106892	1.54565300	1.54186977	1.54050304	1.54086028	1.54225138	1.54447450	1.54910909	1.56289038	1.62090825	1.66460953	1.68123153	1.77300811	1.98319023	2.28551968	2.67047430	3.12177274	3.60274060	4.04415504	4.41010342	4.70640493	4.95172796	5.16392540	5.34958812	5.51127794	5.66318262	5.80838381	5.94041906	6.05624465	6.15543210	6.23578896	6.27399553	6.27334752	6.24546236	6.20094690	6.14735153	6.05591198	5.91381834	5.74431168	5.56008027	5.36800335	5.16948013	4.97711512	4.81079116	4.67339355	4.55747593	4.45652531	4.36436915
	1.56309176	1.55547604	1.54992369	1.54583200	1.54385810	1.54383978	1.54496285	1.54694429	1.55127464	1.56477223	1.62362355	1.66762580	1.68543936	1.77774813	1.98763560	2.28787307	2.66984636	3.11739108	3.59319316	4.02952640	4.39160090	4.68484808	4.92613403	5.13544349	5.31953552	5.47934148	5.63071364	5.77579648	5.90796536	6.02372177	6.12315111	6.20438464	6.24366874	6.24406660	6.21650716	6.17324739	6.12189400	6.03185699	5.88959812	5.72038697	5.53635616	5.34375042	5.14611165	4.95388777	4.78901673	4.65236730	4.53808028	4.43850681	4.34801786
	1.56669282	1.55907494	1.55330347	1.54889760	1.54639512	1.54607298	1.54703139	1.54886759	1.55313769	1.56708717	1.62794461	1.67070763	1.68963286	1.78314074	1.99408702	2.29391462	2.67502684	3.12057039	3.59306912	4.02598004	4.38474730	4.67558541	4.91492418	5.12154139	5.30434056	5.46338532	5.61476866	5.76002109	5.89239934	6.00832045	6.10844485	6.19032356	6.23026799	6.23130950	6.20454085	6.16209439	6.11125098	6.02189313	5.88009434	5.70985393	5.52556536	5.33294108	5.13468305	4.94235460	4.77745783	4.64155139	4.52803012	4.42939011	4.33998426
	1.57753680	1.57001224	1.56406469	1.55935935	1.55626672	1.55559223	1.55639314	1.55810014	1.56237438	1.57693939	1.63942719	1.68129144	1.70171156	1.79549617	2.00454145	2.29981085	2.67515249	3.11292375	3.57608567	4.00032654	4.35125827	4.63517243	4.86932745	5.07104799	5.24953164	5.40579225	5.55561629	5.70034950	5.83277299	5.94841457	6.04725305	6.12832496	6.16917736	6.17156725	6.14829242	6.10926154	6.06126026	5.97346763	5.83312326	5.66274412	5.48027034	5.28924382	5.09272596	4.90213854	4.73883083	4.60518353	4.49380643	4.39751098	4.31059281
	1.58759486	1.58002340	1.57381182	1.56873860	1.56513989	1.56408813	1.56466506	1.56640086	1.57098835	1.58713139	1.65245996	1.69221921	1.71414659	1.80933534	2.01797932	2.31090779	2.68290586	3.11543200	3.57244123	3.99111760	4.33704881	4.61706310	4.84867018	5.04756321	5.22384465	5.37872586	5.52825991	5.67308937	5.80609914	5.92252121	6.02224225	6.10439109	6.14607494	6.14930626	6.12716403	6.08928758	6.04320701	5.95451238	5.81424957	5.64362057	5.46119192	5.27026994	5.07382911	4.88421543	4.72125027	4.58862516	4.47850207	4.38351237	4.29800354
	1.63281165	1.62525488	1.61882761	1.61342173	1.60938524	1.60796791	1.60838753	1.61026471	1.61532428	1.63358982	1.70249007	1.73849866	1.76226698	1.85854698	2.06444679	2.35058891	2.71445373	3.13455418	3.57800293	3.98453587	4.32028173	4.59081552	4.81637597	5.00937099	5.18012949	5.33035281	5.47767897	5.62081207	5.75273548	5.86842308	5.96777477	6.04985665	6.09193141	6.09647389	6.07552556	6.03898305	5.99483198	5.90853005	5.77007564	5.60202504	5.42156258	5.23326527	5.03990103	4.85342580	4.69364891	4.56411606	4.45710222	4.36503087	4.28244440
	1.67314344	1.66585560	1.65944393	1.65391082	1.64964128	1.64805444	1.64854273	1.65088618	1.65651610	1.67671365	1.74958477	1.78141186	1.80736536	1.90317178	2.10211693	2.37602999	2.72555625	3.12829667	3.55242454	3.94020332	4.26179121	4.51930945	4.73358100	4.91799688	5.07979265	5.22333495	5.36627720	5.50631801	5.63616355	5.75024739	5.84865549	5.93105220	5.97534769	5.98199008	5.96455652	5.93285200	5.89308802	5.81132241	5.67654795	5.51268906	5.33714365	5.15294697	4.96564235	4.78438603	4.62903334	4.50370688	4.40090595	4.31305525	4.23479159
	1.68049557	1.67340763	1.66714378	1.66171461	1.65747066	1.65600153	1.65664224	1.65932912	1.66513127	1.68573805	1.75945421	1.79038483	1.81723996	1.91199258	2.10646926	2.37404644	2.71637567	3.11125640	3.52634715	3.90643504	4.22151173	4.47341460	4.68256038	4.86253036	5.01980776	5.16041550	5.30088469	5.43892696	5.56693953	5.67991361	5.77763519	5.86007185	5.90525698	5.91388560	5.89779570	5.86870172	5.83200170	5.75221402	5.62022243	5.45923897	5.28625740	5.10528008	4.92093706	4.74210704	4.58896308	4.46548234	4.36465094	4.27877709	4.20254278
	1.69371614	1.68638458	1.67986517	1.67416909	1.66973141	1.66817525	1.66882205	1.67195338	1.67835444	1.70204411	1.77792704	1.80627365	1.83563466	1.93274432	2.12707697	2.39231266	2.73188702	3.12161049	3.53150921	3.90727498	4.21869417	4.46833910	4.67514295	4.85303342	5.00811553	5.14786418	5.28861151	5.42775165	5.55677509	5.67056677	5.76931175	5.85194576	5.89776063	5.90802961	5.89185137	5.86343506	5.82803479	5.74858307	5.61733222	5.45548114	5.28070798	5.09981244	4.91515110	4.73609223	4.58313155	4.46018184	4.36012726	4.27512593	4.19989368
	1.66930850	1.66210590	1.65569021	1.65004361	1.64568886	1.64437309	1.64529300	1.64895536	1.65577935	1.68165106	1.75914073	1.78611494	1.81763570	1.91540088	2.10584500	2.36512701	2.69731586	3.07937298	3.48075352	3.84898873	4.15473624	4.39923269	4.60113664	4.77493547	4.92565275	5.06168480	5.20073810	5.33913533	5.46762520	5.58135018	5.67978250	5.76344831	5.81049586	5.82277569	5.81015800	5.78401290	5.75195568	5.67546886	5.54538410	5.38555065	5.21215312	5.03282676	4.84991418	4.67275237	4.52109941	4.39969153	4.30127496	4.21809762	4.14480380
	1.66159521	1.65476125	1.64866478	1.64327795	1.63919464	1.63827748	1.63963443	1.64370784	1.65093089	1.67901154	1.75797940	1.78304967	1.81708136	1.91487409	2.09952987	2.35118055	2.67320596	3.04414663	3.43281062	3.79014801	4.08667231	4.32203247	4.51618131	4.68308909	4.82741623	4.95739933	5.09286393	5.22893323	5.35511531	5.46712239	5.56442135	5.64829113	5.69713723	5.71105831	5.70116885	5.67868458	5.65079756	5.57802089	5.45032271	5.29448910	5.12473550	4.94872427	4.76984024	4.59689838	4.44855291	4.33042195	4.23504207	4.15485576	4.08454222
	1.68016373	1.67314853	1.66686747	1.66129610	1.65719952	1.65628715	1.65765768	1.66193769	1.66980203	1.70203397	1.78140141	1.80419391	1.84085864	1.94143198	2.12721029	2.37854990	2.69901014	3.06671665	3.45140100	3.80509910	4.09882673	4.33188167	4.52366015	4.68949823	4.83193632	4.96152617	5.09747486	5.23445306	5.36150362	5.47499181	5.57355623	5.65876517	5.70803710	5.72202097	5.71204097	5.69000386	5.66115551	5.58815671	5.45840407	5.30213737	5.13181127	4.95522315	4.77533036	4.60212829	4.45395250	4.33627244	4.24139947	4.16173646	4.09196144
	1.66810000	1.66190467	1.65629084	1.65131717	1.64779578	1.64749290	1.64918908	1.65369857	1.66171243	1.69494148	1.77431695	1.79667352	1.83444257	1.93287911	2.11048620	2.35191283	2.66005458	3.01590133	3.38683565	3.72934403	4.01197514	4.23658099	4.41981427	4.57732661	4.71283076	4.83649064	4.96737466	5.10043639	5.22484528	5.33663641	5.43419594	5.51938206	5.57012481	5.58589405	5.58032929	5.56210292	5.53767372	5.46819670	5.34225634	5.18925048	5.02428537	4.85370349	4.67882133	4.51026338	4.36631166	4.25224175	4.16080614	4.08440167	4.01780736
	1.66873268	1.66232907	1.65651328	1.65138242	1.64790707	1.64764464	1.64925449	1.65394261	1.66268465	1.70068845	1.77877335	1.80017287	1.84034451	1.94132535	2.12064578	2.36253143	2.67049098	3.02463003	3.39393970	3.73496862	4.01617767	4.23964596	4.42219668	4.57883771	4.71407379	4.83772164	4.96942078	5.10325893	5.22887567	5.34198379	5.44158078	5.52752857	5.57845373	5.59416273	5.58824663	5.57005436	5.54621996	5.47562730	5.34867455	5.19468660	5.02795633	4.85587895	4.68004590	4.51063983	4.36638848	4.25220781	4.16081640	4.08451408	4.01806382
	1.66627214	1.65966267	1.65365885	1.64838138	1.64491446	1.64464620	1.64616553	1.65097461	1.66028364	1.70204366	1.77865786	1.79970017	1.84165517	1.94471845	2.12589918	2.36890468	2.67765793	3.03144351	3.40047017	3.74099270	4.02175147	4.24480644	4.42728211	4.58381653	4.71922056	4.84321523	4.97583853	5.11053330	5.23721120	5.35140305	5.45244408	5.53896820	5.58981983	5.60532357	5.59886285	5.58071489	5.55708283	5.48546206	5.35756113	5.20258449	5.03420953	4.86062613	4.68376253	4.51344374	4.36872861	4.25426130	4.16269526	4.08627192	4.01972786
	1.67356383	1.66673514	1.66054430	1.65510781	1.65157478	1.65121242	1.65266731	1.65750236	1.66710464	1.71089022	1.78630053	1.80725505	1.85002929	1.95453297	2.13765982	2.38233973	2.69275853	3.04745161	3.41734887	3.75842135	4.03969168	4.26374741	4.44690414	4.60419005	4.74034160	4.86565169	4.99942846	5.13501914	5.26250963	5.37746151	5.47860538	5.56522890	5.61575458	5.63130517	5.62409530	5.60526717	5.58067763	5.50868714	5.37962292	5.22368736	5.05426261	4.87910137	4.70108094	4.52979599	4.38445963	4.26953855	4.17756247	4.10075525	4.03384676
	1.66661509	1.65972411	1.65348218	1.64802476	1.64455624	1.64423394	1.64563774	1.65055477	1.66052390	1.70679857	1.78072974	1.80190321	1.84586249	1.95151664	2.13527878	2.38018048	2.69047346	3.04453554	3.41335783	3.75293406	4.03300697	4.25575307	4.43818238	4.59465955	4.73023853	4.85523235	4.98914476	5.12533036	5.25321967	5.36866081	5.46996961	5.55723105	5.60753437	5.62317675	5.61619896	5.59789046	5.57311055	5.50134900	5.37179115	5.21526521	5.04580797	4.87018762	4.69177493	4.52030635	4.37507986	4.26033740	4.16853443	4.09190056	4.02514367
	1.64657977	1.63976764	1.63359025	1.62822383	1.62492275	1.62474992	1.62611489	1.63116383	1.64155206	1.69061423	1.76308684	1.78461902	1.83004152	1.93654983	2.11982662	2.36372395	2.67240075	3.02454272	3.39078340	3.72736998	4.00496149	4.22454473	4.40508271	4.55959375	4.69347556	4.81677985	4.94994647	5.08634443	5.21429327	5.32999147	5.43170009	5.52016096	5.57046374	5.58616851	5.58007700	5.56333153	5.53917892	5.46803951	5.33866463	5.18197905	5.01307074	4.83791038	4.65981124	4.48880498	4.34424358	4.23014976	4.13897527	4.06295517	3.99676259
	1.63824797	1.63144204	1.62528375	1.61996949	1.61681136	1.61671342	1.61802586	1.62317075	1.63393807	1.68558427	1.75670656	1.77831942	1.82505039	1.93255529	2.11589496	2.35904835	2.66638303	3.01647892	3.37979596	3.71320204	3.98757643	4.20441560	4.38284276	4.53520980	4.66712187	4.78928699	4.92185669	5.05820568	5.18599094	5.30133229	5.40309541	5.49185487	5.54195113	5.55832621	5.55261837	5.53659394	5.51302010	5.44266703	5.31340512	5.15711292	4.98899432	4.81392538	4.63651565	4.46624133	4.32258778	4.20935256	4.11890877	4.04351523	3.97789186
	1.62992187	1.62304802	1.61686088	1.61157603	1.60857827	1.60855595	1.60979385	1.61505659	1.62635615	1.68153923	1.75051558	1.77236928	1.82082657	1.92980036	2.11355696	2.35604757	2.66198725	3.00966909	3.36942807	3.69883397	3.96905371	4.18251318	4.35839686	4.50805609	4.63760864	4.75852122	4.89043809	5.02692111	5.15454167	5.26937480	5.37127450	5.45994770	5.50967188	5.52689837	5.52185264	5.50639113	5.48350500	5.41390492	5.28466213	5.12866414	4.96163871	4.78662995	4.60993610	4.44054325	4.29804399	4.18590329	4.09636740	4.02173471	3.95679477
	1.61134462	1.60454971	1.59842656	1.59323113	1.59039337	1.59049108	1.59171575	1.59706598	1.60868858	1.66573827	1.73366465	1.75587684	1.80526013	1.91484374	2.09850726	2.34051888	2.64568828	2.99249030	3.35086139	3.67874634	3.94722919	4.15918270	4.33367753	4.48204180	4.61036411	4.73081711	4.86213822	4.99882084	5.12662254	5.24158986	5.34397280	5.43267383	5.48314188	5.50101399	5.49661057	5.48179525	5.45957783	5.39035824	5.26103495	5.10511217	4.93819182	4.76325497	4.58670812	4.41758532	4.27536354	4.16352427	4.07433131	4.00002551	3.93539428
	1.60179701	1.59506077	1.58897962	1.58383288	1.58106977	1.58122769	1.58245670	1.58784160	1.59958855	1.65728409	1.72486431	1.74724376	1.79692409	1.90667761	2.09029668	2.33219587	2.63720201	2.98394253	3.34213869	3.66991035	3.93809479	4.14983918	4.32399009	4.47209903	4.60008701	4.72056928	4.85173481	4.98856078	5.11657226	5.23168584	5.33440810	5.42312925	5.47423343	5.49236515	5.48809529	5.47354971	5.45169679	5.38250642	5.25308714	5.09714316	4.93001870	4.75493401	4.57833916	4.40916528	4.26684541	4.15494847	4.06577022	3.99149767	3.92690670
	1.60170707	1.59499162	1.58893668	1.58382892	1.58112185	1.58130038	1.58251991	1.58792073	1.59977029	1.65811819	1.72517409	1.74763934	1.79762562	1.90758600	2.09113484	2.33271041	2.63719069	2.98318820	3.34043699	3.66721973	3.93437215	4.14527578	4.31881078	4.46616230	4.59352300	4.71351034	4.84462830	4.98117675	5.10902648	5.22389425	5.32654993	5.41513993	5.46633517	5.48451741	5.48027554	5.46592504	5.44452325	5.37538385	5.24622032	5.09051975	4.92376732	4.74879941	4.57256832	4.40377876	4.26181634	4.15024085	4.06132131	3.98725498	3.92285272
	1.60322364	1.59579259	1.58918270	1.58368148	1.58092010	1.58095438	1.58199622	1.58757141	1.60084252	1.66773163	1.72789598	1.75160107	1.80491049	1.91940935	2.10762559	2.35279128	2.66017492	3.00649181	3.36395961	3.68928347	3.95485961	4.16475935	4.33803901	4.48540325	4.61321400	4.73408140	4.86746033	5.00582087	5.13516601	5.25132141	5.35574766	5.44402679	5.49479065	5.51185441	5.50669676	5.49128243	5.47016252	5.39856469	5.26796237	5.10992833	4.94099510	4.76360376	4.58512274	4.41501779	4.27264065	4.16079041	4.07157257	3.99715967	3.93240998
	1.60413545	1.59594609	1.58877570	1.58292971	1.58020485	1.58007807	1.58090919	1.58668277	1.60173699	1.67846462	1.73027032	1.75579878	1.81308638	1.93288168	2.12569408	2.37408841	2.68355768	3.02877697	3.38479149	3.70645230	3.96851398	4.17538527	4.34697479	4.49304493	4.62037492	4.74163943	4.87648908	5.01608847	5.14661642	5.26410624	5.37005263	5.45773177	5.50796420	5.52400182	5.51855606	5.50230076	5.48150838	5.40789073	5.27588742	5.11615964	4.94561268	4.76681679	4.58625112	4.41570655	4.27376486	4.16229865	4.07326929	3.99889591	3.93414198
	1.60257646	1.59411577	1.58677651	1.58088615	1.57829474	1.57810866	1.57883316	1.58470634	1.60074930	1.68235141	1.72968319	1.75643490	1.81582399	1.93820135	2.13237366	2.38128892	2.69036169	3.03345935	3.38684211	3.70456982	3.96297834	4.16638393	4.33560278	4.47957325	4.60548420	4.72610036	4.86058417	4.99991444	5.13040285	5.24821019	5.35437246	5.44162898	5.49162467	5.50746063	5.50256957	5.48632057	5.46592826	5.39221115	5.25986061	5.10040252	4.93009408	4.75193928	4.57104616	4.40139750	4.26066084	4.15014392	4.06179995	3.98794040	3.92363399
	1.60803110	1.59928582	1.59173460	1.58570949	1.58307528	1.58282564	1.58348422	1.58939644	1.60600747	1.69027842	1.73503937	1.76249994	1.82308394	1.94742910	2.14331875	2.39392631	2.70437163	3.04797898	3.40166676	3.71899255	3.97687551	4.18044558	4.34991314	4.49426266	4.62046767	4.74168551	4.87741830	5.01757972	5.14843465	5.26667264	5.37294665	5.46060465	5.50996682	5.52513732	5.51950552	5.50201514	5.48114304	5.40721728	5.27349842	5.11364113	4.94259001	4.76369466	4.58156000	4.41114818	4.27038476	4.15978600	4.07131056	3.99728514	3.93278876
	1.61380750	1.60437090	1.59642674	1.59033970	1.58779843	1.58738902	1.58785477	1.59393108	1.61254251	1.70300675	1.74150909	1.77126673	1.83509644	1.96340408	2.16099043	2.41225012	2.72161003	3.06183733	3.41059797	3.72242638	3.97418420	4.17337652	4.33875484	4.48094833	4.60447658	4.72528590	4.86050921	5.00098999	5.13156631	5.24926222	5.35631163	5.44446539	5.49293631	5.50745573	5.50115286	5.48364808	5.46344851	5.38924169	5.25517733	5.09640725	4.92556753	4.74674067	4.56443649	4.39530355	4.25634370	4.14720658	4.05977187	3.98652295	3.92268248
	1.61659149	1.60700412	1.59893840	1.59277498	1.59019021	1.58975047	1.59018945	1.59627611	1.61510223	1.70648313	1.74411299	1.77410216	1.83833412	1.96735111	2.16563061	2.41760147	2.72755625	3.06811153	3.41714152	3.72919688	3.98101033	4.18048897	4.34600910	4.48859112	4.61232706	4.73358813	4.86915090	5.01004016	5.14084734	5.25855262	5.36584760	5.45418253	5.50243500	5.51673117	5.51001602	5.49215521	5.47174864	5.39728981	5.26279655	5.10379751	4.93255035	4.75329399	4.57051610	4.40106861	4.26196241	4.15270745	4.06515335	3.99177525	3.92781174
	1.63054222	1.62008255	1.61155515	1.60530294	1.60266611	1.60201977	1.60228222	1.60851799	1.62947457	1.72435867	1.75773817	1.79008250	1.85714171	1.98982125	2.19021045	2.44370364	2.75376960	3.09250582	3.43872031	3.74711056	3.99529880	4.19236571	4.35615604	4.49788514	4.62064564	4.74223984	4.87863119	5.02021573	5.15096344	5.26963781	5.37728951	5.46526423	5.51230819	5.52523488	5.51741878	5.49934836	5.47843867	5.40260570	5.26800372	5.10897531	4.93710524	4.75708446	4.57328263	4.40432643	4.26606392	4.15766101	4.07062773	3.99762855	3.93390155
	1.63869978	1.62759855	1.61880751	1.61263244	1.61003616	1.60918971	1.60927267	1.61568046	1.63886138	1.73713282	1.76632199	1.80128742	1.87138863	2.00753394	2.20927979	2.46310461	2.77184797	3.10704426	3.44836287	3.75090843	3.99340300	4.18615146	4.34695608	4.48639370	4.60712719	4.72808135	4.86482384	5.00646222	5.13667517	5.25642683	5.36431885	5.45171845	5.49761707	5.50924419	5.50102243	5.48373616	5.46283152	5.38567788	5.25188839	5.09342754	4.92175747	4.74181379	4.55756921	4.39009342	4.25338856	4.14642595	4.06043096	3.98827579	3.92516704
	1.63720274	1.62590397	1.61705981	1.61095781	1.60837222	1.60743151	1.60743596	1.61392773	1.63811644	1.73728831	1.76522615	1.80153231	1.87315246	2.01090533	2.21324353	2.46713215	2.77505317	3.10858784	3.44733315	3.74677206	3.98647436	4.17687458	4.33643289	4.47448441	4.59446893	4.71506892	4.85218059	4.99372893	5.12388452	5.24432106	5.35244481	5.43941028	5.48454150	5.49560476	5.48771157	5.47110907	5.45011451	5.37216391	5.23895649	5.08039393	4.90889734	4.72905928	4.54462688	4.37775105	4.24180069	4.13552282	4.05006282	3.97834997	3.91553372
	1.64817391	1.63563583	1.62604733	1.61961150	1.61681700	1.61568273	1.61553797	1.62216357	1.64842038	1.74908495	1.77478236	1.81331451	1.88769617	2.02952437	2.23514995	2.49257498	2.80244503	3.13775583	3.47682675	3.77594429	4.01554882	4.20630619	4.36658054	4.50562793	4.62698788	4.74956034	4.88847246	5.03139568	5.16334609	5.28430205	5.39295500	5.47940117	5.52285476	5.53303522	5.52445926	5.50609955	5.48329110	5.40412504	5.26925943	5.10852210	4.93519294	4.75337052	4.56744269	4.39860247	4.26246237	4.15603500	4.07032018	3.99826870	3.93505269
	1.64505493	1.63229122	1.62283456	1.61671221	1.61409264	1.61288231	1.61267559	1.61947014	1.64750464	1.74830067	1.77272361	1.81309305	1.88951173	2.03312125	2.23899019	2.49597612	2.80402406	3.13709576	3.47233713	3.76740349	4.00261034	4.19007476	4.34802327	4.48506820	4.60452243	4.72631791	4.86462926	5.00745227	5.13895312	5.26028844	5.36848668	5.45452208	5.49775260	5.50738853	5.49924578	5.48096582	5.45736340	5.37930991	5.24451927	5.08509780	4.91254553	4.73157597	4.54620873	4.37829005	4.24357447	4.13834103	4.05361093	3.98233970	3.91971524
	1.64404486	1.63068509	1.62090222	1.61468203	1.61196437	1.61063062	1.61033036	1.61723157	1.64667324	1.74836804	1.77145012	1.81349484	1.89206025	2.03852475	2.24671633	2.50594380	2.81512941	3.14899584	3.48401899	3.77827165	4.01268549	4.19999365	4.35824573	4.49570904	4.61572561	4.73874851	4.87842767	5.02254437	5.15497722	5.27688674	5.38592670	5.47188401	5.51367586	5.52270738	5.51419617	5.49487976	5.47006745	5.39133054	5.25525914	5.09483882	4.92111605	4.73891164	4.55240608	4.38338107	4.24851207	4.14313552	4.05838237	3.98697717	3.92412723
	1.65065937	1.63640635	1.62608343	1.61961219	1.61670175	1.61521344	1.61480473	1.62181163	1.65290082	1.75518891	1.77687690	1.82064977	1.90125699	2.05063446	2.26119475	2.52289066	2.83340331	3.16826020	3.50316036	3.79694278	4.03081684	4.21822850	4.37695952	4.51504963	4.63596284	4.76015877	4.90135835	5.04629323	5.17993983	5.30250082	5.41172587	5.49758661	5.53898230	5.54711214	5.53757059	5.51738384	5.49052458	5.41167417	5.27421415	5.11232753	4.93776940	4.75468143	4.56686785	4.39620480	4.26133825	4.15576355	4.07089494	3.99922794	3.93606888
	1.65994846	1.64478959	1.63421449	1.62785611	1.62482957	1.62311939	1.62255807	1.62981929	1.66401603	1.76591198	1.78586416	1.83276433	1.91730488	2.07062320	2.28282592	2.54558458	2.85451538	3.18684360	3.51755972	3.80618693	4.03600254	4.22045903	4.37782424	4.51489944	4.63561497	4.76045824	4.90279989	5.04881046	5.18274827	5.30565862	5.41634417	5.50180212	5.54186113	5.54814274	5.53692276	5.51579288	5.48825244	5.40881009	5.27037335	5.10822713	4.93397231	4.75040468	4.56210820	4.39133093	4.25705442	4.15259851	4.06870595	3.99757007	3.93476886
	1.67191252	1.65588757	1.64498450	1.63859094	1.63548647	1.63364178	1.63299844	1.64041957	1.67655927	1.77779416	1.79689788	1.84560406	1.93251696	2.08832816	2.30193256	2.56604634	2.87473720	3.20627994	3.53564471	3.82220337	4.05045983	4.23388421	4.39114980	4.52806045	4.64896292	4.77471394	4.91770177	5.06449462	5.19840242	5.32129682	5.43312697	5.51780968	5.55671875	5.56144150	5.54870397	5.52664814	5.49917838	5.41858458	5.27955608	5.11748854	4.94301312	4.75869537	4.56983916	4.39924049	4.26468976	4.16087694	4.07738533	4.00649086	3.94378356
	1.68864032	1.67055526	1.65843266	1.65139976	1.64803494	1.64603104	1.64531487	1.65289574	1.69114514	1.79148783	1.81018190	1.86081249	1.95056016	2.11018851	2.32785793	2.59705278	2.90948355	3.24374838	3.57638162	3.86523334	4.09530059	4.28105309	4.44072380	4.57978257	4.70250290	4.83131113	4.97621432	5.12419186	5.25942731	5.38261597	5.49458460	5.57825857	5.61529276	5.61826406	5.60315809	5.57895188	5.55022383	5.46718356	5.32692254	5.16334890	4.98668332	4.79992160	4.60874971	4.43683296	4.30089334	4.19653467	4.11212343	4.04083597	3.97745177
	1.70635564	1.68582195	1.67243301	1.66481746	1.66114558	1.65891882	1.65810428	1.66593822	1.70742467	1.80616514	1.82449528	1.87799065	1.97195115	2.13649652	2.35861620	2.63314486	2.94885748	3.28474509	3.61962240	3.90909214	4.13978396	4.32679168	4.48844929	4.62931138	4.75362850	4.88581599	5.03305515	5.18202880	5.31925433	5.44302241	5.55520368	5.63751902	5.67232855	5.67352147	5.65569059	5.62927584	5.59896405	5.51328389	5.37190714	5.20653748	5.02749097	4.83826457	4.64465258	4.47160039	4.33433866	4.22964557	4.14449797	4.07301105	4.00907508
	1.71355842	1.69123454	1.67688017	1.66888099	1.66502790	1.66262641	1.66173386	1.66976638	1.71389723	1.81106137	1.82950514	1.88549255	1.98307331	2.15103572	2.37590034	2.65357099	2.97063823	3.30689768	3.64151966	3.93016509	4.16004428	4.34664939	4.50858049	4.65020921	4.77538932	4.90889905	5.05730460	5.20729388	5.34491164	5.46909759	5.58142764	5.66277740	5.69652015	5.69701178	5.67765618	5.64988342	5.61822795	5.53145144	5.38897224	5.22232099	5.04238441	4.85231217	4.65744257	4.48353247	4.34658631	4.24140501	4.15646513	4.08480156	4.02088657
	1.71437176	1.69171159	1.67776861	1.67024854	1.66640633	1.66390618	1.66298664	1.67121207	1.71788933	1.81322672	1.83173624	1.88981192	1.99070541	2.16052904	2.38533011	2.66216167	2.97649770	3.30833889	3.63766297	3.92143682	4.14691724	4.33093031	4.49093567	4.63046298	4.75560075	4.88901608	5.03813018	5.18746779	5.32550982	5.44974102	5.56198556	5.64249405	5.67517836	5.67474448	5.65548901	5.62757067	5.59551341	5.50776022	5.36659088	5.19986427	5.02036010	4.83123196	4.63712208	4.46427271	4.32882638	4.22410132	4.14036449	4.06966052	4.00645177
	1.71954926	1.69553862	1.68015757	1.67173185	1.66749196	1.66483234	1.66384294	1.67220685	1.72088924	1.81507156	1.83396121	1.89415065	1.99805667	2.17134332	2.40005880	2.68189920	2.99981793	3.33492392	3.66670258	3.95222796	4.17942131	4.36531452	4.52748418	4.66911455	4.79710408	4.93170371	5.08328655	5.23411243	5.37286410	5.49722642	5.61099463	5.69091507	5.72234051	5.72006251	5.69926883	5.66939566	5.63565680	5.54602573	5.40226735	5.23431474	5.05281638	4.86148413	4.66516141	4.49023881	4.35420395	4.24794636	4.16391394	4.09228146	4.02859573
	1.72197207	1.69335991	1.67537646	1.66591870	1.66127252	1.65825179	1.65711185	1.66578165	1.71960347	1.81084959	1.83099454	1.89755565	2.01054621	2.19173128	2.42817687	2.71916584	3.04231240	3.38110412	3.71580822	4.00053915	4.22923974	4.41702442	4.58215696	4.72759802	4.85857080	4.99759959	5.15231713	5.30593222	5.44488746	5.56985572	5.68497055	5.76344215	5.79101953	5.78479977	5.75940537	5.72628243	5.68906900	5.59648863	5.44970885	5.27918506	5.09466529	4.89988962	4.69943467	4.52225333	4.38545631	4.27886455	4.19381208	4.12185938	4.05780878
	1.74008870	1.70907126	1.69077409	1.68150598	1.67661387	1.67332683	1.67199945	1.68072385	1.73871108	1.82673983	1.84787134	1.92052265	2.04166796	2.22758798	2.46619944	2.75815830	3.07911594	3.41259242	3.74047921	4.01763995	4.24069500	4.42647995	4.59125142	4.73689027	4.86766437	5.00804978	5.16464137	5.31876737	5.45713823	5.58163778	5.69675117	5.77336475	5.79627412	5.78662604	5.75851812	5.72215572	5.68239159	5.58821071	5.44051364	5.27241818	5.08697115	4.89247206	4.69193677	4.51683467	4.38139439	4.27761267	4.19267388	4.12276455	4.05948690
	1.73219458	1.69835902	1.67877199	1.66903991	1.66379646	1.66021307	1.65861727	1.66733994	1.72808745	1.81555417	1.83788932	1.91633686	2.04416789	2.23548778	2.47941914	2.77659177	3.10200630	3.43684659	3.76565421	4.04447510	4.26677765	4.45510903	4.62236600	4.76992941	4.90322589	5.04679607	5.20474150	5.36084708	5.49957328	5.62497522	5.74118939	5.81507338	5.83734918	5.82423497	5.79283600	5.75454946	5.71257142	5.61439300	5.46469581	5.29533313	5.10653444	4.90997455	4.70718931	4.53133277	4.39519393	4.29127150	4.20657295	4.13588415	4.07248290
	1.74743049	1.71116279	1.68948648	1.67876185	1.67290249	1.66887726	1.66680520	1.67540518	1.73877578	1.82506565	1.84944047	1.93598211	2.07139988	2.26813576	2.51775826	2.81957464	3.14795348	3.48247131	3.80991855	4.08966723	4.31095893	4.50058117	4.67020032	4.81932298	4.95606445	5.10272608	5.26182099	5.41706448	5.55635953	5.68262265	5.79794362	5.86961775	5.88992286	5.87367861	5.83819022	5.79530049	5.74872312	5.64472355	5.49502116	5.32379267	5.13361491	4.93582478	4.73188365	4.55529743	4.42038234	4.31621437	4.23312601	4.16170923	4.09898433
	1.73700763	1.70042545	1.67812670	1.66691100	1.66054157	1.65613870	1.65364317	1.66213312	1.72735115	1.81344315	1.83995235	1.93338147	2.07446431	2.27498027	2.52896720	2.83348129	3.16297908	3.49746913	3.82438474	4.10266056	4.32236286	4.51407224	4.68465243	4.83564893	4.97479289	5.12282230	5.28300409	5.43927751	5.57931252	5.70576380	5.82275116	5.89339053	5.91080340	5.89077255	5.85362751	5.80759015	5.75726588	5.64858684	5.49878538	5.32597649	5.13563790	4.93692803	4.73179978	4.55460852	4.42053769	4.31735847	4.23451262	4.16387416	4.10095099
	1.73139795	1.69532696	1.67201068	1.65986979	1.65287788	1.64800051	1.64500307	1.65328160	1.71921067	1.80580349	1.83516403	1.93624390	2.08280726	2.28613799	2.54447165	2.85104290	3.18065869	3.51499900	3.84125401	4.11619728	4.33365937	4.52830672	4.69864674	4.85207123	4.99349466	5.14358519	5.30301643	5.45879770	5.59912346	5.72519967	5.84188057	5.91024774	5.92494887	5.90224483	5.86230703	5.81371396	5.76025745	5.64664522	5.49682509	5.32327093	5.13282149	4.93420994	4.72888284	4.55211302	4.41940992	4.31778380	4.23603470	4.16621048	4.10343761
	1.71730345	1.68148455	1.65777851	1.64500757	1.63737676	1.63191684	1.62827700	1.63613962	1.70174242	1.78978364	1.82388514	1.93535057	2.08865653	2.29396169	2.55757185	2.86498584	3.19296088	3.52689614	3.84896983	4.11957930	4.33586593	4.53004990	4.70299379	4.85691968	5.00016598	5.15282555	5.31176863	5.46496355	5.60418526	5.72915121	5.84453316	5.91072552	5.91936208	5.89250967	5.84980739	5.79697663	5.73758638	5.62284553	5.47381267	5.30030989	5.11031790	4.91331426	4.70937560	4.53443815	4.40405647	4.30485255	4.22471880	4.15713378	4.09534194
	1.70112783	1.66606276	1.64266647	1.62969429	1.62167588	1.61588349	1.61188628	1.61950896	1.68485151	1.77392438	1.81139970	1.92891521	2.08596470	2.29246319	2.55886019	2.86614536	3.19350098	3.52548285	3.84479660	4.11322911	4.32943607	4.52398610	4.69749659	4.85277027	4.99655415	5.15004571	5.30838678	5.46225135	5.59992157	5.72432968	5.83907582	5.90375754	5.90930835	5.88016445	5.83545377	5.78057732	5.71932277	5.60256567	5.45396154	5.28060756	5.09096837	4.89494587	4.69187943	4.51787693	4.38870967	4.29104348	4.21214885	4.14554304	4.08468009
	1.71103051	1.67764522	1.65481231	1.64152269	1.63306126	1.62690656	1.62253987	1.62984293	1.69494030	1.78370196	1.82518032	1.94826689	2.10776999	2.31461545	2.58188466	2.88712585	3.21220349	3.53994413	3.85472063	4.11975342	4.33522568	4.52898036	4.70230104	4.85893254	5.00257235	5.15627741	5.31351377	5.46643102	5.60155718	5.72509182	5.83833638	5.90062305	5.90328489	5.87171260	5.82418310	5.76808149	5.70577562	5.58621175	5.43888180	5.26626812	5.07830792	4.88413752	4.68301386	4.51092115	4.38350227	4.28794562	4.21076330	4.14551486	4.08588108
	1.68034119	1.64983970	1.62743404	1.61318000	1.60378271	1.59692761	1.59196214	1.59891903	1.66539578	1.75423070	1.80369463	1.93653128	2.10139107	2.31243867	2.58511826	2.89296618	3.21995419	3.54822320	3.86243460	4.12693475	4.34557983	4.54138684	4.71766201	4.87850524	5.02451838	5.17913724	5.33854566	5.48982020	5.62605593	5.74901872	5.86120835	5.92051710	5.91868330	5.88239637	5.83021034	5.77019618	5.70374619	5.58281961	5.43329586	5.26008936	5.07146992	4.87689258	4.67526976	4.50366158	4.37738158	4.28267933	4.20688018	4.14207947	4.08377273
	1.67033401	1.64122963	1.61901591	1.60422012	1.59424819	1.58693104	1.58157265	1.58826116	1.65596628	1.74405388	1.80037597	1.93985274	2.10781682	2.32128636	2.59651532	2.90507647	3.23150344	3.55767147	3.86968766	4.13230530	4.35166361	4.54853668	4.72550942	4.88865393	5.03498675	5.18989285	5.34992381	5.49941242	5.63529017	5.75714825	5.86801402	5.92462324	5.91949227	5.88013329	5.82525383	5.76252718	5.69281576	5.57137859	5.42158933	5.24818762	5.06087460	4.86699369	4.66586916	4.49558363	4.37074429	4.27760219	4.20339143	4.13946513	4.08214852
	1.66005757	1.63195197	1.61036628	1.59554291	1.58531593	1.57771331	1.57208383	1.57857492	1.64692562	1.73475540	1.79598002	1.93980948	2.10990182	2.32479611	2.60072200	2.90853950	3.23303692	3.55609740	3.86494933	4.12512004	4.34433351	4.54075300	4.71829556	4.88188525	5.02863359	5.18309437	5.34337490	5.49095398	5.62614540	5.74708535	5.85701888	5.91164932	5.90455585	5.86357141	5.80690168	5.74282095	5.67224875	5.54936247	5.40032809	5.22706644	5.04114900	4.84827974	4.64828535	4.47938273	4.35599308	4.26418353	4.19140265	4.12855717	4.07203918
	1.65568257	1.62845341	1.60784380	1.59343117	1.58328856	1.57561900	1.56986815	1.57617255	1.64373344	1.73209341	1.79554206	1.94142276	2.11236799	2.32654042	2.59994782	2.90422828	3.22356195	3.54039217	3.84337095	4.09945370	4.31636362	4.50995315	4.68716022	4.84908262	4.99455280	5.14682820	5.30755580	5.45253027	5.58555778	5.70529494	5.81454975	5.86816156	5.86010599	5.81875520	5.76162728	5.69789009	5.62847136	5.50414836	5.35807283	5.18564209	5.00254427	4.81222527	4.61506753	4.44841144	4.32708668	4.23698977	4.16588404	4.10460424	4.04926831
	1.62664307	1.60047166	1.58061439	1.56621975	1.55588647	1.54794977	1.54192850	1.54807838	1.61651718	1.70543232	1.77494145	1.92572787	2.09967193	2.31607211	2.59051781	2.89425908	3.21036735	3.52579769	3.82590426	4.08050751	4.29676968	4.49061233	4.66889413	4.83142130	4.97705360	5.12967064	5.29127480	5.43468827	5.56735604	5.68632018	5.79495148	5.84721961	5.83689352	5.79310667	5.73391868	5.66907498	5.59792483	5.47390838	5.32840490	5.15458938	4.97352485	4.78407749	4.58804863	4.42238745	4.30225540	4.21331706	4.14355952	4.08323023	4.02886695
	1.60673416	1.58178407	1.56248822	1.54788815	1.53721515	1.52891349	1.52255165	1.52845085	1.59816188	1.68702064	1.76436501	1.92023160	2.09667548	2.31521356	2.59050839	2.89272671	3.20528554	3.51893985	3.81556804	4.06777497	4.28335464	4.47762218	4.65634180	4.81981723	4.96691542	5.11837786	5.27903299	5.42087979	5.55310829	5.67063908	5.77792185	5.82822239	5.81528450	5.76885157	5.70745392	5.64072341	5.56789616	5.44478990	5.29920338	5.12528240	4.94703980	4.75811947	4.56373614	4.39965933	4.28111941	4.19418329	4.12569485	4.06650576	4.01324042
	1.58558406	1.56174420	1.54284017	1.52789788	1.51679135	1.50800941	1.50119121	1.50675807	1.57876683	1.66721498	1.75530370	1.91764105	2.09706955	2.31887822	2.59576373	2.89547874	3.20674883	3.51816869	3.81170298	4.06271462	4.27643006	4.47303128	4.65287704	4.81759800	4.96675941	5.11836413	5.27712617	5.41752899	5.54983762	5.66564692	5.77167482	5.81939202	5.80326360	5.75183613	5.68722396	5.61824643	5.54363330	5.42132709	5.27466956	5.10157089	4.92496233	4.73642734	4.54312894	4.38064151	4.26373899	4.17907946	4.11214481	4.05415172	4.00214119
	1.57953967	1.55635288	1.53758484	1.52238997	1.51101307	1.50195918	1.49487641	1.50023446	1.57354681	1.66153598	1.75595445	1.92160152	2.10240757	2.32551913	2.60197873	2.89882828	3.20809131	3.51638467	3.80687995	4.05610783	4.26812038	4.46497770	4.64511750	4.80943445	4.95916535	5.11062939	5.26755220	5.40691438	5.53852478	5.65290101	5.75770694	5.80409896	5.78619400	5.73216493	5.66632379	5.59602815	5.51826258	5.40005509	5.25359027	5.08095459	4.90546179	4.71805289	4.52607405	4.36515284	4.24971026	4.16645361	4.10092470	4.04404453	3.99287889
	1.57720377	1.55502422	1.53691682	1.52192286	1.51057314	1.50146256	1.49427067	1.49943494	1.57218015	1.66096681	1.75866292	1.92577426	2.10703241	2.32915650	2.60175025	2.89368801	3.19692942	3.49792062	3.78186009	4.02610682	4.23532724	4.42933195	4.60804955	4.77056154	4.91853061	5.06757382	5.22240158	5.36001092	5.48906824	5.60172933	5.70528861	5.75091857	5.73267588	5.67734784	5.61191801	5.54167074	5.46292377	5.34891336	5.20394986	5.03339622	4.86104655	4.67651826	4.48799415	4.33000357	4.21690791	4.13556386	4.07211603	4.01702407	3.96717964
	1.57956285	1.55778031	1.53959810	1.52426813	1.51235489	1.50280887	1.49519777	1.50005132	1.57574900	1.66320903	1.77056456	1.94165409	2.12427075	2.34830463	2.62038326	2.90962062	3.21020122	3.50913616	3.79029226	4.03320573	4.24068020	4.43673948	4.61533516	4.77827528	4.92900160	5.07874087	5.22972929	5.36687577	5.49460918	5.60527314	5.70718247	5.75110319	5.73006094	5.67187190	5.60385592	5.53148874	5.45226337	5.33698284	5.19048866	5.02275985	4.85118071	4.66757688	4.48033785	4.32378035	4.21249802	4.13266739	4.07093235	4.01673263	3.96792669
	1.57885245	1.55734937	1.53916506	1.52366869	1.51142154	1.50162885	1.49377393	1.49846051	1.57641163	1.66329511	1.77696924	1.95055344	2.13417538	2.35945970	2.63068421	2.91850308	3.21693827	3.51404682	3.79333334	4.03462469	4.24099955	4.43836029	4.61650516	4.77957517	4.93187672	5.08246584	5.22940349	5.36616932	5.49236305	5.60156264	5.70223044	5.74502601	5.72216878	5.66288079	5.59284171	5.51955439	5.44082642	5.32722287	5.17871776	5.01220692	4.84087879	4.65837249	4.47202335	4.31684851	4.20685114	4.12799579	4.06750478	4.01408805	3.96572233
	1.56168292	1.54093365	1.52321409	1.50795890	1.49559793	1.48578601	1.47785417	1.48235061	1.55884384	1.64824706	1.76444817	1.93930813	2.12367615	2.34768067	2.61440584	2.89639462	3.18799680	3.47728834	3.74842417	3.98477356	4.18788505	4.38214564	4.55742903	4.71825476	4.86703993	5.01636203	5.16222535	5.29544848	5.41924827	5.52673092	5.62635770	5.66841194	5.64480166	5.58556160	5.51585523	5.44336762	5.36875382	5.25697171	5.10827960	4.94641817	4.77758562	4.59808636	4.41532051	4.26357426	4.15642227	4.08025907	4.02146928	3.97015693	3.92333776
	1.54640912	1.52670017	1.50971586	1.49492525	1.48253785	1.47281977	1.46488227	1.46914529	1.54234513	1.63542402	1.75338451	1.92888746	2.11320211	2.33405408	2.59349737	2.86650744	3.14755811	3.42560090	3.68479705	3.91416222	4.11229441	4.30160221	4.47240771	4.63099833	4.77258855	4.92023001	5.06587495	5.19434455	5.31520206	5.42039015	5.51887932	5.55998013	5.53568697	5.47503035	5.40696534	5.33712823	5.26718326	5.15584490	5.00900438	4.85452314	4.68977361	4.51482465	4.33737949	4.19038757	4.08743895	4.01475776	3.95843255	3.90999614	3.86560418
	1.56559058	1.54684429	1.53051155	1.51613365	1.50368787	1.49401505	1.48603674	1.48998713	1.56131636	1.65581928	1.77723567	1.95203126	2.13441707	2.35040901	2.60058569	2.86281379	3.13145831	3.39634331	3.64333737	3.86358506	4.05744190	4.23994809	4.40721997	4.56119284	4.69808251	4.84154509	4.98873876	5.11150470	5.22413333	5.32618763	5.42203174	5.46263485	5.43587161	5.37710594	5.31132735	5.24445573	5.17586404	5.06305889	4.92206760	4.77446405	4.61438997	4.44522832	4.27411670	4.13295411	4.03454381	3.96601851	3.91252255	3.86712485	3.82537651
	1.58189257	1.56343569	1.54725048	1.53294056	1.52039240	1.51061614	1.50254884	1.50631589	1.57795752	1.67230946	1.79683604	1.97120370	2.15243086	2.36600424	2.61155068	2.86821606	3.13070381	3.38869865	3.62952497	3.84567051	4.03706488	4.21555463	4.38175074	4.53267034	4.66933930	4.81006664	4.95499226	5.07914992	5.18617002	5.28552878	5.37930172	5.41754045	5.39031068	5.33392809	5.26992076	5.20405161	5.13057589	5.02086163	4.88206407	4.73723507	4.58001498	4.41414482	4.24635888	4.10839688	4.01259230	3.94606454	3.89419241	3.85034950	3.80977964
	1.59440940	1.57645267	1.56060112	1.54651196	1.53402635	1.52413910	1.51605746	1.51961754	1.58916499	1.68438483	1.80928054	1.98230066	2.16150893	2.37083626	2.60947271	2.85798723	3.11110701	3.35877682	3.59248169	3.79986638	3.98764056	4.16057457	4.32273244	4.47132538	4.60529455	4.74220797	4.88232167	5.00850326	5.11220069	5.21212834	5.30440519	5.33643336	5.31114124	5.25742560	5.19177874	5.12717142	5.05260765	4.94488573	4.81123286	4.67024020	4.51761222	4.35629866	4.19302284	4.05959449	3.96765427	3.90357360	3.85380810	3.81219680	3.77352125
	1.61399038	1.59646777	1.58087266	1.56692731	1.55447236	1.54430150	1.53612304	1.53941350	1.60816777	1.70352005	1.83066094	2.00249303	2.17976055	2.38448051	2.61481169	2.85390811	3.09649839	3.33288235	3.55738120	3.75676675	3.93877016	4.10779735	4.26555290	4.41261767	4.54467008	4.67751296	4.81247638	4.93871215	5.04551782	5.14202126	5.23105383	5.26125049	5.23452239	5.18269120	5.11732834	5.04840296	4.97338635	4.86780375	4.73858795	4.60168919	4.45331446	4.29722825	4.13936935	4.01058934	3.92306331	3.86198705	3.81462572	3.77565573	3.73898407
	1.64880425	1.63228646	1.61746436	1.60411135	1.59211498	1.58189571	1.57388615	1.57685613	1.63828094	1.73486626	1.85705585	2.02350183	2.19485696	2.38958381	2.60665207	2.83077905	3.05567134	3.27508994	3.48375414	3.66922217	3.84084719	4.00119614	4.14784446	4.28654437	4.41325210	4.54014647	4.66583582	4.78637181	4.89515105	4.98940009	5.07773323	5.10825183	5.08024655	5.02895718	4.96619850	4.89740609	4.82575235	4.72698403	4.60648314	4.47677442	4.33658713	4.19007302	4.04185210	3.92147125	3.84006844	3.78340980	3.73988236	3.70471811	3.67119431
	1.65593283	1.63970423	1.62508248	1.61186974	1.59996517	1.58960834	1.58156481	1.58438831	1.64420405	1.74145857	1.86353489	2.02864275	2.19817971	2.38944828	2.60139332	2.81948876	3.03814643	3.25094106	3.45431963	3.63449153	3.80289515	3.96007299	4.10485648	4.24008615	4.36620567	4.49198862	4.61423804	4.73283394	4.84084115	4.93547952	5.02484174	5.05544792	5.02631344	4.97162184	4.90977310	4.84213599	4.77089685	4.67444887	4.55754162	4.42986341	4.29236609	4.14910789	4.00421054	3.88708263	3.80781464	3.75294582	3.71094749	3.67745618	3.64530269
	1.65153431	1.63521095	1.62045784	1.60710655	1.59505281	1.58440575	1.57614380	1.57886109	1.64121921	1.73847094	1.86443574	2.03032132	2.20000850	2.39059906	2.60007881	2.81492242	3.03102572	3.24104158	3.44278798	3.62116266	3.78980344	3.94576089	4.09332629	4.22767832	4.35488294	4.48150218	4.60237748	4.72069546	4.82767235	4.92300760	5.01385032	5.04404574	5.01267781	4.95307867	4.89049337	4.82323084	4.74975013	4.65382637	4.53859842	4.41154577	4.27491391	4.13299375	3.98889516	3.87324837	3.79482237	3.74100462	3.69986065	3.66732029	3.63595841
	1.60735202	1.59108824	1.57631170	1.56288826	1.55073007	1.53985287	1.53121510	1.53387740	1.59730160	1.69613204	1.82468297	1.99155179	2.16202064	2.35165221	2.55786570	2.76877536	2.98047099	3.18537890	3.38045271	3.55571122	3.72073482	3.87505849	4.02186540	4.15535838	4.27912457	4.40507147	4.52347553	4.64202015	4.74719896	4.84164288	4.93218675	4.96184468	4.92704429	4.86784871	4.80642749	4.74003623	4.66625967	4.57260082	4.45968616	4.33460596	4.20045818	4.06225124	3.92068956	3.80795422	3.73209037	3.68003491	3.64076262	3.60934635	3.57943099
	1.63349616	1.61753858	1.60298886	1.58972958	1.57768600	1.56683061	1.55785505	1.56030499	1.62255015	1.72026671	1.84814679	2.01189162	2.17847405	2.36189166	2.55924463	2.75995255	2.96056398	3.15653014	3.34097084	3.50926834	3.66827603	3.81923844	3.95980889	4.09036930	4.21012709	4.33379305	4.44778162	4.56117524	4.66147804	4.75294071	4.84259216	4.87124798	4.83825797	4.78171955	4.71947632	4.65404264	4.58237661	4.49391173	4.38493055	4.26346047	4.13535229	4.00246077	3.86784985	3.76059239	3.68871808	3.63972315	3.60322379	3.57425851	3.54653547
	1.62054852	1.60474019	1.59028402	1.57707750	1.56505233	1.55418237	1.54496042	1.54732908	1.60826952	1.70653102	1.83348485	1.99636427	2.16140935	2.34209652	2.53561409	2.73085341	2.92602027	3.11662951	3.29601755	3.45962450	3.61496455	3.76190299	3.90070250	4.02806286	4.14582816	4.26607275	4.38045388	4.49013530	4.58808841	4.67805470	4.76748942	4.79549564	4.76382632	4.70835411	4.64623100	4.58196497	4.51325846	4.42864816	4.32033715	4.20100444	4.07615545	3.94634518	3.81611046	3.71172674	3.64236278	3.59507651	3.56029695	3.53272644	3.50645267
	1.59656333	1.58078421	1.56632386	1.55308514	1.54100872	1.53006921	1.52062248	1.52288758	1.58317731	1.68229878	1.80920280	1.97195576	2.13630273	2.31535699	2.50623671	2.69741183	2.88874571	3.07510804	3.25091334	3.41064408	3.56370468	3.70754047	3.84516501	3.97034420	4.08675859	4.20418688	4.31965619	4.42689024	4.52320942	4.61143041	4.70034454	4.72815443	4.69674985	4.64208210	4.57983836	4.51714859	4.45134322	4.36853480	4.26021357	4.14250500	4.02035809	3.89273241	3.76567586	3.66373766	3.59631152	3.55018736	3.51687293	3.49038298	3.46517536
	1.54011584	1.52445336	1.51005165	1.49681038	1.48469225	1.47367153	1.46395104	1.46594798	1.52297802	1.62511723	1.75076636	1.91319580	2.07619901	2.25219209	2.43818306	2.62240218	2.80791539	2.98620263	3.15455302	3.30732472	3.45614251	3.59397306	3.72766791	3.84923945	3.96220085	4.07645404	4.19070439	4.29767553	4.38880471	4.47436233	4.56067952	4.58922697	4.55911476	4.50682044	4.44596764	4.38863910	4.32853159	4.24463219	4.13901316	4.02415650	3.90739797	3.78404446	3.66214039	3.56543741	3.50125918	3.45725450	3.42648035	3.40216559	3.37863586
	1.49505802	1.47938392	1.46493196	1.45160481	1.43936659	1.42820259	1.41825151	1.41991903	1.47446391	1.57966972	1.70459657	1.86716986	2.03007959	2.20453251	2.38778724	2.56766381	2.75066707	2.92467476	3.08963473	3.23900124	3.38641426	3.52249271	3.65413311	3.77443522	3.88706101	4.00033860	4.11433174	4.22395978	4.31373203	4.40048194	4.48573401	4.51487641	4.48665322	4.43605055	4.38033777	4.32052452	4.26038493	4.17601687	4.07354172	3.95959434	3.84511118	3.72377126	3.60477804	3.51069000	3.44808395	3.40561648	3.37676916	3.35343365	3.33108907
	1.41564672	1.39939061	1.38439876	1.37056454	1.35783427	1.34621575	1.33586567	1.33735386	1.39493464	1.50196816	1.63047003	1.79571648	1.96211772	2.13931711	2.32423575	2.50552930	2.68963355	2.86278584	3.02797123	3.17720960	3.32652082	3.46401439	3.59567247	3.71804314	3.83395146	3.94816244	4.06280524	4.17321635	4.26492822	4.35044805	4.43513377	4.46478175	4.43675637	4.39054591	4.33713639	4.27451766	4.21489328	4.12828063	4.02426701	3.91038036	3.79594532	3.67412193	3.55492339	3.46152447	3.39912079	3.35721350	3.32896281	3.30621856	3.28379051
	1.36366922	1.34710680	1.33182858	1.31771644	1.30471118	1.29283447	1.28229601	1.28361013	1.34219084	1.45010084	1.57969196	1.74535835	1.91347392	2.09126410	2.27569544	2.45629130	2.63919674	2.81102549	2.97407023	3.12220789	3.27091100	3.40800018	3.53766391	3.65991864	3.77616318	3.89052849	4.00549992	4.11322392	4.20956768	4.29246860	4.37808841	4.40683108	4.37944050	4.33612310	4.28334146	4.22131686	4.16105480	4.07522136	3.97078584	3.85873812	3.74570227	3.62478151	3.50672866	3.41526036	3.35346263	3.31266522	3.28501056	3.26281529	3.24006307
	1.29476706	1.27787792	1.26228796	1.24786161	1.23454535	1.22235649	1.21152013	1.21251989	1.26991216	1.37966076	1.50999696	1.67622596	1.84616874	2.02392698	2.20654040	2.38459748	2.56451790	2.73353722	2.89235879	3.03760962	3.18398073	3.31976422	3.44703143	3.56820158	3.68357806	3.80072921	3.91286282	4.01896515	4.11596752	4.20219955	4.29069716	4.32029123	4.29317862	4.24837199	4.19539305	4.13632792	4.07651726	3.99311489	3.89075605	3.78142836	3.67089523	3.55216366	3.43658076	3.34774393	3.28736091	3.24795402	3.22182889	3.20046130	3.17790105
	1.24490842	1.22774398	1.21189544	1.19721271	1.18363865	1.17118710	1.16012343	1.16078839	1.21668214	1.32689220	1.45710268	1.62245015	1.79273501	1.96874027	2.14759283	2.32145449	2.49570458	2.65939658	2.81270579	2.95444659	3.09502727	3.22858754	3.35474895	3.46984581	3.58358402	3.69902155	3.81068447	3.91552961	4.01064894	4.10033533	4.19044362	4.22071061	4.19344483	4.14725906	4.09551713	4.04003269	3.98261726	3.90463082	3.80502904	3.69962288	3.59190352	3.47781177	3.36627938	3.28055464	3.22268689	3.18544902	3.16114489	3.14081358	3.11978600
	1.22338450	1.20680888	1.19143812	1.17713727	1.16387298	1.15165238	1.14065916	1.14078915	1.18577050	1.29691227	1.42057134	1.58141734	1.74735266	1.91622796	2.08599791	2.25036352	2.41494277	2.56882902	2.71063587	2.84473361	2.97457696	3.10095384	3.22031948	3.32810279	3.43441908	3.54509379	3.65439868	3.75822988	3.85103147	3.94023927	4.03017724	4.06121600	4.03585785	3.99364147	3.94556156	3.89660564	3.84456372	3.77228270	3.67927694	3.58094168	3.47961526	3.37383599	3.26944368	3.18960336	3.13592917	3.10197598	3.08043983	3.06172182	3.04309846
