	0.32805229	0.29550621	0.26531582	0.23719098	0.21142255	0.18861916	0.16959117	0.15857242	0.17541104	0.20995325	0.22745208	0.24951845	0.28471676	0.33916350	0.42104565	0.54116955	0.73614947	1.04647859	1.43960862	1.91805646	2.34032758	2.71152475	3.03657047	3.32677311	3.58560781	3.78136267	3.89118237	3.93583926	3.95566318	3.94814113	3.92519137	3.89320006	3.85476659	3.80031092	3.72925495	3.64747181	3.55986529	3.47198613	3.39242446	3.32632984	3.26961771	3.21630972	3.16301152	3.10261317	3.02673453	2.93641409	2.83930558	2.74187365	2.64720758
	0.36897206	0.33069626	0.29543155	0.26276515	0.23350886	0.20808273	0.18770305	0.17842854	0.20643963	0.24341450	0.26311853	0.28994353	0.33176515	0.39446442	0.48629603	0.61840794	0.82801313	1.16953216	1.64018156	2.18948271	2.75335799	3.27732806	3.73577373	4.14251809	4.50086949	4.76897718	4.92069043	4.98702839	5.01541765	5.00685579	4.97824507	4.93447308	4.88228074	4.80920358	4.71341763	4.60338615	4.48514775	4.36570862	4.25672532	4.16550590	4.08650690	4.01170029	3.93667312	3.85256639	3.74739089	3.62122796	3.48509239	3.34821648	3.21545513
	0.36001098	0.32276058	0.28839187	0.25666645	0.22847868	0.20425229	0.18584406	0.18107966	0.21676084	0.25330556	0.27052021	0.29624361	0.33784302	0.40050503	0.49297055	0.62505649	0.83056982	1.16666094	1.63903525	2.19648470	2.77428955	3.31140961	3.78121152	4.19808104	4.56698644	4.84546649	5.00545324	5.08098124	5.11535105	5.11388268	5.09044302	5.04925122	4.99830335	4.92586169	4.82997974	4.71959069	4.60078576	4.47995478	4.36889998	4.27485873	4.19225600	4.11328456	4.03421003	3.94670931	3.83904541	3.71125117	3.57474129	3.43820878	3.30604487
	0.35085003	0.31436175	0.28063826	0.24964028	0.22231931	0.19914112	0.18255487	0.18233289	0.22457576	0.25841658	0.27345157	0.29777750	0.33806304	0.39857840	0.48900532	0.61995261	0.82441466	1.16117680	1.63796341	2.20083483	2.78437872	3.32618334	3.79949509	4.21970051	4.59247470	4.87432488	5.03653452	5.11568976	5.15271582	5.15482117	5.13279899	5.09324000	5.04349221	4.97138784	4.87541738	4.76483637	4.64594659	4.52454584	4.41282526	4.31770773	4.23323801	4.15179997	4.07018639	3.98030234	3.87023724	3.74049909	3.60297157	3.46615868	3.33413009
	0.33447424	0.29934822	0.26686775	0.23735588	0.21172619	0.19059104	0.17761863	0.18676903	0.23664796	0.26381265	0.27651527	0.29780915	0.33426776	0.38750069	0.46851755	0.59044798	0.78665364	1.11969605	1.60231290	2.17456305	2.76813474	3.31809340	3.79622840	4.22026129	4.59737130	4.88295600	5.04722205	5.13093187	5.17193356	5.18003764	5.16326973	5.12886789	5.08377862	5.01457241	4.92056791	4.81137732	4.69389413	4.57277302	4.46031283	4.36358295	4.27630332	4.19094065	4.10518292	4.01151170	3.89773335	3.76473015	3.62518542	3.48746155	3.35524504
	0.32482286	0.29016509	0.25824280	0.22967586	0.20519251	0.18564540	0.17581422	0.19399358	0.24687388	0.26880661	0.28037107	0.29994641	0.33438475	0.38433347	0.46147073	0.58007768	0.77448928	1.10874645	1.59586748	2.17227827	2.76989258	3.32291278	3.80270529	4.22899444	4.60945211	4.89691153	5.06261276	5.15008253	5.19377168	5.20711918	5.19423337	5.16403241	5.12223167	5.05496143	4.96250009	4.85461384	4.73839733	4.61785155	4.50512033	4.40712371	4.31754506	4.22934202	4.14050337	4.04390355	3.92728418	3.79214694	3.65163565	3.51380388	3.38200295
	0.31282645	0.27933394	0.24854810	0.22136268	0.19823764	0.18040152	0.17385175	0.20021496	0.25172588	0.27128279	0.28174009	0.29931367	0.33090308	0.37356590	0.43986337	0.54728251	0.73069577	1.05611079	1.54218383	2.12114949	2.72239495	3.27899947	3.76010787	4.18724944	4.56812308	4.85598419	5.02026659	5.10807077	5.15143379	5.16551474	5.15270969	5.12384600	5.08384168	5.01888797	4.92891011	4.82339966	4.70957864	4.59078460	4.47883026	4.38067833	4.29030825	4.20133156	4.11150117	4.01429212	3.89794418	3.76331058	3.62348605	3.48656911	3.35586609
	0.29719403	0.26421795	0.23428443	0.20871287	0.18755813	0.17322436	0.17605492	0.22316252	0.26438267	0.27807496	0.28781094	0.30488762	0.33398576	0.37394869	0.43762723	0.54381194	0.73016072	1.06424765	1.56074763	2.14953742	2.75891522	3.31892700	3.80197504	4.23033743	4.61405344	4.89864223	5.05829487	5.14565883	5.19051969	5.20596754	5.19598513	5.17161839	5.13590055	5.07372467	4.98593837	4.88227504	4.76983557	4.65152212	4.53998968	4.44003373	4.34541120	4.25086153	4.15513119	4.05121118	3.92751211	3.78683223	3.64314644	3.50386623	3.37171824
	0.28413325	0.25208078	0.22328519	0.19922440	0.17982699	0.16838621	0.17949605	0.23643682	0.26873263	0.28025708	0.28994520	0.30684720	0.33399503	0.37115997	0.43064198	0.53124154	0.71085651	1.03972586	1.53726542	2.13271363	2.74812361	3.31068216	3.79460742	4.22243537	4.60617109	4.88600154	5.04068256	5.12399958	5.16675863	5.18277365	5.17460863	5.15260105	5.12049932	5.06230448	4.97865498	4.87830922	4.76913999	4.65381643	4.54333540	4.44277059	4.34598747	4.24864385	4.14966983	4.04199320	3.91502952	3.77194144	3.62681159	3.48681138	3.35433332
	0.26822075	0.23744518	0.21020361	0.18805538	0.17089586	0.16319044	0.18551912	0.24808275	0.27276132	0.28182487	0.29162033	0.30839744	0.33368207	0.36790156	0.42264032	0.51639322	0.68665476	1.00727272	1.50347164	2.10351971	2.72206878	3.28362075	3.76569675	4.19129669	4.57398112	4.84820163	4.99313227	5.07129641	5.11247355	5.12822453	5.12172823	5.10339590	5.07702433	5.02471611	4.94733268	4.85261934	4.74861820	4.63760569	4.52928149	4.42808682	4.32968143	4.22916850	4.12670893	4.01489287	3.88449919	3.73914007	3.59276338	3.45240722	3.32009025
	0.25593057	0.22560126	0.19935509	0.17868823	0.16352886	0.15984557	0.19484907	0.25668478	0.27600551	0.28371219	0.29414951	0.31143002	0.33596413	0.37150247	0.43014948	0.52851606	0.70283844	1.02794649	1.52858727	2.13416683	2.75672999	3.31774063	3.80020748	4.22618617	4.61041744	4.87986750	5.02073624	5.09454672	5.13693998	5.15409572	5.15061613	5.13650650	5.11544271	5.06677120	4.99220584	4.90037442	4.79762355	4.68748028	4.57840836	4.47518396	4.37366598	4.26859745	4.16133103	4.04413133	3.90739421	3.75660492	3.60597543	3.46244020	3.32747056
	0.24800148	0.21823659	0.19285046	0.17323383	0.15940076	0.15848964	0.20158546	0.26070545	0.27727704	0.28468458	0.29541946	0.31274076	0.33661726	0.37197563	0.43088914	0.52959558	0.70379373	1.02877884	1.53017535	2.13854962	2.76352146	3.32488049	3.80694533	4.23340324	4.61812278	4.88386273	5.02213288	5.09397261	5.13575431	5.15327105	5.15190915	5.13973331	5.12224723	5.07615777	5.00389830	4.91379127	4.81220703	4.70311501	4.59386002	4.49012227	4.38666965	4.28000587	4.17059297	4.05062036	3.91105735	3.75782245	3.60529052	3.46033765	3.32424459
	0.24271274	0.21288714	0.18791698	0.16893717	0.15619267	0.15813728	0.20917101	0.26473471	0.27923479	0.28662105	0.29775262	0.31527996	0.33883196	0.37661304	0.44133420	0.54785357	0.73069430	1.06431987	1.57145815	2.18480927	2.81364139	3.37778766	3.86192861	4.29026406	4.67708435	4.94377507	5.08038032	5.15368921	5.19721303	5.21527549	5.21633559	5.20715350	5.19262985	5.14731367	5.07506754	4.98454009	4.88302327	4.77221681	4.66119094	4.55411374	4.44623175	4.33573610	4.22157150	4.09611866	3.95073398	3.79212687	3.63515746	3.48643752	3.34718306
	0.23737439	0.20776378	0.18334901	0.16505075	0.15331528	0.15776378	0.21457997	0.26760032	0.28036865	0.28788947	0.29933619	0.31692168	0.34013396	0.37879942	0.44573059	0.55495603	0.73953513	1.07375859	1.58145836	2.19681287	2.82731779	3.39309195	3.87751955	4.30691101	4.69455469	4.96078026	5.09579642	5.16866939	5.21150301	5.23123940	5.23295845	5.22603097	5.21273408	5.16905564	5.09629585	5.00622577	4.90527274	4.79431421	4.68336753	4.57485269	4.46483369	4.35202847	4.23569495	4.10788972	3.96013907	3.79931810	3.64051640	3.49023997	3.34971143
	0.23107786	0.20157529	0.17779370	0.16030453	0.14987440	0.15775344	0.22129023	0.27100297	0.28196308	0.28967352	0.30151596	0.31921372	0.34212361	0.38316218	0.45564688	0.57233930	0.76465193	1.10541610	1.61659872	2.23526844	2.86748575	3.43491338	3.92055766	4.35157083	4.74107123	5.00484279	5.14000810	5.21329653	5.25653042	5.27743623	5.27969658	5.27597084	5.26420664	5.22143587	5.14840753	5.05798461	4.95658921	4.84449652	4.73174804	4.62035514	4.50747711	4.39083485	4.27060048	4.13772458	3.98527750	3.82088360	3.65892114	3.50594108	3.36308074
	0.22411935	0.19500746	0.17207041	0.15553205	0.14647509	0.15793922	0.22735526	0.27325668	0.28318185	0.29115074	0.30331476	0.32102401	0.34359110	0.38679036	0.46434356	0.58783986	0.78747917	1.13462185	1.64938946	2.27132521	2.90473903	3.47245595	3.95825579	4.38947783	4.77997157	5.04120008	5.17490669	5.24911360	5.29221904	5.31397726	5.31545488	5.31413759	5.30339908	5.26137265	5.18958201	5.09940897	4.99813381	4.88541587	4.77103786	4.65732642	4.54174227	4.42168501	4.29762536	4.15966536	4.00285228	3.83527706	3.67072163	3.51558303	3.37082001
	0.22073675	0.19155931	0.16893912	0.15283668	0.14468182	0.15903741	0.23197988	0.27478439	0.28440771	0.29256166	0.30498883	0.32282963	0.34536923	0.39150409	0.47588868	0.60895038	0.82042261	1.18021553	1.70246742	2.32837172	2.96294770	3.53094365	4.01655445	4.44806442	4.83978833	5.10125273	5.23392181	5.31163654	5.35495277	5.37938637	5.38116552	5.38168876	5.37215593	5.32885026	5.25588285	5.16428176	5.06168393	4.94718944	4.83143332	4.71447789	4.59480859	4.47068267	4.34202315	4.19844069	4.03644862	3.86480505	3.69705196	3.53915141	3.39184198
	0.21301706	0.18457610	0.16302737	0.14806790	0.14150953	0.16043202	0.23858496	0.27643501	0.28557858	0.29407728	0.30673827	0.32442143	0.34645769	0.39378595	0.48154465	0.61859961	0.83437163	1.19854131	1.72378324	2.35242003	2.98888894	3.55622993	4.04170033	4.47280148	4.86315528	5.12389040	5.25425202	5.33005748	5.37409768	5.39704475	5.39919413	5.40099134	5.39271164	5.35059636	5.27913676	5.18879100	5.08768363	4.97404632	4.85752104	4.73906894	4.61734717	4.48999540	4.35753435	4.21009742	4.04363335	3.86929562	3.70001990	3.54066723	3.39201019
	0.20715294	0.17926209	0.15852348	0.14446218	0.13931007	0.16261313	0.24401983	0.27768672	0.28669820	0.29549841	0.30838156	0.32604429	0.34780466	0.39715547	0.49003187	0.63349918	0.85715848	1.22969930	1.76021132	2.39188473	3.02982506	3.59674071	4.08317501	4.51428817	4.90249080	5.16174646	5.29199728	5.36609813	5.41257581	5.43419720	5.43719160	5.43984363	5.43217146	5.39026548	5.31909664	5.22878424	5.12804779	5.01492411	4.89675592	4.77601215	4.65118739	4.52099755	4.38514078	4.23331735	4.06141770	3.88400426	3.71280791	3.55143476	3.40079345
	0.20061725	0.17349712	0.15376222	0.14065306	0.13711602	0.16551996	0.24931598	0.27902750	0.28778604	0.29688479	0.30994948	0.32747806	0.34889375	0.39960339	0.49600045	0.64404302	0.87299993	1.25107124	1.78503826	2.41889140	3.05744367	3.62452366	4.11036331	4.54135548	4.92911850	5.18382196	5.31255264	5.38562878	5.43175875	5.45327661	5.45484677	5.45847954	5.45173493	5.41099934	5.34133221	5.25257796	5.15335231	5.04168808	4.92230786	4.80045564	4.67256857	4.53997414	4.40138122	4.24537839	4.07002630	3.89013296	3.71726838	3.55446720	3.40236086
	0.19639337	0.16949522	0.15031264	0.13773388	0.13534854	0.16735899	0.25198784	0.27973893	0.28821977	0.29753188	0.31076452	0.32845172	0.34998003	0.40419441	0.50818936	0.66620764	0.90735606	1.29765217	1.83845322	2.47505180	3.11428622	3.68040938	4.16508722	4.59468723	4.98294417	5.23636644	5.36538125	5.44199598	5.48895646	5.51380651	5.51575330	5.52166158	5.51500926	5.47376073	5.40351717	5.31429685	5.21465784	5.10116567	4.97892037	4.85474925	4.72249225	4.58572471	4.44221570	4.28140831	4.10178295	3.91764814	3.74210951	3.57724071	3.42272661
	0.19030128	0.16410958	0.14579860	0.13394503	0.13303768	0.16990401	0.25486734	0.28057004	0.28884536	0.29834059	0.31176301	0.32948164	0.35095609	0.40838997	0.51943658	0.68670085	0.93936143	1.34089531	1.88824092	2.52815481	3.16749493	3.73186570	4.21578697	4.64208882	5.02933553	5.28296577	5.41138917	5.49039304	5.53961737	5.56570265	5.56962635	5.57805589	5.57166309	5.53074052	5.46076992	5.37207311	5.27310981	5.15918048	5.03501243	4.90644649	4.77072876	4.62924095	4.48097204	4.31449018	4.12895050	3.94096157	3.76285151	3.59593968	3.43906158
	0.18459291	0.15910095	0.14156553	0.13032735	0.13087375	0.17268685	0.25753704	0.28112532	0.28928939	0.29889978	0.31261992	0.33039043	0.35183915	0.41284318	0.53169036	0.70920616	0.97531574	1.39026094	1.94517048	2.58922036	3.22759803	3.79149744	4.27492234	4.69886623	5.08330886	5.33620169	5.46600479	5.54615301	5.60047919	5.62819222	5.63444213	5.64546938	5.63965718	5.59896400	5.52882690	5.44044023	5.34175799	5.22827111	5.10207318	4.96865500	4.82791015	4.68138949	4.52802850	4.35423917	4.16275449	3.97105531	3.78944811	3.62007529	3.46055688
	0.17735100	0.15323835	0.13687312	0.12644210	0.12874981	0.17671911	0.26142048	0.28143163	0.29021632	0.29977992	0.31383445	0.33146131	0.35265782	0.41509675	0.53728336	0.71899526	0.99017647	1.40930630	1.96582017	2.61137483	3.25023149	3.81372954	4.29603489	4.72036197	5.10050663	5.34975178	5.47743963	5.55635927	5.61055073	5.64090074	5.64693302	5.65931509	5.65558127	5.61689472	5.54899285	5.46316394	5.36697663	5.25449342	5.12722377	4.99297265	4.84986120	4.70046236	4.54411561	4.36672184	4.17338163	3.97946081	3.79520100	3.62498559	3.46443366
	0.17256350	0.14931709	0.13347474	0.12328664	0.12659949	0.17786024	0.26217705	0.28029174	0.28955355	0.29928440	0.31361997	0.33145432	0.35287999	0.41927038	0.54990694	0.74243617	1.02705619	1.45816941	2.02149664	2.66939390	3.30764688	3.86831676	4.34788720	4.77053769	5.14917223	5.39526174	5.52427068	5.60773917	5.66457634	5.69930439	5.71019772	5.72606753	5.72352946	5.68460441	5.61671485	5.53078227	5.43445051	5.31981694	5.18966386	5.05108415	4.90474763	4.75059860	4.58900761	4.40704923	4.20920293	4.01127209	3.82439352	3.65215463	3.48989673
	0.16541233	0.14351068	0.12837844	0.11862890	0.12420409	0.18269099	0.26466746	0.28045997	0.28912156	0.29980881	0.31453586	0.33230283	0.35358737	0.42302840	0.56091074	0.76191116	1.05604805	1.49555778	2.06465518	2.71620650	3.35224232	3.91204622	4.38862326	4.80683255	5.18752369	5.42976760	5.55729371	5.64255517	5.70424292	5.73996227	5.75497259	5.77348511	5.77312583	5.73569418	5.66959899	5.58540705	5.49065268	5.37746370	5.24566670	5.10230164	4.95132861	4.79360044	4.62791749	4.44012206	4.23658303	4.03554110	3.84723861	3.67161149	3.50735970
	0.16064613	0.13959451	0.12460035	0.11485062	0.12231851	0.18627608	0.26624249	0.28017144	0.28833279	0.29962508	0.31465009	0.33243673	0.35365958	0.42617338	0.57164599	0.78052037	1.08424156	1.53262451	2.10729764	2.76037728	3.39498159	3.95262265	4.42473431	4.83882095	5.21851295	5.45792143	5.58405899	5.67121002	5.73633985	5.77628023	5.79293302	5.81417241	5.81574638	5.77966004	5.71522752	5.63272963	5.53960178	5.42611566	5.29257278	5.14756318	4.99119479	4.82943142	4.65963616	4.46711222	4.25962469	4.05668875	3.86631780	3.68810691	3.52199413
	0.15742633	0.13685315	0.12125246	0.11115662	0.12047666	0.18826303	0.26654757	0.27893328	0.28659825	0.29836482	0.31371651	0.33168430	0.35302326	0.42914151	0.58297272	0.80064770	1.11512413	1.57409890	2.15460523	2.80926577	3.44331414	3.99817228	4.46853151	4.87679982	5.25435021	5.48791000	5.62085448	5.70904692	5.77863907	5.82412774	5.84547261	5.87073949	5.87374923	5.83910136	5.77574656	5.69393961	5.60140187	5.48448380	5.34870565	5.20008310	5.04128375	4.87354598	4.69892785	4.50195556	4.29128699	4.08550922	3.89256343	3.71195171	3.54418462
	0.15314725	0.13250609	0.11582307	0.10613437	0.11904074	0.19333608	0.26737081	0.27788568	0.28554874	0.29792836	0.31360222	0.33159484	0.35279848	0.43162020	0.59199892	0.81697917	1.13852110	1.60440422	2.18708245	2.84307051	3.47422116	4.02507755	4.49291753	4.89832455	5.27297008	5.50239159	5.63491806	5.72880036	5.79881077	5.84847159	5.87451968	5.90391100	5.90870916	5.87599771	5.81432643	5.73382250	5.64284947	5.52700615	5.38771593	5.23538343	5.07494884	4.90436254	4.72515954	4.52525363	4.31118665	4.10285692	3.90813929	3.72606578	3.55656538
	0.15042006	0.12872437	0.11051878	0.10170541	0.11749121	0.19513132	0.26665888	0.27614464	0.28382283	0.29638382	0.31223976	0.33032157	0.35150118	0.43375075	0.60263112	0.83843815	1.17147270	1.64867041	2.23637174	2.89123666	3.51529778	4.05823176	4.51904928	4.92388873	5.29359754	5.52132220	5.65020913	5.75380847	5.82868770	5.88291730	5.91500481	5.94833918	5.95452224	5.92286268	5.86196052	5.78137984	5.69044973	5.57613282	5.43456868	5.27752411	5.11103157	4.93890048	4.75369586	4.54897087	4.33217261	4.12195019	3.92623221	3.74305033	3.57121330
	0.14827949	0.12531274	0.10602275	0.09836371	0.11618126	0.19562219	0.26617569	0.27474688	0.28250100	0.29517358	0.31118261	0.32929500	0.35034855	0.43497069	0.60958700	0.85223793	1.19244631	1.67706861	2.26823939	2.92175583	3.54344190	4.08230945	4.53905280	4.94147112	5.30740323	5.53370670	5.66398093	5.76693969	5.85068706	5.90763493	5.94361518	5.97977774	5.98824333	5.95824501	5.89883429	5.81920058	5.72838692	5.61127879	5.47017091	5.30960750	5.13981601	4.96251521	4.77640750	4.56650938	4.34767212	4.13715468	3.94008859	3.75541158	3.58204613
	0.14685418	0.12237997	0.10255284	0.09596560	0.11442374	0.19316265	0.26538305	0.27356569	0.28120811	0.29384485	0.30992892	0.32804871	0.34900542	0.43493364	0.61280302	0.85966150	1.20477610	1.69445327	2.28828998	2.94182059	3.56177423	4.09764979	4.55202286	4.95213754	5.31533998	5.54117988	5.67342311	5.77790431	5.86402207	5.92528190	5.96448446	6.00242311	6.01263824	5.98381372	5.92488947	5.84643114	5.75617565	5.63795506	5.49457203	5.33305028	5.16030158	4.98047210	4.79244215	4.58001329	4.35985144	4.14850592	3.95085684	3.76531534	3.59059749
	0.14398816	0.11668334	0.09643958	0.09179797	0.11078116	0.18712586	0.26327554	0.27126087	0.27864109	0.29123693	0.30740589	0.32550624	0.34626752	0.43270283	0.61258920	0.86285405	1.21188983	1.70539786	2.30090311	2.95286407	3.56893296	4.10084752	4.55129521	4.94678159	5.30528320	5.53012862	5.66440034	5.77212864	5.85931763	5.92560180	5.96938318	6.00951565	6.02190448	5.99558371	5.93870024	5.86173611	5.77309465	5.65465036	5.50821390	5.34580762	5.17196787	4.98913840	4.79817495	4.58490711	4.36423456	4.15223003	3.95511363	3.76960233	3.59441989
	0.14442880	0.11652856	0.09597943	0.09120638	0.10857659	0.17885748	0.26042339	0.26930823	0.27587747	0.28789100	0.30395005	0.32247163	0.34360270	0.43188751	0.61638055	0.87376832	1.23197272	1.73402125	2.33401374	2.98487755	3.59721968	4.12590370	4.57310894	4.96592482	5.32207535	5.54673608	5.68584067	5.79632970	5.88821015	5.95841022	6.00589920	6.04788617	6.06057324	6.03413649	5.97610190	5.89767392	5.80746665	5.68767604	5.53887709	5.37430158	5.19768880	5.01192901	4.81739729	4.60277982	4.38077959	4.16907048	3.97213142	3.78654109	3.61118624
	0.14345425	0.11431571	0.09350030	0.08946302	0.10677100	0.17492896	0.25892033	0.26809274	0.27438415	0.28626073	0.30227873	0.32085641	0.34200613	0.43083934	0.61701782	0.87697596	1.23825340	1.74321510	2.34453397	2.99368624	3.60342418	4.13008467	4.57491783	4.96524639	5.31899649	5.54337882	5.68381206	5.79692286	5.88940771	5.96190196	6.01195482	6.05490476	6.06855704	6.04313695	5.98597275	5.90777727	5.81808642	5.69819282	5.54758492	5.38185161	5.20493190	5.01784863	4.82105229	4.60624622	4.38398778	4.17220294	3.97566073	3.79019617	3.61488236
	0.13786599	0.10481625	0.08579013	0.08474675	0.10154979	0.16282120	0.25459905	0.26480678	0.27019044	0.28169122	0.29759423	0.31624424	0.33720793	0.42477378	0.60949291	0.86932906	1.23012927	1.73325106	2.33316765	2.97847555	3.58247497	4.10339701	4.54435890	4.92727294	5.27520805	5.49841539	5.64145988	5.75672500	5.85046123	5.92417293	5.97890300	6.02382819	6.03905790	6.01557811	5.96114277	5.88500626	5.79710482	5.67800312	5.52724645	5.36198191	5.18541748	4.99687959	4.80028844	4.58573417	4.36582138	4.15562008	3.96121836	3.77827103	3.60511187
	0.13489802	0.10005189	0.08242205	0.08271393	0.09846909	0.15341717	0.24950644	0.26281426	0.26732431	0.27808369	0.29359632	0.31236535	0.33353434	0.42160321	0.60854301	0.87259643	1.23801260	1.74427745	2.34554704	2.98803705	3.58717843	4.10307135	4.54102631	4.91838019	5.26218232	5.48476529	5.63207921	5.75043715	5.84513536	5.92385696	5.98230715	6.02975134	6.04510482	6.02038481	5.96581591	5.88944116	5.80108381	5.68274830	5.53075993	5.36464037	5.18619452	4.99591894	4.79852746	4.58262964	4.36403277	4.15466000	3.96130227	3.77971457	3.60770591
	0.13303736	0.09724792	0.08053748	0.08157306	0.09629688	0.14576054	0.24371328	0.26111793	0.26494445	0.27488279	0.28990632	0.30877771	0.33025543	0.41922332	0.60921662	0.87859179	1.25011520	1.76154252	2.36508107	3.00553172	3.60089699	4.11280114	4.54815718	4.92132351	5.26193443	5.48518369	5.63562743	5.75794860	5.85364918	5.93741491	5.99919153	6.04909631	6.06487737	6.03981296	5.98433308	5.90717059	5.81793251	5.69872557	5.54523621	5.37763866	5.19709284	5.00459685	4.80553995	4.58785634	4.36970736	4.16074173	3.96819366	3.78750900	3.61615530
	0.12738941	0.09169477	0.07735615	0.07966441	0.09331108	0.13692866	0.23531531	0.25895585	0.26201088	0.27113918	0.28552695	0.30431336	0.32594354	0.41455255	0.60521106	0.87739343	1.25232509	1.76592319	2.37097999	3.00871110	3.59928247	4.10691470	4.53783205	4.90538678	5.24156268	5.46498028	5.61912325	5.74170918	5.84152080	5.92872301	5.99104434	6.04316258	6.05970749	6.03546231	5.98090333	5.90472838	5.81628788	5.69688184	5.54319517	5.37471583	5.19246569	4.99864033	4.79866458	4.57955510	4.36247956	4.15554192	3.96379364	3.78465526	3.61511726
	0.12288850	0.08738215	0.07493479	0.07824926	0.09105665	0.13018319	0.22606880	0.25692505	0.25951898	0.26812653	0.28169880	0.30024011	0.32207478	0.41042673	0.60201469	0.87715597	1.25567192	1.77151558	2.37816327	3.01428432	3.60072736	4.10383920	4.53125023	4.89414435	5.22670663	5.45121394	5.60780515	5.73163953	5.83519067	5.92567100	5.99009289	6.04405022	6.06131237	6.03764396	5.98328141	5.90733354	5.81968910	5.69917651	5.54479007	5.37584390	5.19130402	4.99592655	4.79494049	4.57418292	4.35802297	4.15245315	3.96139134	3.78381353	3.61601143
	0.11267611	0.07993621	0.07095196	0.07579862	0.08760268	0.12132662	0.21371031	0.25405755	0.25628550	0.26414026	0.27679166	0.29489873	0.31667559	0.40332958	0.59246760	0.86664209	1.24442082	1.75769385	2.36135313	2.99227813	3.57191287	4.06839693	4.48771216	4.84621257	5.17200895	5.39563847	5.55280892	5.67886337	5.78366229	5.87280003	5.93756650	5.99181704	6.00984198	5.98782865	5.93592991	5.86301532	5.77836680	5.65948460	5.50715334	5.33827003	5.15323114	4.95987995	4.75808079	4.53962605	4.32446269	4.12276537	3.93497570	3.75931978	3.59504941
	0.10982771	0.07840184	0.07019315	0.07514930	0.08575823	0.11465958	0.20026118	0.25168954	0.25411764	0.26109519	0.27256001	0.29022504	0.31241254	0.40024249	0.59350018	0.87487554	1.26075138	1.77975553	2.38606553	3.01321831	3.58721482	4.07772476	4.49147288	4.84644718	5.16803333	5.39159060	5.55312781	5.68325915	5.79234131	5.88467808	5.95347994	6.00985075	6.02835879	6.00592304	5.95295009	5.87910795	5.79379041	5.67345700	5.51936814	5.34828636	5.16050852	4.96515842	4.76012983	4.54044627	4.32524237	4.12475142	3.93844672	3.76432420	3.60120971
	0.11033647	0.07934373	0.07069588	0.07520215	0.08487002	0.11055846	0.18859401	0.24941408	0.25307354	0.25900444	0.26967222	0.28685893	0.30934080	0.39882853	0.59673242	0.88550134	1.27910753	1.80382832	2.41259032	3.03704638	3.60741381	4.09392920	4.50448494	4.85697986	5.17580350	5.40022032	5.56487045	5.69980436	5.81193564	5.90897149	5.98192979	6.04047208	6.05862795	6.03532307	5.98085134	5.90523113	5.81773618	5.69555784	5.53869856	5.36543971	5.17521006	4.97768786	4.76942837	4.54849905	4.33284924	4.13293622	3.94698545	3.77400593	3.61133589
	0.10492988	0.07636444	0.06912123	0.07410169	0.08331974	0.10684806	0.17887105	0.24690812	0.25188595	0.25699841	0.26718614	0.28382946	0.30619035	0.39538471	0.59298000	0.88258809	1.27669725	1.80073190	2.40766702	3.02833839	3.59391545	4.07610064	4.48259210	4.83295054	5.14639481	5.37000873	5.53535234	5.67110162	5.78441697	5.88093614	5.95464602	6.01312895	6.03136016	6.00867972	5.95530019	5.88094961	5.79392225	5.67297010	5.51709671	5.34323669	5.15305577	4.95651083	4.74761150	4.52850721	4.31346336	4.11574294	3.93201594	3.76045866	3.59970731
	0.10298157	0.07589748	0.06887312	0.07369865	0.08238270	0.10387808	0.16900125	0.24319230	0.25092018	0.25516900	0.26478210	0.28079342	0.30317375	0.39324879	0.59340242	0.88760860	1.28688275	1.81435874	2.42313658	3.04167232	3.60263674	4.08075956	4.48493860	4.83236291	5.14155154	5.36588042	5.53265566	5.66990180	5.78615321	5.88334837	5.95915204	6.01857174	6.03674189	6.01387088	5.96028886	5.88597265	5.79894074	5.67813760	5.52219325	5.34596430	5.15457613	4.95643609	4.74593478	4.52620837	4.31189288	4.11456631	3.93243338	3.76228819	3.60220842
	0.09642139	0.07214925	0.06690533	0.07220878	0.07997447	0.09759778	0.14859065	0.23190502	0.24843626	0.25134923	0.25970302	0.27407638	0.29603948	0.38670139	0.58987588	0.89088018	1.29783419	1.82918005	2.43822574	3.05239225	3.60427436	4.07499324	4.46979447	4.81107944	5.11246273	5.33469669	5.50550239	5.64718394	5.76854989	5.86892506	5.94890330	6.01129076	6.03016646	6.00794435	5.95397672	5.87912390	5.79146322	5.66943360	5.51243155	5.33473796	5.14091434	4.94171874	4.72777248	4.50861785	4.29468626	4.10076507	3.92125442	3.75387143	3.59731093
	0.09608596	0.07261993	0.06719275	0.07219401	0.07943241	0.09544517	0.14035227	0.22579492	0.24755942	0.25003927	0.25773436	0.27135713	0.29330785	0.38567067	0.59325029	0.90062590	1.31517425	1.85196972	2.46315108	3.07557714	3.62431203	4.09095959	4.48370865	4.82231419	5.12107280	5.34385183	5.51737263	5.66102260	5.78572909	5.88930130	5.97168483	6.03548269	6.05431001	6.03143323	5.97664826	5.90093085	5.81249354	5.68981105	5.53115205	5.35097567	5.15510738	4.95309286	4.73670720	4.51578307	4.30165625	4.10791320	3.92956856	3.76300587	3.60666725
	0.09081141	0.07044245	0.06605053	0.07114741	0.07782967	0.09171384	0.12919662	0.21184841	0.24492493	0.24776946	0.25429704	0.26685120	0.28789783	0.38044650	0.58931621	0.90041459	1.31896071	1.85730038	2.46799455	3.07612053	3.61878771	4.07816588	4.46579946	4.80044980	5.09260163	5.31455021	5.48938009	5.63571012	5.76191457	5.86897554	5.95352724	6.01918411	6.03906851	6.01637376	5.96210101	5.88689009	5.79928788	5.67711709	5.51870181	5.33655001	5.13950884	4.93603116	4.71867392	4.49703894	4.28446630	4.09197489	3.91689077	3.75195632	3.59838100
	0.08709354	0.06899227	0.06519934	0.07025530	0.07646581	0.08868438	0.12059262	0.19654066	0.24123078	0.24608635	0.25138402	0.26287875	0.28298380	0.37585025	0.58648724	0.90143324	1.32368031	1.86322020	2.47263736	3.07639005	3.61300008	4.06612479	4.44810931	4.77821591	5.06475433	5.28573088	5.46169113	5.60988927	5.73752115	5.84620924	5.93265165	5.99980078	6.02025195	5.99784130	5.94436721	5.86990695	5.78330773	5.66182127	5.50315755	5.31995541	5.12249146	4.91728327	4.69917248	4.47734881	4.26648398	4.07560372	3.90337094	3.74038249	3.58952811
	0.08236762	0.06704154	0.06401595	0.06907618	0.07485655	0.08540273	0.11179644	0.17851190	0.23638156	0.24427575	0.24822121	0.25858020	0.27751431	0.37037852	0.58206819	0.90021711	1.32522854	1.86488000	2.47210430	3.07052417	3.59969603	4.04565542	4.42085792	4.74502589	5.02624088	5.24536305	5.42175593	5.57263399	5.70118224	5.81053818	5.89868691	5.96720628	5.98832541	5.96685420	5.91462885	5.84136336	5.75611498	5.63551745	5.47711119	5.29334197	5.09615650	4.88932687	4.67162646	4.44952877	4.24144560	4.05228391	3.88325705	3.72285326	3.57526952
	0.08324797	0.06762739	0.06438481	0.06928296	0.07496043	0.08540010	0.11152321	0.17674456	0.23487821	0.24416944	0.24816321	0.25835317	0.27726907	0.37070275	0.58389731	0.90387420	1.33088104	1.87192418	2.47983736	3.07822535	3.60738022	4.05282487	4.42804767	4.75217035	5.03339801	5.25281912	5.42972171	5.58164982	5.71136489	5.82186680	5.91114673	5.98025126	6.00144274	5.97963381	5.92667260	5.85260606	5.76653776	5.64491482	5.48605741	5.30147602	5.10372867	4.89608699	4.67766003	4.45480701	4.24637407	4.05707422	3.88791799	3.72721815	3.57964154
	0.08137242	0.06745665	0.06412835	0.06837102	0.07345226	0.08211314	0.10256168	0.15228114	0.21992999	0.24121018	0.24485751	0.25312465	0.27071019	0.36572124	0.58389793	0.91146384	1.34622964	1.89026256	2.49688462	3.08870038	3.60808227	4.04436974	4.41188776	4.72832366	5.00487985	5.22207046	5.40035757	5.55568619	5.68936203	5.80311013	5.89671216	5.96763837	5.98974702	5.96847267	5.91549447	5.84133808	5.75584445	5.63412975	5.47384753	5.28718771	5.08792503	4.87692240	4.65674586	4.43226037	4.22562059	4.03883641	3.87231721	3.71519541	3.57051359
	0.07954850	0.06679272	0.06357828	0.06753278	0.07239168	0.08024080	0.09801490	0.13983203	0.20974348	0.23921570	0.24301584	0.25021479	0.26697874	0.36219586	0.58155267	0.91143125	1.34849075	1.89244879	2.49714072	3.08475589	3.59782086	4.02932241	4.39203047	4.70223230	4.97744561	5.19282645	5.37109083	5.52695076	5.66240033	5.77681068	5.87011700	5.94033273	5.96271380	5.94266367	5.89148024	5.81949193	5.73616333	5.61601858	5.45432636	5.26700352	5.06718743	4.85532250	4.63462413	4.41043572	4.20544792	4.02028607	3.85548038	3.70156467	3.55840692
	0.08011513	0.06777222	0.06417445	0.06731759	0.07168808	0.07843403	0.09290699	0.12492819	0.18955415	0.23436935	0.24078368	0.24650411	0.26235892	0.35922355	0.58397344	0.92031023	1.36384123	1.90941028	2.51109627	3.09481773	3.60046895	4.02472198	4.38100292	4.68704513	4.95759341	5.17166709	5.35324450	5.51228700	5.65266338	5.77206613	5.86997740	5.94299017	5.96565757	5.94587335	5.89415675	5.82117548	5.73725062	5.61596305	5.45322780	5.26178481	5.05989276	4.84493432	4.62167579	4.39511638	4.19125514	4.00728051	3.84450745	3.69305934	3.55209656
	0.07814022	0.06713583	0.06346862	0.06599397	0.07006655	0.07589141	0.08733836	0.11053262	0.16315148	0.22282744	0.23752087	0.24130141	0.25591304	0.35331897	0.58096352	0.92104697	1.36810153	1.91291675	2.51010547	3.08554210	3.57977301	3.99447700	4.34101234	4.63830896	4.90273201	5.11410860	5.29414148	5.45342778	5.59426086	5.71510298	5.81535721	5.89060604	5.91478675	5.89592232	5.84495639	5.77325655	5.69112929	5.57264462	5.41087715	5.22070648	5.01702594	4.80270562	4.57669557	4.35193903	4.14941263	3.96975838	3.80939026	3.66359367	3.52624230
	0.07883570	0.06788396	0.06382589	0.06582773	0.06958807	0.07487396	0.08484997	0.10408189	0.14802218	0.21281978	0.23519830	0.23846164	0.25248513	0.35084774	0.58196850	0.92579760	1.37745968	1.92345497	2.51944870	3.09198671	3.58074929	3.99013259	4.33175448	4.62499527	4.88622425	5.09635448	5.27794038	5.44015306	5.58315043	5.70547670	5.80699550	5.88370282	5.90893327	5.89037449	5.84003979	5.76945200	5.68852144	5.57096903	5.40718183	5.21484733	5.00852108	4.79316249	4.56406575	4.33947392	4.13597850	3.95828928	3.79863420	3.65545740	3.51987058
	0.07972750	0.06894290	0.06439386	0.06551401	0.06883057	0.07332245	0.08133654	0.09595683	0.12891740	0.19420049	0.23025371	0.23402404	0.24761637	0.34715963	0.58220711	0.92976432	1.38522627	1.93092106	2.52345879	3.08895100	3.56985169	3.97082784	4.30472245	4.59267590	4.84761562	5.05568854	5.23848001	5.40169555	5.54666327	5.67238786	5.77837395	5.85756874	5.88465050	5.86703639	5.81772620	5.74719699	5.66600701	5.54832732	5.38366383	5.19115479	4.98285541	4.76563734	4.53516157	4.31017160	4.10737092	3.93171560	3.77508624	3.63480987	3.50270169
	0.07874387	0.06852028	0.06396945	0.06464161	0.06775326	0.07185728	0.07872568	0.09073828	0.11717052	0.17995489	0.22575236	0.23066744	0.24381317	0.34300663	0.57823522	0.92606826	1.38123011	1.92498482	2.51434705	3.07416349	3.54819015	3.94263868	4.27013453	4.55359383	4.80297053	5.00872987	5.19120983	5.35541498	5.50132918	5.62670253	5.73190241	5.81075698	5.83875404	5.82288136	5.77591268	5.70846515	5.63040516	5.51530538	5.34987554	5.15787741	4.94840295	4.73148778	4.50146335	4.27734982	4.07585949	3.90258253	3.74834844	3.61086021	3.48180710
	0.08062990	0.07014273	0.06505496	0.06484735	0.06737059	0.07086404	0.07656873	0.08636269	0.10758876	0.16346328	0.21984508	0.22726833	0.24092486	0.34287704	0.58425458	0.93692509	1.39627943	1.94029956	2.52789150	3.08328667	3.55065483	3.94090094	4.26357364	4.54329863	4.78802807	4.99324430	5.17721896	5.34450215	5.49445749	5.62371281	5.73227404	5.81316734	5.84199299	5.82650853	5.77921503	5.71157808	5.63309133	5.51639832	5.34810999	5.15384521	4.94130720	4.72173771	4.49008656	4.26424485	4.06384301	3.89107826	3.73927642	3.60348711	3.47672775
	0.07999041	0.06989149	0.06469303	0.06384598	0.06588451	0.06899802	0.07372324	0.08162120	0.09818280	0.14398934	0.21163031	0.22306934	0.23660762	0.33887302	0.58065917	0.93291845	1.39096465	1.93111910	2.51436397	3.06153956	3.52002442	3.90227008	4.21705468	4.49079241	4.72990407	4.93143277	5.11328616	5.27883813	5.42730296	5.55693478	5.66702603	5.74962824	5.77998164	5.76582233	5.72035002	5.65428285	5.57752548	5.46177634	5.29671835	5.10404081	4.89316786	4.67274735	4.44323016	4.21772362	4.02096865	3.84978938	3.70236440	3.56971034	3.44655608
	0.07842486	0.06890444	0.06394612	0.06285640	0.06455348	0.06745225	0.07160427	0.07821418	0.09172450	0.12831981	0.20140018	0.21899974	0.23249495	0.33317540	0.57197184	0.92130803	1.37469723	1.90931702	2.48663738	3.02678553	3.47761874	3.85186092	4.16012970	4.42694273	4.66308755	4.86069584	5.04015704	5.20649935	5.35642513	5.48564368	5.59392438	5.67606706	5.70792619	5.69658287	5.65478010	5.59322519	5.52093821	5.40677086	5.24260299	5.04767828	4.83841948	4.61792385	4.39098910	4.16700260	3.97336199	3.80394187	3.66062156	3.53124644	3.41169727
	0.08049416	0.07067490	0.06527187	0.06360874	0.06482413	0.06733490	0.07106140	0.07697299	0.08909451	0.12268782	0.19861879	0.21807884	0.23205478	0.33493381	0.57772403	0.92984321	1.38579739	1.92033307	2.49622961	3.03460820	3.48396106	3.85555412	4.16222136	4.42849813	4.66396850	4.86180370	5.04246741	5.21049547	5.36185787	5.49276192	5.60274716	5.68610562	5.71857167	5.70731095	5.66524645	5.60342951	5.53086049	5.41591037	5.25050425	5.05374182	4.84248945	4.61952308	4.39111179	4.16556209	3.97128107	3.80209672	3.65915846	3.53050710	3.41180343
	0.08108631	0.07136203	0.06577138	0.06354209	0.06428790	0.06635952	0.06966269	0.07481005	0.08545241	0.11515415	0.19136370	0.21552881	0.23035760	0.33464730	0.57975623	0.93359980	1.39005960	1.92365612	2.49630155	3.03101962	3.47624018	3.84239463	4.14581478	4.40778642	4.64032803	4.83720626	5.01717866	5.18466179	5.33600362	5.46862411	5.58105976	5.66672560	5.70065070	5.69001983	5.64807588	5.58604697	5.51347435	5.39823711	5.23251696	5.03621521	4.82509612	4.60152743	4.37166096	4.14693687	3.95266105	3.78538996	3.64372249	3.51698431	3.40017911
	0.08300342	0.07316644	0.06714338	0.06409660	0.06417174	0.06564654	0.06842429	0.07279694	0.08209028	0.10888634	0.18557500	0.21344659	0.22947819	0.33680681	0.58678836	0.94373983	1.40234490	1.93525575	2.50567175	3.03531227	3.47634382	3.83689169	4.13719810	4.39517060	4.62494949	4.82125766	5.00165157	5.17073719	5.32428592	5.45792735	5.57164583	5.65850564	5.69360208	5.68380803	5.64270299	5.58138199	5.50991736	5.39537395	5.22849443	5.02979419	4.81637576	4.59141422	4.35878239	4.13395431	3.93870591	3.77337704	3.63230358	3.50741289	3.39240997
	0.08122264	0.07184446	0.06601884	0.06280865	0.06273584	0.06408977	0.06659886	0.07039221	0.07835102	0.10068743	0.17607790	0.21000365	0.22620368	0.33188914	0.57747039	0.93104843	1.38386872	1.91159893	2.47708403	2.99919863	3.43413328	3.78790124	4.08297885	4.33525400	4.55948663	4.75225224	4.92983511	5.09782072	5.25086593	5.38456502	5.49758346	5.58511625	5.62235144	5.61564033	5.57808832	5.52048966	5.45265409	5.34107251	5.17648709	4.97851102	4.76605378	4.54388152	4.31227689	4.09036893	3.89564661	3.73344117	3.59454332	3.47273572	3.36056101
	0.08229913	0.07284419	0.06676955	0.06315018	0.06268725	0.06372991	0.06596757	0.06944861	0.07684555	0.09814996	0.17226438	0.20881809	0.22568707	0.33255892	0.57922829	0.93326170	1.38548477	1.91184440	2.47492525	2.99392979	3.42587688	3.77695718	4.06924029	4.32046788	4.54223253	4.73405686	4.91163976	5.08064082	5.23452753	5.36912754	5.48287443	5.57123866	5.60950156	5.60377253	5.56719692	5.51086689	5.44333184	5.33303779	5.16697051	4.96896249	4.75476685	4.53237843	4.30098233	4.07808254	3.88387399	3.72208670	3.58410934	3.46337798	3.35235027
	0.08356968	0.07414006	0.06775684	0.06353730	0.06237664	0.06291519	0.06472481	0.06773242	0.07433319	0.09416569	0.16706987	0.20707572	0.22530469	0.33377741	0.58122253	0.93504762	1.38512297	1.90862044	2.46702088	2.98079710	3.40757373	3.75376263	4.04229159	4.29085829	4.50907175	4.69921425	4.87657902	5.04591697	5.19993324	5.33503693	5.44985972	5.54021040	5.58049863	5.57625212	5.54075185	5.48579757	5.41967422	5.31057937	5.14441718	4.94621418	4.73139525	4.50864956	4.27698364	4.05404216	3.86002665	3.69971395	3.56341763	3.44455840	3.33552527
	0.08276222	0.07356148	0.06722923	0.06289473	0.06150053	0.06192943	0.06356098	0.06630425	0.07221065	0.08988081	0.16033664	0.20490159	0.22337829	0.33041484	0.57480628	0.92489899	1.37028095	1.89001265	2.44429118	2.95346933	3.37617775	3.71869980	4.00365312	4.24985155	4.46457215	4.65233503	4.82815418	4.99629979	5.14955014	5.28417558	5.39891007	5.49030730	5.53237721	5.52981933	5.49596046	5.44282155	5.37873127	5.27139604	5.10617002	4.90964217	4.69634650	4.47508340	4.24542289	4.02332753	3.83097986	3.67237979	3.53785292	3.42071336	3.31341483
	0.08133974	0.07245374	0.06627224	0.06195573	0.06039256	0.06080492	0.06239605	0.06493696	0.07022294	0.08594852	0.15217294	0.20212558	0.22110443	0.32588851	0.56588898	0.91112943	1.35072633	1.86611076	2.41538237	2.91948640	3.33738683	3.67576669	3.95591047	4.19822930	4.41025500	4.59489014	4.76835443	4.93415766	5.08492335	5.21717916	5.33043266	5.42220447	5.46584949	5.46512103	5.43328739	5.38245939	5.32126938	5.21686662	5.05461868	4.86106616	4.65068516	4.43134688	4.20464711	3.98498121	3.79505079	3.63814574	3.50577669	3.39049425	3.28525144
	0.08206938	0.07335139	0.06699806	0.06231344	0.06005542	0.06003345	0.06132319	0.06359345	0.06854591	0.08398918	0.15133492	0.20172623	0.22211730	0.32776761	0.56800370	0.91166092	1.34888308	1.86116200	2.40579595	2.90525221	3.31969141	3.65536113	3.93154558	4.17111629	4.38184349	4.56475530	4.73802246	4.90408302	5.05536004	5.18785547	5.30165815	5.39464398	5.43961857	5.44007814	5.40854231	5.35902391	5.30025465	5.19720283	5.03438312	4.84069901	4.63005459	4.40959555	4.18336573	3.96335217	3.77462851	3.61821812	3.48740361	3.37342651	3.26984854
	0.08301693	0.07428650	0.06767429	0.06262219	0.05975993	0.05938883	0.06048893	0.06259825	0.06748800	0.08347114	0.15320143	0.20221969	0.22390593	0.33106074	0.57280098	0.91640563	1.35316957	1.86376877	2.40527186	2.90140353	3.31255830	3.64586773	3.92015897	4.15693914	4.36643615	4.54869903	4.72218620	4.88864159	5.04033944	5.17318163	5.28792164	5.38175487	5.42753378	5.42872225	5.39805038	5.34940220	5.29113337	5.18873382	5.02623905	4.83114871	4.61995146	4.39920901	4.17200199	3.95159846	3.76262570	3.60687522	3.47678006	3.36373227	3.26127141
	0.08350128	0.07482752	0.06797171	0.06254162	0.05897665	0.05819563	0.05911837	0.06108999	0.06601663	0.08280867	0.15484843	0.20314214	0.22669419	0.33482442	0.57584457	0.91628143	1.34904936	1.85379894	2.38782057	2.87695794	3.28158270	3.60891538	3.87888972	4.11147374	4.31724675	4.49740769	4.67015275	4.83703986	4.98973411	5.12307406	5.23702969	5.33051059	5.37762811	5.38038941	5.35358432	5.30860699	5.25328344	5.15206811	4.99025481	4.79380619	4.58339875	4.36314825	4.13657120	3.91681411	3.72852137	3.57441868	3.44600378	3.33498110	3.23477305
	0.08498582	0.07622975	0.06905166	0.06318302	0.05902360	0.05780685	0.05847843	0.06048887	0.06578680	0.08443599	0.15995762	0.20602045	0.23138298	0.34145802	0.58276966	0.92158692	1.35189355	1.85222724	2.38089681	2.86521853	3.26539146	3.58928444	3.85720035	4.08727200	4.29116344	4.47030864	4.64327257	4.81080545	4.96466484	5.09932656	5.21466421	5.30969394	5.35793379	5.36168721	5.33611551	5.29234672	5.23907565	5.13649953	4.97427583	4.77691024	4.56588031	4.34505404	4.11783901	3.89850048	3.70998846	3.55657382	3.42918757	3.31931429	3.22040998
	0.08654332	0.07766707	0.07012045	0.06376891	0.05902938	0.05736503	0.05786253	0.06006926	0.06601067	0.08745659	0.16839591	0.21073429	0.23866422	0.35175865	0.59363782	0.92978539	1.35726640	1.85081241	2.37179862	2.84940446	3.24385121	3.56166363	3.82665387	4.05337595	4.25397614	4.43044364	4.60352210	4.77167747	4.92667027	5.06258518	5.17930607	5.27574341	5.32519018	5.33055055	5.30596373	5.26304901	5.21120811	5.10983791	4.94718997	4.74976454	4.53775415	4.31653818	4.08937909	3.87030493	3.68259030	3.53041913	3.40469934	3.29653924	3.19952128
	0.08620972	0.07749694	0.06983330	0.06321800	0.05811755	0.05622284	0.05680815	0.05961438	0.06634140	0.09046899	0.17760364	0.21569326	0.24672652	0.36126355	0.59914318	0.92667544	1.34465736	1.82627608	2.33348222	2.79721017	3.18177973	3.48973142	3.74594267	3.96646950	4.15993941	4.33158458	4.50250169	4.66996186	4.82523368	4.96166175	5.07933540	5.17787668	5.23086019	5.23881537	5.21798682	5.18009531	5.13256440	5.03481023	4.87365464	4.67771739	4.46780055	4.24753450	4.02357505	3.80682712	3.62105215	3.47117588	3.34825584	3.24320181	3.14961096
	0.08479844	0.07627041	0.06873571	0.06220161	0.05709934	0.05533330	0.05610791	0.05933985	0.06631960	0.09110730	0.17981703	0.21704695	0.24936247	0.36336680	0.59737021	0.91933651	1.33127038	1.80643302	2.30592282	2.76329565	3.14242622	3.44554026	3.69719663	3.91374861	4.10299693	4.27218151	4.44120059	4.60730651	4.76134513	4.89729155	5.01487539	5.11408412	5.16846031	5.17885243	5.15949557	5.12449923	5.08035434	4.98435498	4.82554426	4.63182824	4.42367315	4.20591196	3.98410276	3.76891385	3.58464192	3.43604986	3.31472751	3.21139813	3.11966327
	0.08615734	0.07730958	0.06944260	0.06256931	0.05721349	0.05533604	0.05611321	0.05989024	0.06761276	0.09621361	0.18775522	0.22191796	0.25734481	0.37450634	0.60895265	0.92892322	1.33855004	1.80865334	2.30309223	2.75635415	3.13200555	3.43313622	3.68259845	3.89719028	4.08427191	4.25285535	4.42264590	4.59048539	4.74612901	4.88339337	5.00250530	5.10218502	5.15743680	5.16980269	5.15025945	5.11596495	5.07324378	4.97738388	4.81905627	4.62380850	4.41297297	4.19475838	3.97199788	3.75599807	3.57149217	3.42318248	3.30248787	3.19995276	3.10919670
	0.08464064	0.07597869	0.06826406	0.06147595	0.05623584	0.05465863	0.05576277	0.06016684	0.06837446	0.09947065	0.19267042	0.22512934	0.26303059	0.38060599	0.60965281	0.92150301	1.32104853	1.78058234	2.26336184	2.70626486	3.07401689	3.36808783	3.61092628	3.81996923	4.00124118	4.16485575	4.33209960	4.49854869	4.65308780	4.78986655	4.90824755	5.00887463	5.06545595	5.08023679	5.06506958	5.03363568	4.99508667	4.90309354	4.74664435	4.55441104	4.34585881	4.13018557	3.91019102	3.69711231	3.51470891	3.36868897	3.25031702	3.15027157	3.06211485
	0.08217781	0.07393127	0.06657413	0.06006721	0.05514067	0.05404061	0.05568043	0.06060040	0.06931833	0.10321148	0.19858029	0.22887792	0.26996911	0.38806004	0.61102430	0.91491760	1.30379839	1.75176999	2.22113441	2.65267212	3.01076010	3.29498605	3.52942847	3.73098435	3.90526159	4.06221737	4.22580149	4.39012006	4.54249096	4.67774269	4.79522931	4.89650343	4.95549973	4.97232452	4.96040441	4.93328909	4.89963765	4.81176535	4.65757578	4.46938786	4.26439827	4.05186245	3.83584172	3.62700135	3.44785447	3.30520020	3.19002103	3.09319068	3.00828140
	0.08365509	0.07516350	0.06755393	0.06080763	0.05584709	0.05474803	0.05640925	0.06159225	0.07111391	0.11016419	0.20629800	0.23390325	0.27831976	0.40014260	0.62514381	0.92955531	1.31768237	1.76303371	2.22893514	2.65731782	3.01306007	3.29532090	3.52758639	3.72843669	3.90094479	4.05788961	4.22254770	4.38845810	4.54234344	4.67980100	4.79917646	4.90238707	4.96207219	4.97901910	4.96693933	4.94026387	4.90532369	4.81691694	4.65975911	4.47048773	4.26419497	4.05032012	3.83243406	3.62265602	3.44319084	3.30065833	3.18575590	3.08927059	3.00476490
	0.07953321	0.07199390	0.06515422	0.05910102	0.05481012	0.05444533	0.05650990	0.06200127	0.07175721	0.11221872	0.20885211	0.23606989	0.28205452	0.40190504	0.61814509	0.91208120	1.28723918	1.72048282	2.17208652	2.58908656	2.93318606	3.20663739	3.42972898	3.62149505	3.78647303	3.93702495	4.09637855	4.25837626	4.40984591	4.54595279	4.66472398	4.76844585	4.83022106	4.84941895	4.84264024	4.82044632	4.79070414	4.70611703	4.55278708	4.36650198	4.16565605	3.95797554	3.74505442	3.53983491	3.36457781	3.22569697	3.11437428	3.02134955	2.94027279
	0.08090553	0.07312504	0.06605404	0.05982259	0.05559577	0.05527721	0.05723298	0.06293038	0.07355023	0.11971673	0.21458329	0.24058013	0.28938246	0.41207097	0.62994810	0.92383670	1.29800180	1.72827873	2.17697855	2.59132322	2.93298762	3.20450377	3.42630568	3.61662573	3.78093962	3.93117396	4.09119418	4.25379459	4.40641320	4.54383409	4.66482866	4.76924985	4.83111589	4.85019777	4.84300384	4.82089079	4.79192813	4.70615743	4.55191401	4.36482626	4.16225500	3.95318747	3.73955221	3.53372937	3.35847050	3.21974469	3.10870386	3.01599408	2.93525909
	0.08214273	0.07412931	0.06684897	0.06045551	0.05624959	0.05592185	0.05776349	0.06359241	0.07487283	0.12547258	0.21830734	0.24379907	0.29463570	0.41952874	0.63909450	0.93357248	1.30772351	1.73644013	2.18362056	2.59626614	2.93648947	3.20680063	3.42792917	3.61762782	3.78171553	3.93198200	4.09270794	4.25591966	4.40942400	4.54779663	4.67022752	4.77506459	4.83667748	4.85545836	4.84761998	4.82561487	4.79697279	4.71017295	4.55518236	4.36738981	4.16335172	3.95300391	3.73867913	3.53228993	3.35692612	3.21821798	3.10725580	3.01464153	2.93400375
	0.08338886	0.07511247	0.06760753	0.06102307	0.05673840	0.05629798	0.05806034	0.06392052	0.07555188	0.12857485	0.21995990	0.24534115	0.29715364	0.42376636	0.64564761	0.94211218	1.31823474	1.74800333	2.19619365	2.60946735	2.95027725	3.22176933	3.44370121	3.63428738	3.79926090	3.95109402	4.11318966	4.27746383	4.43193083	4.57120204	4.69374540	4.79869227	4.85990898	4.87874215	4.87000140	4.84718027	4.81739031	4.73015122	4.57377984	4.38485445	4.17957214	3.96734776	3.75165331	3.54412269	3.36802880	3.22878467	3.11734052	3.02427206	2.94320071
	0.08375137	0.07541458	0.06786287	0.06126450	0.05706551	0.05667492	0.05837187	0.06431893	0.07637052	0.13229822	0.22170997	0.24730621	0.30044700	0.42820036	0.65041222	0.94656146	1.32179226	1.74994807	2.19595632	2.60660721	2.94529919	3.21467380	3.43529143	3.62452841	3.78848826	3.93964007	4.10157985	4.26625043	4.42089465	4.56047931	4.68298156	4.78848990	4.84931317	4.86821690	4.85976906	4.83761874	4.80765714	4.72086289	4.56420519	4.37493898	4.17002113	3.95765998	3.74191776	3.53457577	3.35896157	3.22020622	3.10919143	3.01651472	2.93578578
	0.08335849	0.07514400	0.06769824	0.06123217	0.05724984	0.05704047	0.05868438	0.06476633	0.07728168	0.13639840	0.22366325	0.24959467	0.30430943	0.43261242	0.65339063	0.94718123	1.31900125	1.74315312	2.18428950	2.58970971	2.92407185	3.18857006	3.40603876	3.59216770	3.75344105	3.90197004	4.06238654	4.22667950	4.38079781	4.52015097	4.64266060	4.74920266	4.80977454	4.82867491	4.82131835	4.80113606	4.77203951	4.68632812	4.53049400	4.34176525	4.13830235	3.92731210	3.71278464	3.50680682	3.33267843	3.19524941	3.08542652	2.99385118	2.91412052
	0.08339712	0.07519819	0.06778333	0.06138540	0.05757927	0.05745984	0.05903843	0.06522784	0.07818714	0.14035494	0.22587944	0.25187862	0.30810650	0.43746403	0.65806238	0.95061709	1.32038849	1.74157706	2.17867867	2.57979188	2.90989421	3.17078010	3.38545670	3.56879151	3.72751201	3.87449916	4.03400969	4.19805595	4.35179700	4.49056188	4.61299437	4.71976984	4.78001747	4.79969610	4.79280900	4.77351484	4.74514169	4.66047197	4.50495649	4.31691697	4.11463933	3.90400399	3.69055349	3.48569772	3.31286454	3.17662823	3.06781212	2.97709580	2.89814393
	0.08373429	0.07546411	0.06802320	0.06166590	0.05805671	0.05802840	0.05951626	0.06583909	0.07942369	0.14576213	0.22862012	0.25488087	0.31311712	0.44409582	0.66495050	0.95639006	1.32408243	1.74191716	2.17427572	2.57014829	2.89490840	3.15145233	3.36284392	3.54272620	3.69844567	3.84376800	4.00231654	4.16634668	4.31971873	4.45772435	4.58018446	4.68673935	4.74647122	4.76714963	4.76107097	4.74247104	4.71494964	4.63127861	4.47595780	4.28847426	4.08773474	3.87740343	3.66504425	3.46147298	3.29021583	3.15544113	3.04783294	2.95812836	2.88008368
	0.08318873	0.07505624	0.06772724	0.06151047	0.05811185	0.05822796	0.05969759	0.06609796	0.08000616	0.14826226	0.22957234	0.25615226	0.31524578	0.44639052	0.66618789	0.95582546	1.32105597	1.73611574	2.16501735	2.55743456	2.87876328	3.13243723	3.34127499	3.51884257	3.67242232	3.81657557	3.97373680	4.13731750	4.29026429	4.42785405	4.55037860	4.65654095	4.71693382	4.73832180	4.73305238	4.71532476	4.68873211	4.60588925	4.45111888	4.26452040	4.06475419	3.85539224	3.64410315	3.44170396	3.27149525	3.13764331	3.03089562	2.94196104	2.86461343
	0.08280660	0.07476985	0.06751186	0.06137346	0.05807541	0.05826368	0.05973726	0.06616332	0.08018258	0.14902093	0.22975495	0.25647090	0.31577120	0.44678955	0.66598424	0.95477638	1.31892197	1.73291624	2.16057419	2.55191739	2.87211170	3.12492424	3.33283687	3.50966001	3.66245526	3.80628739	3.96287309	4.12622586	4.27905223	4.41648358	4.53911688	4.64505745	4.70608210	4.72774472	4.72265689	4.70531013	4.67922856	4.59663637	4.44212516	4.25596318	4.05644047	3.84741330	3.63658387	3.43461269	3.26469930	3.13110241	3.02463150	2.93595473	2.85884417
	0.08271972	0.07470285	0.06747326	0.06137654	0.05814397	0.05835659	0.05981895	0.06626653	0.08041459	0.15006526	0.23019602	0.25702411	0.31671376	0.44803404	0.66723426	0.95575704	1.31941788	1.73268611	2.15937947	2.54969462	2.86878522	3.12069565	3.32795548	3.50394899	3.65605937	3.79936180	3.95595463	4.11904237	4.27173514	4.40892750	4.53153079	4.63735292	4.69850661	4.72023285	4.71517408	4.69804842	4.67249181	4.58992376	4.43565655	4.24970952	4.05054992	3.84157904	3.63109862	3.42950596	3.25995088	3.12668581	3.02048132	2.93201391	2.85509791
	0.08610254	0.07725565	0.06938677	0.06283568	0.05954963	0.05958753	0.06083550	0.06747246	0.08327392	0.16290622	0.23461052	0.26284064	0.32632325	0.46268695	0.68684543	0.97885176	1.34496578	1.75747884	2.18326106	2.57076747	2.88710270	3.13712708	3.34351281	3.51903845	3.67126244	3.81522447	3.97408003	4.13887872	4.29293327	4.43128186	4.55565951	4.66082018	4.72129156	4.74162875	4.73548881	4.71714290	4.69199525	4.60672695	4.45117114	4.26295223	4.06174270	3.85045853	3.63787654	3.43526821	3.26568576	3.13246213	3.02619190	2.93755742	2.86043859
	0.08967333	0.07993840	0.07141662	0.06446634	0.06123011	0.06107622	0.06207031	0.06893197	0.08682497	0.17803926	0.23962871	0.26997582	0.33807985	0.48048967	0.70969217	1.00497494	1.37285681	1.78324478	2.20645507	2.58883241	2.90035654	3.14627738	3.35024465	3.52388463	3.67523586	3.81939402	3.97969484	4.14564452	4.30080963	4.44047804	4.56642415	4.67065954	4.73037656	4.74944786	4.74297142	4.72365398	4.69894645	4.61143487	4.45451198	4.26464012	4.06190246	3.84935814	3.63470514	3.43197033	3.26323821	3.13073475	3.02489851	2.93648745	2.85951161
	0.09095525	0.08089547	0.07217113	0.06516872	0.06208917	0.06186754	0.06273325	0.06971579	0.08878279	0.18580828	0.24207118	0.27387510	0.34448799	0.48997834	0.72081640	1.01673861	1.38417883	1.79206428	2.21216900	2.58989246	2.89709466	3.13890419	3.34006694	3.51122151	3.66089762	3.80429634	3.96417506	4.12981076	4.28494248	4.42499996	4.55120887	4.65494544	4.71438416	4.73321291	4.72739607	4.70808066	4.68384467	4.59620688	4.43885631	4.24929266	4.04682686	3.83503315	3.61997244	3.41829352	3.25097994	3.11959578	3.01457119	2.92676524	2.85031304
	0.09228549	0.08188507	0.07290746	0.06574263	0.06261152	0.06231465	0.06310176	0.07013174	0.08987904	0.19009333	0.24332034	0.27597200	0.34802080	0.49588231	0.72881360	1.02681790	1.39597612	1.80456725	2.22513560	2.60247490	2.90912940	3.15119551	3.35270152	3.52434819	3.67441120	3.81855812	3.97995967	4.14662354	4.30222739	4.44282890	4.56920169	4.67343974	4.73214049	4.75018540	4.74348645	4.72269448	4.69788308	4.60997459	4.45096369	4.26087818	4.05748318	3.84475596	3.62817112	3.42553849	3.25814921	3.12663687	3.02143075	2.93340538	2.85671003
	0.09520570	0.08395687	0.07449292	0.06724177	0.06421240	0.06372497	0.06428273	0.07152133	0.09369317	0.20147911	0.24734131	0.28279655	0.35884953	0.51171776	0.74711837	1.04646676	1.41503867	1.82037073	2.23586589	2.60736642	2.90730152	3.14461354	3.34163424	3.51104003	3.65820744	3.80214264	3.96324959	4.13061257	4.28617721	4.42639743	4.55393213	4.65895935	4.71670121	4.73399880	4.72647973	4.70562804	4.68155913	4.59314682	4.43342490	4.24427081	4.04073539	3.82768524	3.61048717	3.40898829	3.24343333	3.11341352	3.00924595	2.92197989	2.84592209
	0.09587826	0.08444821	0.07483915	0.06749609	0.06441409	0.06389054	0.06441697	0.07166813	0.09409648	0.20298120	0.24781194	0.28354455	0.36008065	0.51380686	0.75005497	1.05027923	1.41959803	1.82536199	2.24122325	2.61303446	2.91306941	3.15075088	3.34796253	3.51785070	3.66528302	3.80977097	3.97129819	4.13916528	4.29501949	4.43526351	4.56310233	4.66835673	4.72584272	4.74287681	4.73486522	4.71358731	4.68926665	4.60054685	4.44029855	4.25085223	4.04680989	3.83322749	3.61544450	3.41354824	3.24780240	3.11762891	3.01330704	2.92587837	2.84966650
	0.09927051	0.08676427	0.07657657	0.06910808	0.06595558	0.06518140	0.06549842	0.07294722	0.09799312	0.21136731	0.25123188	0.28988724	0.37001940	0.52855367	0.76797238	1.07083615	1.44128558	1.84597166	2.25958718	2.62800716	2.92450765	3.15993972	3.35560992	3.52493125	3.67159533	3.81687067	3.97982866	4.14898535	4.30519075	4.44697991	4.57559316	4.68069898	4.73689524	4.75233366	4.74298721	4.72140183	4.69641407	4.60580608	4.44499670	4.25499747	4.04965417	3.83457832	3.61497899	3.41312366	3.24794104	3.11843740	3.01445584	2.92724515	2.85111310
	0.10188385	0.08857943	0.07805086	0.07065573	0.06754388	0.06652797	0.06662983	0.07430421	0.10207593	0.21979235	0.25475706	0.29664899	0.38062729	0.54371937	0.78538739	1.08944089	1.45927355	1.86078956	2.26963487	2.63202841	2.92249780	3.15337827	3.34599136	3.51301470	3.65763962	3.80252697	3.96633179	4.13599495	4.29197001	4.43541981	4.56465767	4.66934761	4.72432367	4.73825014	4.72839768	4.70769142	4.68264590	4.59022275	4.42996527	4.24014460	4.03450420	3.81895735	3.59825496	3.39764246	3.23388934	3.10577003	3.00275691	2.91632869	2.84073638
	0.10280152	0.08926021	0.07866577	0.07135573	0.06825614	0.06712815	0.06713410	0.07491087	0.10388867	0.22269563	0.25616766	0.29966586	0.38546893	0.55050076	0.79290758	1.09707803	1.46597382	1.86555952	2.27138352	2.63011829	2.91729354	3.14539794	3.33655005	3.50194422	3.64569172	3.79017500	3.95444196	4.12401599	4.27994400	4.42422688	4.55375819	4.65793853	4.71200667	4.72526100	4.71579724	4.69589923	4.67074417	4.57735740	4.41777191	4.22780638	4.02235018	3.80690045	3.58594466	3.38602533	3.22315011	3.09583168	2.99344485	2.90753341	2.83227799
	0.10723606	0.09220744	0.08071378	0.07300135	0.06964954	0.06828710	0.06811699	0.07605296	0.10750880	0.22810609	0.25889552	0.30505868	0.39416792	0.56408663	0.81045155	1.11888574	1.49014973	1.89190168	2.29815739	2.65655483	2.94364903	3.17221675	3.36424855	3.53085631	3.67626813	3.82312993	3.98956439	4.16079394	4.31888653	4.46379638	4.59396769	4.69752559	4.74959625	4.76178187	4.75149747	4.72948427	4.70215626	4.60729960	4.44571589	4.25313138	4.04546370	3.82762550	3.60485891	3.40257087	3.23945249	3.11193958	3.00923803	2.92290596	2.84716798
	0.10761427	0.09230573	0.08096200	0.07362436	0.07048143	0.06902698	0.06878111	0.07692501	0.11053891	0.23138700	0.26067016	0.30907368	0.40069570	0.57288002	0.81972137	1.12784920	1.49719834	1.89655221	2.29850463	2.65229610	2.93431379	3.15909108	3.34847099	3.51279300	3.65602188	3.80205740	3.96789461	4.13913382	4.29680064	4.44227674	4.57200183	4.67514801	4.72698217	4.73852925	4.72876008	4.70683226	4.67853024	4.58494282	4.42332871	4.23218229	4.02529502	3.80831655	3.58605717	3.38472892	3.22320129	3.09702860	2.99543446	2.90997965	2.83489508
	0.10980006	0.09379860	0.08208141	0.07463622	0.07138141	0.06978040	0.06942267	0.07768228	0.11293081	0.23465830	0.26228230	0.31261645	0.40666174	0.58199191	0.83121545	1.14153046	1.51164284	1.91130056	2.31233639	2.66458091	2.94518665	3.16941316	3.35884970	3.52340742	3.66707717	3.81434599	3.98155106	4.15406076	4.31258695	4.45851201	4.58903204	4.69191192	4.74193876	4.75273854	4.74254204	4.71940488	4.68969601	4.59544097	4.43255493	4.24052423	4.03257166	3.81446830	3.59120705	3.38887908	3.22743301	3.10129463	2.99983702	2.91436094	2.83912901
	0.11305290	0.09599995	0.08364979	0.07590988	0.07242868	0.07064564	0.07015988	0.07854011	0.11573319	0.23811007	0.26406245	0.31643060	0.41286446	0.59157528	0.84349130	1.15658311	1.52808255	1.92870780	2.32938450	2.68087844	2.96068441	3.18491186	3.37481225	3.54002533	3.68468202	3.83326964	4.00219697	4.17559663	4.33548732	4.48211980	4.61279322	4.71551477	4.76504300	4.77476796	4.76336198	4.73920752	4.70707539	4.61273818	4.44828345	4.25460480	4.04576467	3.82671958	3.60201579	3.39784138	3.23648462	3.11017772	3.00863656	2.92289560	2.84733310
	0.11638021	0.09820575	0.08553156	0.07791121	0.07428330	0.07223272	0.07156092	0.08026268	0.12126291	0.24338318	0.26729324	0.32351715	0.42485794	0.60863316	0.86297340	1.17790557	1.54816475	1.94646714	2.34283132	2.68874892	2.96417713	3.18524847	3.37385263	3.53814132	3.68281826	3.83245417	4.00305690	4.17806404	4.33858937	4.48590310	4.61857021	4.72098819	4.76899510	4.77651053	4.76306061	4.73772699	4.70471758	4.60949913	4.44357189	4.24923612	4.04038642	3.82036852	3.59468584	3.39000629	3.22906813	3.10388086	3.00333576	2.91808213	2.84280978
	0.11912529	0.09986904	0.08677165	0.07909134	0.07536006	0.07314562	0.07237110	0.08128507	0.12471040	0.24631632	0.26926171	0.32777980	0.43219776	0.61938571	0.87598802	1.19326750	1.56409040	1.96236665	2.35802261	2.70225247	2.97644943	3.19678835	3.38571373	3.55018372	3.69541864	3.84648892	4.01825821	4.19460544	4.35546360	4.50309479	4.63744023	4.73916003	4.78590072	4.79156269	4.77625387	4.74975095	4.71674964	4.61993359	4.45291159	4.25822283	4.04862972	3.82720640	3.60033635	3.39539856	3.23376051	3.10905544	3.00876171	2.92360258	2.84826697
	0.12517573	0.10343960	0.08887369	0.08042525	0.07638142	0.07397393	0.07310974	0.08222016	0.12820043	0.24879645	0.27126203	0.33211861	0.43999266	0.63184817	0.89345001	1.21697412	1.59246106	1.99418780	2.39395078	2.74109058	3.01758663	3.24081796	3.43271738	3.59984200	3.74732358	3.90213534	4.07628533	4.25413819	4.41667256	4.56473311	4.69930584	4.79986995	4.84438585	4.84795858	4.82980098	4.80070962	4.76618393	4.66639130	4.49780947	4.30121424	4.08889244	3.86443338	3.63467275	3.42805492	3.26467607	3.13925629	3.03780833	2.95213942	2.87595650
	0.13230014	0.10761758	0.09152945	0.08238185	0.07797082	0.07529288	0.07430972	0.08372805	0.13361060	0.25230803	0.27433959	0.33865192	0.45161637	0.64941658	0.91641694	1.24641400	1.62591527	2.02966960	2.43220482	2.78014805	3.05744228	3.28222036	3.47654118	3.64586069	3.79528437	3.95418965	4.13118234	4.31026424	4.47522976	4.62401901	4.75887363	4.85783086	4.89968394	4.90112772	4.87969411	4.84794812	4.81151349	4.70853432	4.53857840	4.33978418	4.12455976	3.89709210	3.66435474	3.45633061	3.29133237	3.16548805	3.06313037	2.97720934	2.90034880
	0.13752518	0.11072625	0.09349909	0.08390114	0.07927710	0.07639118	0.07531750	0.08496512	0.13795998	0.25468955	0.27683980	0.34407246	0.46126278	0.66298746	0.93306293	1.26656369	1.64740328	2.05130660	2.45324666	2.79995738	3.07608221	3.30022192	3.49472652	3.66483504	3.81517614	3.97554405	4.15379518	4.33395291	4.49926397	4.64843862	4.78336613	4.88109789	4.92164458	4.92225267	4.89901570	4.86567322	4.82766100	4.72345356	4.55231059	4.35214024	4.13601200	3.90770475	3.67364026	3.46474752	3.30024799	3.17391420	3.07187653	2.98580974	2.90902754
	0.13806152	0.11082396	0.09407428	0.08504041	0.08042261	0.07741133	0.07630772	0.08620110	0.14235233	0.25705232	0.27931613	0.34917530	0.47054770	0.67482374	0.94522880	1.27821374	1.65632233	2.05548890	2.45162236	2.79295483	3.06416772	3.28552016	3.47798199	3.64580195	3.79632009	3.95681636	4.13619729	4.31583789	4.48190827	4.63136613	4.76639221	4.86325877	4.90258903	4.90207268	4.87891955	4.84535006	4.80679530	4.70124933	4.53142544	4.33087307	4.11493982	3.88743494	3.65393596	3.44601278	3.28308049	3.15711078	3.05637806	2.97133845	2.89529610
	0.14370007	0.11492673	0.09650925	0.08641951	0.08133964	0.07814685	0.07696409	0.08699864	0.14540126	0.25842092	0.28108127	0.35328381	0.47794454	0.68582391	0.96018587	1.29826421	1.67964366	2.08164299	2.47964166	2.82214847	3.09467289	3.31767877	3.51220777	3.68208486	3.83561336	3.99709437	4.17895652	4.35989883	4.52638389	4.67560851	4.81210938	4.90801682	4.94574311	4.94302432	4.91810347	4.88228996	4.84182795	4.73431829	4.56185290	4.36036609	4.14262122	3.91308347	3.67756191	3.46771475	3.30451211	3.17704462	3.07623244	2.99030729	2.91389913
	0.15631536	0.12219762	0.10077196	0.08949803	0.08396117	0.08035795	0.07899628	0.08933686	0.15354456	0.26239645	0.28642456	0.36582509	0.50061685	0.71674195	0.99876611	1.34583755	1.73127749	2.13536918	2.53457511	2.87417462	3.14694004	3.37092282	3.56787443	3.74133769	3.89756344	4.06339976	4.24795345	4.43119492	4.59695256	4.74603307	4.88334693	4.97696136	5.00986688	5.00245573	4.97217982	4.93267342	4.88829063	4.77786127	4.60278141	4.39937447	4.17928005	3.94695200	3.70785421	3.49650749	3.33333904	3.20619755	3.10475240	3.01893131	2.94253464
	0.16279205	0.12566339	0.10378434	0.09270357	0.08685067	0.08291242	0.08132272	0.09177733	0.16126052	0.26675431	0.29206271	0.37909816	0.52424780	0.74700016	1.03284638	1.38259298	1.76709790	2.16659904	2.55937819	2.89140969	3.15861844	3.38117108	3.57856580	3.75301961	3.90969778	4.07787454	4.26551202	4.45019915	4.61600714	4.76520876	4.90314231	4.99496964	5.02246244	5.01094466	4.97730568	4.93374689	4.88612674	4.77328983	4.59633833	4.39492608	4.17274133	3.93970661	3.69945933	3.48966152	3.32738990	3.20304082	3.10127932	3.01752593	2.94172595
	0.17043722	0.13018372	0.10689961	0.09533532	0.08909655	0.08482883	0.08292957	0.09331892	0.16565085	0.26980444	0.29638457	0.38977319	0.54196671	0.76974266	1.06011669	1.41387307	1.80125849	2.19985684	2.59126632	2.92315838	3.18779407	3.41197388	3.61107667	3.78673938	3.94540463	4.11631519	4.30437687	4.49025975	4.65543143	4.80473859	4.94311936	5.03112443	5.05764155	5.04207151	5.00472616	4.95917452	4.90922738	4.79233292	4.61411516	4.41247757	4.18770814	3.95368969	3.71228177	3.50292157	3.34084069	3.21712482	3.11628654	3.03214028	2.95666601
	0.18084588	0.13768139	0.11190551	0.09915132	0.09217801	0.08738571	0.08491613	0.09515688	0.17060440	0.27334456	0.30235690	0.40538521	0.56661206	0.80082796	1.09797023	1.45723212	1.84811674	2.24629714	2.63605951	2.96902256	3.23244501	3.45814513	3.66003238	3.83754937	4.00029277	4.17488194	4.36428429	4.54911282	4.71493676	4.86525613	5.00254599	5.08790308	5.11206039	5.09274019	5.05053663	4.99951237	4.94407349	4.82026381	4.64206593	4.43822579	4.21182222	3.97637856	3.73360539	3.52340346	3.36279726	3.23879999	3.13989341	3.05488123	2.98022171
	0.18498754	0.14163533	0.11528563	0.10203905	0.09450752	0.08930059	0.08634691	0.09641539	0.17368106	0.27572876	0.30709244	0.41769113	0.58481471	0.82238244	1.12323651	1.48396584	1.87433711	2.27061816	2.65790515	2.98759020	3.24794495	3.47502168	3.67707992	3.85594982	4.02073516	4.19611884	4.38590345	4.57112629	4.73705563	4.88689532	5.02554296	5.10933519	5.12999337	5.10635057	5.06245563	5.00800622	4.94842869	4.81968575	4.64222446	4.43747437	4.21192911	3.97649783	3.73345639	3.52351356	3.36464636	3.24236861	3.14420642	3.06049604	2.98595607
	0.18961455	0.14697454	0.11954008	0.10527373	0.09703728	0.09129163	0.08775671	0.09754785	0.17542259	0.27778389	0.31238226	0.43165835	0.60476673	0.84495184	1.14996331	1.51198749	1.90127351	2.29607195	2.68136611	3.00604742	3.26297268	3.49275981	3.69387245	3.87504449	4.04198174	4.21924293	4.40759742	4.59166394	4.75746213	4.90639599	5.04429343	5.12518186	5.14259393	5.11592943	5.06890653	5.01167682	4.94861195	4.81435171	4.63745234	4.43244101	4.20747658	3.97287790	3.73036280	3.52155445	3.36480793	3.24472757	3.14817204	3.06567936	2.99155514
	0.19414443	0.15194205	0.12409788	0.10911031	0.10014151	0.09371732	0.08943546	0.09869903	0.17593701	0.27967939	0.31977598	0.45097547	0.63151046	0.87326788	1.18358534	1.54549085	1.93161354	2.32471892	2.70388385	3.02244268	3.27714935	3.50566784	3.70928212	3.89045995	4.05905790	4.23879444	4.42600480	4.60638294	4.77034069	4.91749545	5.05340610	5.13141619	5.14163161	5.11009949	5.05989711	4.99783564	4.92791435	4.79277839	4.61734420	4.41304249	4.18934327	3.95737773	3.71727086	3.51128559	3.35778179	3.24094849	3.14660367	3.06702900	2.99428100
	0.19507075	0.15391126	0.12650474	0.11130705	0.10190907	0.09511211	0.09042106	0.09936842	0.17604318	0.28063987	0.32459226	0.46250620	0.64684850	0.88921061	1.20180946	1.56239009	1.94650806	2.33604943	2.71072504	3.02569685	3.27944153	3.50769150	3.71131588	3.89350267	4.06220585	4.24231652	4.42819600	4.60879132	4.77034606	4.91636109	5.05106578	5.12700483	5.13355224	5.09939693	5.04696026	4.98265440	4.91076909	4.77370188	4.59933419	4.39587780	4.17333686	3.94328818	3.70499322	3.50079069	3.34921376	3.23458698	3.14201420	3.06385544	2.99243497
	0.19596779	0.15660584	0.12971154	0.11405371	0.10408362	0.09682791	0.09167851	0.10028869	0.17702838	0.28171022	0.33060298	0.47573546	0.66380998	0.90768731	1.22277309	1.58261620	1.96583401	2.35218258	2.72325127	3.03569338	3.28970597	3.51811188	3.72244246	3.90709847	4.07641856	4.25762789	4.44302360	4.62334347	4.78261591	4.92827214	5.06180662	5.13524923	5.13840112	5.10120412	5.04519047	4.97908931	4.90563598	4.76462039	4.59095233	4.38742948	4.16585033	3.93693209	3.69982777	3.49693939	3.34671889	3.23406579	3.14308207	3.06617006	2.99586422
	0.19699128	0.16133716	0.13517165	0.11853320	0.10755697	0.09955085	0.09374737	0.10187887	0.17955324	0.28343183	0.34120533	0.49645495	0.68916151	0.93582349	1.25448194	1.61423335	1.99636639	2.37996027	2.74714179	3.05627720	3.31177922	3.54057427	3.74661451	3.93456918	4.10518320	4.28588366	4.47222383	4.64901766	4.80823696	4.95197051	5.08312562	5.15246019	5.15035196	5.10799656	5.04703786	4.97691918	4.89926617	4.75790316	4.58320360	4.38074328	4.16030800	3.93291133	3.69728249	3.49671548	3.34912604	3.23845623	3.14986472	3.07414190	3.00599642
	0.19881424	0.16487094	0.13899315	0.12175944	0.11013855	0.10160890	0.09535892	0.10316040	0.18209391	0.28489394	0.35055536	0.51324243	0.70917218	0.95813298	1.27907523	1.63886751	2.01950556	2.39979214	2.76358989	3.06984612	3.32562781	3.55516434	3.76157670	3.95181034	4.12241384	4.30305335	4.48973341	4.66405006	4.82249993	4.96463687	5.09396717	5.15999640	5.15404173	5.10819005	5.04420819	4.97107264	4.88978633	4.74813481	4.57351240	4.37125817	4.15283780	3.92675050	3.69222015	3.49363476	3.34805901	3.23945814	3.15291806	3.07838213	3.01154987
	0.19889321	0.16616415	0.14104737	0.12380346	0.11190398	0.10305483	0.09650221	0.10406140	0.18361476	0.28596511	0.35720361	0.52468947	0.72278869	0.97301636	1.29427578	1.65266203	2.03047879	2.40658225	2.76616005	3.06910850	3.32433672	3.55300494	3.75975317	3.95022793	4.12105234	4.30089908	4.48758400	4.65942598	4.81683377	4.95768802	5.08574376	5.14938891	5.14115906	5.09347993	5.02751954	4.95292991	4.87077762	4.72765896	4.55417285	4.35239224	4.13592740	3.91135469	3.67849441	3.48181525	3.33814161	3.23124990	3.14649819	3.07333349	3.00752881
	0.19738129	0.16561009	0.14156437	0.12474831	0.11291417	0.10396161	0.09725286	0.10461194	0.18344533	0.28662251	0.36064556	0.53091225	0.73045229	0.98042724	1.29952478	1.65464909	2.02734945	2.39711967	2.75072852	3.04961298	3.30277484	3.52870780	3.73553529	3.92452941	4.09430605	4.27202054	4.45961698	4.62885992	4.78410270	4.92386825	5.05140907	5.11400111	5.10461353	5.05636091	4.98970099	4.91532465	4.83432360	4.68921763	4.51872770	4.31747912	4.10378463	3.88163925	3.65153303	3.45701864	3.31541454	3.21026113	3.12726467	3.05575348	2.99116498
	0.19652931	0.16620296	0.14319899	0.12652168	0.11455008	0.10535254	0.09837883	0.10550769	0.18479631	0.28792950	0.36841774	0.54317633	0.74481168	0.99563366	1.31371877	1.66576388	2.03215898	2.39773169	2.74557337	3.04067458	3.29134126	3.51598948	3.72263707	3.91101429	4.07981902	4.25667208	4.44399731	4.61027985	4.76402277	4.90193858	5.02788800	5.08850611	5.07657061	5.02584976	4.95728014	4.88214817	4.79973173	4.65595687	4.48731042	4.28587656	4.07599886	3.85638382	3.62917780	3.43715915	3.29790628	3.19481900	3.11395706	3.04404102	2.98101939
	0.19699330	0.16819452	0.14593262	0.12908782	0.11677304	0.10719089	0.09985218	0.10666351	0.18710280	0.28973787	0.37895104	0.55886625	0.76257023	1.01484240	1.33261926	1.68149260	2.04230583	2.40434775	2.74676793	3.03791048	3.28678074	3.51100655	3.71733034	3.90603460	4.07584876	4.25065988	4.43612957	4.59992518	4.75253889	4.88824264	5.01211675	5.07021313	5.05530786	5.00173899	4.93088998	4.85388094	4.76984807	4.62771084	4.45965620	4.25891255	4.05313785	3.83502315	3.61064140	3.42122419	3.28437696	3.18400852	3.10494338	3.03662216	2.97512499
	0.19892060	0.17154065	0.14983684	0.13268494	0.11993109	0.10984740	0.10202138	0.10841350	0.19108720	0.29268274	0.39380196	0.58021315	0.78627111	1.04098510	1.35894399	1.70314387	2.06059663	2.41821118	2.75530154	3.04355823	3.28899040	3.51474727	3.72127785	3.91043530	4.08171827	4.25581297	4.43814464	4.59938745	4.75132254	4.88433117	5.00609727	5.06091168	5.04240407	4.98336702	4.90917915	4.82998049	4.74430801	4.60384381	4.43542646	4.23665234	4.03383312	3.81731761	3.59534240	3.40873871	3.27448768	3.17725825	3.10039058	3.03379136	2.97406525
	0.20061416	0.17400616	0.15247370	0.13503955	0.12198352	0.11159383	0.10346654	0.10961131	0.19373115	0.29471597	0.40306412	0.59315504	0.80064438	1.05666930	1.37389691	1.71453152	2.06939816	2.42314110	2.75646976	3.04244712	3.28573190	3.51161345	3.71832438	3.90687308	4.07868011	4.25248178	4.43256261	4.59247503	4.74349114	4.87474210	4.99500654	5.04824834	5.02770392	4.96571029	4.89015857	4.80949614	4.72024919	4.58462224	4.41655437	4.21845496	4.01708115	3.80203184	3.58174046	3.39709002	3.26462350	3.16909276	3.09389947	3.02863444	2.96992865
	0.19984496	0.17432289	0.15349268	0.13624063	0.12318387	0.11270105	0.10442357	0.11036261	0.19405282	0.29625704	0.40865667	0.60096461	0.80956441	1.06516964	1.37883808	1.71478287	2.06371527	2.41004098	2.73675802	3.01780452	3.25856736	3.48178453	3.68744101	3.87444107	4.04468439	4.21618738	4.39438152	4.55272445	4.70122918	4.83088250	4.95005960	5.00258121	4.98160060	4.91795211	4.84267131	4.76184317	4.67121976	4.54005228	4.37323371	4.17697598	3.97864793	3.76631013	3.54937118	3.36757695	3.23743500	3.14383676	3.07082113	3.00743551	2.95008305
	0.20401645	0.17893000	0.15799171	0.14033479	0.12661240	0.11561919	0.10685244	0.11244036	0.19961659	0.30036072	0.42400838	0.62106595	0.83140497	1.08943394	1.40278875	1.73591092	2.08208812	2.42636702	2.75016664	3.02993293	3.26889191	3.49468534	3.70037796	3.88803739	4.06162919	4.23407906	4.40799788	4.56594001	4.71304848	4.84051094	4.95787803	5.00847352	4.98423703	4.91723113	4.83889935	4.75554954	4.66429639	4.53152745	4.36280810	4.16963190	3.97202003	3.76056340	3.54491124	3.36460530	3.23643863	3.14450490	3.07340413	3.01098689	2.95477813
	0.20637929	0.18160792	0.16066022	0.14280555	0.12869519	0.11741512	0.10836543	0.11376333	0.20357104	0.30365455	0.43461420	0.63458332	0.84612186	1.10565457	1.41811243	1.74968971	2.09349020	2.43577511	2.75752267	3.03549551	3.27325871	3.50061525	3.70583697	3.89369667	4.06916388	4.24263187	4.41191880	4.56946179	4.71483088	4.84063326	4.95659593	5.00590111	4.97956684	4.91127607	4.83060135	4.74617208	4.65546520	4.52457010	4.35351124	4.16167453	3.96430351	3.75405590	3.53936943	3.36060696	3.23388467	3.14304266	3.07335665	3.01182122	2.95609946
	0.20560899	0.18172204	0.16132473	0.14376237	0.12953099	0.11823793	0.10910579	0.11427967	0.20234473	0.30525468	0.43902997	0.64032235	0.85256298	1.11043244	1.41747833	1.74209880	2.07778350	2.41081480	2.72294243	2.99502320	3.22884620	3.45247691	3.65425646	3.83939083	4.01067995	4.18257022	4.35048867	4.50383734	4.64635194	4.77008390	4.88476697	4.93317943	4.90599454	4.83779507	4.75756014	4.67411650	4.58821018	4.45951381	4.28836192	4.10202186	3.90766846	3.70103380	3.49063650	3.31594917	3.19259759	3.10491978	3.03724206	2.97817449	2.92427581
	0.20378046	0.18104529	0.16145617	0.14439432	0.13010244	0.11889231	0.10973406	0.11464630	0.19909300	0.30648456	0.44258893	0.64506938	0.85770620	1.11248944	1.41177154	1.72670858	2.05091219	2.37164463	2.67063507	2.93522181	3.16378763	3.38217706	3.57921911	3.76216868	3.92550505	4.09582840	4.26385618	4.41203666	4.55146116	4.67280931	4.78642594	4.83383510	4.80579894	4.73579917	4.65728389	4.57673351	4.49603818	4.36758246	4.19819496	4.01999454	3.82994220	3.62812151	3.42342966	3.25386116	3.13510944	3.05126959	2.98629858	2.93042668	2.87922258
	0.20416750	0.18225797	0.16316929	0.14636273	0.13181566	0.12050619	0.11118245	0.11579585	0.19919279	0.30962790	0.45158284	0.65588373	0.86903639	1.12147426	1.41385291	1.72031065	2.03426359	2.34382362	2.63247503	2.88988486	3.11644371	3.32973816	3.52525402	3.70519125	3.86520174	4.03286563	4.20488430	4.34836597	4.47996879	4.59922677	4.71122856	4.75866592	4.72737165	4.65869109	4.58181499	4.50365181	4.42343381	4.29161942	4.12684059	3.95433082	3.76725100	3.56955685	3.36958924	3.20461566	3.08960927	3.00952798	2.94701713	2.89396157	2.84517634
	0.20588743	0.18413320	0.16505813	0.14819241	0.13340060	0.12187367	0.11236871	0.11680823	0.20122399	0.31247356	0.45923436	0.66477892	0.87840646	1.13015256	1.41958866	1.72212389	2.03151498	2.33558573	2.61943149	2.87420126	3.09978737	3.31015038	3.50602559	3.68391570	3.84500815	4.01085139	4.18166773	4.32805860	4.45422588	4.57130594	4.68184760	4.72691908	4.69484431	4.62838745	4.55301094	4.47536169	4.38873522	4.25942262	4.09581462	3.92510665	3.73980256	3.54430132	3.34654354	3.18393621	3.07101081	2.99259112	2.93145861	2.87978655	2.83197209
	0.20646872	0.18509537	0.16622988	0.14946275	0.13459689	0.12281954	0.11320026	0.11743493	0.20013624	0.31359302	0.46222978	0.66823609	0.88160981	1.13079668	1.41485020	1.71064573	2.01190514	2.30663056	2.58477214	2.83155342	3.05499390	3.26083420	3.45379549	3.63064346	3.79012355	3.95302164	4.11975925	4.27000368	4.39361683	4.51261463	4.62251566	4.66054679	4.63050516	4.56659822	4.48846949	4.41151338	4.32277279	4.19450825	4.03546997	3.86764974	3.68600242	3.49399297	3.29967378	3.14088257	3.03145663	2.95519595	2.89597765	2.84647766	2.80045233
	0.20856422	0.18747806	0.16871043	0.15192964	0.13693535	0.12468331	0.11484116	0.11879884	0.20132236	0.31633937	0.46926921	0.67621459	0.88971145	1.13619161	1.41349530	1.70134472	1.99334499	2.27784905	2.54808394	2.78803973	3.00711104	3.21059438	3.40034549	3.57743281	3.73638764	3.89629863	4.05872890	4.21075883	4.33969177	4.45596566	4.56323740	4.59960720	4.56752580	4.50520023	4.42654481	4.34343834	4.25317798	4.12603713	3.97052752	3.80571444	3.62709182	3.43916782	3.24914197	3.09411527	2.98876211	2.91522186	2.85822473	2.81135024	2.76721694
	0.20789992	0.18750599	0.16919754	0.15271011	0.13789396	0.12526435	0.11537346	0.11903821	0.19481126	0.31419210	0.46506480	0.67065871	0.88231098	1.12279174	1.39084452	1.66759698	1.94528019	2.21616695	2.47379019	2.70276808	2.91466744	3.11268606	3.29373737	3.46496448	3.62146626	3.77816356	3.93334046	4.08219720	4.21658977	4.33305069	4.44222785	4.47994725	4.44536744	4.38194868	4.30446674	4.21954131	4.13105336	4.00909035	3.86032065	3.70013265	3.52702848	3.34611873	3.16310211	3.01447069	2.91395363	2.84400632	2.79027168	2.74687490	2.70549263
	0.20851082	0.18833558	0.17015023	0.15372245	0.13891904	0.12603737	0.11603798	0.11954694	0.19389690	0.31485896	0.46663007	0.67193707	0.88274909	1.12057825	1.38411803	1.65530162	1.92718716	2.19176640	2.44460845	2.66864009	2.87799114	3.07343702	3.25344269	3.42154128	3.57835739	3.73475972	3.88674715	4.03420921	4.16848403	4.28616571	4.39731764	4.43537957	4.39916926	4.33116022	4.25426373	4.17021762	4.08163269	3.96171047	3.81635704	3.65759275	3.48664025	3.30853072	3.12837295	2.98274842	2.88417886	2.81596838	2.76374929	2.72211604	2.68213703
	0.21097997	0.19072970	0.17242330	0.15585502	0.14089658	0.12768196	0.11743150	0.12080012	0.19809321	0.31884544	0.47509550	0.68096053	0.89154148	1.12805067	1.38800525	1.65462181	1.92278424	2.18342052	2.43372052	2.65509199	2.86432680	3.05788201	3.24092655	3.40761999	3.56545822	3.72262805	3.87260213	4.01943228	4.15219973	4.27051340	4.38326926	4.42076412	4.38187768	4.30800235	4.23035034	4.14689781	4.05570001	3.93667377	3.79369879	3.63602458	3.46647210	3.29037716	3.11156150	2.96805911	2.87072495	2.80395063	2.75288932	2.71252307	2.67360406
	0.21193569	0.19195140	0.17379381	0.15729639	0.14234919	0.12897802	0.11835263	0.12162549	0.19929700	0.32101825	0.47892180	0.68414996	0.89379576	1.12694994	1.38047551	1.63976821	1.89998839	2.15192662	2.39158652	2.60710214	2.80983642	2.99963185	3.17993486	3.34400362	3.49616271	3.65110879	3.79665691	3.94234315	4.07170810	4.18787931	4.29928763	4.33583132	4.29321465	4.22052975	4.14504684	4.06344408	3.97270318	3.85760299	3.71884602	3.56505888	3.40013735	3.23027460	3.05624984	2.91767142	2.82440210	2.76042812	2.71215394	2.67355923	2.63680384
	0.21409545	0.19419531	0.17604499	0.15950560	0.14447826	0.13093407	0.11972899	0.12278810	0.20026086	0.32230495	0.48178552	0.68613019	0.89400669	1.12285171	1.36906409	1.61945765	1.86971253	2.11419497	2.34420536	2.55420654	2.75249726	2.94089611	3.11616458	3.27903255	3.42845022	3.58279960	3.72503556	3.86645599	3.99162595	4.10577531	4.21768653	4.25348722	4.21243851	4.14194917	4.06428750	3.98265485	3.89322098	3.78288663	3.64694242	3.49539056	3.33556851	3.16979552	3.00187041	2.86806397	2.77840021	2.71728853	2.67176405	2.63564329	2.60107382
	0.21477691	0.19504435	0.17699623	0.16050836	0.14549313	0.13192158	0.12040631	0.12336701	0.19935536	0.32210846	0.48058097	0.68397705	0.89007832	1.11570290	1.35735003	1.60116310	1.84487559	2.08288843	2.30686629	2.51118287	2.70511897	2.88861735	3.06188569	3.22089204	3.36793439	3.51810513	3.66095875	3.79790480	3.92024618	4.03260870	4.14431485	4.17929904	4.13979503	4.07056448	3.99300429	3.91276185	3.82695611	3.72131162	3.58606947	3.43706732	3.28116139	3.11907613	2.95644789	2.82609785	2.73947869	2.68043501	2.63700093	2.60257582	2.56976548
	0.21563996	0.19601476	0.17802572	0.16155835	0.14653287	0.13292531	0.12117059	0.12399292	0.19889983	0.32228112	0.48012060	0.68262732	0.88711825	1.10989642	1.34739043	1.58526536	1.82332825	2.05518356	2.27389694	2.47263406	2.66303951	2.84199393	3.01317716	3.16889095	3.31371036	3.45982461	3.60351467	3.73692760	3.85679021	3.96656687	4.07722658	4.11182702	4.07278471	4.00480068	3.92737731	3.84940639	3.76753730	3.66450109	3.52973430	3.38329656	3.23132314	3.07254372	2.91446255	2.78763200	2.70374235	2.64636007	2.60490504	2.57195062	2.54058402
	0.21588091	0.19659892	0.17885930	0.16255754	0.14762773	0.13405893	0.12208371	0.12454777	0.19464150	0.32055697	0.47525234	0.67536701	0.87619545	1.09300090	1.32211832	1.54906601	1.77757701	1.99716796	2.20450247	2.39263386	2.57590796	2.74565552	2.91022830	3.05996501	3.19906201	3.33976878	3.48056026	3.61224949	3.72464645	3.82994690	3.93632163	3.97149142	3.93441567	3.87002072	3.79507881	3.72458527	3.65053555	3.54716932	3.41706585	3.27562151	3.13183002	2.97990484	2.82973798	2.71064587	2.63158793	2.57739437	2.53947403	2.50952512	2.48053731
	0.21629318	0.19729251	0.17976220	0.16360218	0.14875602	0.13521927	0.12315113	0.12517557	0.19125121	0.31891249	0.47039902	0.66761254	0.86522875	1.07683920	1.29913366	1.51733539	1.73933076	1.95044380	2.15053331	2.33171318	2.51053789	2.67558137	2.83523761	2.98117718	3.11775106	3.25515180	3.39348652	3.52641699	3.63544354	3.74059671	3.84404044	3.87939893	3.84517716	3.78379546	3.71618197	3.64372942	3.57069021	3.46837917	3.34407140	3.20585610	3.06699239	2.91980325	2.77543741	2.66130788	2.58534485	2.53383752	2.49883306	2.47052301	2.44341317
	0.21865162	0.19956376	0.18195206	0.16569960	0.15074847	0.13709716	0.12493801	0.12668682	0.19416218	0.32006598	0.47097340	0.66519503	0.86075755	1.06899297	1.28631177	1.49934482	1.71571185	1.91919538	2.11332540	2.28866862	2.46407835	2.62566250	2.78030715	2.92409287	3.06025193	3.19447764	3.32920723	3.45904802	3.56683908	3.66746724	3.76710840	3.80193637	3.76900962	3.71454488	3.65184685	3.57824345	3.50815058	3.40636666	3.28419469	3.15033572	3.01586130	2.87270158	2.73262607	2.62285792	2.54950723	2.50026260	2.46707068	2.44032551	2.41397821
	0.22003149	0.20093435	0.18330980	0.16702996	0.15203503	0.13832847	0.12616802	0.12767472	0.19496651	0.31967525	0.46906617	0.66026570	0.85428272	1.05942127	1.27222386	1.48056687	1.69162557	1.88988111	2.07797822	2.24885937	2.42035990	2.57857097	2.72802933	2.86905877	3.00318995	3.13516754	3.26784462	3.39227897	3.50351704	3.59943527	3.69839161	3.73151974	3.69992129	3.64988298	3.58900002	3.51737135	3.44778407	3.34877020	3.22837193	3.09905648	2.96864214	2.82912954	2.69293241	2.58739872	2.51609136	2.46902210	2.43714069	2.41152385	2.38527774
	0.22094796	0.20196252	0.18442707	0.16820294	0.15323046	0.13951704	0.12732926	0.12843684	0.19266708	0.31635253	0.46284055	0.64989089	0.84111701	1.04108539	1.24649911	1.44675481	1.64915476	1.83929521	2.01787818	2.18126640	2.34581696	2.49852380	2.64158424	2.77784333	2.90765037	3.03946320	3.16563955	3.28510048	3.39429006	3.49152260	3.59121651	3.62447067	3.59400131	3.54363863	3.48400016	3.41757735	3.35027466	3.25645810	3.14139855	3.01842738	2.89410290	2.76055893	2.63056438	2.53064997	2.46273542	2.41841535	2.38905464	2.36500714	2.33963640
	0.22235578	0.20342920	0.18594629	0.16975067	0.15477660	0.14103648	0.12882836	0.12954435	0.19086256	0.31267301	0.45620700	0.63867679	0.82661131	1.02078728	1.21805945	1.40982467	1.60201936	1.78257605	1.95157566	2.10794795	2.26288544	2.41017934	2.54934743	2.67619534	2.80164601	2.92905701	3.05233418	3.16808253	3.27310020	3.37215802	3.47173517	3.50516482	3.47511779	3.42420176	3.36712973	3.30598230	3.24270362	3.15672999	3.04688247	2.93064348	2.81183462	2.68603396	2.56302603	2.46849612	2.40468634	2.36363114	2.33685471	2.31442007	2.29125712
	0.21948950	0.20120894	0.18425425	0.16848568	0.15385284	0.14037251	0.12825035	0.12839041	0.17793818	0.30055773	0.43692010	0.61432302	0.79734299	0.98359137	1.17080517	1.35206874	1.53355128	1.70325654	1.85961173	2.00751071	2.15065271	2.29001364	2.42167677	2.54049218	2.65774271	2.77979729	2.90038075	3.01490302	3.11725414	3.21563730	3.31485181	3.34908963	3.32113440	3.27459229	3.22158170	3.16761442	3.11025554	3.03055920	2.92797947	2.81955364	2.70781352	2.59117667	2.47605938	2.38802259	2.32883646	2.29140540	2.26766038	2.24702404	2.22649257
