	-2786.40975233	-2786.41213533	-2786.41412374	-2786.41651476	-2786.41864631	-2786.41914478	-2786.42047329	-2786.41509464	-2786.38766258	-2786.33627984	-2786.30399707	-2786.25478065	-2786.20221848	-2786.15058264	-2786.09311877	-2786.03793574	-2785.98457522	-2785.93190843	-2785.88256039	-2785.83618681	-2785.79390252	-2785.72362170	-2785.66886865	-2785.63140594	-2785.59692908	-2785.58166745	-2785.57316085	-2785.56456129	-2785.56061708	-2785.54971227	-2785.54220449	-2785.55692244	-2785.58068409	-2785.60882217	-2785.63925398	-2785.67302324	-2785.71795208	-2785.75363292	-2785.76335205	-2785.81265995	-2785.85443620	-2785.88819965	-2785.92001072	-2785.95030771	-2785.97815674	-2786.00303945	-2786.02401324	-2786.04235492	-2786.05562060
	1.83610198	1.83017553	1.82534055	1.82134866	1.81933763	1.82354341	1.82757586	1.84777325	1.91186348	2.04935943	2.10480621	2.17587512	2.25165333	2.32983421	2.43725336	2.52487091	2.60993988	2.70054052	2.79004546	2.86855802	2.93354873	2.98956555	3.04603044	3.09435337	3.14780928	3.15635503	3.15050571	3.14444041	3.13349695	3.12951275	3.12560361	3.07083219	2.98945440	2.92372080	2.85176771	2.79021679	2.73296185	2.69575068	2.66658832	2.63327542	2.59371313	2.55005575	2.50396946	2.45896741	2.41741760	2.38524936	2.37033134	2.33748794	2.32181781
	1.67733413	1.67112665	1.66603844	1.66177514	1.66105303	1.66479895	1.66839308	1.69318735	1.81388834	1.95389727	2.02902537	2.13648419	2.25016391	2.36170561	2.48316893	2.60094753	2.71394090	2.83134561	2.94329508	3.04570095	3.13299762	3.21002878	3.27557033	3.33716004	3.40517172	3.42112637	3.41098103	3.40006556	3.39239821	3.38373269	3.37868032	3.31246874	3.21956759	3.11808297	3.01081729	2.91581762	2.83629130	2.78526655	2.74525423	2.70277500	2.65457669	2.60119337	2.54437473	2.48773816	2.43465297	2.39043791	2.35968761	2.31887994	2.29207155
	1.53668812	1.53004792	1.52450589	1.51987303	1.52063494	1.52467786	1.52884903	1.55853621	1.71699613	1.84227930	1.92774812	2.05530735	2.19030076	2.32007506	2.45355034	2.58379789	2.70251472	2.82354104	2.93992367	3.05042603	3.14633945	3.23113077	3.30444269	3.37204230	3.44382612	3.46038995	3.44325051	3.42379498	3.40878915	3.39467152	3.38312890	3.30887979	3.20135510	3.08678275	2.96457201	2.85428224	2.76837530	2.71686454	2.67643501	2.63323727	2.58364281	2.52780987	2.46785816	2.40754551	2.35044509	2.29963446	2.25738221	2.21413369	2.18094522
	1.10987120	1.10254480	1.09631934	1.09112891	1.09478594	1.09970641	1.10581370	1.14642007	1.36728962	1.47139406	1.58195139	1.74517299	1.91682178	2.07887456	2.23906047	2.39726169	2.54209257	2.68113531	2.81386648	2.94056154	3.05904976	3.16294448	3.25631597	3.34355431	3.42820607	3.44529968	3.41244252	3.37016586	3.33779474	3.30581527	3.27784628	3.18117730	3.03896008	2.88834904	2.73152731	2.59743828	2.51295087	2.46345226	2.42115866	2.37480588	2.32075356	2.25865565	2.19095638	2.12165497	2.05426373	1.99136048	1.93461972	1.88240475	1.83675633
	1.05308660	1.04562482	1.03922966	1.03415625	1.03872609	1.04306367	1.04985950	1.09661197	1.34180357	1.42469711	1.55665262	1.74313182	1.93273548	2.11202730	2.29186324	2.47003910	2.63981490	2.79577572	2.94301611	3.08084160	3.21453182	3.33203941	3.44268369	3.54359431	3.63980144	3.65875680	3.61772299	3.55827519	3.51606511	3.47601495	3.44039299	3.33099622	3.17642599	3.00901803	2.83194999	2.69316258	2.61293100	2.56099471	2.51384711	2.46257964	2.40361088	2.33594941	2.26152293	2.18419610	2.10773580	2.03499106	1.96767526	1.90639821	1.85124109
	1.64342220	1.63729698	1.63189931	1.62847772	1.63326867	1.63773546	1.64542445	1.69105606	1.90250210	1.96731746	2.07615721	2.23417726	2.39865336	2.55178317	2.70297252	2.85191850	2.99351821	3.12388301	3.24113205	3.35774698	3.47534334	3.57659707	3.67199963	3.75796838	3.83805459	3.84940133	3.80618120	3.74465020	3.69481288	3.64999121	3.61396796	3.51369221	3.37464322	3.21774127	3.06270936	2.96194586	2.90948851	2.87414568	2.84048698	2.80182198	2.75530636	2.70036304	2.63879376	2.57412391	2.50974454	2.44790595	2.38992523	2.33620003	2.28672296
	2.06131257	2.05570089	2.05062645	2.04882885	2.05242349	2.05611514	2.06536613	2.12087398	2.31061134	2.35828533	2.47209128	2.62920458	2.78726868	2.93541957	3.08484744	3.23504696	3.37906808	3.51092421	3.63017415	3.74506080	3.86442453	3.97789225	4.08583936	4.17196242	4.25594938	4.26281286	4.21423989	4.14962984	4.08797801	4.03338276	3.99354326	3.89003770	3.74993422	3.58779242	3.44629075	3.35462558	3.30062252	3.26371724	3.23102469	3.19483780	3.15171784	3.10055268	3.04225994	2.97957129	2.91589577	2.85411837	2.79583455	2.74177157	2.69202383
	2.24551782	2.24030392	2.23550771	2.23467864	2.23797787	2.24165697	2.25218388	2.31639359	2.48797120	2.53086494	2.64233706	2.79503599	2.94729934	3.09175557	3.23583693	3.37986509	3.51751878	3.64477436	3.76297728	3.88366479	3.99859510	4.11915780	4.23247158	4.32014873	4.40504432	4.40811595	4.35397407	4.28508849	4.21629506	4.15542521	4.10725992	4.00236815	3.86234184	3.71222241	3.57660397	3.48649792	3.43327190	3.39787002	3.36768845	3.33463496	3.29505230	3.24769838	3.19313213	3.13371572	3.07262890	3.01282447	2.95615190	2.90335597	2.85464840
	2.71726952	2.71301059	2.70901666	2.70903315	2.71179847	2.71515012	2.72553274	2.78932204	2.92671007	2.96008937	3.05515391	3.18502438	3.31501643	3.43836030	3.55941054	3.67960676	3.79446468	3.90372925	4.00610324	4.11169615	4.22024358	4.32077840	4.41669244	4.50355393	4.58039673	4.57650081	4.52527114	4.45950777	4.39232943	4.33412056	4.28551525	4.18600430	4.07607788	3.95136503	3.82935225	3.75103144	3.70686388	3.67822340	3.65485716	3.62932518	3.59815645	3.56018691	3.51572684	3.46672383	3.41577494	3.36538299	3.31733341	3.27257689	3.23132865
	3.04321369	3.03938381	3.03574926	3.03623077	3.03832663	3.04130069	3.05167571	3.11848666	3.22898799	3.26263232	3.35298890	3.47264786	3.59031387	3.70271660	3.81343581	3.92381541	4.03209575	4.13469299	4.23293877	4.33300219	4.43846242	4.53862639	4.63054563	4.71132900	4.78995387	4.78748596	4.73678178	4.67192512	4.60677650	4.54896837	4.49857598	4.40687479	4.30166007	4.18085162	4.06648862	3.99274530	3.95066033	3.92311406	3.90129259	3.87837019	3.85086473	3.81749146	3.77822332	3.73448138	3.68846363	3.64248376	3.59836044	3.55734440	3.52003403
	3.12161556	3.11791218	3.11436610	3.11511697	3.11706690	3.12004819	3.13090102	3.20136836	3.30294581	3.33683907	3.42681881	3.54458173	3.66005868	3.77038601	3.87885667	3.98478318	4.09259556	4.19430736	4.29165468	4.39157653	4.49808573	4.59877162	4.69240241	4.77465281	4.85328331	4.85126880	4.79819887	4.73032715	4.66339728	4.60304937	4.54948294	4.45519179	4.34606277	4.22730548	4.11792777	4.04655454	4.00582548	3.97910977	3.95831763	3.93674000	3.91076229	3.87903025	3.84142500	3.79927262	3.75465706	3.70984591	3.66666171	3.62644760	3.59003759
	3.08439190	3.08044051	3.07666047	3.07772278	3.07943078	3.08267767	3.09512005	3.17764154	3.27151633	3.31296692	3.41345213	3.54090232	3.66350261	3.78179348	3.89934808	4.01626609	4.13358707	4.24403486	4.35105405	4.46108250	4.57833068	4.69091267	4.79889309	4.89367176	4.97724546	4.97716314	4.92406717	4.85007208	4.77700382	4.70955935	4.65071993	4.54552536	4.42339010	4.29345954	4.17094746	4.08922609	4.04158989	4.01016662	3.98593535	3.96192768	3.93404271	3.90058451	3.86114425	3.81677403	3.76958278	3.72193611	3.67587634	3.63304776	3.59463467
	3.04776357	3.04370287	3.03980572	3.04116543	3.04280616	3.04633390	3.06017085	3.15168231	3.23921818	3.28547903	3.39177211	3.52461123	3.65170365	3.77447022	3.89678545	4.01919662	4.14058889	4.25625455	4.36866831	4.48508261	4.61001918	4.73035918	4.84481130	4.94773672	5.03580110	5.03853867	4.98311918	4.90418675	4.82438833	4.75106136	4.68668828	4.57433652	4.44393086	4.30712309	4.17861596	4.09208952	4.04116509	4.00763925	3.98199383	3.95710540	3.92857709	3.89451993	3.85437974	3.80909853	3.76074468	3.71172413	3.66417135	3.61988756	3.58033891
	3.03757165	3.03337938	3.02966301	3.03109889	3.03257467	3.03653798	3.05227619	3.15427781	3.23178973	3.28556548	3.39965732	3.53874644	3.67073359	3.79902087	3.92766018	4.05738286	4.18360577	4.30659050	4.42539178	4.55125312	4.68439345	4.81735981	4.94029250	5.04733278	5.14439570	5.14703021	5.09152345	5.00759821	4.92636292	4.84677089	4.77350926	4.65505286	4.51552213	4.36939413	4.23101198	4.13590625	4.07898577	4.04157259	4.01315510	3.98646125	3.95677066	3.92188700	3.88100780	3.83480720	3.78528761	3.73484706	3.68572743	3.63993063	3.59932148
	3.08070819	3.07652128	3.07321501	3.07450974	3.07584190	3.08012345	3.09722667	3.20413767	3.27267338	3.33142911	3.44933680	3.59044246	3.72369087	3.85321610	3.98406796	4.11588538	4.24444678	4.37027001	4.49119473	4.62263344	4.76122016	4.90048254	5.02461933	5.13488129	5.23658687	5.23995568	5.18539706	5.10051852	5.01977032	4.93586688	4.85771326	4.73742857	4.59238529	4.44102306	4.29740760	4.19684241	4.13594124	4.09600151	4.06590178	4.03837163	4.00851095	3.97389776	3.93355168	3.88790690	3.83883026	3.78864153	3.73959105	3.69380122	3.65343045
	3.04465892	3.04026001	3.03729198	3.03841208	3.03965943	3.04450483	3.06379761	3.17829374	3.24185172	3.30888970	3.43621630	3.58525356	3.72567192	3.86166610	4.00095589	4.14288445	4.28003923	4.41366323	4.54233205	4.68516260	4.83660882	4.98798088	5.11454300	5.23303469	5.34124145	5.35012009	5.29525248	5.20898561	5.12446286	5.03601169	4.95256800	4.82446816	4.67170089	4.50931697	4.35179262	4.23846286	4.16904481	4.12348535	4.08915729	4.05856509	4.02643085	3.98998265	3.94798237	3.90062816	3.84966250	3.79743393	3.74629705	3.69857564	3.65671624
	3.01421910	3.00974606	3.00714159	3.00817359	3.00945758	3.01492051	3.03665251	3.15622486	3.21551873	3.28802710	3.42142639	3.57536065	3.72096251	3.86092525	4.00497514	4.15192714	4.29364955	4.43255076	4.56581061	4.71716683	4.87980283	5.03568769	5.16584548	5.29648756	5.40809011	5.42369967	5.36431483	5.27444861	5.18255759	5.08839385	4.99964454	4.86246422	4.70074247	4.52905277	4.36523568	4.24549975	4.17169347	4.12339056	4.08728187	4.05575347	4.02316651	3.98648316	3.94431371	3.89668161	3.84521774	3.79225506	3.74017330	3.69144561	3.64880105
	2.96292755	2.95830718	2.95606418	2.95699626	2.95836525	2.96475485	2.98984135	3.11450754	3.17095321	3.25087353	3.39296260	3.55407689	3.70655081	3.85319817	4.00452048	4.15961006	4.30928249	4.45463741	4.59538130	4.75769890	4.93357801	5.09570429	5.23479016	5.37543886	5.50189171	5.51880881	5.45500025	5.36035840	5.26017547	5.15978598	5.06529493	4.91718773	4.74418091	4.56053312	4.38552718	4.25549020	4.17511045	4.12254124	4.08344862	4.05000367	4.01610017	3.97839000	3.93529828	3.88661169	3.83385472	3.77938741	3.72565579	3.67530846	3.63134787
	2.89826167	2.89350652	2.89160092	2.89244934	2.89393782	2.90138758	2.93057015	3.05948347	3.11366010	3.20066823	3.35121381	3.51925378	3.67846944	3.83215775	3.99047684	4.15299882	4.31113494	4.46149572	4.61154036	4.78332275	4.97133017	5.14190914	5.29255942	5.44099079	5.58069446	5.59816476	5.52980005	5.42926017	5.32114192	5.21348042	5.11187799	4.95217674	4.76634605	4.57091351	4.38649562	4.24788360	4.16173408	4.10540264	4.06386282	4.02892624	3.99399048	3.95544643	3.91158095	3.86196057	3.80800944	3.75210514	3.69675202	3.64477164	3.59943695
	2.82615971	2.82112119	2.81957590	2.82015502	2.82170523	2.83017600	2.86312068	2.99550528	3.04931228	3.14571544	3.30779924	3.48464522	3.65219759	3.81649994	3.98531070	4.15841979	4.33062557	4.48903373	4.65211774	4.83524289	5.04129497	5.21367826	5.38227365	5.54210216	5.69459381	5.71368707	5.64473649	5.54216058	5.43078982	5.31703049	5.20925688	5.03951122	4.83995756	4.63101010	4.42973920	4.27401588	4.17583542	4.11159472	4.06463283	4.02584369	3.98800678	3.94714695	3.90132345	3.84979769	3.79378395	3.73562590	3.67792730	3.62376301	3.57669049
	2.87866953	2.87364057	2.87251897	2.87284916	2.87449904	2.88364495	2.91903389	3.04889871	3.09829385	3.19818515	3.36250690	3.53867818	3.70558968	3.87135069	4.04143167	4.21602961	4.38893091	4.54992507	4.71285337	4.90323228	5.10871567	5.27782894	5.45625493	5.61874161	5.77123323	5.78880684	5.72181450	5.62749926	5.51857381	5.40564986	5.29560761	5.12347467	4.91982676	4.70833566	4.50240494	4.33912619	4.23465924	4.16655889	4.11741842	4.07746900	4.03920771	3.99856000	3.95350691	3.90309299	3.84828037	3.79124372	3.73454107	3.68127976	3.63509609
	2.96847677	2.96350317	2.96282775	2.96291303	2.96470395	2.97455132	3.01234810	3.13721101	3.18174663	3.28351358	3.44753847	3.62029867	3.78427987	3.94895981	4.11805722	4.29166229	4.46200111	4.62544573	4.78587892	4.97848308	5.17567486	5.34567381	5.53072129	5.69408484	5.84376342	5.86156435	5.79751456	5.70495683	5.60318981	5.49536365	5.38466410	5.21108266	5.00709896	4.79613666	4.58874650	4.42019638	4.31047934	4.23937742	4.18880357	4.14825900	4.11010478	4.07022714	4.02656965	3.97798649	3.92519622	3.87015771	3.81535510	3.76387805	3.71939441
	3.03401103	3.02923559	3.02883504	3.02886914	3.03093552	3.04177303	3.08327849	3.20324466	3.24298161	3.34554868	3.50811654	3.67791839	3.83897170	4.00105371	4.16793677	4.33912449	4.50663564	4.66694536	4.82758104	5.01826793	5.21004437	5.38693757	5.57201691	5.73520313	5.88650692	5.90433728	5.84070530	5.74528705	5.64357742	5.53340985	5.42118823	5.24792646	5.04301384	4.83187188	4.62748647	4.46009388	4.34944536	4.27811555	4.22808002	4.18838993	4.15137208	4.11292541	4.07099112	4.02433962	3.97351462	3.92034114	3.86722387	3.81721150	3.77400035
	2.95104966	2.94613468	2.94564235	2.94545173	2.94788582	2.96030971	3.00657906	3.12798646	3.16903667	3.28064902	3.45469569	3.63465309	3.80599092	3.97849038	4.15858690	4.34373577	4.52334431	4.69750343	4.86861873	5.07345571	5.27455456	5.47605165	5.66918791	5.83359598	6.00359216	6.03757954	5.97455966	5.87400958	5.76461827	5.64738011	5.52868228	5.34515949	5.12796960	4.90073254	4.67837163	4.49117881	4.36408475	4.28266905	4.22620896	4.18192618	4.14136836	4.10005295	4.05570842	4.00686796	3.95378879	3.89823379	3.84273477	3.79053344	3.74554986
	3.00605701	3.00148009	3.00087587	3.00060245	3.00344950	3.01743815	3.06862515	3.18216034	3.22240268	3.33679616	3.51182143	3.69106957	3.86356677	4.03543960	4.21729405	4.40452584	4.58558986	4.76078819	4.93437645	5.13968140	5.34160807	5.55449860	5.73844726	5.91117434	6.09825133	6.13330528	6.07067059	5.96910897	5.85617173	5.73668713	5.61579535	5.42779095	5.20844195	4.97641913	4.75034591	4.55649892	4.42204377	4.33695498	4.27870319	4.23346619	4.19268983	4.15177281	4.10828352	4.06063610	4.00882908	3.95448372	3.90010469	3.84892510	3.80484368
	3.14693149	3.14252556	3.14179741	3.14150097	3.14458633	3.15909844	3.21111116	3.31396783	3.35259567	3.46454311	3.63317600	3.80475034	3.97073098	4.13583705	4.31193410	4.49344116	4.66926668	4.83767533	5.01013596	5.20297517	5.39826188	5.60661228	5.78052478	5.95263493	6.14385205	6.18074491	6.12342450	6.02635137	5.91697800	5.80080538	5.68287509	5.49953910	5.28560708	5.05953634	4.83965342	4.64774501	4.51223351	4.42695597	4.36893964	4.32415272	4.28427936	4.24484759	4.20344915	4.15847458	4.10973135	4.05864009	4.00752917	3.95947345	3.91802001
	3.25099840	3.24645181	3.24556852	3.24523388	3.24856868	3.26363647	3.31576536	3.41011881	3.44812214	3.55886349	3.72341868	3.89026497	4.05250145	4.21348622	4.38698883	4.56615202	4.73994535	4.90472864	5.08067787	5.26199667	5.45753516	5.65642723	5.82829244	6.00725488	6.18663723	6.23377019	6.18051512	6.08926165	5.98411024	5.87163691	5.75627851	5.57642768	5.36512348	5.14294410	4.92570867	4.73186738	4.59282794	4.50560847	4.44634271	4.40075057	4.36059876	4.32151378	4.28106939	4.23761872	4.19079731	4.14186612	4.09299970	4.04716711	4.00758000
	3.40717804	3.40252679	3.40164406	3.40138981	3.40501233	3.42072421	3.47284943	3.55448315	3.59075491	3.69679567	3.85163088	4.00807102	4.16022532	4.31268731	4.47647922	4.64635084	4.81079102	4.96675354	5.13727502	5.30429588	5.49524892	5.67672973	5.84063125	6.03148400	6.18887120	6.23485979	6.18014193	6.09823292	6.00129691	5.89550150	5.78538483	5.61382817	5.41043102	5.19976993	4.99305290	4.80638637	4.67130652	4.58682409	4.52948491	4.48547078	4.44714253	4.41031463	4.37260730	4.33240684	4.28927038	4.24423279	4.19927177	4.15715740	4.12070921
	3.54160103	3.53586990	3.53482405	3.53466067	3.53852194	3.55449003	3.60421247	3.67655878	3.71145225	3.81313381	3.95970038	4.10750067	4.25081581	4.39695243	4.55297068	4.71562327	4.87287619	5.02705523	5.18538786	5.34494845	5.53282269	5.69832446	5.85889626	6.04254247	6.19962471	6.23609720	6.18366691	6.10851342	6.02141035	5.92837139	5.82445260	5.66054960	5.46376915	5.26205524	5.06349468	4.88260829	4.75041963	4.66701389	4.60991165	4.56596152	4.52804213	4.49216628	4.45606872	4.41820205	4.37803741	4.33632079	4.29481949	4.25607531	4.22242115
	3.59539739	3.58887890	3.58772250	3.58764906	3.59179459	3.60853577	3.65814461	3.72512377	3.75975053	3.86058038	4.00429201	4.14914431	4.28954735	4.43366872	4.58794468	4.74899383	4.90466397	5.06107719	5.21242092	5.37339733	5.56004822	5.71996276	5.88077189	6.05655828	6.21933752	6.25099506	6.20485310	6.13038619	6.04578133	5.95907613	5.85745686	5.69517399	5.49912590	5.29853671	5.10097359	4.92047685	4.78796699	4.70395121	4.64616955	4.60169766	4.56360464	4.52794297	4.49242399	4.45552567	4.41663974	4.37635528	4.33632256	4.29901271	4.26652455
	3.56998221	3.56227178	3.56105379	3.56101516	3.56544594	3.58317324	3.63384589	3.69954221	3.73517128	3.83851403	3.98473135	4.13213015	4.27507494	4.42231602	4.58054263	4.74569483	4.90582699	5.06813066	5.22039314	5.38883335	5.57748804	5.74105488	5.90693747	6.08655935	6.24921024	6.28624211	6.24233215	6.16665585	6.08086350	5.99533622	5.89129954	5.72511053	5.52326657	5.31676458	5.11307949	4.92740233	4.79037523	4.70300249	4.64276503	4.59646077	4.55698478	4.52028070	4.48398227	4.44653463	4.40724974	4.36663117	4.32629816	4.28875848	4.25598401
	3.51820153	3.50878023	3.50723727	3.50720690	3.51196403	3.53094493	3.58292766	3.64659399	3.68381983	3.79004518	3.93944504	4.09002290	4.23644226	4.38756744	4.55091844	4.72111323	4.88670998	5.05607163	5.21116154	5.38839937	5.58039705	5.75018302	5.92457667	6.11023819	6.26744079	6.31525188	6.27375526	6.19723208	6.10992597	6.02193657	5.91581656	5.74422913	5.53526670	5.32064614	5.10918562	4.91792259	4.77571332	4.68413098	4.62062476	4.57183730	4.53055958	4.49250682	4.45520845	4.41707408	4.37730974	4.33627788	4.29554546	4.25765834	4.22445349
	3.49106814	3.47865791	3.47654241	3.47642145	3.48106496	3.49937422	3.54968358	3.61647095	3.65425374	3.76213863	3.91536577	4.06974632	4.21982607	4.37559061	4.54466098	4.72116623	4.89153540	5.07032481	5.22835600	5.41240460	5.60557616	5.78260623	5.96520567	6.15108177	6.30540738	6.36455494	6.32651693	6.25168493	6.16376402	6.07741079	5.97283648	5.79797516	5.58522097	5.36488180	5.14631313	4.94797929	4.79860753	4.70159398	4.63390099	4.58163232	4.53723272	4.49652645	4.45710781	4.41736257	4.37638640	4.33440941	4.29292685	4.25446707	4.22071382
	3.45461666	3.44043249	3.43774153	3.43757597	3.44234561	3.46106726	3.51158042	3.57853851	3.61733244	3.72707634	3.88313855	4.04032046	4.19324895	4.35237150	4.52538123	4.70594550	4.88019792	5.06444990	5.22528583	5.41429718	5.61058348	5.79313312	5.98203616	6.16808216	6.32596111	6.38828510	6.35147373	6.27658641	6.18795584	6.09889861	5.99410507	5.81568449	5.59861714	5.37312488	5.14931601	4.94695882	4.79364482	4.69340940	4.62313499	4.56877807	4.52269229	4.48059866	4.44007307	4.39948307	4.35785325	4.31532107	4.27335013	4.23447468	4.20030375
	3.37691317	3.36305085	3.36041999	3.36005886	3.36464500	3.38336149	3.43432686	3.50109464	3.54100100	3.65217108	3.81098950	3.97052525	4.12751606	4.29041270	4.46784401	4.65338610	4.83195005	5.02192777	5.18863049	5.38107546	5.58385864	5.77352705	5.97256428	6.15603124	6.31830288	6.38784481	6.35266098	6.27678768	6.18613979	6.09465334	5.98782147	5.80494141	5.58430508	5.35016704	5.11947217	4.91312604	4.75581809	4.65214569	4.57896045	4.52224459	4.47438126	4.43093042	4.38933699	4.34794475	4.30568323	4.26254056	4.21990692	4.18035840	4.14549582
	3.32662106	3.31031188	3.30637728	3.30568056	3.30994518	3.32783172	3.37761057	3.44634576	3.48740172	3.59950373	3.76165631	3.92429366	4.08536874	4.25283567	4.43546300	4.62672139	4.81090073	5.00642535	5.18016151	5.37969563	5.58523328	5.78143704	5.98728304	6.16942966	6.33930719	6.41449793	6.38404479	6.30679112	6.21544699	6.12129202	6.01411089	5.83072746	5.60589288	5.36546884	5.12789466	4.91580486	4.75220690	4.64349447	4.56624165	4.50617360	4.45548232	4.40970624	4.36628998	4.32354501	4.28030376	4.23637636	4.19308405	4.15297300	4.11755958
	3.29379714	3.27458226	3.26948239	3.26861863	3.27260438	3.28962213	3.33782994	3.40889027	3.45074821	3.56334961	3.72843631	3.89412143	4.05858045	4.23016669	4.41753118	4.61412281	4.80304576	5.00472924	5.18399225	5.39030180	5.59777202	5.79988234	6.01198460	6.19240016	6.36899960	6.44993381	6.42294089	6.34714111	6.25545391	6.15909117	6.05247770	5.86855929	5.63995932	5.39438898	5.15058548	4.93293355	4.76335238	4.64980824	4.56867380	4.50535425	4.45181337	4.40367549	4.35841768	4.31431407	4.27011058	4.22544499	4.18157067	4.14099509	4.10514341
	3.31859887	3.29836667	3.29204279	3.29081940	3.29408373	3.30912059	3.35414840	3.42495717	3.46667085	3.57537972	3.73703797	3.89966634	4.06141626	4.23054506	4.41536896	4.60951950	4.79683085	4.99566653	5.17528654	5.38010241	5.58320786	5.78390422	5.99427348	6.16954868	6.34479503	6.42807371	6.40434354	6.33384387	6.24447884	6.14915174	6.04539123	5.86836230	5.64314708	5.40090838	5.15937512	4.94434751	4.77543032	4.66141593	4.57956141	4.51563969	4.46174346	4.41351661	4.36848622	4.32494721	4.28160970	4.23795957	4.19512084	4.15550251	4.12041704
	3.34303773	3.32248496	3.31511202	3.31352269	3.31617750	3.32962195	3.37180631	3.44231222	3.48423056	3.58943982	3.74809275	3.90821924	4.06777555	4.23476155	4.41741399	4.60952293	4.79528252	4.99183453	5.17150804	5.37385613	5.57477964	5.77321183	5.98095276	6.15444446	6.32808161	6.41268927	6.39163543	6.32567646	6.23813918	6.14415122	6.04207922	5.86971659	5.64806516	5.40820564	5.16868818	4.95579248	4.78782191	4.67368322	4.59151720	4.52731028	4.47327372	4.42508944	4.38032642	4.33727626	4.29462278	4.25175952	4.20971549	4.17083993	4.13636375
	3.29779877	3.27745157	3.26930632	3.26735444	3.26919702	3.28056108	3.31970921	3.39252321	3.43532234	3.53837234	3.69594683	3.85627323	4.01618841	4.18336888	4.36627894	4.55884587	4.74607536	4.94307441	5.12576310	5.32881603	5.53111394	5.73067823	5.93927350	6.11376451	6.28847914	6.37625970	6.35911435	6.29431954	6.20667854	6.11186984	6.00931399	5.84077265	5.61797098	5.37671099	5.13562067	4.92184123	4.75258093	4.63673140	4.55309036	4.48779286	4.43309914	4.38452667	4.33957573	4.29651610	4.25399357	4.21129591	4.16935495	4.13048452	4.09593572
	3.30640227	3.28473649	3.27417477	3.27121148	3.27239032	3.28193793	3.31616237	3.38997712	3.43509200	3.53520190	3.69202348	3.85310954	4.01344871	4.18172504	4.36615789	4.56071285	4.75056585	4.94857622	5.13554736	5.33845443	5.54242634	5.74362641	5.94806251	6.12638532	6.30266524	6.39517303	6.38368743	6.32210859	6.23737724	6.14462833	6.04462432	5.87817814	5.65618909	5.41479561	5.17283586	4.95723320	4.78512285	4.66571450	4.57878065	4.51051101	4.45323461	4.40258611	4.35621554	4.31238022	4.26959718	4.22701800	4.18541575	4.14698435	4.11276186
	3.27161801	3.24825868	3.23532905	3.23122427	3.23194017	3.24044363	3.27082016	3.34656091	3.39570003	3.49562810	3.65572208	3.82206282	3.98699422	4.16078957	4.35163504	4.55335802	4.74999691	4.95533485	5.15037799	5.35887770	5.56936489	5.77622874	5.98417809	6.16938590	6.35178710	6.45193145	6.44408881	6.38456621	6.30099094	6.20851714	6.10891852	5.93959932	5.71337570	5.46579096	5.21722567	4.99447223	4.81537043	4.68946868	4.59695488	4.52375682	4.46210599	4.40775674	4.35849025	4.31253204	4.26822726	4.22458326	4.18223537	4.14328551	4.10853973
	3.19719065	3.17416952	3.16038578	3.15551033	3.15572381	3.16322285	3.19094840	3.26894919	3.32152936	3.42169308	3.58456063	3.75566929	3.92494723	4.10329033	4.29920971	4.50647730	4.70931448	4.92011040	5.12208026	5.33603287	5.55279620	5.76698270	5.97799020	6.16905889	6.35665489	6.46227945	6.45622249	6.39634634	6.31197035	6.21805432	6.11710581	5.94629172	5.71468508	5.46095571	5.20615179	4.97773393	4.79359718	4.66314763	4.56672445	4.49016813	4.42570574	4.36902237	4.31785851	4.27041893	4.22494317	4.18032334	4.13709269	4.09732207	4.06180094
	3.16246861	3.13928199	3.12418625	3.11830662	3.11804268	3.12468750	3.14932575	3.22767489	3.28416915	3.38317095	3.54779577	3.72238867	3.89479708	4.07671814	4.27667314	4.48837704	4.69674135	4.91200641	5.11989015	5.33783139	5.55903830	5.77885038	5.99097417	6.18633390	6.37818393	6.48956957	6.48533874	6.42641023	6.34310429	6.24975101	6.14958886	5.97805351	5.74344578	5.48609429	5.22710129	4.99437400	4.80601073	4.67125885	4.57084326	4.49067868	4.42304904	4.36371024	4.31048806	4.26158171	4.21511828	4.16985533	4.12619131	4.08612113	4.05027773
	3.06533763	3.04312156	3.02667022	3.01889355	3.01738463	3.02232951	3.04210958	3.12056742	3.18545468	3.28202563	3.45040650	3.63265368	3.81226947	4.00195401	4.21060136	4.43135300	4.65162651	4.87774048	5.09817853	5.32555598	5.55762964	5.78883917	6.00687828	6.21134802	6.41214750	6.53575295	6.53176336	6.47535397	6.39313011	6.30015795	6.20015431	6.02674598	5.78497037	5.51670673	5.24792403	5.00550049	4.80823389	4.66465988	4.55627258	4.46906184	4.39534821	4.33096061	4.27378438	4.22196028	4.17342718	4.12666916	4.08184929	4.04084516	4.00406534
	3.04580600	3.02408875	3.00664209	2.99745235	2.99504293	2.99904215	3.01608283	3.09341445	3.16295269	3.25787371	3.42801804	3.61376360	3.79657129	3.99012308	4.20318903	4.42841399	4.65469309	4.88568338	5.11216469	5.34382606	5.57984822	5.81563902	6.03564203	6.24360153	6.45002550	6.57699708	6.57365363	6.51860584	6.43950335	6.34852547	6.25012577	6.07565880	5.83038032	5.55802660	5.28516205	5.03795268	4.83573254	4.68721527	4.57437260	4.48328200	4.40626490	4.33918974	4.28000269	4.22677466	4.17735034	4.13004277	4.08490599	4.04372925	4.00677973
	3.04614329	3.02611335	3.00876868	2.99847854	2.99502909	2.99757944	3.01066921	3.08303753	3.15817763	3.24770900	3.41432765	3.59915745	3.78104688	3.97355265	4.18533394	4.40986439	4.63679357	4.86776710	5.09547709	5.32690079	5.56243498	5.79635530	6.01571251	6.22285874	6.43122541	6.55663519	6.55556091	6.50369017	6.42878219	6.34130819	6.24628848	6.07763492	5.83492054	5.56463180	5.29307886	5.04636836	4.84382693	4.69362002	4.57882214	4.48596191	4.40754663	4.33952417	4.27985552	4.22656567	4.17746953	4.13072665	4.08624778	4.04568404	4.00920425
	3.07855613	3.06030072	3.04386924	3.03307830	3.02865383	3.02983803	3.03970738	3.10372351	3.18427680	3.26758790	3.42828825	3.60960356	3.78807566	3.97665378	4.18444291	4.40495259	4.62929242	4.85728859	5.08246707	5.31061801	5.54190557	5.77039119	5.98598319	6.18892928	6.39701983	6.51737984	6.51820905	6.46877724	6.39901877	6.31709717	6.22722568	6.06578347	5.82935229	5.56480229	5.29845607	5.05589965	4.85610009	4.70661938	4.59173371	4.49864808	4.42017982	4.35239210	4.29325134	4.24073964	4.19266407	4.14709651	4.10381069	4.06432317	4.02875949
	3.10578867	3.08925886	3.07401640	3.06300886	3.05769216	3.05751895	3.06422685	3.11838629	3.20522539	3.28188764	3.43602223	3.61343805	3.78820099	3.97226741	4.17570531	4.39167110	4.61304291	4.83767996	5.05989896	5.28448377	5.51112620	5.73402123	5.94524269	6.14355752	6.35059402	6.46604952	6.46836468	6.42141006	6.35654347	6.28040549	6.19584080	6.04198847	5.81272518	5.55438825	5.29406667	5.05648665	4.86022485	4.71201396	4.59738225	4.50429323	4.42593310	4.35851916	4.30001345	4.24837167	4.20139141	4.15707344	4.11503627	4.07665022	4.04202383
	3.10619337	3.08970361	3.07443509	3.06327256	3.05775765	3.05745574	3.06409328	3.11716190	3.20514595	3.28169975	3.43611970	3.61430732	3.78981020	3.97469860	4.17919048	4.39623537	4.61875284	4.84470632	5.06783462	5.29384026	5.52128016	5.74519242	5.95711835	6.15627090	6.36455989	6.48057458	6.48304514	6.43634522	6.37181535	6.29647438	6.21225513	6.05816832	5.82805045	5.56873475	5.30733353	5.06840479	4.87077270	4.72132219	4.60561596	4.51164926	4.43257834	4.36460275	4.30567988	4.25374037	4.20655945	4.16210289	4.11996931	4.08151166	4.04681230
	3.14812328	3.13335959	3.11960072	3.10847341	3.10180064	3.09989679	3.10370093	3.14285788	3.23839358	3.30779009	3.45442652	3.62881463	3.80075470	3.98126976	4.18226050	4.39609035	4.61559649	4.83946915	5.05891778	5.28336199	5.50591458	5.72455677	5.93129872	6.12651204	6.33076056	6.44529153	6.45008033	6.40835182	6.34992545	6.28257337	6.20648380	6.06094578	5.83808750	5.58531420	5.32974037	5.09468070	4.89896172	4.74917658	4.63214149	4.53686278	4.45687172	4.38846873	4.32960722	4.27817912	4.23192908	4.18872160	4.14796830	4.11079249	4.07717017
	3.16123039	3.14728407	3.13436887	3.12350047	3.11644536	3.11384244	3.11639847	3.14869744	3.24737315	3.31320992	3.45529519	3.62717158	3.79681032	3.97447879	4.17295197	4.38447829	4.60169773	4.82367217	5.04080648	5.26341499	5.48300859	5.69843831	5.90192984	6.09482021	6.29434088	6.40915130	6.41529587	6.37628818	6.32063546	6.25678130	6.18472076	6.04364407	5.82521688	5.57666138	5.32473790	5.09267976	4.89897392	4.74991462	4.63292680	4.53755170	4.45754239	4.38927263	4.33069369	4.27970347	4.23404664	4.19156304	4.15157667	4.11509597	4.08206394
	3.23261395	3.21955950	3.20774886	3.19755244	3.19027051	3.18681321	3.18788651	3.21182572	3.31099069	3.37130510	3.50542048	3.67179316	3.83622345	4.00834313	4.20115592	4.40613545	4.61860730	4.83562503	5.04708921	5.26453244	5.47592833	5.68612631	5.88206145	6.06915499	6.26317948	6.37460868	6.38271100	6.34906690	6.29868989	6.24037155	6.17409616	6.04305679	5.83219234	5.59228433	5.34824852	5.12257803	4.93340351	4.78685721	4.67109304	4.57652911	4.49728338	4.42981758	4.37208625	4.32203772	4.27746416	4.23624784	4.19762329	4.16243770	4.13054564
	3.27635555	3.26422550	3.25354107	3.24425935	3.23714877	3.23311140	3.23280501	3.24869257	3.34526654	3.40072464	3.52453982	3.68419953	3.84262711	4.00832952	4.19405863	4.39223108	4.59829298	4.80922339	5.01460453	5.22558665	5.42936518	5.63212763	5.81978632	6.00071673	6.18715736	6.29438050	6.30454379	6.27643234	6.23137145	6.17823211	6.11777058	5.99799497	5.79807886	5.56850669	5.33404958	5.11639242	4.93314585	4.79023500	4.67652208	4.58338035	4.50539657	4.43917216	4.38264894	4.33382935	4.29057039	4.25081457	4.21368087	4.17982852	4.14905459
	3.30097375	3.28910779	3.27884499	3.26996386	3.26296857	3.25868920	3.25777483	3.27043487	3.36379755	3.41807248	3.53672657	3.69367793	3.85023255	4.01380256	4.19729320	4.39346109	4.59802675	4.80769829	5.01182935	5.22133767	5.42258078	5.62374419	5.80886808	5.98792260	6.17234416	6.27854247	6.29080381	6.26620873	6.22431799	6.17401557	6.11695761	6.00260797	5.80686537	5.58150377	5.35006666	5.13460980	4.95249809	4.80989484	4.69589931	4.60233584	4.52402694	4.45759712	4.40095777	4.35213767	4.30902797	4.26958257	4.23287144	4.19940989	4.16891273
	3.32991580	3.31834523	3.30854631	3.30016874	3.29344427	3.28903348	3.28753377	3.29666886	3.38256313	3.43681397	3.54730763	3.69997503	3.85384354	4.01434417	4.19459743	4.38801117	4.59012930	4.79782442	4.99991955	5.20719103	5.40581420	5.60327674	5.78466271	5.96192983	6.14187311	6.24583976	6.26101645	6.24126330	6.20373205	6.15762780	6.10531236	5.99894898	5.81030850	5.59057345	5.36427643	5.15256037	4.97278943	4.83141344	4.71772375	4.62405126	4.54559236	4.47901907	4.42218736	4.37319274	4.33005049	4.29078922	4.25446918	4.22135346	4.19108283
	3.34518330	3.33392313	3.32448395	3.31645465	3.30997140	3.30557720	3.30378426	3.31072477	3.38979543	3.44503942	3.54851453	3.69679618	3.84776423	4.00475254	4.18104533	4.37115204	4.56957543	4.77388638	4.97317449	5.17691707	5.37256913	5.56582920	5.74369476	5.91767727	6.09359840	6.19508184	6.21215439	6.19514681	6.16006831	6.11625825	6.06655578	5.96618798	5.78511591	5.57134003	5.35055754	5.14358631	4.96741767	4.82848625	4.71632740	4.62363828	4.54593420	4.47996682	4.42357694	4.37494056	4.33216330	4.29333209	4.25751186	4.22479242	4.19480460
	3.32905344	3.31747459	3.30795570	3.30001925	3.29369651	3.28939161	3.28750030	3.29314184	3.36605236	3.42445610	3.52420578	3.67313252	3.82628878	3.98554208	4.16471303	4.35880360	4.56114304	4.77007564	4.97457325	5.18207785	5.38242459	5.57798602	5.75916562	5.93722210	6.11484079	6.21760845	6.23847949	6.22494213	6.19207289	6.15057716	6.10297902	6.00597182	5.82606412	5.61003450	5.38680052	5.17710827	4.99816645	4.85675704	4.74206923	4.64679509	4.56666227	4.49840961	4.43979630	4.38910224	4.34449174	4.30411689	4.26706639	4.23321779	4.20216898
	3.29057910	3.27895707	3.26951833	3.26175654	3.25565847	3.25153243	3.24962849	3.25401022	3.31752689	3.38132940	3.47495875	3.62199515	3.77557592	3.93486067	4.11399705	4.30927133	4.51265966	4.72324463	4.92960663	5.13845107	5.34085260	5.53643755	5.71903972	5.89808924	6.07486453	6.17828652	6.20255595	6.19160263	6.16040900	6.12059300	6.07606823	5.98441542	5.80899943	5.59414102	5.37198404	5.16272412	4.98367421	4.84171817	4.72607210	4.62952848	4.54807156	4.47851900	4.41860855	4.36672719	4.32111660	4.27997431	4.24237207	4.20792754	4.17628716
	3.29609328	3.28481401	3.27567148	3.26813775	3.26213932	3.25795627	3.25587055	3.25942337	3.31154999	3.38141595	3.46727686	3.60833167	3.75833043	3.91371402	4.08797233	4.27888065	4.47766725	4.68403402	4.88636840	5.09140065	5.29072661	5.48204678	5.66162498	5.83727466	6.00941293	6.11108844	6.13705901	6.12762207	6.09753687	6.05906648	6.01789560	5.93173956	5.76464790	5.55698733	5.34119553	5.13760155	4.96289098	4.82387329	4.71021908	4.61504828	4.53465204	4.46600489	4.40682404	4.35560398	4.31062013	4.27010814	4.23314524	4.19920006	4.16791999
	3.31646849	3.30501010	3.29580202	3.28832386	3.28247699	3.27850796	3.27660757	3.27990843	3.32813222	3.39924997	3.48259548	3.62252293	3.77182074	3.92670288	4.10060807	4.29143466	4.49019739	4.69660338	4.89924569	5.10416604	5.30372747	5.49428869	5.67405830	5.84973843	6.02094404	6.12298168	6.15083781	6.14304819	6.11437284	6.07719478	6.03848533	5.95534597	5.78993334	5.58351120	5.36891004	5.16629524	4.99239981	4.85397519	4.74058166	4.64527898	4.56446687	4.49520760	4.43525218	4.38322422	4.33750609	4.29642002	4.25906947	4.22480791	4.19330181
	3.32625562	3.31476644	3.30560550	3.29824080	3.29254127	3.28872794	3.28694428	3.28991420	3.33065897	3.40546111	3.48382622	3.62071314	3.76861863	3.92207859	4.09431028	4.28370783	4.48147866	4.68688350	4.88920127	5.09306788	5.29204333	5.48122717	5.66078784	5.83565181	6.00492202	6.10719145	6.13731825	6.13091773	6.10310156	6.06817413	6.03256591	5.95312524	5.79222239	5.58921847	5.37744579	5.17756781	5.00592257	4.86902251	4.75645198	4.66132300	4.58028619	4.51057798	4.44999800	4.39731126	4.35100352	4.30948476	4.27186051	4.23736461	4.20566780
	3.30852394	3.29658286	3.28715776	3.27971853	3.27408818	3.27047478	3.26894453	3.27174366	3.30522173	3.38518543	3.45930360	3.59563754	3.74509357	3.90034120	4.07475870	4.26692784	4.46846409	4.67776927	4.88418711	5.09181776	5.29487417	5.48659321	5.67005311	5.84783079	6.01853279	6.12359028	6.15738703	6.15266762	6.12535501	6.09379722	6.06204394	5.98530789	5.82589872	5.62211747	5.40905701	5.20810044	5.03556503	4.89779230	4.78397603	4.68708086	4.60391820	4.53187384	4.46887042	4.41380959	4.36536125	4.32205072	4.28293632	4.24715070	4.21437276
	3.29643550	3.28478930	3.27555658	3.26820716	3.26252953	3.25870885	3.25690816	3.25923336	3.28515054	3.36944071	3.43679540	3.56731048	3.71429540	3.86680078	4.03740910	4.22614959	4.42441961	4.63098748	4.83480014	5.04003347	5.24135822	5.43094720	5.61282100	5.78834161	5.95651569	6.06096452	6.09600210	6.09149855	6.06500450	6.03458621	6.00464563	5.93165002	5.77861883	5.58162666	5.37352003	5.17690872	5.00763618	4.87194907	4.75946773	4.66342062	4.58087044	4.50936033	4.44683912	4.39220615	4.34416248	4.30123870	4.26245998	4.22694321	4.19432377
	3.32008712	3.30842428	3.29920359	3.29191089	3.28631752	3.28258726	3.28086363	3.28306003	3.30588364	3.39010617	3.45401491	3.58113851	3.72601953	3.87667179	4.04511596	4.23170953	4.42806059	4.63267588	4.83518435	5.03846977	5.23810830	5.42592317	5.60658069	5.78034867	5.94651037	6.05063470	6.08681795	6.08290800	6.05744494	6.02950884	6.00113569	5.93077923	5.78130368	5.58831295	5.38361104	5.19011476	5.02346442	4.88976044	4.77865484	4.68345197	4.60134915	4.52999509	4.46744653	4.41265436	4.36443844	4.32139685	4.28254164	4.24700112	4.21440766
	3.34846514	3.33675634	3.32751081	3.32024499	3.31471234	3.31103336	3.30934637	3.31127905	3.32928854	3.41349114	3.47226020	3.59374272	3.73551423	3.88360365	4.04890073	4.23243028	4.42614772	4.62826726	4.82837208	5.02932387	5.22706526	5.41246244	5.59148392	5.76280142	5.92633923	6.03030714	6.06813185	6.06465903	6.04117311	6.01640969	5.99113795	5.92483148	5.78058396	5.59361256	5.39392040	5.20502636	5.04209329	4.91112398	4.80186801	4.70775989	4.62616584	4.55493719	4.49228474	4.43722901	4.38875659	4.34553901	4.30655343	4.27093358	4.23831837
	3.34957281	3.33804009	3.32891886	3.32172485	3.31621773	3.31250412	3.31073415	3.31242666	3.32755643	3.41164074	3.46697188	3.58399750	3.72351020	3.86975504	4.03241578	4.21328757	4.40471736	4.60475846	4.80283734	5.00185238	5.19811111	5.38181138	5.55932337	5.72881930	5.89052952	5.99387854	6.03219321	6.02867086	6.00601025	5.98265581	5.95814218	5.89476998	5.75468418	5.57260145	5.37661161	5.19113597	5.03090291	4.90183715	4.79389290	4.70066825	4.61964987	4.54880468	4.48644617	4.43160324	4.38332457	4.34030208	4.30148276	4.26600567	4.23350546
	3.33701607	3.32574590	3.31678362	3.30967170	3.30418794	3.30041911	3.29852137	3.29993175	3.31272441	3.39625235	3.44862955	3.56103163	3.69820603	3.84254424	4.00239581	4.18033054	4.36929394	4.56687828	4.76256988	4.95933270	5.15386654	5.33538683	5.51075737	5.67819687	5.83761430	5.93976546	5.97790752	5.97416509	5.95233380	5.92947367	5.90481058	5.84440789	5.70877949	5.53211335	5.34015649	5.15827129	5.00075388	4.87356274	4.76694691	4.67470122	4.59444330	4.52425064	4.46249621	4.40819792	4.36042153	4.31785568	4.27943051	4.24429524	4.21205162
	3.34093986	3.32957655	3.32051142	3.31332253	3.30778790	3.30395306	3.30197292	3.30313148	3.31355479	3.39603217	3.44587787	3.55349709	3.68915764	3.83277658	3.99154647	4.16861428	4.35725517	4.55488645	4.75073872	4.94750562	5.14307673	5.32469652	5.49998586	5.66814380	5.82749062	5.93058435	5.97004700	5.96625589	5.94560920	5.92417578	5.90130114	5.84371072	5.71226148	5.53906699	5.34944211	5.16948493	5.01318102	4.88662466	4.78019257	4.68774283	4.60698430	4.53615440	4.47374463	4.41880165	4.37046209	4.32743855	4.28860100	4.25308414	4.22048784
	3.34553807	3.33403751	3.32483904	3.31754804	3.31194866	3.30805941	3.30601695	3.30696052	3.31601670	3.39614326	3.44526574	3.54894135	3.68341239	3.82660041	3.98479548	4.16145551	4.35037098	4.54808607	4.74410767	4.94165211	5.13813392	5.32006891	5.49591234	5.66448251	5.82400098	5.92796610	5.96832646	5.96477661	5.94506947	5.92500532	5.90396470	5.84835250	5.72006296	5.54931980	5.36154564	5.18302713	5.02753316	4.90129465	4.79483614	4.70206893	4.62075909	4.54929016	4.48622260	4.43064313	4.38174471	4.33826368	4.29900977	4.26311012	4.23018209
	3.35547581	3.34400352	3.33477302	3.32742751	3.32179453	3.31786392	3.31574296	3.31628686	3.32381301	3.39696663	3.44691172	3.54307669	3.67381910	3.81476605	3.97023051	4.14404662	4.33116838	4.52622741	4.72024086	4.91660589	5.11164345	5.29246028	5.46711060	5.63411034	5.79188078	5.89549424	5.93618234	5.93355367	5.91569945	5.89648421	5.87707756	5.82495505	5.70352834	5.53823253	5.35578262	5.18196472	5.03005075	4.90621579	4.80137542	4.70956586	4.62863361	4.55719645	4.49398700	4.43817669	4.38904446	4.34541312	4.30604955	4.27003747	4.23704860
	3.36858450	3.35693895	3.34755330	3.34009762	3.33441453	3.33047560	3.32836341	3.32869691	3.33549364	3.40402555	3.45508281	3.54710866	3.67583132	3.81594508	3.97066223	4.14376318	4.33073752	4.52515502	4.71878494	4.91512259	5.11004029	5.29103592	5.46566149	5.63258893	5.79023134	5.89446187	5.93594505	5.93397947	5.91832565	5.90037024	5.88170775	5.83115844	5.71220230	5.54952686	5.36938704	5.19775182	5.04772028	4.92526822	4.82144206	4.73012527	4.64920520	4.57744002	4.51367500	4.45719014	4.40738898	4.36318631	4.32335957	4.28696022	4.25371192
	3.42941065	3.41788181	3.40855259	3.40115684	3.39554976	3.39170356	3.38966045	3.38978403	3.39569727	3.45502141	3.50724027	3.59130086	3.71369657	3.84889880	3.99847155	4.16599237	4.34780899	4.53618889	4.72430384	4.91541989	5.10504282	5.28164865	5.45170649	5.61411041	5.76765777	5.86987814	5.91099173	5.91007515	5.89716949	5.88060586	5.86379778	5.81639711	5.70381388	5.54892741	5.37682009	5.21272778	5.06933156	4.95209069	4.85242772	4.76423199	4.68557717	4.61533622	4.55255339	4.49668687	4.44730394	4.40347782	4.36406055	4.32809544	4.29536119
	3.47734699	3.46612566	3.45696905	3.44965330	3.44407571	3.44022806	3.43811366	3.43784121	3.44254397	3.48578461	3.54292635	3.61485072	3.72731378	3.85653741	3.99951944	4.15970911	4.33478326	4.51637677	4.69814378	4.88356326	5.06738630	5.23969920	5.40433538	5.56169896	5.71113908	5.81083537	5.85151007	5.85176893	5.84002749	5.82665502	5.81175166	5.76743331	5.66477888	5.52087477	5.35962576	5.20510423	5.06976659	4.95851516	4.86348526	4.77885330	4.70278750	4.63441681	4.57296672	4.51807048	4.46942719	4.42626117	4.38747856	4.35215977	4.32005911
	3.48187264	3.47084636	3.46177735	3.45448136	3.44888611	3.44498784	3.44279451	3.44232376	3.44646467	3.48103806	3.54178478	3.60775468	3.71493541	3.84176508	3.98213210	4.13932122	4.31169247	4.49095598	4.67062277	4.85389397	5.03547157	5.20656268	5.36928836	5.52527474	5.67305220	5.77144206	5.81175413	5.81257227	5.80100866	5.78791589	5.77418118	5.73119906	5.63330933	5.49446713	5.33829519	5.18803764	5.05622587	4.94752052	4.85447924	4.77136092	4.69639771	4.62881579	4.56793242	4.51342524	4.46503499	4.42207152	4.38348639	4.34836156	4.31644538
	3.50386586	3.49255646	3.48321525	3.47571114	3.46996619	3.46596657	3.46372294	3.46316643	3.46694529	3.49484969	3.55838801	3.62011144	3.72339706	3.84938305	3.98949683	4.14644556	4.31909156	4.49850960	4.67889347	4.86330967	5.04519113	5.21782946	5.38239019	5.53936783	5.68887628	5.78896947	5.83008473	5.83220519	5.82294353	5.81026965	5.79808268	5.75453656	5.65830441	5.52234342	5.36816781	5.21924158	5.08863269	4.98079783	4.88842981	4.80561913	4.73056525	4.66252705	4.60087864	4.54546061	4.49611724	4.45227606	4.41295332	4.37721387	4.34480635
	3.46343877	3.45195352	3.44238780	3.43464418	3.42867279	3.42448512	3.42207482	3.42137420	3.42468903	3.44564657	3.51243193	3.56836388	3.66659755	3.79238178	3.93317203	4.09058333	4.26428634	4.44573537	4.62809990	4.81465092	4.99954183	5.17550107	5.34186930	5.50254478	5.65418716	5.75600177	5.79807429	5.80159787	5.79284015	5.78018962	5.76676216	5.72425295	5.63167497	5.49884753	5.34680852	5.19885608	5.06869723	4.96091250	4.86832699	4.78501947	4.70918205	4.64015434	4.57739484	4.52085737	4.47044728	4.42565770	4.38552734	4.34910996	4.31609075
	3.44373930	3.43235837	3.42276491	3.41491462	3.40879560	3.40443936	3.40184584	3.40096270	3.40368370	3.41841042	3.48580944	3.53468526	3.62517066	3.74801456	3.88725744	4.04249816	4.21428988	4.39477575	4.57635672	4.76209642	4.94597937	5.12295952	5.28914246	5.44959704	5.60164006	5.70354956	5.74619998	5.75020510	5.74087325	5.72853098	5.71369488	5.67267391	5.58481480	5.45796300	5.31138986	5.16760492	5.04062341	4.93508062	4.84408997	4.76188242	4.68667944	4.61793884	4.55524985	4.49860990	4.44800147	4.40301324	4.36275480	4.32626016	4.29315510
	3.47515223	3.46347496	3.45363803	3.44559683	3.43933987	3.43489513	3.43224996	3.43134410	3.43391969	3.44734413	3.51365346	3.56052904	3.64816671	3.76990512	3.90926931	4.06461805	4.23652042	4.41729945	4.59916581	4.78528490	4.96951872	5.14817821	5.31530414	5.47642033	5.63030301	5.73387927	5.77727112	5.78298675	5.77410882	5.76295893	5.74838186	5.70745082	5.61974221	5.49421604	5.34858501	5.20518916	5.07851896	4.97333859	4.88260155	4.80047761	4.72513492	4.65598629	4.59270500	4.53539641	4.48416004	4.43864038	4.39796510	4.36117068	4.32785503
	3.44685648	3.43540291	3.42563102	3.41755109	3.41119201	3.40660463	3.40379227	3.40271106	3.40463956	3.41451571	3.47713385	3.51970914	3.59932570	3.71700390	3.85465107	4.00770211	4.17722203	4.35668013	4.53671487	4.72130193	4.90456592	5.08281102	5.24836790	5.40945041	5.56197756	5.66449115	5.70772669	5.71421647	5.70510261	5.69353676	5.67765975	5.63867718	5.55562494	5.43587350	5.29624000	5.15762691	5.03446755	4.93180931	4.84295649	4.76222733	4.68788296	4.61936944	4.55650204	4.49942927	4.44834019	4.40296239	4.36246392	4.32588395	4.29277342
	3.45209876	3.44023635	3.43012967	3.42176983	3.41519454	3.41044392	3.40751759	3.40635893	3.40814642	3.41745727	3.47889134	3.52093985	3.59885058	3.71647191	3.85576304	4.01071327	4.18221101	4.36357221	4.54603979	4.73291258	4.91837158	5.09919611	5.26776874	5.43123016	5.58677760	5.69187138	5.73660005	5.74379306	5.73561603	5.72394754	5.70851126	5.66880605	5.58477805	5.46484743	5.32454632	5.18478240	5.06038218	4.95675839	4.86707183	4.78553189	4.71029027	4.64075192	4.57677665	4.51861177	4.46653287	4.42030594	4.37908294	4.34191230	4.30831454
	3.45192062	3.43971733	3.42933904	3.42075409	3.41400423	3.40912182	3.40610372	3.40488089	3.40658568	3.41567003	3.47643099	3.51842789	3.59556434	3.71349863	3.85433386	4.01108579	4.18446357	4.36758406	4.55224640	4.74116382	4.92857634	5.11148481	5.28260709	5.44811269	5.60610796	5.71319169	5.75919964	5.76661305	5.75933317	5.74723427	5.73227201	5.69180276	5.60673288	5.48624723	5.34499006	5.20394796	5.07824543	4.97357653	4.88300569	4.80065256	4.72457536	4.65415742	4.58927873	4.53024714	4.47738933	4.43049299	4.38869606	4.35104518	4.31703892
	3.46580755	3.45341390	3.44290322	3.43422905	3.42742100	3.42250967	3.41948270	3.41826166	3.42000867	3.42928747	3.49060267	3.53244266	3.61012950	3.72854257	3.86989251	4.02731686	4.20136234	4.38492872	4.57013355	4.75959971	4.94728588	5.13029701	5.30222790	5.46844637	5.62708067	5.73478317	5.78139822	5.78869952	5.78252865	5.77008806	5.75595022	5.71485327	5.62875064	5.50760113	5.36550667	5.22363097	5.09719413	4.99199725	4.90103070	4.81836378	4.74200791	4.67131233	4.60615412	4.54687163	4.49380817	4.44674805	4.40481506	4.36704894	4.33295784
	3.45603034	3.44341733	3.43272890	3.42390216	3.41696734	3.41195256	3.40884411	3.40756232	3.40918781	3.41817278	3.47866180	3.52047835	3.59724490	3.71568815	3.85809458	4.01675243	4.19207691	4.37698141	4.56345058	4.75424647	4.94333216	5.12774698	5.30108938	5.46867890	5.62874450	5.73744754	5.78475062	5.79235101	5.78635331	5.77392383	5.75972158	5.71827175	5.63180042	5.51041276	5.36799770	5.22552529	5.09833171	4.99244857	4.90090453	4.81771707	4.74085534	4.66965218	4.60398996	4.54423042	4.49073752	4.44330880	4.40106600	4.36303487	4.32871096
	3.42479525	3.41194754	3.40104633	3.39201203	3.38489110	3.37970798	3.37645552	3.37505867	3.37643140	3.38473158	3.44316633	3.48517243	3.55977572	3.67790247	3.82190834	3.98236280	4.15958675	4.34667077	4.53524495	4.72817872	4.91976040	5.10680216	5.28224802	5.45193904	5.61421198	5.72435059	5.77245293	5.78056075	5.77410105	5.76176370	5.74682582	5.70518429	5.61890998	5.49767424	5.35532148	5.21238691	5.08436468	4.97762303	4.88530754	4.80137638	4.72376004	4.65179327	4.58537358	4.52488297	4.47071116	4.42268545	4.37993541	4.34146916	4.30674903
	3.41101064	3.39797061	3.38690591	3.37772279	3.37047049	3.36517754	3.36183285	3.36036574	3.36157146	3.36953620	3.42623507	3.46860111	3.54173838	3.65938684	3.80425137	3.96579455	4.14412347	4.33240052	4.52203745	4.71607306	4.90871479	5.09698133	5.27365337	5.44461509	5.60810583	5.71915974	5.76790555	5.77607231	5.77023007	5.75759412	5.74253951	5.70049987	5.61387711	5.49268609	5.35032915	5.20715485	5.07868748	4.97151470	4.87883091	4.79455240	4.71658235	4.64423400	4.57741283	4.51652577	4.46199343	4.41366109	4.37066063	4.33198590	4.29709030
	3.39682965	3.38351003	3.37222259	3.36285064	3.35543658	3.35001440	3.34656449	3.34502160	3.34603481	3.35366599	3.40841958	3.45127004	3.52286670	3.64003382	3.78592469	3.94879743	4.12846003	4.31810721	4.50885605	4.70412079	4.89793624	5.08757098	5.26560797	5.43789514	5.60288088	5.71499744	5.76450364	5.77297999	5.76771434	5.75512047	5.73976639	5.69726500	5.60996284	5.48848034	5.34594935	5.20238644	5.07333309	4.96561062	4.87246909	4.78777513	4.70939874	4.63661962	4.56934696	4.50802096	4.45310169	4.40444801	4.36119283	4.32230829	4.28724285
	3.36865842	3.35513895	3.34367541	3.33414028	3.32657812	3.32102835	3.31747152	3.31584765	3.31670955	3.32395416	3.37771150	3.42093680	3.49150825	3.60894155	3.75634042	3.92092941	4.10244460	4.29414838	4.48695739	4.68431134	4.88027193	5.07221962	5.25239194	5.42671279	5.59375035	5.70725609	5.75740306	5.76621172	5.76087336	5.74806957	5.73204261	5.68925152	5.60151759	5.47944871	5.33623662	5.19179596	5.06176001	4.95310343	4.85911291	4.77361048	4.69445906	4.62093802	4.55295622	4.49096918	4.43545275	4.38627524	4.34257498	4.30330243	4.26788661
	3.35476558	3.34116743	3.32963109	3.32002489	3.31239624	3.30678755	3.30318041	3.30151753	3.30232147	3.30938195	3.36288411	3.40624413	3.47644794	3.59414005	3.74230466	3.90773862	4.09018595	4.28294723	4.47688780	4.67536598	4.87248235	5.06563342	5.24699063	5.42243992	5.59054063	5.70479130	5.75527565	5.76421292	5.75882064	5.74580593	5.72940435	5.68653197	5.59860226	5.47621620	5.33256565	5.18760529	5.05702444	4.94785487	4.85339129	4.76743511	4.68785088	4.61392278	4.54555882	4.48321917	4.42738302	4.37792195	4.33397760	4.29448997	4.25887672
	3.35413438	3.34051738	3.32896524	3.31934064	3.31169265	3.30606319	3.30243479	3.30075252	3.30151167	3.30846549	3.36137419	3.40480475	3.47448469	3.59184367	3.73995617	3.90536013	4.08775067	4.28046025	4.47439940	4.67291884	4.86993067	5.06308169	5.24453565	5.42004739	5.58822643	5.70255496	5.75314214	5.76212873	5.75679411	5.74373157	5.72725188	5.68444345	5.59660090	5.47440823	5.33098302	5.18620469	5.05573489	4.94662906	4.85221208	4.76628796	4.68672550	4.61280974	4.54445120	4.48211346	4.42628172	4.37683176	4.33290426	4.29343425	4.25783601
	3.36015841	3.34578435	3.33370469	3.32369557	3.31575830	3.30992065	3.30614903	3.30437315	3.30506161	3.31199933	3.36450319	3.40816775	3.47747570	3.59565522	3.74593838	3.91398467	4.09902202	4.29371462	4.49026203	4.69125138	4.89058140	5.08610545	5.27055966	5.44820729	5.61963875	5.73613839	5.78813556	5.79864084	5.79374168	5.78170345	5.76532018	5.72159345	5.63172247	5.50720639	5.36190536	5.21497795	5.08234959	4.97139181	4.87545493	4.78820990	4.70744823	4.63239898	4.56297117	4.49970733	4.44313874	4.39311341	4.34874226	4.30890098	4.27299331
	3.36373876	3.34848455	3.33579453	3.32534330	3.31707124	3.31098563	3.30704125	3.30514657	3.30569708	3.31249115	3.36415490	3.40796777	3.47637433	3.59509335	3.74763777	3.91851455	4.10630701	4.30283518	4.50189352	4.70514254	4.90659500	5.10438650	5.29160707	5.47112285	5.64563044	5.76412699	5.81694323	5.82976095	5.82559548	5.81483738	5.79901109	5.75385754	5.66183703	5.53470376	5.38769762	5.23871796	5.10394274	4.99107875	4.89359862	4.80506266	4.72318014	4.64710911	4.57673722	4.51268506	4.45553529	4.40509611	4.36043665	4.32036364	4.28426927
	3.36022231	3.34454075	3.33155417	3.32088622	3.31244449	3.30622399	3.30218122	3.30021192	3.30062732	3.30720304	3.35782229	3.40171243	3.46903939	3.58752640	3.74096044	3.91303753	4.10192186	4.29900499	4.49888432	4.70272787	4.90474179	5.10329290	5.29130403	5.47125858	5.64669234	5.76572986	5.81819141	5.83259453	5.82910225	5.81885749	5.80368777	5.75751314	5.66468568	5.53645948	5.38912379	5.23960513	5.10414247	4.99058917	4.89256757	4.80362132	4.72143050	4.64511407	4.57453469	4.51033827	4.45313285	4.40270366	4.35809411	4.31807691	4.28203662
	3.36998752	3.35404253	3.34087505	3.33008931	3.32156619	3.31529155	3.31121716	3.30922812	3.30964140	3.31626460	3.36717652	3.41072455	3.47820689	3.59699673	3.75086339	3.92348666	4.11285142	4.31021456	4.51039687	4.71435184	4.91623540	5.11523908	5.30356523	5.48378669	5.65949589	5.77881124	5.83084424	5.84581278	5.84363501	5.83313488	5.81903651	5.77227329	5.67892273	5.54988799	5.40211133	5.25210004	5.11613802	5.00215002	4.90378385	4.81456052	4.73214039	4.65562548	4.58488060	4.52057331	4.46332110	4.41289249	4.36830195	4.32831044	4.29229986
	3.37712876	3.36043918	3.34674761	3.33559435	3.32677815	3.32026864	3.31599744	3.31384267	3.31401825	3.32021428	3.36861690	3.41243354	3.47757105	3.59509950	3.74963572	3.92339601	4.11358505	4.31132706	4.51192194	4.71583125	4.91755942	5.11723480	5.30587425	5.48650334	5.66264584	5.78243985	5.83470653	5.85128056	5.85077854	5.84108288	5.82759399	5.78024153	5.68586867	5.55610527	5.40871559	5.25873879	5.12232562	5.00770381	4.90882722	4.81924818	4.73659018	4.65991359	4.58906939	4.52475260	4.46762275	4.41741511	4.37309936	4.33337937	4.29763956
	3.38202382	3.36522843	3.35146591	3.34026825	3.33142147	3.32489275	3.32060939	3.31844653	3.31862494	3.32483406	3.37340286	3.41709252	3.48232610	3.59997563	3.75464519	3.92857625	4.11892450	4.31676017	4.51743287	4.72140084	4.92312652	5.12294304	5.31169523	5.49244636	5.66871943	5.78865253	5.84098759	5.85772358	5.85755416	5.84801690	5.83467819	5.78726396	5.69266672	5.56263421	5.41510318	5.26493079	5.12830700	5.01349378	4.91446313	4.82476061	4.74200137	4.66523797	4.59432161	4.52995442	4.47279921	4.42258288	4.37826723	4.33854910	4.30281495
	3.40361988	3.38613173	3.37187629	3.36035027	3.35126338	3.34454726	3.34010366	3.33780354	3.33782709	3.34381187	3.39113299	3.43433463	3.49819394	3.61492920	3.76979882	3.94420243	4.13459210	4.33215588	4.53259381	4.73616883	4.93688069	5.13665801	5.32502141	5.50561129	5.68180538	5.80193134	5.85509603	5.87287876	5.87349165	5.86532775	5.85265195	5.80535283	5.70991770	5.57909735	5.43175510	5.28172773	5.14488468	5.02973845	4.93044232	4.84059500	4.75775692	4.68097049	4.61008677	4.54585167	4.48894800	4.43906920	4.39511736	4.35575391	4.32036672
	3.41489127	3.39669712	3.38193137	3.37005282	3.36069767	3.35376126	3.34912367	3.34665673	3.34645244	3.35208410	3.39713558	3.44025269	3.50195634	3.61725275	3.77242063	3.94749448	4.13801921	4.33539822	4.53567302	4.73892840	4.93894901	5.13845575	5.32638473	5.50673107	5.68273694	5.80288383	5.85673904	5.87556971	5.87647199	5.86988781	5.85726279	5.81006912	5.71390245	5.58244014	5.43559795	5.28602180	5.14919773	5.03390159	4.93450023	4.84465493	4.76186774	4.68517634	4.61442439	4.55039908	4.49381029	4.44432792	4.40080113	4.36185027	4.32686889
	3.41210796	3.39356033	3.37852107	3.36644542	3.35694217	3.34988244	3.34514047	3.34258715	3.34226208	3.34776103	3.39168978	3.43501859	3.49578311	3.61058620	3.76631432	3.94221163	4.13327528	4.33104520	4.53164551	4.73516047	4.93566026	5.13504828	5.32300438	5.50346876	5.67956468	5.79975996	5.85392073	5.87334823	5.87408229	5.86814900	5.85551342	5.80822470	5.71152986	5.57937535	5.43238710	5.28271664	5.14564141	5.03008762	4.93048980	4.84053221	4.75767837	4.68096170	4.61021160	4.54623543	4.48975207	4.44041532	4.39704744	4.35825282	4.32342607
	3.43170584	3.41243900	3.39683349	3.38437359	3.37460728	3.36734953	3.36245483	3.35977422	3.35936141	3.36487885	3.40900771	3.45178482	3.51246702	3.62768152	3.78449383	3.96176992	4.15390953	4.35253819	4.55387613	4.75783803	4.95894447	5.15891736	5.34728014	5.52850657	5.70535053	5.82632075	5.88146492	5.90276427	5.90512244	5.89900830	5.88918596	5.84129680	5.74316216	5.60915271	5.46069472	5.30984408	5.17137870	5.05457154	4.95392074	4.86315716	4.77968122	4.70249722	4.63142015	4.56730038	4.51084949	4.46164580	4.41842682	4.37978741	4.34509319
	3.42618815	3.40663147	3.39076261	3.37808683	3.36813774	3.36070534	3.35563562	3.35278407	3.35214176	3.35721473	3.39888716	3.44211061	3.50068203	3.61461327	3.77173516	3.94962416	4.14208624	4.34094762	4.54266241	4.74674187	4.94820030	5.14793137	5.33629302	5.51765702	5.69469521	5.81579803	5.87130892	5.89338127	5.89673999	5.89122740	5.88120796	5.83316980	5.73465154	5.60073358	5.45237184	5.30200554	5.16360625	5.04670802	4.94595306	4.85517898	4.77175901	4.69468364	4.62375489	4.55981979	4.50359450	4.45463797	4.41166376	4.37326100	4.33877740
	3.42707362	3.40701720	3.39073165	3.37775316	3.36758201	3.35997221	3.35475554	3.35177848	3.35103636	3.35603228	3.39725960	3.44056603	3.49876846	3.61297939	3.77137430	3.95089448	4.14480750	4.34500081	4.54801220	4.75323900	4.95606454	5.15666498	5.34595510	5.52842334	5.70653895	5.82847096	5.88489281	5.90784602	5.91234290	5.90690697	5.89801665	5.84964035	5.74989092	5.61461265	5.46494725	5.31352871	5.17390270	5.05590453	4.95421375	4.86268657	4.77864725	4.70106606	4.62973595	4.56552605	4.50915534	4.46013652	4.41713202	4.37871455	4.34421533
	3.44003299	3.41943938	3.40269641	3.38939375	3.37899345	3.37119906	3.36582814	3.36271376	3.36187967	3.36681096	3.40789027	3.45104634	3.50892916	3.62320839	3.78243702	3.96312854	4.15802660	4.35904321	4.56291475	4.76880294	4.97214220	5.17326581	5.36299403	5.54613127	5.72491330	5.84741850	5.90446090	5.92859124	5.93455560	5.92976442	5.92118441	5.87270091	5.77211929	5.63588805	5.48508846	5.33282648	5.19211879	5.07313699	4.97063636	4.87851753	4.79404579	4.71615157	4.64460651	4.58030358	4.52394606	4.47500276	4.43207769	4.39376007	4.35934518
	3.45682292	3.43554365	3.41813324	3.40433206	3.39356286	3.38544629	3.37977495	3.37637045	3.37523133	3.37969123	3.41789252	3.46117930	3.51646731	3.62897803	3.78874497	3.97041871	4.16583639	4.36710256	4.57143828	4.77754633	4.98026705	5.18113276	5.37039772	5.55346245	5.73215672	5.85469280	5.91275264	5.93803664	5.94565142	5.94290799	5.93436850	5.88588094	5.78428560	5.64770201	5.49657406	5.34460846	5.20350463	5.08412017	4.98135123	4.88918398	4.80483908	4.72719474	4.65598690	4.59210915	4.53626033	4.48785753	4.44542560	4.40760638	4.37361808
	3.47613781	3.45452870	3.43676613	3.42271003	3.41177053	3.40351431	3.39771197	3.39417513	3.39290486	3.39714981	3.43445458	3.47713237	3.53148666	3.64323503	3.80289454	3.98449162	4.17960646	4.38035460	4.58424143	4.78984339	4.99140944	5.19163168	5.38008912	5.56263776	5.74086470	5.86317936	5.92176015	5.94767317	5.95607724	5.95507083	5.94685358	5.89862631	5.79654073	5.65986000	5.50867189	5.35709375	5.21598020	5.09659180	4.99389040	4.90188912	4.81779196	4.74045011	4.66957966	4.60608348	4.55064941	4.50265389	4.46058397	4.42310510	4.38941083
	3.50392988	3.48196383	3.46378569	3.44942338	3.43831143	3.42995111	3.42406847	3.42045198	3.41916456	3.42349854	3.46232302	3.50351757	3.55914255	3.67193139	3.83209628	4.01419128	4.20963855	4.41050111	4.61440960	4.82003674	5.02115718	5.22143959	5.40973952	5.59256252	5.77110572	5.89380388	5.95328099	5.98031858	5.98989460	5.99042196	5.98406243	5.93612492	5.83296608	5.69481109	5.54223122	5.38983462	5.24765628	5.12745249	5.02419098	4.93179982	4.84745377	4.76995128	4.69899563	4.63552822	4.58019854	4.53231561	4.49033365	4.45289741	4.41923097
	3.53512427	3.51262298	3.49381575	3.47896520	3.46754552	3.45896598	3.45289672	3.44909864	3.44767387	3.45193508	3.49109547	3.53099441	3.58700672	3.70031077	3.86145052	4.04470853	4.24078670	4.44218481	4.64665227	4.85287457	5.05356049	5.25431938	5.44265728	5.62606708	5.80515025	5.92840470	5.98918088	6.01784715	6.02876329	6.03094247	6.02705290	5.97927797	5.87469798	5.73466296	5.58042444	5.42715217	5.28364736	5.16247331	5.05859780	4.96580880	4.88124148	4.80362128	4.73263208	4.66925063	4.61409850	4.56640850	4.52458951	4.48726866	4.45368650
	3.54906506	3.52617774	3.50686764	3.49156229	3.47982497	3.47100176	3.46472210	3.46072196	3.45909011	3.46312590	3.50124862	3.54076699	3.59614783	3.70937517	3.87166118	4.05633043	4.25317971	4.45540718	4.66083648	4.86780786	5.06918916	5.27059779	5.45943537	5.64374884	5.82364224	5.94755920	6.00950661	6.03957902	6.05187889	6.05472926	6.05248130	6.00466787	5.89933138	5.75789293	5.60247350	5.44845839	5.30384504	5.18187973	5.07751362	4.98440911	4.89967110	4.82195281	4.75092026	4.68756708	4.63250240	4.58490365	4.54316374	4.50589117	4.47233098
	3.55170345	3.52863015	3.50904813	3.49348833	3.48154829	3.47253767	3.46606888	3.46186861	3.45996999	3.46357657	3.49892590	3.53849264	3.59150733	3.70289584	3.86539207	4.05057734	4.24725243	4.44933663	4.65494319	4.86124386	5.06213050	5.26318905	5.45125732	5.63508158	5.81422457	5.93763185	6.00024766	6.03081240	6.04385282	6.04693947	6.04548310	5.99748995	5.89195590	5.75037673	5.59519188	5.44204845	5.29781599	5.17637467	5.07265698	4.98021651	4.89615630	4.81907601	4.74865795	4.68585794	4.63130387	4.58416399	4.54286075	4.50598356	4.47276237
	3.56308005	3.53965471	3.51963754	3.50366895	3.49144893	3.48224727	3.47563495	3.47131138	3.46933468	3.47300916	3.50898947	3.54822229	3.60214459	3.71471885	3.87896840	4.06598215	4.26392997	4.46740476	4.67435741	4.88172674	5.08360688	5.28635771	5.47541494	5.66059155	5.84098465	5.96527222	6.02900010	6.06069463	6.07498244	6.07919200	6.07834956	6.03056721	5.92403478	5.78064056	5.62363794	5.46884807	5.32288075	5.20011128	5.09540987	5.00221132	4.91756396	4.84000027	4.76918664	4.70609746	4.65133841	4.60401698	4.56253969	4.52547646	4.49207434
	3.57219499	3.54786983	3.52677077	3.50972322	3.49669268	3.48690126	3.47981629	3.47506919	3.47271697	3.47612654	3.51166484	3.54987357	3.60391744	3.71806004	3.88604700	4.07681043	4.27865478	4.48500153	4.69522020	4.90598800	5.11040824	5.31620763	5.50781135	5.69647986	5.87999950	6.00671590	6.07411584	6.10858183	6.12631959	6.13363361	6.13490164	6.08668688	5.97769268	5.83098718	5.67017393	5.51229963	5.36259605	5.23698988	5.13025585	5.03549054	4.94964784	4.87109571	4.79950390	4.73587041	4.68076933	4.63315200	4.59144381	4.55410039	4.52041165
	3.60136105	3.57671430	3.55510457	3.53736916	3.52374760	3.51348208	3.50595916	3.50077405	3.49789354	3.50054676	3.53164762	3.56901929	3.61890379	3.72926153	3.89638533	4.08649931	4.28820207	4.49214817	4.70107874	4.91068545	5.11195193	5.31639809	5.50596640	5.69349114	5.87537695	6.00138516	6.07292142	6.10745301	6.12839051	6.13874434	6.14267147	6.09581791	5.98577059	5.84000725	5.68003022	5.52416704	5.37504344	5.25016302	5.14442289	5.05075186	4.96611419	4.88880916	4.81851139	4.75623438	4.70243775	4.65600963	4.61538022	4.57894463	4.54603422
	3.59725938	3.57177931	3.54933883	3.53068565	3.51628377	3.50543446	3.49744156	3.49185414	3.48858155	3.49092391	3.52121483	3.55807618	3.60783513	3.71922146	3.88904617	4.08322256	4.28902678	4.49588014	4.70805210	4.92117046	5.12463215	5.33265489	5.52475112	5.71565826	5.90061589	6.02897488	6.10472517	6.14085038	6.16513337	6.17856304	6.18533710	6.13901830	6.02656121	5.87713218	5.71382724	5.55543978	5.40275479	5.27511117	5.16737321	5.07217637	4.98637527	4.90817248	4.83716524	4.77446911	4.72041950	4.67377844	4.63292572	4.59619388	4.56298760
	3.62475562	3.59855851	3.57542852	3.55590268	3.54069252	3.52923727	3.52076338	3.51476199	3.51107442	3.51308586	3.54238146	3.57778782	3.62706460	3.73807815	3.90850789	4.10345138	4.31021542	4.51789685	4.72928503	4.94198030	5.14528339	5.35400684	5.54556347	5.73750042	5.92262993	6.05171971	6.13059848	6.16934840	6.19775865	6.21517636	6.22590404	6.18139621	6.06850193	5.91726586	5.75354793	5.59399320	5.43942653	5.31049456	5.20215448	5.10676863	5.02103364	4.94306047	4.87235095	4.81016637	4.75668782	4.71052622	4.67002282	4.63348858	4.60041935
	3.61574336	3.58865318	3.56473048	3.54435803	3.52835841	3.51627785	3.50729284	3.50086725	3.49677099	3.49834522	3.52567423	3.56116584	3.60905096	3.71974566	3.89180415	4.08898384	4.29843113	4.50923037	4.72261084	4.93768220	5.14299988	5.35466310	5.54812000	5.74312808	5.93034234	6.06178416	6.14624743	6.18527215	6.21706488	6.23757714	6.25124424	6.20704945	6.09364440	5.94055821	5.77499429	5.61334816	5.45619400	5.32520653	5.21549024	5.11912164	5.03262149	4.95402613	4.88277338	4.82027047	4.76659742	4.72026463	4.67954628	4.64276287	4.60942680
	3.61225777	3.58432833	3.55968015	3.53854204	3.52179444	3.50912089	3.49965456	3.49283676	3.48835731	3.48955004	3.51539381	3.55067102	3.59746255	3.70733201	3.87923944	4.07754991	4.28829242	4.49980717	4.71549285	4.93193874	5.13808410	5.35158678	5.54577045	5.74336601	5.93126025	6.06455202	6.15177977	6.19392636	6.22949652	6.25365780	6.27097908	6.22791074	6.11526544	5.96145218	5.79494087	5.63190919	5.47278678	5.34018804	5.22952213	5.13260334	5.04575726	4.96691968	4.89549507	4.83302515	4.77942243	4.73312629	4.69229355	4.65532739	4.62176881
	3.59556601	3.56660259	3.54108760	3.51905301	3.50136388	3.48787094	3.47774254	3.47038281	3.46539377	3.46606683	3.48990875	3.52484320	3.57004515	3.67793496	3.84776723	4.04575440	4.25576496	4.46780406	4.68508378	4.90306618	5.10817554	5.32369928	5.51805380	5.71844973	5.90644112	6.04210779	6.12653120	6.17916281	6.21973518	6.24881306	6.27125210	6.23221999	6.12167616	5.96940357	5.80302258	5.63940940	5.47841066	5.34394048	5.23224344	5.13488026	5.04783901	4.96890899	4.89746746	4.83519077	4.78180188	4.73562019	4.69464776	4.65743824	4.62356716
	3.57511962	3.54548411	3.51941113	3.49684225	3.47858385	3.46456561	3.45401004	3.44630245	3.44100603	3.44136077	3.46409044	3.49916886	3.54352736	3.65019451	3.81889220	4.01699020	4.22731573	4.44008243	4.65843895	4.87611699	5.08231442	5.29960123	5.49475816	5.69739157	5.88569641	6.02304551	6.10923307	6.16467772	6.20815912	6.24008054	6.26548979	6.22939446	6.12034538	5.96956781	5.80396525	5.63938993	5.47711907	5.34115987	5.22840436	5.13035907	5.04283036	4.96352000	4.89186036	4.82946330	4.77602225	4.72972292	4.68851279	4.65101172	4.61682132
	3.59083168	3.56100525	3.53479099	3.51206111	3.49352259	3.47916600	3.46830858	3.46033994	3.45480038	3.45478204	3.47589674	3.51058586	3.55317934	3.65647326	3.82061906	4.01494694	4.22191107	4.43126427	4.64618694	4.85918737	5.06366018	5.27915588	5.47126388	5.67211182	5.85791624	5.99474926	6.08185473	6.13877374	6.18463706	6.21902079	6.24707338	6.21478330	6.10972633	5.96445581	5.80279931	5.64003280	5.47959533	5.34452971	5.23253609	5.13535907	5.04874585	4.97033448	4.89965016	4.83809991	4.78539460	4.73965189	4.69883043	4.66163519	4.62766040
	3.55566124	3.52452361	3.49719865	3.47349903	3.45397921	3.43869173	3.42704174	3.41844122	3.41240387	3.41193185	3.43213947	3.46717850	3.50968803	3.61239294	3.77579083	3.97149661	4.18090910	4.39252808	4.60993026	4.82320897	5.03277840	5.25159870	5.44666258	5.64864821	5.83988105	5.98028452	6.07081743	6.13226483	6.18335267	6.22285417	6.25607928	6.22806288	6.12581481	5.98477718	5.82261361	5.65703638	5.49387074	5.35542652	5.24044611	5.14092185	5.05247032	4.97260253	4.90088772	4.83837916	4.78477318	4.73810864	4.69630520	4.65814781	4.62324166
	3.54299190	3.51124771	3.48338667	3.45923935	3.43926413	3.42351248	3.41144011	3.40249892	3.39618886	3.39544307	3.41507271	3.44980815	3.49203380	3.59351292	3.75450172	3.94931274	4.15820442	4.36932507	4.58582133	4.79750533	5.00882979	5.22723435	5.42302370	5.62218544	5.81680708	5.95830805	6.05033973	6.11443167	6.16901244	6.21221088	6.24918239	6.22446680	6.12592486	5.98924665	5.82882916	5.66331781	5.50002043	5.36060842	5.24446384	5.14402178	5.05495208	4.97484090	4.90312042	4.84059112	4.78691404	4.74009592	4.69801632	4.65954173	4.62434626
	3.52937941	3.49722954	3.46898465	3.44452816	3.42423609	3.40814082	3.39574395	3.38653422	3.38000458	3.37897452	3.39772279	3.43241182	3.47366847	3.57356337	3.73250437	3.92642349	4.13468005	4.34541262	4.56106442	4.77181757	4.98459342	5.20231384	5.39913952	5.59601585	5.79334540	5.93580948	6.02912635	6.09508504	6.15215713	6.19796588	6.23749801	6.21519252	6.11960516	5.98610711	5.82735321	5.66234425	5.49919986	5.35923071	5.24226617	5.14115085	5.05163889	4.97139835	4.89970376	4.83719152	4.78350699	4.73662465	4.69439430	4.65573609	4.62038110
	3.52047249	3.48836590	3.46012900	3.43571379	3.41541245	3.39920840	3.38664941	3.37727946	3.37058682	3.36920357	3.38636675	3.42090934	3.45993325	3.55668196	3.71207601	3.90359984	4.10925520	4.31796701	4.53138623	4.73918973	4.95200074	5.16685381	5.36342646	5.55649175	5.75456393	5.89672940	5.99040496	6.05701077	6.11516059	6.16223287	6.20295714	6.18253478	6.09043983	5.96089390	5.80514768	5.64244930	5.48119253	5.34225393	5.22579925	5.12512007	5.03609321	4.95646060	4.88539609	4.82343942	4.77023085	4.72374289	4.68183947	4.64344882	4.60834293
	3.48059267	3.44781984	3.41891888	3.39396143	3.37316009	3.35645041	3.34341633	3.33364747	3.32663038	3.32490222	3.34112340	3.37602603	3.41407063	3.50986786	3.66503494	3.85789163	4.06486363	4.27560502	4.49096544	4.70018945	4.91732485	5.13215342	5.33396532	5.52705658	5.73040086	5.87542826	5.97170583	6.04094987	6.10194283	6.15203847	6.19562269	6.17755387	6.08909453	5.95999405	5.80483500	5.64129716	5.47866046	5.33776428	5.21915632	5.11654736	5.02591951	4.94503845	4.87293262	4.81009861	4.75610861	4.70887980	4.66628527	4.62720342	4.59146926
	3.45137744	3.41813963	3.38871647	3.36331986	3.34211332	3.32499055	3.31157008	3.30147357	3.29419869	3.29221995	3.30789099	3.34284850	3.38039476	3.47520817	3.62955969	3.82200125	4.02905755	4.24017100	4.45555095	4.66578036	4.88497525	5.09844439	5.30393057	5.49611849	5.70301848	5.84974589	5.94794694	6.01966191	6.08345779	6.13676254	6.18345820	6.16841389	6.08429466	5.95593718	5.80296906	5.63970481	5.47672077	5.33472026	5.21467736	5.11075949	5.01913157	4.93751033	4.86479587	4.80147256	4.74697308	4.69918315	4.65602729	4.61638284	4.58013096
	3.42112201	3.38726622	3.35711112	3.33104968	3.30924541	3.29154139	3.27757767	3.26702192	3.25939315	3.25708864	3.27207832	3.30712428	3.34387040	3.43745386	3.59054511	3.78211532	3.98923491	4.20107787	4.41693716	4.62973788	4.85028697	5.06224141	5.27265388	5.46676797	5.67546500	5.82457097	5.92545566	6.00068991	6.06794782	6.12552292	6.17629621	6.16514656	6.08558149	5.95905137	5.80869636	5.64595131	5.48247640	5.33894505	5.21695816	5.11123875	5.01825009	4.93554193	4.86196923	4.79795897	4.74275581	4.69420315	4.65025243	4.60984017	4.57289195
	3.40995758	3.37595526	3.34553618	3.31920175	3.29714609	3.27917456	3.26494091	3.25414680	3.24632791	3.24382777	3.25828088	3.29301696	3.32901427	3.42096498	3.57222060	3.76178248	3.96779975	4.17904134	4.39401356	4.60770102	4.82800484	5.03750666	5.24967349	5.44383603	5.65252977	5.80234023	5.90436936	5.98147926	6.05025772	6.11008285	6.16302514	6.15438066	6.07805804	5.95439525	5.80608573	5.64476215	5.48203918	5.33831554	5.21568307	5.10928373	5.01580152	4.93270314	4.85889855	4.79474716	4.73938923	4.69065838	4.64648588	4.60584817	4.56871480
	3.40090731	3.36716847	3.33691250	3.31068054	3.28869020	3.27070332	3.25639420	3.24549995	3.23757544	3.23483414	3.24817134	3.28242269	3.31677094	3.40564887	3.55365544	3.73950833	3.94273037	4.15165604	4.36401729	4.57727185	4.79544064	5.00060244	5.21270985	5.40507163	5.61199312	5.76118588	5.86335843	5.94163845	6.01050247	6.07148370	6.12556714	6.11918476	6.04669599	5.92689797	5.78212026	5.62377751	5.46348042	5.32108077	5.19908591	5.09310853	4.99998675	4.91724367	4.84386269	4.78014495	4.72517011	4.67677354	4.63287698	4.59245841	4.55553174
	3.39983661	3.36598381	3.33548765	3.30891499	3.28661172	3.26831856	3.25371705	3.24257257	3.23445973	3.23159811	3.24478442	3.27857678	3.31273035	3.40035977	3.54599309	3.72873060	3.92996483	4.13687226	4.34697077	4.55922592	4.77593635	4.97775861	5.19064394	5.38134166	5.58757821	5.73756954	5.84064748	5.92193421	5.99200271	6.05623244	6.11380271	6.11238104	6.04338215	5.92811760	5.78716987	5.63155979	5.47296336	5.33078740	5.20818599	5.10141296	5.00749524	4.92409269	4.85036158	4.78652573	4.73150055	4.68303542	4.63899738	4.59838552	4.56134356
	3.39550361	3.36156060	3.33092178	3.30413191	3.28161040	3.26310866	3.24830570	3.23698595	3.22874359	3.22579016	3.23875451	3.27226784	3.30609397	3.39267815	3.53675095	3.71747851	3.91756252	4.12338546	4.33220776	4.54403183	4.75952022	4.95993335	5.17324215	5.36307308	5.56903884	5.71962639	5.82345360	5.90634984	5.97765428	6.04398856	6.10391263	6.10563309	6.03900492	5.92704442	5.78857174	5.63485039	5.47744744	5.33549414	5.21253068	5.10522411	5.01069149	4.92673637	4.85265304	4.78860982	4.73343637	4.68483176	4.64062734	4.59982252	4.56262636
	3.36240031	3.32854450	3.29798614	3.27121404	3.24864614	3.23004208	3.21509153	3.20361694	3.19521999	3.19196591	3.20367749	3.23703017	3.26916148	3.35266678	3.49418079	3.67199463	3.87041039	4.07621805	4.28418832	4.49674589	4.71093137	4.91109419	5.12570407	5.31480949	5.52067169	5.67186332	5.77674407	5.86039713	5.93325326	6.00125637	6.06259181	6.06692840	6.00295709	5.89457971	5.75888220	5.60753294	5.45190266	5.31071230	5.18779261	5.08025504	4.98538046	4.90105698	4.82672294	4.76248260	4.70713676	4.65837370	4.61399471	4.57297941	4.53555110
	3.32759854	3.29419523	3.26407211	3.23763397	3.21526907	3.19674167	3.18177174	3.17022731	3.16171921	3.15808505	3.16796789	3.20087512	3.23048661	3.30914484	3.44609819	3.61880407	3.81330771	4.01747731	4.22266070	4.43472815	4.64490852	4.84466656	5.05863241	5.24526116	5.44842309	5.59994116	5.70534995	5.78916650	5.86387766	5.93275031	5.99500631	6.00212542	5.94240239	5.83923731	5.70810005	5.56104235	5.40905755	5.27021075	5.14858395	5.04183333	4.94749290	4.86354712	4.78959781	4.72567395	4.67057152	4.62199262	4.57773452	4.53674908	4.49929224
	3.33690745	3.30466767	3.27561475	3.25004384	3.22828855	3.21016891	3.19544708	3.18403489	3.17557797	3.17168548	3.17980812	3.21138800	3.23840088	3.31070435	3.43940907	3.60241670	3.78795987	3.98475318	4.18175338	4.38735603	4.58790172	4.78374016	4.98926392	5.16987218	5.36306615	5.51326440	5.61681248	5.69904934	5.77488679	5.84341952	5.90547663	5.91627548	5.86298245	5.76804053	5.64513678	5.50647104	5.36221546	5.22934784	5.11207853	5.00873853	4.91719384	4.83564423	4.76381326	4.70165807	4.64799530	4.60056905	4.55726474	4.51707069	4.48031292
	3.34827700	3.31670043	3.28823685	3.26312801	3.24167848	3.22376904	3.20917898	3.19784015	3.18942248	3.18545140	3.19293918	3.22354998	3.24961179	3.31882006	3.44286754	3.60054749	3.78062753	3.97250942	4.16461440	4.36509718	4.56015846	4.75276756	4.95199756	5.12991010	5.31667072	5.46597054	5.56819308	5.64939526	5.72542116	5.79401273	5.85598993	5.86909642	5.81953706	5.72922706	5.61123939	5.47753688	5.33790756	5.20866826	5.09407668	4.99282052	4.90295741	4.82286050	4.75229529	4.69120478	4.63840590	4.59166887	4.54892611	4.50921122	4.47289387
	3.34926293	3.31861602	3.29099869	3.26659790	3.24564990	3.22809609	3.21375072	3.20256945	3.19423821	3.19016689	3.19676670	3.22606249	3.25090581	3.31608764	3.43462327	3.58625408	3.76018588	3.94654237	4.13370712	4.32804153	4.51699899	4.70575234	4.89789394	5.07300043	5.25277078	5.40038068	5.50098299	5.58092003	5.65613764	5.72431319	5.78570594	5.80106604	5.75546394	5.66969203	5.55739387	5.42916051	5.29490257	5.17003451	5.05880865	4.96021764	4.87253933	4.79426891	4.72525216	4.66545095	4.61370938	4.56786093	4.52587957	4.48682666	4.45108088
	3.35758875	3.32796077	3.30121064	3.27754298	3.25708426	3.23984838	3.22570018	3.21462780	3.20634203	3.20213352	3.20778327	3.23548256	3.25899647	3.31930523	3.43114444	3.57544281	3.74199254	3.92185761	4.10347992	4.29083886	4.47344234	4.65851011	4.84249611	5.01584362	5.18782735	5.33489355	5.43477992	5.51430880	5.59004456	5.65863841	5.72054533	5.73918290	5.69884814	5.61811668	5.51309002	5.39107951	5.26290238	5.14270942	5.03480980	4.93871544	4.85296465	4.77630812	4.70862635	4.64996038	4.59914168	4.55404457	4.51268550	4.47412414	4.43874701
	3.37311600	3.34575986	3.32104866	3.29913288	3.28006108	3.26388633	3.25052850	3.24001599	3.23209936	3.22780516	3.23192397	3.25688275	3.27836081	3.33114629	3.43216018	3.56445614	3.71844589	3.88641134	4.05574070	4.23024939	4.40164212	4.57660187	4.74565911	4.91041581	5.06881179	5.20838676	5.30286729	5.37949688	5.45113930	5.51622246	5.57488207	5.59301795	5.55697613	5.48393149	5.38854940	5.27638656	5.15857212	5.04768415	4.94775796	4.85845029	4.77854994	4.70691514	4.64351488	4.58847973	4.54076272	4.49838490	4.45947739	4.42313178	4.38969486
	3.37167228	3.34500314	3.32087378	3.29944876	3.28073278	3.26479843	3.25159739	3.24117789	3.23330540	3.22891136	3.23242582	3.25634023	3.27724240	3.32720103	3.42421407	3.55236152	3.70213135	3.86656980	4.03228314	4.20303739	4.37178069	4.54462983	4.70909922	4.87275923	5.02705299	5.16574109	5.25987065	5.33706533	5.40844409	5.47349846	5.53222263	5.55115994	5.51741968	5.44777328	5.35553540	5.24658183	5.13201007	5.02377884	4.92583494	4.83796939	4.75921613	4.68857928	4.62603654	4.57176047	4.52469948	4.48288800	4.44445562	4.40850541	4.37536867
	3.36273473	3.33604271	3.31180422	3.29026873	3.27139598	3.25527218	3.24188798	3.23130270	3.22329242	3.21876469	3.22207530	3.24564333	3.26664362	3.31553752	3.41101352	3.53791082	3.68647466	3.85051410	4.01596992	4.18638973	4.35597161	4.53000409	4.69395949	4.86057324	5.01430245	5.15575677	5.25221060	5.33181026	5.40556548	5.47332933	5.53488784	5.55668580	5.52571215	5.45861880	5.36755204	5.25931144	5.14506100	5.03647881	4.93771992	4.84901099	4.76931445	4.69782443	4.63445482	4.57950441	4.53185852	4.48948834	4.45045729	4.41387977	4.38009729
	3.28831676	3.26142117	3.23690081	3.21505825	3.19583836	3.17933606	3.16558582	3.15468135	3.14641475	3.14161070	3.14445484	3.16750342	3.18901591	3.23644152	3.33055159	3.45731481	3.60620978	3.77138366	3.93894914	4.11072628	4.28359646	4.45927333	4.62494963	4.79625095	4.95012850	5.09473035	5.19454254	5.27649170	5.35245852	5.42289873	5.48707892	5.51115422	5.48294219	5.41819251	5.32815190	5.22044704	5.10650450	4.99770806	4.89814241	4.80834205	4.72738844	4.65461784	4.59001130	4.53397573	4.48534556	4.44203088	4.40202691	4.36445183	4.32968205
	3.30590284	3.28029744	3.25683114	3.23584767	3.21729423	3.20126112	3.18783562	3.17714284	3.16899879	3.16408812	3.16612309	3.18710073	3.20783873	3.25053544	3.33712719	3.45603562	3.59655150	3.75361623	3.91486652	4.07900304	4.24674769	4.41469190	4.57466175	4.74152578	4.88980931	5.03054777	5.13113658	5.21216415	5.28798220	5.35948992	5.42450553	5.45214952	5.42952534	5.37139579	5.28757257	5.18589528	5.07755723	4.97323186	4.87704083	4.78992106	4.71121362	4.64038407	4.57747268	4.52290827	4.47551898	4.43323405	4.39405684	4.35712575	4.32284104
	3.27686622	3.25162616	3.22843517	3.20763265	3.18919133	3.17319596	3.15976161	3.14904233	3.14086145	3.13583286	3.13747958	3.15756806	3.17829661	3.21916125	3.30303411	3.41955006	3.55773025	3.71284038	3.87340716	4.03609786	4.20336446	4.36913693	4.52868585	4.69435397	4.84210420	4.98155625	5.08374930	5.16506310	5.24161521	5.31412955	5.37986326	5.40883928	5.38854314	5.33283568	5.25142777	5.15206454	5.04581531	4.94308107	4.84794877	4.76147709	4.68318055	4.61257855	4.54978385	4.49528103	4.44790302	4.40558779	4.36632432	4.32926083	4.29480933
	3.23383329	3.20862558	3.18540444	3.16451329	3.14595927	3.12981537	3.11622023	3.10535986	3.09706070	3.09188232	3.09324061	3.11275306	3.13377875	3.17353543	3.25582126	3.37137638	3.50880226	3.66360305	3.82493660	3.98784850	4.15579231	4.32107061	4.48172244	4.64694690	4.79574728	4.93484393	5.03918335	5.12140805	5.19927572	5.27293128	5.33976810	5.36997478	5.35142655	5.29760507	5.21791092	5.12000350	5.01482445	4.91267761	4.81767929	4.73103410	4.65241672	4.58139408	4.51816233	4.46325621	4.41549174	4.37279396	4.33312413	4.29563778	4.26075649
	3.13703191	3.11174841	3.08837715	3.06722412	3.04837418	3.03189345	3.01794711	3.00677749	2.99822824	2.99272621	2.99350485	3.01189136	3.03375334	3.07175238	3.15173607	3.26659653	3.40400540	3.55962025	3.72339717	3.88837020	4.05816209	4.22470809	4.38870963	4.55291443	4.70600337	4.84502741	4.95309969	5.03728643	5.11684234	5.19182620	5.26015115	5.29195349	5.27535505	5.22419920	5.14686134	5.05103286	4.94728569	4.84575630	4.75063509	4.66339680	4.58397812	4.51200704	4.44779429	4.39195646	4.34330972	4.29974806	4.25920551	4.22082438	4.18504497
	3.07451458	3.04880858	3.02494839	3.00322414	2.98380912	2.96675700	2.95225416	2.94059953	2.93165129	2.92572673	2.92592985	2.94321067	2.96613048	3.00306068	3.08188643	3.19754313	3.33694888	3.49574210	3.66443774	3.83511695	4.01040349	4.18297738	4.35343707	4.52245815	4.68365642	4.82726433	4.94193869	5.03077149	5.11409356	5.19323546	5.26575032	5.30179900	5.28821787	5.23853163	5.16043765	5.06306923	4.95755481	4.85404211	4.75665022	4.66683902	4.58472523	4.51017124	4.44347449	4.38541065	4.33477285	4.28935476	4.24700464	4.20682167	4.16925421
	2.96992805	2.94241692	2.91685644	2.89346606	2.87251185	2.85406985	2.83832702	2.82564563	2.81589928	2.80933183	2.80909017	2.82626294	2.85111809	2.88932055	2.97111756	3.09289984	3.24042096	3.40908295	3.58968794	3.77354289	3.96160196	4.14724845	4.33085470	4.51239187	4.68775147	4.84190425	4.96783070	5.06579291	5.15692592	5.24449087	5.32515697	5.36715007	5.35699742	5.30705920	5.22615003	5.12392392	5.01216180	4.90177815	4.79723472	4.70035627	4.61142100	4.53038966	4.45788517	4.39479658	4.33976012	4.29032800	4.24415658	4.20023653	4.15906838
	2.89425710	2.86574814	2.83923863	2.81489639	2.79304356	2.77378245	2.75729383	2.74398170	2.73373924	2.72673777	2.72609655	2.74262201	2.76870103	2.80721365	2.88987096	3.01462270	3.16651513	3.34046852	3.52747869	3.71877514	3.91356029	4.10607064	4.29683913	4.48534186	4.66730119	4.82714459	4.95982504	5.06317184	5.15917449	5.25200753	5.33784831	5.38384617	5.37582931	5.32663137	5.24470918	5.14030157	5.02540551	4.91131896	4.80274714	4.70186708	4.60916576	4.52460677	4.44887238	4.38291903	4.32533731	4.27357393	4.22520451	4.17917824	4.13608415
	2.79510169	2.76526157	2.73747236	2.71183760	2.68874873	2.66836018	2.65083201	2.63663518	2.62568836	2.61805418	2.61674809	2.63190539	2.65950454	2.69821936	2.78148932	2.91007954	3.06821972	3.24991191	3.44643240	3.64888663	3.85385541	4.05698210	4.25932565	4.45792176	4.65028297	4.81940607	4.96261027	5.07441508	5.17784816	5.27818710	5.37127176	5.42346736	5.41899091	5.37073610	5.28711769	5.17945907	5.06015880	4.94120104	4.82742920	4.72116334	4.62322542	4.53363583	4.45321034	4.38303098	4.32165878	4.26641000	4.21474260	4.16547045	4.11927885
	2.72247273	2.69154593	2.66274537	2.63609152	2.61199472	2.59068942	2.57231528	2.55738881	2.54587108	2.53772688	2.53579199	2.54941530	2.57795553	2.61676113	2.69937388	2.82963987	2.99150479	3.17788018	3.38090046	3.59169510	3.80435104	4.01617589	4.22702844	4.43320156	4.63513989	4.81217337	4.96404302	5.08380367	5.19418383	5.30178934	5.40212204	5.46112552	5.46072265	5.41451929	5.33096561	5.22185912	5.09994367	4.97759470	4.85988909	4.74937191	4.64710004	4.55323327	4.46881043	4.39502740	4.33041674	4.27216185	4.21763537	4.16558839	4.11675359
	2.68042992	2.65023553	2.62201371	2.59579731	2.57203266	2.55096576	2.53273245	2.51788070	2.50639732	2.49814017	2.49559519	2.50674890	2.53495080	2.57168804	2.64913259	2.77484974	2.93358820	3.11708736	3.31789477	3.52737802	3.73863413	3.94893264	4.15829473	4.36237315	4.56320837	4.73882384	4.89015184	5.01013116	5.11995834	5.22689809	5.32683276	5.38655217	5.38828527	5.34425727	5.26332666	5.15738607	5.03884672	4.91979975	4.80496377	4.69671347	4.59629659	4.50387812	4.42044069	4.34730336	4.28315902	4.22528780	4.17113556	4.11946163	4.07095339
