	12.47791171	12.47696854	12.48132526	12.48810229	12.49827882	12.51237635	12.52902378	12.55004173	12.57885708	11.95548779	11.54344415	11.57562422	11.59099237	11.59715665	11.59695264	12.04832303	12.00822317	12.00106890	12.76284634	12.77080723	12.78204285	11.98995359	11.51441246	11.57129993	11.59596642	11.62041463	-2948.08774839	11.65955761	11.77457292	11.57126142	11.75186592	11.89826999	11.97289261	12.02956188	12.03399618	12.01255182	11.97332156	11.93278893	11.90274549	11.87105741	11.83098563	11.79856825	11.77393778	11.74631035	11.70936057	11.68207928	11.67175086	11.66989877	11.67505208
	12.27079219	12.98227734	13.38508490	13.39902625	13.42001729	13.44800146	13.48153615	13.52082589	13.56706383	13.60703181	13.02212407	12.02337334	12.05362493	12.07225588	12.07551927	13.73579823	13.71249287	13.71223086	13.72253501	13.75237636	13.81424607	13.91450868	14.04963829	14.07236778	14.18998803	14.33558337	-389.64603249	12.13382157	12.25137633	11.46288086	11.77806702	12.03904242	12.20119637	12.28919993	12.29934476	12.26479084	12.20947348	12.16552392	12.12330780	12.07070873	12.01574904	11.97869735	11.94421129	11.89755498	11.83681731	11.79936494	11.78270637	11.77758495	11.77773725
	12.29808848	12.36036745	13.08235636	13.09117058	13.10629994	13.12760737	13.15379286	13.76589482	13.81636613	13.86854214	12.86568871	12.04779062	12.08126226	12.11445310	12.26490302	13.37898030	13.37409203	13.37266287	14.00146728	14.03476152	14.10511411	14.21884487	14.36322780	14.50811749	14.65766211	14.81711879	14.93655458	11.31838896	12.33846741	11.39453310	11.73688993	12.02062114	12.20483221	12.28986187	12.29768881	12.25439063	12.20245065	12.15551911	12.10070604	12.03157523	11.97924610	11.94088658	11.89835940	11.83887342	11.77299292	11.73274066	11.71290738	11.70662385	11.70687350
	12.26313767	12.26754389	12.40785943	12.40948761	13.03288165	13.04749987	13.06628932	13.89819992	13.92200613	13.98095611	13.83949080	12.81588677	12.84785085	12.10353821	12.30268753	12.48466197	12.44177206	12.44275718	13.32340993	14.17091422	14.28815360	14.38661636	14.49044049	14.64625554	14.81342820	14.91201865	15.01053744	141.48581252	12.01939490	11.47823257	11.79335143	12.06502338	12.24169969	12.31003879	12.31130970	12.27147504	12.22730558	12.17921770	12.11384518	12.04908625	12.00581685	11.96790654	11.92109320	11.85896382	11.80065828	11.76239362	11.74311300	11.73762738	11.73863620
	11.97549820	12.39087129	12.39342460	12.39272352	12.96912426	12.98174800	12.99920461	13.01786269	13.67238757	13.71955124	12.87797771	12.91061515	12.94040763	12.48873588	11.99518378	11.96772468	11.92167621	12.45619700	12.47590440	13.94599334	14.06652058	14.46452331	14.58343308	14.75255603	14.96304919	15.07162911	15.15841859	95.01692010	11.44298797	11.40484394	11.70040007	11.96508534	12.14699199	12.20045429	12.19590743	12.16108301	12.11161498	12.04070898	11.97389910	11.92615375	11.88450864	11.83476786	11.78075605	11.72645578	11.67046125	11.62540934	11.60341501	11.59930702	11.60232803
	11.97427834	12.55206261	12.55707040	13.14142022	13.14483900	13.15594310	13.17320277	13.19370314	13.22827465	13.25668933	13.12289009	13.15906090	13.19372237	12.68264674	11.99276183	11.97058421	11.94562865	12.69307714	12.71468981	13.56516490	13.67406809	14.43701772	14.55459327	14.70291668	14.92273724	15.05764227	15.14015824	15.23500432	11.48473459	11.34889824	11.62463991	11.87572731	12.04928538	12.10021574	12.09291461	12.05479855	11.98745899	11.91298906	11.86181329	11.81833844	11.76798984	11.71357164	11.66760828	11.61960865	11.55764117	11.50871225	11.48943803	11.48629805	11.48935918
	11.56890571	11.58084662	11.59468729	12.11674800	12.77171662	12.78500206	12.80033965	12.81820182	12.83774012	12.83587245	12.60879069	12.81201461	12.83925360	11.57240140	11.56370721	11.52333683	11.48560979	11.46160606	11.46242988	12.29640475	13.30610909	13.72899148	13.70957936	14.81512939	15.09054320	15.19544578	15.44190471	15.34624910	10.88085601	11.21725301	11.50896409	11.78278582	11.95306311	12.02279555	12.01251155	11.95710641	11.87669332	11.81841119	11.76915419	11.71252779	11.64751807	11.59919855	11.55811383	11.50303846	11.42556034	11.38004637	11.36563025	11.36438319	11.36825811
	11.55831557	11.57434280	11.59418647	12.17996543	12.38120051	13.07918955	13.09052520	13.09897290	13.10507065	13.11890831	13.92378468	13.17713871	12.41166525	12.21088548	11.50437042	11.48247186	11.43872140	11.38271583	11.37784092	11.41181142	12.57322034	13.59001907	14.52726849	14.66599663	15.44855258	15.56233226	15.60040859	15.02599584	10.72688634	11.05866054	11.37286340	11.64794256	11.77999940	11.84498478	11.81597887	11.75809207	11.70264813	11.64617223	11.56858013	11.49875877	11.45247544	11.41220816	11.36333715	11.28750263	11.21854844	11.18179541	11.16917286	11.16930525	11.17456870
	11.28932832	11.30435085	11.32342047	11.41960311	12.05610736	12.04964987	12.03844932	12.01058924	11.96915112	11.93615367	12.85570160	11.96383677	12.04746367	11.35307269	11.25061100	11.20419708	11.15365330	11.11662342	11.10273552	11.12692466	12.21390637	12.30232190	14.55848156	14.75866955	15.01363115	15.12048435	16.00290323	13.24302827	10.27325132	10.64690904	11.01231043	11.32007201	11.46385220	11.51090525	11.48174574	11.43086740	11.37271346	11.28547672	11.18614616	11.12597574	11.07851859	11.02493618	10.95568403	10.87590179	10.80656092	10.76448030	10.74885958	10.75081758	10.75987255
	11.16556473	11.18746606	11.21356998	11.20003802	11.15691406	11.11397875	11.07698429	12.01952158	11.99885707	11.99184670	11.99824292	12.02113124	10.98681045	11.10116940	11.13558043	11.09523154	11.04474020	11.00222330	10.97473272	10.97846619	10.99922835	11.09864620	13.44846256	13.57582043	14.83186604	16.14464551	14.73200199	9.68229994	10.10217171	10.47627602	10.84584950	11.15238594	11.32099600	11.35022849	11.32668248	11.27538796	11.18145737	11.07747491	11.00686673	10.94991661	10.88141156	10.81331701	10.75205843	10.68506268	10.60292613	10.55151241	10.53890418	10.54319451	10.55462183
	11.05648908	11.07915188	11.10820905	11.12851129	11.13925248	11.65897770	11.62801273	11.58751660	11.56100549	11.52800789	11.50917563	11.51586473	11.58029099	11.00802572	11.02269356	10.97603501	10.91566472	10.86649140	10.83699722	10.84132650	10.90708642	11.79679664	11.84810929	14.52410178	16.04638808	16.15015887	14.48608106	9.51088230	9.87235383	10.26255356	10.64004001	10.94621698	11.14028609	11.16323677	11.12969983	11.04529437	10.92217565	10.83734316	10.76469307	10.67811266	10.59496606	10.53710967	10.48303965	10.39957949	10.29490180	10.25144215	10.24381098	10.24993605	10.26179750
	10.99058922	11.01152876	11.04028098	11.06093273	11.07148653	10.98117190	10.93752803	10.88857133	10.83826596	10.77411011	10.73023052	10.72040035	10.76929669	10.92312675	10.94145409	10.89487099	10.83037293	10.77714616	10.74334209	10.74208566	10.80330964	10.84113942	11.98748401	14.89621618	15.28253519	16.69550830	14.98979847	9.34648636	9.71394708	10.10249772	10.49631141	10.80658782	11.02311641	11.04652922	11.00239582	10.88197687	10.77657448	10.69869474	10.61035574	10.50261626	10.43327069	10.37888990	10.32046009	10.21521068	10.11262248	10.07477849	10.06950799	10.07746142	10.09068207
	10.93702684	10.95531246	10.98346379	11.00697491	11.03820655	12.02939643	12.01557658	11.93605261	11.90866134	11.87903358	11.86711472	11.87012162	11.98124565	10.88044060	10.90246951	10.85244761	10.77682990	10.71555498	10.68207118	10.68347216	10.73593058	12.26912318	13.84015622	15.22506123	16.44598562	16.83048154	15.60017658	9.23287217	9.59857518	10.00764150	10.40732306	10.71680180	10.90754609	10.92677375	10.86578353	10.73776624	10.64006136	10.55674589	10.44601099	10.34161135	10.27606284	10.21842028	10.15044966	10.03251284	9.94025402	9.90582850	9.90182521	9.91046682	9.92388993
	10.93609413	10.95805120	10.99035478	11.13262060	11.16735911	11.76434689	11.75570394	12.92886994	12.92799532	12.93376236	12.95561446	12.97500680	11.66683591	11.09762965	10.91974864	10.86537589	10.78585634	10.71982648	10.68419227	10.69021609	10.90536838	11.87099948	14.56013842	15.49225293	16.84951037	16.94261209	12.75119524	9.22664808	9.58474606	9.98413176	10.37777404	10.67751920	10.86188974	10.87375467	10.78940586	10.67235602	10.58458648	10.49083644	10.36441118	10.27230286	10.20887210	10.14629128	10.06849579	9.95111686	9.86393729	9.83135223	9.83010507	9.84203805	9.85805534
	10.94245476	10.96819923	11.01106411	10.99796190	11.05088663	13.10933229	13.11625854	14.21674300	14.25142307	14.29927499	14.36369890	14.41242512	13.22259627	12.82056775	10.96237181	10.90290203	10.81622955	10.73843752	10.69899342	10.70468298	10.68697769	13.74433846	15.29961571	16.04227867	16.98514690	17.13680284	12.07461522	9.20931795	9.59075561	9.98963804	10.37814738	10.64895230	10.81982414	10.81715550	10.70394010	10.59040445	10.50972383	10.40460935	10.25795133	10.17719539	10.11589944	10.04334835	9.94579293	9.83502035	9.75969010	9.73151753	9.73232399	9.74569571	9.76215012
	10.96581024	10.99524705	11.03192474	11.05342970	11.71506970	13.92548854	13.90248270	13.97277880	13.99974543	14.03875996	14.09344617	14.13959311	14.12567057	14.23637301	11.00354440	10.95498868	10.86213812	10.77693231	10.73222736	10.73717264	10.73503947	14.89360721	15.17691829	16.55481459	17.07309972	17.23837196	11.17748871	9.23979561	9.62499626	10.00688388	10.38947685	10.64386480	10.79340654	10.77499204	10.65181308	10.54921157	10.46735210	10.34111153	10.20017514	10.12740241	10.06206841	9.97307220	9.86964172	9.77052399	9.70135817	9.67632410	9.67978399	9.69576437	9.71333575
	11.15988349	11.19441370	11.63512638	11.65419972	12.65900530	14.65050667	14.91044241	14.94765928	14.99788729	15.06268340	15.14452137	15.21809125	15.27079412	15.05417243	11.64111024	11.18506648	11.09009039	11.00241000	10.95491774	10.96160628	11.51192688	15.86148907	16.27912365	16.44574148	16.91129930	17.09694899	10.66100279	9.54600466	9.90014448	10.25410594	10.60928490	10.83360809	10.95430726	10.92471222	10.81090264	10.71295124	10.62129181	10.49766904	10.37845581	10.30202190	10.22753337	10.14005344	10.04975855	9.95209859	9.88946771	9.87111708	9.87532308	9.88872806	9.90484071
	11.27944090	11.31274819	11.32618691	12.09790909	13.03324252	14.38489297	14.77150136	14.80326858	14.84979219	14.90720109	14.98089118	15.05048194	15.09776389	14.72266501	12.14296557	11.32363912	11.26640822	11.18011650	11.12819419	11.08680042	12.09728873	15.44487169	16.08232703	16.27425515	16.70168138	16.88458291	9.43435521	9.82231268	10.13095540	10.45087744	10.77298878	10.97916359	11.05929368	11.02233895	10.92081604	10.83887094	10.74674182	10.62012091	10.51659727	10.45220248	10.36951290	10.27936114	10.19866846	10.11381171	10.05510561	10.03997720	10.04576724	10.05980539	10.07755449
	11.50513575	11.53821655	11.58907372	13.11148741	13.12709676	14.72837557	14.67796142	14.70500011	14.69529196	14.74431367	14.80790452	14.87130740	14.97165754	15.10160807	13.31770599	11.56709382	11.55580324	11.47395213	11.42212934	11.32905797	13.47330364	15.87072371	15.79762197	15.95854210	16.32214678	16.61811829	10.01083212	10.26698539	10.53234711	10.80590875	11.08372748	11.25128632	11.30550346	11.26079873	11.18243941	11.11316272	11.02015414	10.90567694	10.82521076	10.76632602	10.67674069	10.60263848	10.53619183	10.45921928	10.40688478	10.39511274	10.40231566	10.41638384	10.43393799
	11.99891844	11.71728288	12.06888279	12.95433716	13.67827729	14.49155243	14.49759516	14.51952296	14.55168105	14.59442212	14.65029878	14.70754049	14.74994642	14.80313356	13.90490637	12.11256341	11.73328215	11.65397457	11.60227149	11.52928447	13.19252882	15.47833719	15.54811428	15.68849430	16.00419746	15.99565318	10.36663588	10.58978516	10.82136994	11.06206921	11.30787456	11.44125728	11.48670565	11.43642359	11.37426564	11.31747314	11.22422522	11.11609052	11.05877432	11.00451586	10.91689028	10.84854988	10.79777954	10.72621883	10.68085416	10.67107248	10.67846295	10.69151393	10.70668671
	12.80442806	12.24885101	12.85963060	13.09616688	14.34332348	14.26169972	14.26678301	14.28352850	14.30893793	14.34350935	14.38912991	14.43783511	14.47707425	14.52098678	14.66722472	13.01075170	12.32984240	12.27220322	12.23833977	12.24149204	13.34401173	15.10256041	15.16035025	15.26412177	15.48968002	14.63234620	10.79986683	10.99332708	11.19033335	11.39056662	11.59240811	11.71251710	11.74176576	11.69781525	11.64090258	11.58681717	11.50506539	11.42054388	11.36650613	11.31582696	11.24866337	11.19121427	11.14285615	11.08160878	11.04933479	11.04196658	11.04580277	11.05316759	11.06075289
	13.51820321	12.97267495	13.55731647	13.56927948	13.93749379	14.05943368	14.06284257	14.07623111	14.09709225	14.12574225	14.16386128	14.20491033	14.23994250	14.27936833	14.17871679	13.79732497	12.54455770	12.49832462	12.46944431	12.47271603	13.99853159	14.78177494	14.82979006	14.90888112	15.07185815	12.35125293	11.11254226	11.28147426	11.44296846	11.60476532	11.76581697	11.88084655	11.90078646	11.85493934	11.79792726	11.74871670	11.68724566	11.60895278	11.55932628	11.51640350	11.46509746	11.40905642	11.36497350	11.32136247	11.29649344	11.29015102	11.29281858	11.29822589	11.30346171
	13.68218743	13.50871188	13.49579738	13.72049408	13.86123633	13.85650669	13.85847329	13.86873452	13.88538661	13.90854804	13.93954773	13.97402644	14.00449190	14.04107354	14.08083275	13.95929521	13.11976421	13.13494893	13.12969828	13.11690342	14.19407624	14.47192352	14.51099601	14.56830498	14.67832388	11.18799271	11.39176639	11.53584663	11.67132593	11.80052770	11.92057454	12.01766677	12.02755046	11.98636678	11.93307860	11.89023738	11.83934392	11.77210585	11.72881882	11.69433174	11.64862401	11.60013916	11.56141363	11.52807357	11.50693728	11.50176994	11.50359171	11.50740707	11.51121472
	13.65800900	13.22485192	13.24264642	13.68887422	13.83238858	13.82754293	13.82877825	13.83802333	13.85361499	13.87555195	13.90512753	13.93858824	13.96776104	14.00388200	14.04279554	13.92850375	13.30988908	12.96387390	12.94994604	13.33294866	14.16045734	14.42871350	14.46733879	14.52197901	14.64502683	11.23686022	11.42878855	11.56814448	11.70312710	11.82172163	11.93414410	12.02061849	12.02444829	11.98218338	11.93346111	11.89519902	11.83852582	11.77312410	11.73739246	11.70466952	11.65607276	11.60946791	11.57629697	11.54324949	11.52204568	11.51669384	11.51764840	11.52022749	11.52272360
	13.70314087	13.55823507	13.57318771	13.71902778	13.71723276	13.71254665	13.71319031	13.72124053	13.73523529	13.75519008	13.78245263	13.81388539	13.84165385	13.87835654	13.91605388	13.98027207	13.64940394	13.12576501	13.12097772	13.72668185	14.23268255	14.28339740	14.32071270	14.36584599	14.21014208	11.35689514	11.46233995	11.59409579	11.72325796	11.83724085	11.92982134	12.01393450	12.01223004	11.96856679	11.91960770	11.88408978	11.83166944	11.76716602	11.73330522	11.70350968	11.65984988	11.61306049	11.58169110	11.55223526	11.53318391	11.52757420	11.52741473	11.52825818	11.52907422
	13.62738765	13.64422290	13.65823188	13.66429063	13.64799250	13.64360564	13.64352025	13.65011557	13.66218592	13.67977967	13.70413668	13.73302982	13.75850118	13.79199285	13.82867069	13.88202043	13.78611399	13.42853604	13.44183330	13.88353363	14.10936128	14.17043416	14.20590033	14.30325156	12.56056340	11.59721204	11.58883365	11.70279978	11.81527068	11.92387796	11.99634707	12.07082327	12.06353296	12.01732199	11.97790956	11.94168454	11.89275412	11.83517005	11.80629893	11.77235548	11.73698388	11.69438688	11.66700801	11.63650666	11.62326357	11.61808197	11.61669591	11.61536001	11.61336187
	13.55087527	13.56837438	13.58349423	13.58979589	13.58762494	13.58333945	13.58286986	13.58890551	13.60043797	13.61739501	13.64117917	13.67003484	13.69558015	13.72713631	13.77142483	13.81385690	13.87685565	13.59643727	13.61943960	13.99373232	14.03617634	14.11866954	14.16709293	13.49696709	11.70078622	11.32547299	11.48507965	11.59926590	11.70474697	11.81354177	11.88978132	11.95257212	11.94205744	11.89809638	11.85692432	11.81813002	11.76319824	11.71172777	11.67697011	11.64127508	11.60240591	11.56690029	11.53380352	11.50263400	11.48629096	11.48021144	11.47788052	11.47555028	11.47220344
	13.46949148	13.48778253	13.50393438	13.51133834	13.50996889	13.50586630	13.50523912	13.51074929	13.52171959	13.53800468	13.56113716	13.58975216	13.61535623	13.64501379	13.69798269	13.74585362	13.80424393	13.79606647	13.82955011	13.91989224	13.96335298	14.04920872	14.11542707	13.79229110	11.00188953	11.20409967	11.33522208	11.46191948	11.55087046	11.66598599	11.73773420	11.81183977	11.79377708	11.73972156	11.69283987	11.65906178	11.60409248	11.53707000	11.50693347	11.47874558	11.43689110	11.38894877	11.35721002	11.33284017	11.31786172	11.30805945	11.30397498	11.29956185	11.29455566
	13.44141047	13.46011212	13.47718757	13.48593492	13.48559472	13.48175973	13.48080987	13.48552849	13.49557057	13.51081468	13.53275845	13.56047728	13.58559339	13.61253767	13.66478878	13.72300051	13.76550333	13.80313705	13.83800416	13.87896084	13.93784873	14.02049915	14.10024979	13.68181323	10.97826630	11.14522656	11.28511673	11.41547582	11.49843888	11.60676841	11.67405642	11.74392701	11.71736591	11.66221735	11.62203753	11.58320758	11.52184329	11.46150378	11.43275129	11.40252121	11.35620610	11.31206602	11.28254303	11.25633967	11.24126002	11.22996382	11.22223515	11.21442726	11.20643974
	13.37250129	13.39227379	13.41077478	13.42108877	13.42195574	13.41862435	13.41761798	13.42177710	13.43094698	13.44502884	13.46570648	13.49265540	13.51768166	13.54287280	13.59142329	13.66909340	13.71617269	13.75724931	13.79343553	13.83394878	13.88797855	13.96522716	14.05546082	12.85184145	11.31988819	10.99116890	11.12477589	11.26240589	11.35330468	11.45547866	11.52855422	11.58766039	11.56359117	11.51057671	11.46858881	11.41733251	11.35697174	11.30274443	11.26659062	11.22651826	11.18598620	11.14492193	11.11079211	11.07681739	11.05768689	11.04672184	11.03889717	11.03067036	11.02031394
	13.32066482	13.34115051	13.36075279	13.37233579	13.37414627	13.37122604	13.37015163	13.37386433	13.38245517	13.39573266	13.41546167	13.44186446	13.46688755	13.49095014	13.53598340	13.62250591	13.67655117	13.71768737	13.75484098	13.79512233	13.84893185	13.92260032	14.01074820	11.68096243	10.95249700	10.88038728	11.01348185	11.15191815	11.24695875	11.34558731	11.41510774	11.47589698	11.44864606	11.39158191	11.35144632	11.30021261	11.23502238	11.17762071	11.14512986	11.10337383	11.06113397	11.01629675	10.98436326	10.95213846	10.92928143	10.91510520	10.90782533	10.89705160	10.88477659
	13.28107027	13.30212829	13.32259170	13.33520426	13.33775006	13.33520754	13.33412278	13.33755421	13.34569694	13.35839117	13.37747815	13.40347408	13.42853075	13.45198020	13.49500635	13.58251998	13.64649445	13.68886974	13.72681514	13.76721804	13.82015957	13.89201143	13.97974277	11.94405101	10.62533758	10.80121795	10.92614772	11.06569659	11.16684838	11.25940540	11.32936208	11.39305709	11.36389320	11.30039378	11.26028736	11.21119575	11.14341417	11.08158184	11.04995715	11.01137554	10.96863388	10.91828279	10.88539489	10.85583446	10.83269302	10.81737851	10.80813787	10.79383546	10.77936551
	13.25672614	13.27889807	13.30091133	13.31532666	13.31909218	13.31705126	13.31584767	13.31884714	13.32640760	13.33844727	13.35691626	13.38265381	13.40804368	13.43090693	13.47164145	13.55658403	13.63846783	13.68344245	13.72322817	13.76474193	13.81810427	13.88990763	13.97787021	11.72439091	10.52409273	10.69226047	10.81248891	10.95002780	11.04567952	11.14522110	11.21070942	11.26303744	11.23538868	11.18070303	11.14059983	11.07614002	11.00945487	10.95526156	10.91801236	10.87034766	10.82932941	10.78512230	10.75106961	10.71148421	10.68391371	10.66812960	10.65695529	10.64252100	10.62981129
	13.16050072	13.18230398	13.20391584	13.21821197	13.22234826	13.22089247	13.22008579	13.22291604	13.22970425	13.24041528	13.25713917	13.28098191	13.30499023	13.32676005	13.36529709	13.44516379	13.53648913	13.57977020	13.61787616	13.65714452	13.70672145	13.77218610	13.85205565	12.15492238	10.54247437	10.69586732	10.80591560	10.93141794	11.04106574	11.12325182	11.19454928	11.25548823	11.22592231	11.16087836	11.11989433	11.06887557	10.99971139	10.93839785	10.90699662	10.86804713	10.82558937	10.77332892	10.73948774	10.70850189	10.68413251	10.66794070	10.65399124	10.63522072	10.62003807
	13.13965112	13.16206705	13.18451117	13.19971284	13.20449053	13.20333105	13.20249358	13.20511560	13.21157228	13.22188388	13.23822637	13.26187053	13.28598179	13.30754077	13.34515544	13.42364461	13.52447538	13.56881395	13.60780422	13.64762906	13.69747440	13.76287798	13.84251119	12.30303306	10.71289170	10.63272036	10.74733146	10.86900178	10.97370585	11.06259126	11.13455029	11.18554936	11.15931368	11.10203459	11.05746233	10.99669873	10.93128395	10.87383334	10.83717663	10.79236455	10.75272800	10.70643193	10.66919559	10.63165740	10.60452057	10.58840823	10.57407767	10.55723186	10.54390130
	13.10195350	13.12488005	13.14829821	13.16484613	13.17079765	13.17023988	13.16942586	13.17164762	13.17748473	13.18690172	13.20218419	13.22490052	13.24875965	13.26949790	13.30445778	13.37847688	13.49330881	13.53946109	13.57938078	13.61935601	13.66863932	13.73274514	13.81080049	12.12966887	10.39928503	10.56372106	10.66553014	10.79090764	10.87791976	10.97824332	11.03652515	11.07734140	11.05213365	11.00558972	10.95955529	10.89211934	10.82606924	10.77882468	10.73831444	10.68712219	10.64510984	10.60732355	10.57073826	10.53072788	10.49764595	10.47942195	10.46542185	10.45184937	10.44013081
	13.04935535	13.07240977	13.09621520	13.11342113	13.12009974	13.12008839	13.11942969	13.12138542	13.12650948	13.13498094	13.14899282	13.17047908	13.19356398	13.21349816	13.24638500	13.31653276	13.43235501	13.48607500	13.52582263	13.56518595	13.61310094	13.67457420	13.74897094	12.87278256	11.04549916	10.54271023	10.64298999	10.76539690	10.84835470	10.94983992	11.00493409	11.04089457	11.01485896	10.97661685	10.93119693	10.85721843	10.79298063	10.75146752	10.71026358	10.65375073	10.61074824	10.58011424	10.54453400	10.49938973	10.46424623	10.44447144	10.43066195	10.42035505	10.40943350
	12.98509360	13.00798215	13.03177023	13.04931116	13.05655295	13.05702774	13.05656788	13.05827961	13.06267360	13.07010733	13.08274722	13.10271882	13.12473109	13.14375125	13.17448646	13.24040835	13.35394679	13.41522264	13.45420387	13.49239467	13.53827142	13.59617241	13.66562278	13.72912591	11.98020087	10.54547111	10.65395413	10.75613395	10.85387569	10.93826252	10.98912968	11.03280034	11.00088024	10.95925772	10.92382662	10.85598674	10.78123554	10.74030336	10.70971337	10.65576659	10.60476112	10.57085516	10.54305085	10.50415360	10.46581954	10.44144053	10.42365155	10.41173090	10.40032955
	12.95418089	12.97663497	13.00021929	13.01807688	13.02592356	13.02685255	13.02647931	13.02789443	13.03166950	13.03820544	13.04957755	13.06811048	13.08904135	13.10698635	13.13518418	13.19623408	13.30247582	13.37334494	13.41157105	13.44856991	13.49255569	13.54763914	13.61347618	13.81151137	12.14267372	10.59376533	10.69876509	10.79472434	10.88403905	10.96624119	11.01688032	11.05297750	11.02695963	10.98597101	10.94349587	10.87752827	10.81514122	10.77211890	10.73446860	10.68560068	10.64307978	10.60958408	10.57730678	10.53527021	10.50213501	10.48199790	10.46684738	10.45351230	10.44102972
	12.94721012	12.96960804	12.99331433	13.01161854	13.01999470	13.02125701	13.02093727	13.02215923	13.02558695	13.03157000	13.04224373	13.05997028	13.08033730	13.09771540	13.12447676	13.18283732	13.28494651	13.36328146	13.40149149	13.43811835	13.48130230	13.53513608	13.59924675	13.67661511	12.16499320	10.61414636	10.72073183	10.81068335	10.89963436	10.97921662	11.02220994	11.05348008	11.02971373	10.99406710	10.95579545	10.88717077	10.82144862	10.78453059	10.74735606	10.69760543	10.65181933	10.62192422	10.59386411	10.54922622	10.51349232	10.48984010	10.47631786	10.46459124	10.45323935
	12.96801977	12.99101846	13.01571818	13.03538844	13.04495377	13.04678422	13.04653248	13.04749867	13.05047920	13.05586678	13.06583529	13.08290995	13.10316744	13.12019294	13.14539408	13.20128637	13.30071563	13.39262999	13.43224173	13.46975443	13.51346830	13.56783012	13.63236723	13.73905800	12.27864549	10.52207101	10.70051962	10.79119788	10.87070095	10.94883466	10.99709848	11.02329610	11.00098508	10.96140355	10.91315239	10.84870981	10.79107901	10.74677856	10.70211753	10.65945047	10.61981049	10.58652609	10.55244682	10.50596770	10.47664221	10.45497931	10.44189462	10.42900660	10.41282056
	12.95014412	12.97348259	12.99861755	13.01876411	13.02882418	13.03103720	13.03095574	13.03181662	13.03448673	13.03940714	13.04877354	13.06528022	13.08527103	13.10227824	13.12732709	13.18270632	13.28107827	13.37809959	13.41778931	13.45515264	13.49831021	13.55159015	13.61455875	13.69038578	12.85535134	11.10869282	10.69863940	10.78580306	10.87016758	10.94135423	10.99334261	11.02311578	10.99891321	10.95485397	10.90521864	10.84694874	10.78649280	10.73810218	10.69390985	10.65637924	10.61569811	10.57816932	10.54206434	10.49762558	10.47157680	10.44716289	10.43080867	10.41534898	10.39757139
	12.91092843	12.93407353	12.95876461	12.97852179	12.98849336	12.99086841	12.99096362	12.99181781	12.99424755	12.99876239	13.00750856	13.02323932	13.04259412	13.05939142	13.08432633	13.13892979	13.23505382	13.33054505	13.36891693	13.40495413	13.44632945	13.49703214	13.55667158	13.62833090	13.75215457	11.95029867	10.74346142	10.81595937	10.91456126	10.97321853	11.02153784	11.05787941	11.03125076	10.98512901	10.94315489	10.88961463	10.82164862	10.77522474	10.73855956	10.70210856	10.65648211	10.61526296	10.58427348	10.54641937	10.51575699	10.48924359	10.46915567	10.45218790	10.43720952
	12.90261141	12.92534502	12.94921844	12.96858014	12.97862304	12.98124061	12.98145174	12.98218273	12.98425760	12.98821240	12.99608457	13.01061587	13.02889215	13.04480719	13.06804622	13.11908028	13.20953228	13.30429303	13.34106164	13.37538226	13.41457106	13.46250683	13.51893092	13.58666348	13.70276879	12.32885066	10.84184626	10.91194316	10.99674480	11.05851952	11.10357512	11.13263166	11.11028456	11.06844190	11.01979801	10.96651489	10.91220160	10.86783720	10.82517431	10.78980733	10.75383543	10.71706697	10.68141742	10.64228995	10.61416444	10.59451453	10.57654971	10.56046947	10.54415524
	12.87338976	12.89545686	12.91806689	12.93649734	12.94617550	12.94887741	12.94921707	12.94987912	12.95169187	12.95518464	12.96227473	12.97562375	12.99264849	13.00769361	13.02960544	13.07745820	13.16220521	13.25176539	13.28608036	13.31802067	13.35434263	13.39863125	13.45075444	13.51326799	13.57862906	12.93727860	10.92247698	11.02129096	11.10579679	11.15554912	11.20007983	11.22763864	11.20594572	11.16560633	11.11980325	11.07189726	11.01973558	10.97651294	10.93941544	10.90588592	10.87111136	10.83577209	10.80071137	10.76748933	10.73969126	10.72057368	10.70280837	10.68699075	10.66996763
	12.84066275	12.86102887	12.88195467	12.89922886	12.90859176	12.91146630	12.91190827	12.91245406	12.91387870	12.91670687	12.92271425	12.93432518	12.94954418	12.96311448	12.98247236	13.02473930	13.10030964	13.18424390	13.21533508	13.24407255	13.27643471	13.31595985	13.36248564	13.41814313	13.47797715	13.52529618	11.12214836	11.17748773	11.25890893	11.29283552	11.33069989	11.35885863	11.33315874	11.29567521	11.26656188	11.22254934	11.16408012	11.12737280	11.10416670	11.07148164	11.03227382	10.99838212	10.97454412	10.94657985	10.91791946	10.89369732	10.87377628	10.85974316	10.84754748
	12.81853056	12.83811728	12.85815340	12.87475570	12.88386945	12.88679700	12.88730990	12.88785285	12.88917745	12.89180928	12.89742948	12.90841104	12.92285734	12.93584620	12.95434998	12.99456629	13.06652812	13.14545194	13.17485457	13.20195073	13.23243970	13.26976331	13.31389803	13.36672816	13.42326538	13.48740788	11.18210022	11.25661946	11.32619479	11.36146878	11.40421012	11.43015772	11.40671991	11.36853864	11.33413317	11.29400129	11.24440209	11.20388212	11.17797236	11.14884114	11.11737845	11.08439741	11.05584739	11.02774211	11.00553490	10.98352199	10.96362069	10.94721111	10.93223276
	12.82899074	12.84872755	12.86855157	12.88521311	12.89465224	12.89784511	12.89846320	12.89894761	12.90009760	12.90238770	12.90755703	12.91791931	12.93183437	12.94443297	12.96197389	13.00022513	13.06941955	13.14862696	13.17739786	13.20373099	13.23322757	13.26936410	13.31230286	13.36375448	13.41890225	13.48829923	11.21601250	11.31876148	11.38187564	11.41423846	11.45393295	11.47954633	11.45339986	11.41732066	11.38440395	11.34730806	11.29465010	11.25749068	11.23114676	11.20597621	11.17155594	11.14084327	11.11370058	11.08739263	11.06593074	11.03899203	11.02111275	11.00553333	10.99070238
	12.83730940	12.85708124	12.87665372	12.89345642	12.90327465	12.90679867	12.90756425	12.90802173	12.90903821	12.91106564	12.91580819	12.92561842	12.93902321	12.95118322	12.96766666	13.00378011	13.06994449	13.15083815	13.17921590	13.20502248	13.23372660	13.26892513	13.31097248	13.36146735	13.41579537	13.46840548	11.52811883	11.36589223	11.42347285	11.45619533	11.49352528	11.51519359	11.49068952	11.45643057	11.42149485	11.38424427	11.33501524	11.29889373	11.27139770	11.24615725	11.21295474	11.18598346	11.15762198	11.13050250	11.10831474	11.08217377	11.06621851	11.04949873	11.03397573
	12.84485546	12.86481579	12.88420150	12.90125985	12.91157121	12.91549576	12.91642096	12.91683660	12.91767689	12.91940317	12.92367365	12.93286377	12.94573346	12.95743484	12.97277011	13.00654701	13.06952564	13.15279639	13.18080612	13.20613835	13.23404637	13.26832004	13.30952569	13.35909366	13.41268511	13.46461954	11.88213799	11.40837622	11.46205107	11.49313141	11.52733608	11.54520412	11.52300165	11.48901369	11.45405330	11.41468512	11.37047254	11.33492240	11.30755861	11.28057010	11.25023082	11.22493812	11.19727748	11.16939159	11.14431397	11.12205247	11.10639755	11.08879940	11.07309195
	12.83847226	12.85825618	12.87764338	12.89472427	12.90508753	12.90906560	12.91002099	12.91046546	12.91133354	12.91310162	12.91739425	12.92662929	12.93953947	12.95126808	12.96664388	13.00041828	13.06336389	13.14628657	13.17453404	13.19990371	13.22782891	13.26217452	13.30355362	13.35340903	13.40740679	13.45976285	11.62596900	11.40373206	11.45435517	11.48556713	11.52211140	11.54160812	11.51777456	11.48191111	11.44770185	11.41063689	11.36361184	11.32670566	11.30130546	11.27562012	11.24373107	11.21661233	11.18864442	11.16336688	11.13804579	11.11384443	11.09724769	11.07938493	11.06434158
	12.82459628	12.84451295	12.86362250	12.88106952	12.89228862	12.89707147	12.89850173	12.89909939	12.89989360	12.90141719	12.90514895	12.91367657	12.92592271	12.93695507	12.95074341	12.98119164	13.03929452	13.12186858	13.15647778	13.18154344	13.20872574	13.24229236	13.28313423	13.33260119	13.38687964	13.43956832	11.70205451	11.42210407	11.46592659	11.49891607	11.53183850	11.55131889	11.52637354	11.49232314	11.45663976	11.42089804	11.37141431	11.33748096	11.31136946	11.28685940	11.25305523	11.22520462	11.19825598	11.17445532	11.14717127	11.12148388	11.10448669	11.08688809	11.07021737
	12.82323508	12.84366330	12.86283819	12.88068789	12.89251747	12.89782207	12.89952324	12.90020626	12.90095134	12.90226068	12.90563709	12.91375779	12.92564146	12.93632870	12.94924856	12.97798050	13.03377952	13.11657583	13.15608334	13.18118154	13.20818899	13.24152900	13.28228466	13.33172171	13.38628183	13.43927901	12.29170977	11.42413607	11.46758437	11.50081310	11.52967951	11.54750751	11.52397357	11.49280140	11.45749835	11.41654564	11.36929686	11.33781737	11.31158010	11.28237092	11.24982912	11.22348991	11.19793480	11.17018859	11.14240349	11.11805376	11.10178563	11.08452128	11.06726756
	12.83361104	12.85274699	12.87193284	12.88959244	12.90199856	12.90813082	12.91050557	12.91161294	12.91243370	12.91356009	12.91649969	12.92384425	12.93489418	12.94460901	12.95571773	12.98079040	13.03074441	13.10577913	13.16065246	13.18528161	13.21139509	13.24345567	13.28264299	13.33009717	13.38291287	13.43449307	12.52938072	11.44929723	11.50072781	11.53501873	11.57196127	11.59209650	11.56651442	11.52486845	11.49083515	11.46032125	11.40997590	11.36801280	11.34539963	11.32504823	11.29106632	11.25628376	11.22912342	11.20877547	11.18408942	11.15487138	11.13088825	11.11302242	11.09868625
	12.83662358	12.85275821	12.87300047	12.89002644	12.90284409	12.90980667	12.91284842	12.91427059	12.91506886	12.91581457	12.91799041	12.92412375	12.93388913	12.94230523	12.95106647	12.97150562	13.01422313	13.08015180	13.14694727	13.17194320	13.19631880	13.22613735	13.26286492	13.30754979	13.35808499	13.40779403	12.98878625	11.76831622	11.57412151	11.60704427	11.63749781	11.65330376	11.63140821	11.59562844	11.56173943	11.52862942	11.48372786	11.44600323	11.42120168	11.39853908	11.36786201	11.33660968	11.31095981	11.28816811	11.26417197	11.23791767	11.21572200	11.19783182	11.18126875
	12.82551779	12.83949278	12.85964146	12.87817105	12.89186582	12.89993575	12.90394460	12.90593591	12.90696874	12.90760662	12.90939435	12.91495840	12.92416608	12.93196831	12.93937378	12.95714857	12.99612049	13.05761540	13.13067990	13.16591275	13.18991322	13.21940878	13.25583464	13.30018575	13.35093684	13.40135777	13.46465743	11.48985167	11.54495734	11.58270699	11.61636504	11.63137050	11.61022246	11.56796474	11.53165407	11.50352512	11.45848457	11.41124452	11.38736489	11.36851786	11.33831785	11.30152516	11.27262521	11.25317932	11.23060742	11.20313172	11.17389352	11.15552658	11.14055676
	12.81721812	12.82741883	12.84402313	12.86463519	12.88175085	12.89245697	12.89844109	12.90173859	12.90332596	12.90384462	12.90496750	12.90947887	12.91766199	12.92435467	12.92938912	12.94266911	12.97537154	13.02976882	13.09886496	13.15508284	13.18907064	13.21847587	13.25494699	13.29996595	13.35289576	13.40662747	13.45795864	11.46180356	11.51691878	11.56461440	11.59345567	11.60245592	11.58773241	11.54670438	11.50099449	11.46713851	11.43131985	11.37789274	11.34784077	11.32522908	11.30226585	11.26854704	11.23119440	11.20764252	11.18552195	11.16416795	11.12887522	11.10484417	11.08446243
	12.85709932	12.86608094	12.88125378	12.90383202	12.92521998	12.93867037	12.94667436	12.95100102	12.95299895	12.95342500	12.95418066	12.95830553	12.96647383	12.97311878	12.97717431	12.98873679	13.02025784	13.07492578	13.14539336	13.21743667	13.26274351	13.29548297	13.33484003	13.38364294	13.44180127	13.50153233	13.55792666	11.53130489	11.61952055	11.48633976	11.51394432	11.52569853	11.50453608	11.46449068	11.41620748	11.37919605	11.33270647	11.28071288	11.24693089	11.22260969	11.19194061	11.15912462	11.10808385	11.08005629	11.06668206	11.03925246	11.00523614	10.97829193	10.95557768
	12.85328958	12.85866077	12.86897348	12.88699975	12.90993865	12.92973692	12.94211863	12.94939956	12.95268127	12.95343696	12.95371233	12.95696862	12.96422796	12.96985982	12.97170781	12.97914078	13.00495212	13.05325195	13.11725566	13.18820782	13.26011705	13.30458243	13.34418992	13.39385592	13.45463483	13.51874339	13.57852943	12.75513313	12.11922761	11.72501479	11.46925472	11.47948263	11.46178832	11.41537884	11.36028879	11.32126299	11.28023965	11.21896852	11.17932799	11.13124762	11.10505562	11.44607848	11.02493452	10.97107495	10.99340687	10.96305458	10.92520074	10.89437431	10.87147159
	12.90001811	12.90292244	12.90976964	12.92382071	12.94428313	12.96597950	12.98109992	12.99173761	12.99674891	12.99810801	12.99810981	13.00068044	13.00705624	13.01185090	13.01215857	13.01635322	13.03728728	13.07983835	13.13820933	13.20455098	13.28109938	13.33974049	13.38107086	13.42946363	13.48993332	13.55527352	13.61597121	13.67454073	13.03674164	12.61662133	11.51145269	11.52143728	11.52506426	11.48039535	11.43650758	11.36881437	11.32162776	11.26512560	11.23019257	11.74180447	11.72010410	11.88213476	11.09765448	11.62431571	11.03638619	11.00525228	10.99735572	10.96941846	10.94079075
	12.92039235	12.92202911	12.92699498	12.93889770	12.95775598	12.97939898	12.99798388	13.01166644	13.01788253	13.01950648	13.01928043	13.02129878	13.02726669	13.03171054	13.03093508	13.03288907	13.05044688	13.08979549	13.14581574	13.20998070	13.28512469	13.36234281	13.40724892	13.45610925	13.51766186	13.58533244	13.64841416	13.70611031	13.35422419	13.36066823	12.61563513	12.62678432	12.02659415	11.99031484	11.40165896	12.54693658	12.52068121	12.61375474	12.58919748	12.50998091	12.35190853	13.21149478	12.50718262	12.27669509	12.32297672	12.29743995	11.57224653	10.92559375	10.89364965
	12.91023134	12.91005480	12.91258729	12.92174958	12.93831007	12.95897796	12.97938020	12.99556505	13.00412986	13.00706340	13.00742729	13.00970039	13.01566842	13.01978007	13.01824371	13.01869336	13.03319469	13.06959835	13.12267861	13.18394904	13.25558554	13.34146344	13.39705939	13.44577889	13.50821519	13.57828161	13.64360468	13.70154904	13.76596172	13.85055916	12.65434963	12.66663533	12.17166807	12.14604630	11.40276553	12.58808242	12.56213344	13.23562302	13.21549887	13.17933193	12.43256761	13.13669302	13.15971405	12.35988495	12.36320571	12.34839493	11.73751094	10.91665292	10.88437533
	12.91115454	12.90954259	12.90985470	12.91594430	12.92915477	12.94731975	12.96649477	12.98283594	12.99320617	12.99745566	12.99855853	13.00114582	13.00675339	13.01048881	13.00869142	13.00790683	13.01831387	13.04825425	13.09463752	13.14901495	13.21262416	13.29360356	13.36055666	13.40569501	13.46388215	13.53065091	13.59336632	13.64768264	13.69941067	13.74536384	13.20349013	13.21689599	13.22113429	13.21807799	12.57944607	13.18654452	13.16816998	13.50712422	13.49102363	13.47955821	13.09502281	13.36463851	13.45196938	13.05123616	13.03130556	12.98597329	12.97767569	12.22775365	12.20598006
	12.91054726	12.90695099	12.90443922	12.90660147	12.91547618	12.93031898	12.94795042	12.96453749	12.97657314	12.98272202	12.98531192	12.98856970	12.99384786	12.99738738	12.99576358	12.99407891	13.00056888	13.02117419	13.05907631	13.10530846	13.15979172	13.23071957	13.30931676	13.35564410	13.40882705	13.47221657	13.53253159	13.58303328	13.62888945	13.66949927	13.73571253	13.74987628	13.47046165	13.47394101	13.75559989	13.76696803	13.75701303	13.70137040	13.68818740	13.67835928	13.71624764	13.71142572	13.66135625	13.69606485	13.67631607	13.31216012	13.28930743	13.25319710	13.23705580
	12.92707046	12.92344516	12.92056981	12.92187799	12.92957123	12.94314130	12.95974979	12.97567364	12.98752059	12.99387635	12.99669212	12.99985254	13.00481017	13.00831015	13.00686443	13.00489063	13.01014801	13.02736925	13.06090364	13.10396146	13.15451049	13.22030047	13.29660293	13.34729875	13.39703774	13.45714203	13.51528830	13.56419866	13.60807310	13.64708141	13.67308604	13.68645600	13.69521109	13.70263111	13.71153594	13.70225717	13.69275368	13.68012163	13.66731258	13.65724804	13.65059830	13.64654244	13.64070769	13.62930619	13.61014690	13.58526652	13.56312259	13.55270468	13.54227584
	12.91921775	12.91491276	12.91096955	12.91084261	12.91703017	12.92941655	12.94555509	12.96166566	12.97418569	12.98138160	12.98492629	12.98845086	12.99351263	12.99708499	12.99595297	12.99389605	12.99827858	13.01272700	13.04169146	13.08226812	13.13034359	13.19328829	13.26909008	13.32634487	13.37425719	13.43324832	13.49110317	13.53946851	13.58184210	13.61951089	13.64473310	13.65780377	13.66602878	13.67387724	13.67824605	13.67551504	13.66657894	13.65419247	13.64118556	13.63003146	13.62241976	13.61793354	13.61180571	13.59912609	13.57874135	13.55427130	13.53351821	13.51781845	13.50804677
	12.91198747	12.90713076	12.90219286	12.90052871	12.90477249	12.91531069	12.93018521	12.94582440	12.95858769	12.96655706	12.97086957	12.97476834	12.97985033	12.98346698	12.98274729	12.98067615	12.98379914	12.99546288	13.01751430	13.05360598	13.09761233	13.15561902	13.22668815	13.28891535	13.33401328	13.38980117	13.44568715	13.49224355	13.53201759	13.56688526	13.59063676	13.60261957	13.61112829	13.61882631	13.62271064	13.62089259	13.61300463	13.60131544	13.58817815	13.57580449	13.56718817	13.56170820	13.55497615	13.54213509	13.52300025	13.50146498	13.48262034	13.46843275	13.45930351
	12.92100975	12.91613864	12.91093211	12.90872597	12.91207730	12.92162443	12.93565802	12.95074267	12.96332390	12.97144521	12.97599466	12.97995107	12.98495511	12.98860019	12.98809739	12.98599770	12.98843127	12.99869273	13.01765354	13.05044407	13.09195732	13.14676145	13.21463683	13.27732779	13.32119732	13.37436544	13.42837209	13.47352637	13.51175798	13.54497960	13.56788256	13.57951619	13.58772159	13.59528519	13.59936446	13.59810743	13.59092733	13.57981725	13.56646717	13.55375647	13.54493846	13.53912643	13.53227633	13.51984148	13.50191283	13.48152528	13.46369578	13.45029854	13.44152446
	12.93924574	12.93444930	12.92919898	12.92673376	12.92957506	12.93853521	12.95201486	12.96668227	12.97908995	12.98725496	12.99192442	12.99584975	13.00074100	13.00441484	13.00407100	13.00196824	13.00398066	13.01336752	13.03060163	13.06071878	13.10089145	13.15382693	13.22006058	13.28303696	13.32693944	13.37871889	13.43196615	13.47667934	13.51433806	13.54682009	13.56923349	13.58054640	13.58859218	13.59616338	13.60049958	13.59965583	13.59292962	13.58208559	13.56848534	13.55579330	13.54707342	13.54127631	13.53456047	13.52261649	13.50534839	13.48557232	13.46816973	13.45506168	13.44638548
	12.93448285	12.92927179	12.92342949	12.92004118	12.92177569	12.92976010	12.94266309	12.95723676	12.97006555	12.97889674	12.98419414	12.98846773	12.99346643	12.99722792	12.99701351	12.99479905	12.99614974	13.00431619	13.01986154	13.04530402	13.08387687	13.13486666	13.19960508	13.26251896	13.30945236	13.36067266	13.41426605	13.45938542	13.49679546	13.52847346	13.55002276	13.56061961	13.56802889	13.57519157	13.57982763	13.57963413	13.57353659	13.56244506	13.54813467	13.53583899	13.52727454	13.52112457	13.51402262	13.50203506	13.48487127	13.46532501	13.44819876	13.43523355	13.42635684
	12.92669631	12.92123287	12.91496342	12.91090858	12.91178193	12.91896167	12.93130649	12.94574388	12.95879377	12.96806632	12.97382977	12.97837433	12.98350067	12.98728306	12.98722564	12.98502345	12.98583795	12.99304671	13.00720450	13.02893938	13.06588011	13.11538801	13.17882786	13.24138680	13.29032584	13.34093131	13.39464498	13.43997486	13.47711687	13.50807640	13.52888105	13.53900095	13.54575598	13.55263341	13.55750126	13.55776249	13.55208260	13.54066489	13.52645162	13.51442406	13.50586824	13.49940357	13.49200701	13.47995730	13.46280604	13.44353120	13.42670651	13.41389915	13.40489610
	12.93331369	12.92778164	12.92125080	12.91654171	12.91634052	12.92225843	12.93349739	12.94733553	12.96026439	12.96987038	12.97606391	12.98077940	12.98576129	12.98952052	12.98962536	12.98746508	12.98769263	12.99359753	13.00577793	13.02380412	13.05547196	13.10200065	13.16228612	13.22300687	13.27260140	13.32153358	13.37434574	13.41913256	13.45534530	13.48504949	13.50480084	13.51356647	13.51881793	13.52513180	13.53007959	13.53080045	13.52551630	13.51402083	13.50079780	13.48979275	13.48171189	13.47530981	13.46786139	13.45591873	13.43895952	13.42017997	13.40382972	13.39125450	13.38211834
	12.92935516	12.92360072	12.91671035	12.91148624	12.91062024	12.91579048	12.92653942	12.94019730	12.95326831	12.96322832	12.96977433	12.97463066	12.97960297	12.98339651	12.98364090	12.98157149	12.98161156	12.98687899	12.99816941	13.01480000	13.04364279	13.08887407	13.14786518	13.20793548	13.25794428	13.30702343	13.36040026	13.40536362	13.44112959	13.47009437	13.48904571	13.49701130	13.50116155	13.50680987	13.51171406	13.51248074	13.50683959	13.49541824	13.48288366	13.47240105	13.46461706	13.45841993	13.45103610	13.43898984	13.42184554	13.40283961	13.38621234	13.37338610	13.36379992
	12.92618399	12.92017780	12.91292190	12.90711811	12.90550029	12.90985383	12.91993093	12.93327755	12.94644099	12.95667741	12.96350791	12.96859914	12.97361463	12.97749911	12.97797522	12.97605493	12.97592555	12.98057212	12.99085451	13.00616025	13.03146223	13.07516626	13.13257818	13.19183504	13.24159120	13.29099744	13.34509789	13.39011163	13.42510671	13.45300401	13.47112525	13.47847376	13.48183482	13.48663617	13.49100070	13.49155188	13.48557402	13.47435311	13.46215963	13.45197287	13.44454770	13.43875243	13.43151087	13.41942243	13.40209683	13.38282157	13.36573901	13.35245126	13.34220327
	12.95920445	12.95287198	12.94501363	12.93832000	12.93570297	12.93910191	12.94857533	12.96186179	12.97547817	12.98648188	12.99398728	12.99955961	13.00480232	13.00899851	13.00980348	13.00796944	13.00746721	13.01141902	13.02071524	13.03490396	13.05607248	13.09891541	13.15732840	13.21888851	13.27068353	13.32208106	13.37995492	13.42780916	13.46408603	13.49260792	13.51122402	13.51858824	13.52133957	13.52554318	13.52950901	13.52976165	13.52343776	13.51188482	13.49926570	13.48863652	13.48079533	13.47471786	13.46714124	13.45480143	13.43694623	13.41641826	13.39790116	13.38328409	13.37156912
	12.99658803	12.98991465	12.98148832	12.97408615	12.97075582	12.97373587	12.98323799	12.99699628	13.01138608	13.02327422	13.03151381	13.03762193	13.04323051	13.04777759	13.04883614	13.04698429	13.04620894	13.04993239	13.05901297	13.07317924	13.09350605	13.13594023	13.19762491	13.26352432	13.31903615	13.37291508	13.43560064	13.48782896	13.52705981	13.55756910	13.57752942	13.58532675	13.58795745	13.59207687	13.59614099	13.59644336	13.58993113	13.57784700	13.56454660	13.55314525	13.54473931	13.53815901	13.53012666	13.51707186	13.49808761	13.47605422	13.45591235	13.43986808	13.42677977
	13.00464721	12.99768508	12.98885733	12.98098477	12.97703625	12.97943833	12.98855901	13.00219952	13.01676558	13.02898049	13.03756668	13.04385438	13.04961931	13.05425873	13.05544787	13.05372199	13.05280262	13.05621214	13.06484193	13.07847123	13.09789542	13.13929076	13.20154463	13.26854112	13.32512979	13.38024451	13.44515972	13.49849230	13.53774955	13.56809420	13.58813883	13.59603301	13.59850638	13.60238006	13.60615629	13.60583762	13.59878168	13.58618700	13.57240310	13.56060553	13.55195881	13.54517365	13.53709498	13.52384951	13.50442390	13.48180355	13.46079773	13.44374737	13.42958903
	13.07018695	13.06283722	13.05334800	13.04465512	13.03991843	13.04176322	13.05081587	13.06492460	13.08030856	13.09341684	13.10281607	13.10966105	13.11582846	13.12086089	13.12233953	13.12062475	13.11945079	13.12249302	13.13091426	13.14452035	13.16398126	13.20381808	13.27054401	13.34334377	13.40495094	13.46384584	13.53521530	13.59348213	13.63560851	13.66802025	13.68980164	13.69851716	13.70101909	13.70486790	13.70851484	13.70782653	13.69996126	13.68605574	13.67087728	13.65789341	13.64833745	13.64099504	13.63234594	13.61829977	13.59740451	13.57279326	13.54969096	13.53066058	13.51462930
	13.14075705	13.13309328	13.12296333	13.11342091	13.10780561	13.10889321	13.11773680	13.13215492	13.14825808	13.16231254	13.17252927	13.17998904	13.18657001	13.19195243	13.19384306	13.19217111	13.19062403	13.19316100	13.20120763	13.21456487	13.23374157	13.27037369	13.34046905	13.41922543	13.48620273	13.54742904	13.62537374	13.68947196	13.73508947	13.76989259	13.79346282	13.80297101	13.80542297	13.80936146	13.81320682	13.81218336	13.80358061	13.78869110	13.77239125	13.75832074	13.74787875	13.73989180	13.73065465	13.71575098	13.69343905	13.66683305	13.64156850	13.62038863	13.60221022
	13.11582285	13.10805127	13.09783137	13.08818440	13.08242570	13.08327774	13.09184628	13.10598206	13.12192222	13.13587786	13.14599178	13.15334243	13.15984823	13.16518063	13.16707966	13.16547040	13.16392212	13.16633405	13.17421716	13.18738393	13.20639209	13.24354280	13.31343073	13.39116869	13.45749528	13.52007689	13.59845791	13.66122193	13.70504735	13.73869432	13.76193811	13.77158164	13.77409315	13.77801128	13.78155544	13.77979520	13.77042529	13.75487489	13.73808666	13.72374973	13.71321030	13.70537269	13.69649257	13.68186964	13.65972428	13.63304175	13.60737556	13.58569106	13.56698757
	13.20444175	13.19665464	13.18629123	13.17624928	13.16992416	13.17022706	13.17827751	13.19224676	13.20824776	13.22245820	13.23294253	13.24054520	13.24711163	13.25265353	13.25481027	13.25331440	13.25158053	13.25350375	13.26084420	13.27343965	13.29172216	13.32519880	13.39627771	13.47733253	13.54674871	13.61038675	13.69317713	13.75922609	13.80444347	13.83895138	13.86324452	13.87348228	13.87604726	13.87995671	13.88358443	13.88148819	13.87135470	13.85499119	13.83732552	13.82215255	13.81102732	13.80284655	13.79378179	13.77892802	13.75608123	13.72821747	13.70099409	13.67781537	13.65768921
	13.18380467	13.17551852	13.16448681	13.15375043	13.14694584	13.14708476	13.15536416	13.16995171	13.18672466	13.20166957	13.21267883	13.22066724	13.22753151	13.23334151	13.23565320	13.23411164	13.23223280	13.23416345	13.24175932	13.25489182	13.27406222	13.30976193	13.38510761	13.47111288	13.54485314	13.61418499	13.70311634	13.77233028	13.81872487	13.85443022	13.88023910	13.89131596	13.89416260	13.89832009	13.90186124	13.89898400	13.88749828	13.86935627	13.84993757	13.83338662	13.82136351	13.81266844	13.80324992	13.78767478	13.76340649	13.73352423	13.70409223	13.67892937	13.65707240
	13.16700093	13.15836157	13.14685348	13.13561574	13.12847853	13.12851183	13.13697990	13.15202896	13.16937607	13.18486082	13.19624949	13.20451885	13.21161520	13.21761686	13.22004634	13.21846216	13.21647208	13.21842688	13.22623052	13.23977580	13.25962117	13.29697657	13.37547442	13.46526486	13.54228241	13.61591906	13.70957996	13.78125075	13.82858022	13.86525141	13.89224237	13.90394245	13.90695848	13.91124430	13.91464294	13.91120000	13.89881670	13.87936060	13.85859709	13.84100402	13.82828848	13.81918362	13.80949834	13.79336425	13.76801477	13.73659334	13.70548410	13.67883565	13.65569454
	13.14427168	13.13562936	13.12417778	13.11304472	13.10601086	13.10612151	13.11459131	13.12955285	13.14673093	13.16202837	13.17324148	13.18136931	13.18838287	13.19430481	13.19666060	13.19506294	13.19312280	13.19513444	13.20297723	13.21655276	13.23644002	13.27445650	13.35309111	13.44199447	13.51816805	13.59265273	13.68612631	13.75657877	13.80274294	13.83876828	13.86553566	13.87714187	13.88016959	13.88435845	13.88740330	13.88364772	13.87123656	13.85150921	13.83050786	13.81280737	13.80006959	13.79100209	13.78141992	13.76535001	13.74002850	13.70859036	13.67746003	13.65082385	13.62771369
	13.15138365	13.14257799	13.13089638	13.11951737	13.11226907	13.11226993	13.12077954	13.13591703	13.15334382	13.16889653	13.18030996	13.18857701	13.19572744	13.20176410	13.20420779	13.20260230	13.20060845	13.20257776	13.21045929	13.22418438	13.24433141	13.28256574	13.36289363	13.45408374	13.53227802	13.60919226	13.70607598	13.77830780	13.82512124	13.86179821	13.88928041	13.90124489	13.90425758	13.90842942	13.91133682	13.90721959	13.89424618	13.87379224	13.85190828	13.83352359	13.82028498	13.81089753	13.80111263	13.78469920	13.75869180	13.72625203	13.69398927	13.66635096	13.64236286
	13.18206048	13.17292394	13.16072083	13.14873655	13.14096194	13.14068532	13.14929082	13.16488572	13.18300523	13.19926966	13.21126752	13.21995666	13.22746021	13.23379620	13.23648586	13.23486980	13.23271003	13.23455288	13.24249323	13.25650684	13.27716250	13.31541889	13.39896719	13.49560864	13.57866369	13.65954254	13.76318416	13.84009715	13.88935268	13.92794716	13.95708126	13.96985846	13.97287182	13.97712692	13.98011400	13.97562011	13.96163643	13.93997740	13.91659825	13.89698606	13.88280823	13.87278153	13.86251794	13.84536657	13.81797595	13.78357907	13.74912248	13.71951591	13.69377844
	13.20006704	13.19052308	13.17771924	13.16513010	13.15685549	13.15639169	13.16521835	13.18138026	13.20024684	13.21722689	13.22979248	13.23888696	13.24674500	13.25338880	13.25624872	13.25461463	13.25233246	13.25412922	13.26226461	13.27676131	13.29815574	13.33715662	13.42477015	13.52692379	13.61480557	13.70024642	13.81091265	13.89240006	13.94393144	13.98434879	14.01513762	14.02868331	14.03183107	14.03628294	14.03933280	14.03442256	14.01952901	13.99634714	13.97130987	13.95030968	13.93510074	13.92434567	13.91348625	13.89539562	13.86634324	13.82969691	13.79280870	13.76104882	13.73337314
	13.22268791	13.21261425	13.19904790	13.18572971	13.17686156	13.17619981	13.18533692	13.20222381	13.22200328	13.23983625	13.25307578	13.26265987	13.27095235	13.27798464	13.28103270	13.27938583	13.27698377	13.27876455	13.28718763	13.30234100	13.32473065	13.36494456	13.45766987	13.56641405	13.66005902	13.75133376	13.87073258	13.95768150	14.01187298	14.05447185	14.08722457	14.10166888	14.10497717	14.10967385	14.11278677	14.10728871	14.09115777	14.06606596	14.03897828	14.01624089	13.99973491	13.98803350	13.97636376	13.95706018	13.92592005	13.88648469	13.84660137	13.81218845	13.78213891
	13.24315103	13.23275856	13.21871479	13.20488236	13.19556470	13.19473075	13.20402873	13.22137306	13.24179872	13.26026623	13.27401032	13.28395597	13.29254992	13.29985106	13.30306555	13.30141785	13.29888685	13.30061303	13.30917892	13.32469179	13.34765449	13.38798685	13.48393221	13.59706832	13.69466046	13.78894074	13.91371281	14.00458005	14.06098420	14.10520149	14.13930384	14.15429999	14.15772081	14.16259307	14.16593443	14.16031003	14.14353035	14.11735521	14.08916951	14.06542775	14.04811825	14.03579802	14.02353634	14.00344974	13.97105934	13.92994500	13.88824363	13.85219919	13.82068207
	13.24860387	13.23808578	13.22385103	13.20980160	13.20029440	13.19938691	13.20875095	13.22628198	13.24698536	13.26572873	13.27968617	13.28978014	13.29849316	13.30590205	13.30918774	13.30753706	13.30494017	13.30663790	13.31526281	13.33091870	13.35411222	13.39432528	13.49170373	13.60653972	13.70570083	13.80100440	13.92772769	14.02016390	14.07753729	14.12242830	14.15707326	14.17226882	14.17574068	14.18069101	14.18418079	14.17858628	14.16161527	14.13505097	14.10650165	14.08239946	14.06478806	14.05222283	14.03970915	14.01930819	13.98644354	13.94469354	13.90230160	13.86563692	13.83355862
	13.24709723	13.23623617	13.22152626	13.20699283	13.19715284	13.19616937	13.20581065	13.22387606	13.24523234	13.26457093	13.27897636	13.28939210	13.29838458	13.30604523	13.30946157	13.30777403	13.30508660	13.30681824	13.31569964	13.33185268	13.35577620	13.39683914	13.49780755	13.61643928	13.71895656	13.81744437	13.94878434	14.04444401	14.10367217	14.15003116	14.18587032	14.20159306	14.20514635	14.21023957	14.21386891	14.20806351	14.19045637	14.16290798	14.13334669	14.10835504	14.09005302	14.07695052	14.06392117	14.04276435	14.00872224	13.96544422	13.92145889	13.88340672	13.85011263
	13.21828058	13.20625852	13.19005073	13.17407019	13.16328480	13.16218087	13.17271499	13.19237791	13.21561023	13.23657366	13.25219532	13.26350743	13.27331120	13.28172687	13.28551768	13.28374530	13.28089448	13.28288471	13.29270922	13.31054588	13.33701969	13.38377186	13.49431013	13.62424295	13.73672400	13.84750654	13.99441625	14.09874299	14.16210865	14.21237841	14.25183000	14.26914149	14.27281965	14.27804769	14.28151740	14.27430498	14.25403308	14.22293470	14.18955993	14.16133574	14.14055849	14.12554915	14.11069467	14.08707898	14.04928621	14.00101204	13.95185257	13.90929697	13.87220315
	13.19190572	13.17840401	13.16031537	13.14252574	13.13059592	13.12941100	13.14107148	13.16276227	13.18830618	13.21126465	13.22837759	13.24082787	13.25170517	13.26111347	13.26540025	13.26354465	13.26051088	13.26288472	13.27395343	13.29395511	13.32370989	13.37696630	13.50060087	13.64499273	13.77008378	13.89585508	14.06240476	14.17785219	14.24694301	14.30246153	14.34647868	14.36575234	14.36967820	14.37530995	14.37881036	14.36994636	14.34630814	14.31060439	14.27239771	14.23991215	14.21567100	14.19772839	14.17993856	14.15264212	14.10969819	14.05485121	13.99897233	13.95066163	13.90874655
	13.18709272	13.17273094	13.15354330	13.13469294	13.12210502	13.12088898	13.13318562	13.15606018	13.18292539	13.20703252	13.22501183	13.23815171	13.24970408	13.25972846	13.26432998	13.26244735	13.25931271	13.26192485	13.27372461	13.29498566	13.32664765	13.38295910	13.51491864	13.66817063	13.80088851	13.93484692	14.11303829	14.23541916	14.30841794	14.36732489	14.41407943	14.43450182	14.43865372	14.44473184	14.44848558	14.43881243	14.41325074	14.37477050	14.33372215	14.29859551	14.27207218	14.25202335	14.23206485	14.20219623	14.15591808	14.09699504	14.03699151	13.98519770	13.94036268
	13.18134146	13.16688362	13.14758290	13.12870479	13.11616920	13.11503084	13.12745547	13.15040894	13.17729782	13.20134191	13.21926713	13.23239954	13.24399953	13.25407086	13.25869282	13.25683206	13.25379457	13.25653184	13.26850903	13.29002607	13.32201692	13.37962167	13.51244397	13.66603897	13.79900335	13.93454019	14.11305458	14.23484821	14.30757430	14.36662244	14.41362599	14.43418608	14.43838130	14.44460071	14.44834796	14.43848656	14.41261731	14.37369988	14.33217961	14.29653022	14.26944534	14.24874304	14.22810023	14.19759551	14.15079703	14.09139293	14.03101480	13.97898160	13.93398479
	13.18349200	13.16781472	13.14691751	13.12653227	13.11302969	13.11185293	13.12519543	13.14983127	13.17852463	13.20415041	13.22326461	13.23741355	13.25005444	13.26111660	13.26633770	13.26456435	13.26150421	13.26463492	13.27777094	13.30128881	13.33625534	13.39850835	13.54362908	13.71122265	13.85671091	14.00500499	14.20075718	14.33303142	14.41217692	14.47692143	14.52831447	14.55065390	14.55520372	14.56240352	14.56697992	14.55652781	14.52821033	14.48494158	14.43838207	14.39769212	14.36577368	14.34023512	14.31444703	14.27830954	14.22487825	14.15773998	14.08981259	14.03165004	13.98181855
	13.17835481	13.16251292	13.14143603	13.12090750	13.10734014	13.10621804	13.11971003	13.14455976	13.17344611	13.19921597	13.21841577	13.23263937	13.24536647	13.25650891	13.26176829	13.25998422	13.25693599	13.26014302	13.27345251	13.29724671	13.33261849	13.39588106	13.54248230	13.71124731	13.85775441	14.00800993	14.20487229	14.33749957	14.41693452	14.48214269	14.53396377	14.55654466	14.56113977	14.56842957	14.57303855	14.56246777	14.53386950	14.49010795	14.44302139	14.40183799	14.36946287	14.34348940	14.31725752	14.28067913	14.22678870	14.15917058	14.09082619	14.03226118	13.98221390
	13.17584289	13.15953845	13.13788550	13.11681692	13.10293102	13.10185776	13.11576814	13.14122663	13.17067422	13.19689444	13.21647208	13.23112814	13.24440800	13.25612705	13.26182378	13.26027177	13.25741750	13.26101537	13.27506242	13.29997662	13.33693315	13.40240027	13.55448723	13.72854805	13.88039123	14.03513073	14.24005831	14.37802277	14.46121521	14.52940546	14.58302189	14.60573425	14.61038064	14.61821030	14.62332467	14.61268601	14.58301541	14.53736013	14.48756354	14.44326472	14.40732071	14.37727124	14.34631284	14.30453388	14.24480908	14.17062254	14.09609351	14.03351906	13.98002376
	13.18403791	13.16783232	13.14626372	13.12523984	13.11136104	13.11025567	13.12404435	13.14926127	13.17838417	13.20432491	13.22377828	13.23852086	13.25202641	13.26403808	13.27007614	13.26885727	13.26627329	13.27009667	13.28435704	13.30950824	13.34674331	13.41188665	13.56400748	13.73913411	13.89263795	14.04578376	14.25458933	14.39566490	14.48117614	14.55077114	14.60480811	14.62690775	14.63151308	14.63976030	14.64538124	14.63507392	14.60519015	14.55892339	14.50772990	14.46138877	14.42268708	14.38911517	14.35396618	14.30775928	14.24337870	14.16408518	14.08475421	14.01920442	13.96259223
	13.18897905	13.17374501	13.15341618	13.13357073	13.12045133	13.11937370	13.13231523	13.15599774	13.18337344	13.20778352	13.22616569	13.24022274	13.25317301	13.26473511	13.27064662	13.26970874	13.26744070	13.27120488	13.28480384	13.30867973	13.34400051	13.40584722	13.54857114	13.71500672	13.86123217	14.00401712	14.20451477	14.34070527	14.42349744	14.49029176	14.54157992	14.56193025	14.56623037	14.57423605	14.57978901	14.57013003	14.54172441	14.49768879	14.44856315	14.40363761	14.36554895	14.33179853	14.29610766	14.24959046	14.18547620	14.10678839	14.02823448	13.96447300	13.90906646
	13.16535248	13.15088293	13.13170618	13.11308281	13.10092763	13.10015689	13.11258862	13.13500133	13.16068368	13.18348224	13.20069894	13.21405251	13.22654728	13.23778894	13.24360146	13.24301498	13.24126111	13.24532689	13.25879259	13.28207285	13.31646851	13.37701433	13.51278174	13.66942534	13.80784152	13.94273064	14.13385059	14.26379546	14.34359907	14.40765658	14.45571387	14.47386608	14.47753533	14.48509653	14.49037342	14.48117262	14.45418184	14.41228399	14.36497206	14.32097106	14.28262291	14.24746837	14.20952907	14.16047583	14.09375740	14.01222161	13.93210339	13.87109264	13.81979187
	13.17733739	13.16479777	13.14802848	13.13162147	13.12085424	13.12002180	13.13077023	13.15027942	13.17276755	13.19281844	13.20803019	13.21992134	13.23111047	13.24123400	13.24663546	13.24634591	13.24490218	13.24851347	13.26038994	13.28089847	13.31115610	13.36274355	13.48225043	13.62122588	13.74477664	13.86037722	14.03261411	14.15063756	14.22306966	14.28025206	14.32238353	14.33797217	14.34080891	14.34735844	14.35233892	14.34481956	14.32187871	14.28518992	14.24315422	14.20352960	14.16840169	14.13555109	14.09960477	14.05293065	13.98905401	13.91120632	13.84059508	13.78795561	13.74288554
	13.17390211	13.16257499	13.14740813	13.13256840	13.12287131	13.12219119	13.13195996	13.14958351	13.16987648	13.18796103	13.20174875	13.21268280	13.22307339	13.23255335	13.23773612	13.23775369	13.23672097	13.24027595	13.25140233	13.27042609	13.29843555	13.34648669	13.45447935	13.58118578	13.69457056	13.79797419	13.95782995	14.06764233	14.13532814	14.18819243	14.22630168	14.23982048	14.24190479	14.24772762	14.25238768	14.24570002	14.22511385	14.19157031	14.15260826	14.11527820	14.08143237	14.04894948	14.01286585	13.96607049	13.90226056	13.82477846	13.75727110	13.70969510	13.66965939
	13.15723148	13.14757632	13.13466400	13.12207086	13.11391237	13.11348194	13.12189969	13.13695105	13.15418708	13.16951145	13.18120646	13.19062243	13.19971473	13.20803850	13.21268793	13.21290815	13.21229091	13.21567545	13.22558323	13.24231757	13.26690550	13.30950827	13.40174251	13.50995085	13.60754809	13.69633853	13.83388798	13.92908770	13.98817219	14.03394765	14.06608996	14.07697709	14.07831818	14.08301737	14.08685098	14.08121913	14.06394158	14.03519986	14.00132766	13.96840617	13.93789945	13.90794952	13.87413150	13.83020246	13.77023259	13.69653243	13.63962432	13.60060016	13.56747764
	13.15088651	13.14304159	13.13238620	13.12197280	13.11518833	13.11480324	13.12173331	13.13415005	13.14839778	13.16114126	13.17102736	13.17917912	13.18716496	13.19458014	13.19893947	13.19958917	13.19947178	13.20267583	13.21140988	13.22588660	13.24703977	13.28334043	13.35963588	13.45087383	13.53452828	13.60842081	13.72472971	13.80950571	13.86226478	13.90168755	13.92796058	13.93627756	13.93681654	13.94037191	13.94360476	13.93948202	13.92597324	13.90222362	13.87335802	13.84439203	13.81653510	13.78809843	13.75501124	13.71125606	13.65009129	13.58217047	13.53762540	13.50675335	13.47963261
	13.14288118	13.13553385	13.12547416	13.11563732	13.10921506	13.10883177	13.11540534	13.12713445	13.14061297	13.15271059	13.16221488	13.17015612	13.17797240	13.18530741	13.18973246	13.19064615	13.19079510	13.19410525	13.20273694	13.21684809	13.23737609	13.27240642	13.34454571	13.43134080	13.51169816	13.58162750	13.69254302	13.77593726	13.82798622	13.86597222	13.89050173	13.89798708	13.89818289	13.90134116	13.90438567	13.90079474	13.88845922	13.86614307	13.83859297	13.81041066	13.78274287	13.75388415	13.71975535	13.67405748	13.60914294	13.54370196	13.50358477	13.47479001	13.44906683
	13.12081780	13.11346266	13.10345394	13.09369594	13.08738636	13.08711232	13.09380103	13.10554868	13.11902039	13.13112953	13.14072011	13.14887133	13.15698962	13.16464377	13.16934993	13.17055307	13.17109867	13.17488816	13.18407246	13.19880156	13.22018683	13.25693862	13.32890566	13.41502201	13.49545527	13.56612056	13.67690286	13.76163945	13.81491033	13.85311709	13.87709138	13.88419167	13.88416722	13.88714180	13.88995607	13.88645332	13.87429065	13.85209473	13.82446212	13.79575654	13.76707693	13.73659921	13.69999258	13.65038326	13.57999868	13.51645593	13.47763202	13.44919682	13.42355271
	13.08994559	13.08302507	13.07359892	13.06438865	13.05845339	13.05825686	13.06466632	13.07585037	13.08867399	13.10029016	13.10965788	13.11781099	13.12605934	13.13387551	13.13886540	13.14048567	13.14158801	13.14584356	13.15531705	13.17015947	13.19162498	13.22844392	13.29669906	13.37821428	13.45554233	13.52453291	13.62881626	13.71331540	13.76676891	13.80379726	13.82598157	13.83228884	13.83202190	13.83466520	13.83717231	13.83418861	13.82307034	13.80225685	13.77581295	13.74763381	13.71868200	13.68708693	13.64824383	13.59464374	13.51913282	13.46165608	13.42630915	13.39948091	13.37484388
	13.06902095	13.06271688	13.05399242	13.04541643	13.03983239	13.03959218	13.04550189	13.05591874	13.06794405	13.07897031	13.08804565	13.09608868	13.10429812	13.11212463	13.11731953	13.11931981	13.12084750	13.12531735	13.13473256	13.14926741	13.17015840	13.20534110	13.26907289	13.34554330	13.41910338	13.48516143	13.58190985	13.66556297	13.71851635	13.75384677	13.77426407	13.77993885	13.77963954	13.78214014	13.78465777	13.78242716	13.77262984	13.75354924	13.72865553	13.70153751	13.67303811	13.64131144	13.60160912	13.54590619	13.46972048	13.41826904	13.38566149	13.36022938	13.33656657
	13.07024820	13.06441202	13.05610441	13.04785040	13.04234765	13.04195757	13.04744919	13.05740621	13.06907753	13.07994806	13.08905893	13.09729234	13.10571630	13.11378552	13.11932309	13.12171551	13.12360622	13.12828049	13.13774389	13.15218661	13.17280921	13.20707336	13.26838785	13.34300402	13.41572572	13.48124539	13.57270705	13.65980211	13.71465478	13.74990991	13.76955674	13.77506108	13.77485442	13.77733886	13.77997530	13.77844100	13.76964910	13.75165486	13.72746537	13.70052971	13.67162836	13.63885536	13.59727056	13.53805228	13.45925820	13.41134059	13.38005645	13.35497342	13.33125178
	13.04121814	13.03553588	13.02742955	13.01934538	13.01399525	13.01361630	13.01902033	13.02881847	13.04034324	13.05112113	13.06032009	13.06869823	13.07734325	13.08564290	13.09140594	13.09412070	13.09637966	13.10142365	13.11122891	13.12602726	13.14704885	13.18188662	13.24202024	13.31550275	13.38763075	13.45320483	13.54342745	13.63134697	13.68679633	13.72173042	13.74086060	13.74606828	13.74580600	13.74821389	13.75087240	13.74963816	13.74121286	13.72360223	13.69960414	13.67258134	13.64328481	13.60971195	13.56676447	13.50508276	13.42555726	13.37930363	13.34863728	13.32368558	13.30005402
	12.99590813	12.99084065	12.98340359	12.97588178	12.97086126	12.97050262	12.97552345	12.98475394	12.99571255	13.00623196	13.01546193	13.02416026	13.03322563	13.04203818	13.04845649	13.05202388	13.05510489	13.06096714	13.07144351	13.08686367	13.10854111	13.14395620	13.20096072	13.27097547	13.34105994	13.40600369	13.49154563	13.58163570	13.63849958	13.67205769	13.68977245	13.69474944	13.69488998	13.69750807	13.70050983	13.70039094	13.69341732	13.67727794	13.65425916	13.62744233	13.59756003	13.56252100	13.51682554	13.44811225	13.37093606	13.32785736	13.29830891	13.27367759	13.25006223
	12.97090399	12.96669673	12.96015345	12.95345980	12.94889941	12.94848024	12.95296818	12.96135827	12.97152721	12.98151905	12.99064233	12.99948942	13.00879658	13.01801654	13.02502292	13.02935855	13.03324975	13.03972114	13.05055175	13.06611836	13.08774129	13.12241133	13.17563189	13.24173570	13.30937567	13.37295230	13.45235871	13.54460363	13.60230428	13.63404237	13.65073626	13.65608560	13.65710291	13.66014402	13.66355950	13.66462840	13.65929528	13.64498784	13.62332940	13.59709145	13.56716111	13.53143175	13.48428134	13.40926221	13.33699130	13.29622198	13.26757300	13.24324564	13.21966190
	12.93272633	12.92912861	12.92338311	12.91744838	12.91342446	12.91308994	12.91717024	12.92483807	12.93417483	12.94346363	12.95219304	12.96087740	12.97010981	12.97931010	12.98651634	12.99128198	12.99576112	13.00261006	13.01358832	13.02906107	13.05036401	13.08411968	13.13301153	13.19419829	13.25772711	13.31830571	13.39315653	13.48215202	13.53754074	13.56656201	13.58194080	13.58701220	13.58833241	13.59159849	13.59522951	13.59711470	13.59318079	13.58062922	13.56058451	13.53558128	13.50658233	13.47173364	13.42546946	13.34982222	13.28277538	13.24437757	13.21713908	13.19381707	13.17118280
	12.89561346	12.89264472	12.88761756	12.88238091	12.87887832	12.87865330	12.88239786	12.88935171	12.89789144	12.90659391	12.91500311	12.92363357	12.93288680	12.94220324	12.94968006	12.95509709	12.96029913	12.96777742	12.97913968	12.99481514	13.01630939	13.04909683	13.09390122	13.15036454	13.21010397	13.26818525	13.34167348	13.42580886	13.47837045	13.50452151	13.51819028	13.52248946	13.52373990	13.52714585	13.53119160	13.53438866	13.53212991	13.52145746	13.50298785	13.47911516	13.45090522	13.41682064	13.37155117	13.29609658	13.23293391	13.19638301	13.17025973	13.14785570	13.12617717
	12.88543459	12.88299478	12.87853429	12.87381978	12.87063720	12.87043631	12.87382310	12.88016115	12.88805242	12.89622089	12.90423015	12.91256117	12.92159651	12.93075594	12.93825097	12.94392596	12.94940067	12.95697459	12.96820007	12.98356095	13.00459306	13.03541787	13.07692208	13.12959434	13.18610629	13.24176117	13.33577639	13.39288839	13.44247661	13.46652143	13.47883335	13.48270777	13.48410567	13.48753097	13.49180433	13.49569909	13.49453150	13.48523392	13.46809851	13.44541908	13.41837917	13.38567485	13.34241963	13.27006601	13.20915421	13.17393973	13.14881555	13.12733437	13.10662203
	12.87372353	12.87174929	12.86788057	12.86362563	12.86075613	12.86060913	12.86369329	12.86951128	12.87685000	12.88455230	12.89228918	12.90040943	12.90942182	12.91853093	12.92622478	12.93225783	12.93813190	12.94604461	12.95747119	12.97293892	12.99403466	13.02320823	13.06192953	13.11138968	13.16519723	13.21927927	13.29061743	13.36608575	13.41274506	13.43494821	13.44594534	13.44963502	13.45140555	13.45493699	13.45941234	13.46391567	13.46368425	13.45549845	13.43933084	13.41748767	13.39128471	13.35952661	13.31781063	13.24809811	13.18824521	13.15375963	13.12925683	13.10839230	13.08841482
	12.86464032	12.86334058	12.86005596	12.85628282	12.85367728	12.85346160	12.85624979	12.86158064	12.86841077	12.87573179	12.88330804	12.89140980	12.90054048	12.90988225	12.91803597	12.92461300	12.93109502	12.93955942	12.95160318	12.96754201	12.98922752	13.01689861	13.05320266	13.10006491	13.15195946	13.20514016	13.20141366	13.35037707	13.30475284	13.41478798	13.42396257	13.42733541	13.42953594	13.43323642	13.43820250	13.44398259	13.44537924	13.43859887	13.42345305	13.40224243	13.37639080	13.34506536	13.30422529	13.23623585	13.17587384	13.14135318	13.11685487	13.09618917	13.07661742
	12.85474593	12.85380610	12.85090414	12.84747346	12.84501050	12.84479548	12.84738026	12.85237531	12.85888153	12.86588848	12.87324440	12.88120621	12.89023313	12.89955205	12.90780882	12.91454128	12.92120657	12.92986326	12.94202466	12.95794985	12.97957021	13.00576568	13.04039025	13.08533914	13.13547638	13.18735477	13.17353293	13.34548264	12.79326048	13.41084718	13.39848377	13.40183228	13.40414951	13.40753330	13.41253436	13.41902447	13.42140476	13.41555790	13.40122003	13.38071832	13.35555328	13.32504783	13.28536608	13.21970137	13.15967042	13.12553074	13.10138809	13.08111191	13.06201376
	12.84266748	12.84207014	12.83963236	12.83659668	12.83433617	12.83412426	12.83649490	12.84111610	12.84721435	12.85383703	12.86083521	12.86852625	12.87726602	12.88641296	12.89460331	12.90139925	12.90813231	12.91684459	12.92888707	12.94458411	12.96550633	12.98975606	13.02221909	13.06460527	13.11237991	13.16226852	13.11925454	13.18553034	12.41517914	13.24794154	13.36469206	13.36811264	13.36742749	13.37018700	13.37510684	13.38236465	13.38588978	13.38123583	13.36804998	13.34863460	13.32464493	13.29554115	13.25786422	13.19632836	13.13691633	13.10350578	13.08007292	13.06051558	13.04220025
	12.83410137	12.83389581	12.83202145	12.82952656	12.82758114	12.82739051	12.82947534	12.83366765	12.83916123	12.84529309	12.85179721	12.85909453	12.86744606	12.87625071	12.88419719	12.89101595	12.89795233	12.90675900	12.91857610	12.93396921	12.95316502	12.97483116	13.00432290	13.04312411	13.08740293	13.13442917	12.90588381	12.97087508	12.28143406	13.08536262	13.23940954	13.25749089	13.32155161	13.32300601	13.32767838	13.33588916	13.34094125	13.33784645	13.32623773	13.30833447	13.28610090	13.25918891	13.22467902	13.16998935	13.11146417	13.07920650	13.05690661	13.03848848	13.02138126
	12.85284723	12.85285638	12.85126487	12.84908040	12.84727872	12.84710094	12.84908410	12.85313061	12.85844630	12.86435542	12.87074734	12.87797214	12.88631803	12.89511591	12.90313854	12.91023222	12.91760858	12.92679586	12.93891047	12.95466509	12.97272898	12.99325175	13.02148075	13.05886372	13.10184755	13.14813626	13.12346837	13.18663115	12.31883691	13.05476013	13.08092863	13.23685859	13.32796185	13.32828716	13.33288111	13.34192152	13.34809907	13.34591147	13.33494428	13.31751081	13.29582678	13.26972802	13.23650547	13.18632032	13.12614126	13.09359648	13.07138303	13.05318571	13.03647179
	12.88075792	12.88093838	12.87951407	12.87746432	12.87574537	12.87554321	12.87748545	12.88148263	12.88679677	12.89267613	12.89909784	12.90638713	12.91483563	12.92379884	12.93203427	12.93950862	12.94731471	12.95689643	12.96940941	12.98561119	13.00299823	13.02313709	13.05094579	13.08801280	13.13095163	13.17759501	13.24455016	13.20718297	12.35000521	12.96987289	12.99200679	13.27821626	13.35655957	13.35621872	13.36092165	13.37073524	13.37782645	13.37628407	13.36556522	13.34815403	13.32644377	13.30045497	13.26762802	13.22042986	13.15728245	13.12360808	13.10090432	13.08246421	13.06562844
	12.92795407	12.92827913	12.92695941	12.92490802	12.92318481	12.92293498	12.92485529	12.92892843	12.93439746	12.94046755	12.94708677	12.95465787	12.96337151	12.97271526	12.98135805	12.98932994	12.99762269	13.00766418	13.02072887	13.03756940	13.05511708	13.07557416	13.10384133	13.14177856	13.18603428	13.23418020	13.30081183	13.10809189	12.38303886	12.94276832	12.96973699	13.42040369	13.41914397	13.41847380	13.42342068	13.43417353	13.44224799	13.44123068	13.43044394	13.41256461	13.39018642	13.36348430	13.32996464	13.28359364	13.21616215	13.18046319	13.15657785	13.13734248	13.11980665
	12.98021918	12.98065396	12.97936722	12.97722702	12.97544864	12.97510049	12.97708452	12.98130581	12.98706101	12.99348845	13.00052482	13.00856752	13.01785382	13.02779896	13.03719808	13.04595669	13.05501663	13.06593500	13.08002054	13.09782879	13.11563871	13.13683913	13.16622408	13.20583487	13.25233071	13.30331670	13.37370433	13.20029502	12.54724580	12.91075043	12.92453351	13.48680896	13.49685416	13.49531606	13.50039130	13.51248798	13.52215756	13.52201121	13.51109759	13.49242784	13.46887283	13.44090289	13.40599197	13.35879658	13.28655409	13.24783857	13.22220747	13.20168379	13.18304286
	13.01398723	13.01449386	13.01317903	13.01093920	13.00903800	13.00861618	13.01064731	13.01505222	13.02112329	13.02797973	13.03550958	13.04411145	13.05408092	13.06475797	13.07510122	13.08480813	13.09481833	13.10680454	13.12214607	13.14078206	13.15890708	13.18091425	13.21159582	13.25308751	13.30213718	13.35641413	13.43126995	13.35308490	13.12522284	12.83533558	13.21189721	13.55712643	13.55700083	13.55395105	13.55893826	13.57243891	13.58410888	13.58532240	13.57473773	13.55545932	13.53074924	13.50146973	13.46506792	13.41639465	13.33986495	13.29777340	13.27020851	13.24829470	13.22853729
	13.02958598	13.03023268	13.02889028	13.02656721	13.02452354	13.02399735	13.02596506	13.03050172	13.03688265	13.04416514	13.05218485	13.06135276	13.07203154	13.08358693	13.09504467	13.10587242	13.11699996	13.13018539	13.14694711	13.16579995	13.18394111	13.20645883	13.23796110	13.28086935	13.33202070	13.38920028	13.46792323	13.53365913	13.57914116	12.64696352	13.49207261	13.59395937	13.59133564	13.58581865	13.59035962	13.60557389	13.62021098	13.62409527	13.61516038	13.59628651	13.57112617	13.54102156	13.50370446	13.45433245	13.37420556	13.32849916	13.29896951	13.27576725	13.25500661
	13.04075793	13.04149749	13.04013378	13.03773146	13.03559908	13.03495656	13.03688031	13.04146363	13.04801397	13.05552818	13.06382192	13.07332622	13.08443467	13.09654352	13.10863426	13.12005911	13.13180383	13.14565965	13.16317874	13.18179455	13.20005431	13.22278955	13.25463531	13.29814221	13.35024591	13.40868376	13.48912741	13.55122760	13.58714528	12.62775542	13.49281524	13.61361735	13.60857279	13.60085161	13.60477507	13.62099567	13.63786816	13.64425095	13.63727667	13.61944167	13.59458856	13.56428195	13.52656458	13.47668326	13.39453395	13.34726942	13.31681940	13.29297275	13.27163087
	13.06301712	13.06385699	13.06251359	13.06004533	13.05778537	13.05703203	13.05886788	13.06346752	13.07016838	13.07787628	13.08641542	13.09619211	13.10764520	13.12018810	13.13274465	13.14461850	13.15679883	13.17112124	13.18909793	13.20757735	13.22600500	13.24889592	13.28099410	13.32497105	13.37789504	13.43719209	13.51900976	13.58161787	13.61764246	12.81246092	13.47065317	13.64337515	13.63648413	13.62696778	13.63037486	13.64710944	13.66546725	13.67388330	13.66874577	13.65202958	13.62763193	13.59726857	13.55919798	13.50874055	13.42458182	13.37612925	13.34493401	13.32046925	13.29852430
	13.06014890	13.06112434	13.05963794	13.05690104	13.05428268	13.05326172	13.05506887	13.05995460	13.06716391	13.07555814	13.08490877	13.09568405	13.10831521	13.12227263	13.13625808	13.14956293	13.16313044	13.17902452	13.19876895	13.21721695	13.23656294	13.26078891	13.29488861	13.34177083	13.39835550	13.46201681	13.55013353	13.61545155	13.65241904	12.52762526	13.40871188	13.67338817	13.66010424	13.64550366	13.64812146	13.66685419	13.68912440	13.70242310	13.70148302	13.68697317	13.66298545	13.63163336	13.59138973	13.53771222	13.44642075	13.39493094	13.36159876	13.33522624	13.31147372
	13.05695709	13.05801321	13.05646889	13.05362472	13.05082618	13.04965215	13.05137482	13.05629856	13.06367408	13.07227611	13.08187623	13.09299605	13.10604300	13.12053827	13.13506144	13.14888950	13.16293561	13.17935247	13.19954683	13.21745770	13.23687032	13.26132242	13.29581453	13.34336405	13.40088213	13.46579654	13.55565932	13.62104540	13.65751894	12.50598649	13.41127228	13.67352022	13.65576529	13.63849977	13.64093109	13.66035499	13.68418199	13.70012957	13.70217734	13.68997065	13.66726274	13.63632602	13.59589740	13.54164348	13.44798691	13.39606943	13.36237345	13.33554395	13.31124824
	13.07730137	13.07841033	13.07693978	13.07413308	13.07128992	13.06998237	13.07151657	13.07622911	13.08346218	13.09192053	13.10134394	13.11229180	13.12517718	13.13951471	13.15392013	13.16763580	13.18150506	13.19756255	13.21701184	13.23436254	13.25316893	13.27686923	13.31030745	13.35666759	13.41306645	13.47671835	13.56475307	13.62836291	13.66392584	12.87647894	13.61933405	13.67978093	13.66158138	13.64381537	13.64570271	13.66434082	13.68768848	13.70394715	13.70700466	13.69619202	13.67479109	13.64508124	13.60602181	13.55355090	13.46169593	13.40996148	13.37664895	13.35019104	13.32614575
	13.10176505	13.10295367	13.10160596	13.09882808	13.09591822	13.09444836	13.09569787	13.10012468	13.10716496	13.11546195	13.12469946	13.13545951	13.14812834	13.16228362	13.17653725	13.19013339	13.20378765	13.21941468	13.23821733	13.25486867	13.27298074	13.29578318	13.32792476	13.37284525	13.42795354	13.49011976	13.57608687	13.63779066	13.67273099	13.36539785	13.69318035	13.69237586	13.67576834	13.65802963	13.65890506	13.67607595	13.69819504	13.71392464	13.71725119	13.70716523	13.68664327	13.65805686	13.62052437	13.57027354	13.48113846	13.42865054	13.39537328	13.36910499	13.34527187
	13.09665827	13.09798585	13.09673360	13.09392512	13.09092137	13.08919603	13.09005563	13.09416960	13.10092236	13.10908449	13.11823332	13.12883827	13.14130410	13.15529983	13.16948216	13.18302858	13.19649840	13.21174293	13.22955274	13.24529008	13.26257815	13.28432583	13.31506524	13.35852758	13.41238649	13.47327659	13.55706170	13.61611526	13.65009908	13.69818250	13.67206311	13.67079379	13.65372465	13.63580754	13.63637156	13.65222674	13.67307152	13.68855814	13.69305284	13.68492277	13.66609331	13.63920033	13.60357307	13.55595216	13.47006687	13.41650147	13.38326695	13.35718918	13.33361528
	13.08381826	13.08519545	13.08395413	13.08115256	13.07807641	13.07619972	13.07687273	13.08079835	13.08734251	13.09538206	13.10441498	13.11484211	13.12714505	13.14096984	13.15500805	13.16841486	13.18165592	13.19661484	13.21356409	13.22868786	13.24537187	13.26640782	13.29624591	13.33863093	13.39150723	13.45141802	13.53343083	13.59036278	13.62325372	13.64518923	13.64514116	13.64254574	13.62409949	13.60588200	13.60658559	13.62191879	13.64208834	13.65756447	13.66303267	13.65642800	13.63902214	13.61340813	13.57912117	13.53329256	13.44982101	13.39637052	13.36355727	13.33790334	13.31466550
	13.08081534	13.08224759	13.08104620	13.07826701	13.07516320	13.07317411	13.07363134	13.07727468	13.08350554	13.09131775	13.10005907	13.11012729	13.12205840	13.13548140	13.14910603	13.16208861	13.17483810	13.18916893	13.20513924	13.21946799	13.23529274	13.25529777	13.28374082	13.32433124	13.37532172	13.43319856	13.51210289	13.56617372	13.59762523	13.61147593	13.62015376	13.61773642	13.59985893	13.58244479	13.58292456	13.59679477	13.61509818	13.62954345	13.63524471	13.62977571	13.61374830	13.58963686	13.55714728	13.51365587	13.43395441	13.38144521	13.34957396	13.32471051	13.30212901
	13.05862501	13.06010630	13.05892105	13.05612863	13.05296118	13.05082603	13.05103018	13.05433899	13.06032311	13.06792100	13.07643411	13.08627020	13.09793718	13.11107577	13.12440999	13.13707520	13.14945289	13.16318292	13.17798033	13.19139605	13.20635259	13.22531360	13.25242872	13.29137703	13.34077140	13.39695990	13.47300933	13.52405986	13.55357670	13.56728223	13.57674482	13.57404134	13.55538741	13.53800788	13.53837393	13.55100784	13.56756666	13.58129823	13.58765683	13.58395606	13.57000207	13.54775794	13.51726039	13.47601607	13.39935346	13.34769085	13.31682315	13.29276942	13.27070544
	13.07088736	13.07246065	13.07134797	13.06861637	13.06539009	13.06312654	13.06308088	13.06605132	13.07176746	13.07914777	13.08747166	13.09709087	13.10839063	13.12107845	13.13405102	13.14633436	13.15823587	13.17128242	13.18562581	13.19859230	13.21292579	13.23096014	13.25675630	13.29411685	13.34190907	13.39611055	13.46934372	13.51852468	13.54739068	13.56224112	13.57377835	13.57355267	13.55736038	13.54014682	13.53949729	13.55049271	13.56534742	13.57800354	13.58423895	13.58109682	13.56797871	13.54680701	13.51773534	13.47843397	13.40519371	13.35300708	13.32233079	13.29857273	13.27681464
	13.06938719	13.07101110	13.06989992	13.06714414	13.06382038	13.06143114	13.06124083	13.06406581	13.06972782	13.07708661	13.08543319	13.09508811	13.10640297	13.11907308	13.13206570	13.14433420	13.15616039	13.16903245	13.18306040	13.19590490	13.21001851	13.22774534	13.25317066	13.29015008	13.33768690	13.39150749	13.46408415	13.51259099	13.54103302	13.55631177	13.56886747	13.56911049	13.55278596	13.53496827	13.53395437	13.54442788	13.55873131	13.57122610	13.57790084	13.57556497	13.56332231	13.54281857	13.51426500	13.47545449	13.40224317	13.34991863	13.31932292	13.29561176	13.27381996
	13.05382924	13.05542537	13.05427272	13.05142947	13.04798510	13.04542765	13.04509614	13.04783758	13.05347631	13.06085261	13.06930268	13.07908635	13.09059883	13.10346990	13.11669776	13.12917795	13.14113861	13.15404088	13.16733948	13.17972534	13.19354271	13.21096895	13.23617983	13.27304409	13.32067323	13.37484515	13.44714100	13.49439811	13.52148933	13.53649638	13.54911314	13.54762312	13.52845422	13.50980552	13.50899511	13.51924654	13.53309356	13.54551785	13.55300857	13.55233830	13.54197029	13.52269020	13.49478426	13.45634543	13.38237434	13.33094898	13.30098932	13.27767104	13.25604965
	13.11673255	13.11831355	13.11708400	13.11404108	13.11037326	13.10751585	13.10691132	13.10949427	13.11506417	13.12253430	13.13116470	13.14107429	13.15276526	13.16577627	13.17912373	13.19167974	13.20358957	13.21620833	13.22890739	13.24143741	13.25505777	13.27230386	13.29733740	13.33425972	13.38237338	13.43717218	13.50944659	13.55647934	13.58310076	13.59911686	13.61332551	13.61319176	13.59530064	13.57741384	13.57603079	13.58516201	13.59746261	13.60823577	13.61467344	13.61387439	13.60413972	13.58554075	13.55807596	13.51993989	13.44593898	13.39356520	13.36342381	13.33998059	13.31809584
	13.16585367	13.16744500	13.16603438	13.16267089	13.15858563	13.15532065	13.15433938	13.15673950	13.16234496	13.17002599	13.17899280	13.18930852	13.20143440	13.21502702	13.22898197	13.24208903	13.25439964	13.26718079	13.27993779	13.29207152	13.30568547	13.32297167	13.34816819	13.38568092	13.43510820	13.49150209	13.56521282	13.61214190	13.63744515	13.65422945	13.67069024	13.67064442	13.65067168	13.63114733	13.62913662	13.63761215	13.64927032	13.65968728	13.66680912	13.66771619	13.65975965	13.64212284	13.61480348	13.57618526	13.49889310	13.44597188	13.41571378	13.39208617	13.36978210
	13.19535145	13.19697611	13.19548220	13.19198273	13.18770680	13.18423725	13.18305840	13.18530015	13.19086647	13.19861418	13.20769806	13.21816224	13.23042671	13.24418896	13.25827741	13.27148155	13.28382544	13.29649383	13.30891635	13.32094588	13.33444551	13.35159409	13.37671091	13.41430754	13.46410444	13.52110392	13.59513647	13.64188762	13.66663249	13.68422049	13.70230459	13.70381265	13.68561626	13.66659754	13.66392739	13.67156854	13.68211485	13.69110397	13.69702859	13.69735404	13.68947794	13.67215379	13.64521612	13.60690734	13.52985996	13.47579959	13.44520172	13.42146523	13.39897760
	13.22429973	13.22592892	13.22435154	13.22071608	13.21626009	13.21258570	13.21123058	13.21332912	13.21886429	13.22667133	13.23586014	13.24646657	13.25886694	13.27277985	13.28699394	13.30028969	13.31267809	13.32523718	13.33723967	13.34921685	13.36257771	13.37961959	13.40467306	13.44238426	13.49262316	13.55033322	13.62480483	13.67134942	13.69557693	13.71391183	13.73330616	13.73613414	13.71956997	13.70086375	13.69746566	13.70439996	13.71407599	13.72188452	13.72669502	13.72636389	13.71845011	13.70138717	13.67480713	13.63684236	13.56056472	13.50510452	13.47410623	13.45021846	13.42755800
	13.29191153	13.29353938	13.29185222	13.28796708	13.28318495	13.27912424	13.27746409	13.27927385	13.28473068	13.29266223	13.30204122	13.31285043	13.32547302	13.33957627	13.35392581	13.36730285	13.37962713	13.39195849	13.40366229	13.41572670	13.42889845	13.44577324	13.47068491	13.50851433	13.55945428	13.61804126	13.69306573	13.73997896	13.76365266	13.78365787	13.80598855	13.81212800	13.80016320	13.78289839	13.77812198	13.78358052	13.79159678	13.79722194	13.79966406	13.79748048	13.78881363	13.77177109	13.74546203	13.70771372	13.63195186	13.57433875	13.54262872	13.51841017	13.49532718
	13.30887631	13.31051406	13.30879839	13.30477186	13.29976497	13.29545546	13.29352546	13.29508339	13.30034444	13.30828164	13.31769408	13.32849579	13.34117363	13.35528782	13.36955886	13.38290053	13.39499474	13.40708859	13.41893227	13.43056347	13.44341207	13.45983811	13.48417363	13.52144326	13.57196139	13.62992365	13.70357373	13.75082682	13.77352180	13.79483578	13.82037968	13.82966185	13.82171114	13.80644044	13.80113397	13.80535441	13.81179800	13.81550030	13.81617108	13.81268307	13.80367983	13.78683476	13.76079857	13.72312273	13.64648061	13.58915204	13.55755456	13.53349981	13.51036770
	13.31023023	13.31172354	13.30981623	13.30553378	13.30025958	13.29569105	13.29352560	13.29487531	13.29994526	13.30779800	13.31721235	13.32800429	13.34060703	13.35464287	13.36870823	13.38171141	13.39330418	13.40468362	13.41562385	13.42682093	13.43911750	13.45494497	13.47873491	13.51559883	13.56594530	13.62389454	13.69662326	13.74223805	13.76224866	13.78292284	13.80891363	13.81832652	13.81156897	13.79676766	13.79109497	13.79470325	13.80027342	13.80275630	13.80216888	13.79803388	13.78939975	13.77371456	13.74898732	13.71253007	13.63548653	13.58005459	13.54967133	13.52643279	13.50369095
	13.31482458	13.31618391	13.31421272	13.30987050	13.30460063	13.29997229	13.29768799	13.29882938	13.30361431	13.31113348	13.32023932	13.33069240	13.34281941	13.35631591	13.36976320	13.38207412	13.39296901	13.40348490	13.41381373	13.42438181	13.43595901	13.45093571	13.47365686	13.50909707	13.55781205	13.61394667	13.68355132	13.72695210	13.74487074	13.76484440	13.79068957	13.80046588	13.79517726	13.78129476	13.77531045	13.77837618	13.78327843	13.78514726	13.78391200	13.77938038	13.77084003	13.75602535	13.73275083	13.69810768	13.62313597	13.57057599	13.54163739	13.51949982	13.49759815
	13.33085244	13.33215812	13.33008733	13.32553668	13.32004799	13.31518328	13.31266258	13.31361473	13.31827238	13.32582254	13.33501468	13.34560277	13.35787850	13.37151047	13.38511855	13.39746841	13.40828862	13.41869796	13.42882782	13.43886483	13.45014961	13.46483297	13.48723380	13.52252638	13.57144940	13.62828670	13.69908308	13.74149588	13.75814989	13.77816309	13.80546516	13.81720235	13.81537755	13.80377784	13.79709427	13.79884479	13.80237629	13.80270722	13.79973111	13.79367812	13.78420637	13.76927399	13.74647812	13.71246093	13.63907485	13.58495213	13.55557304	13.53343661	13.51161164
	13.36812390	13.36928119	13.36700854	13.36233761	13.35669568	13.35171551	13.34899771	13.34968676	13.35407063	13.36133342	13.37025973	13.38057968	13.39253217	13.40571706	13.41877171	13.43046066	13.44051087	13.44995765	13.45934453	13.46852479	13.47899259	13.49274646	13.51403626	13.54811317	13.59566384	13.65100817	13.71917830	13.75945081	13.77341639	13.79308479	13.82114742	13.83429710	13.83504944	13.82551060	13.81879205	13.81951196	13.82192099	13.82113967	13.81672897	13.80928344	13.79902778	13.78427228	13.76235202	13.72966586	13.65822022	13.60744504	13.57951248	13.55844606	13.53748622
	13.47077951	13.47202552	13.46970323	13.46494487	13.45912575	13.45391925	13.45096569	13.45142318	13.45569302	13.46296964	13.47204357	13.48249978	13.49458475	13.50789632	13.52109931	13.53291377	13.54299631	13.55237220	13.56191766	13.57126839	13.58172555	13.59541180	13.61657145	13.65070042	13.69877507	13.75486841	13.82335307	13.86549496	13.87974475	13.90067460	13.93238298	13.94953021	13.95469835	13.94781316	13.94072030	13.94034186	13.94157748	13.93946286	13.93352722	13.92473742	13.91330642	13.89745652	13.87454905	13.84103552	13.77039691	13.71712685	13.68776527	13.66577037	13.64406697
