	-2786.93369897	-2786.95003771	-2786.96592041	-2786.98011043	-2786.98993202	-2786.99707008	-2787.00117872	-2787.00384882	-2787.00384756	-2786.97966131	-2786.90228704	-2786.75726562	-2786.57040022	-2786.38134840	-2786.19885310	-2786.00356701	2.64259148	2.89699471	3.14864381	3.41639148	3.69922158	3.99380674	4.28616672	4.58765217	4.91892416	5.10276130	5.02127205	4.80943892	4.54542761	4.26302898	3.97842802	3.70699484	3.45508952	3.21912489	2.99235868	-2785.61017841	-2785.77242306	-2785.91468599	-2786.03779114	-2786.14515873	-2786.23978624	-2786.32487981	-2786.40306870	-2786.47600608	-2786.54467761	-2786.60907592	-2786.66822228	-2786.72066317	-2786.76510267
	1.42242214	1.39745496	1.37351545	1.35199577	1.33733523	1.32845460	1.32606122	1.32537692	1.32584352	1.35847532	1.46515457	1.67531030	1.95541204	2.24270630	2.51672896	2.80691360	3.13235399	3.47877006	3.83865067	4.22082675	4.63373334	5.06657659	5.48679297	5.90729411	6.33231359	6.55550169	6.48501422	6.23192262	5.88206406	5.48596789	5.07887058	4.69001814	4.32637947	3.98777012	3.67489276	3.39303803	3.14660603	2.93314979	2.74686967	2.58484436	2.44203962	2.31474261	2.19812219	2.08997993	1.98835993	1.89283332	1.80477711	1.72610814	1.65884697
	1.42789451	1.40029398	1.37347686	1.34888823	1.33099953	1.31861586	1.31270386	1.30842854	1.30527919	1.33312036	1.43443025	1.64478766	1.93413960	2.23386698	2.51831217	2.81985178	3.15999716	3.52452029	3.90235183	4.30579329	4.74762646	5.21406557	5.66625161	6.11726902	6.57204536	6.81047320	6.74167271	6.47980100	6.11041577	5.68955441	5.25684441	4.84731311	4.46833019	4.11823265	3.79517124	3.50389517	3.24802006	3.02482207	2.83043751	2.66078885	2.51080656	2.37609857	2.25226451	2.13760678	2.03009656	1.92890586	1.83525667	1.75103916	1.67839644
	1.40995359	1.38094095	1.35261903	1.32653785	1.30740934	1.29361714	1.28654818	1.28100781	1.27676652	1.30429282	1.40693056	1.62322914	1.92248351	2.23066097	2.52102289	2.83017568	3.18030593	3.55499535	3.94377847	4.36076020	4.82262143	5.31166272	5.78571530	6.25783564	6.73180078	6.97320299	6.89915036	6.62539120	6.23998333	5.80123979	5.35140530	4.92797991	4.53809239	4.17903511	3.84789377	3.54928740	3.28703301	3.05789817	2.85785153	2.68290883	2.52804848	2.38862006	2.26034562	2.14168412	2.03053839	1.92593832	1.82900048	1.74157428	1.66579589
	1.32238795	1.29123506	1.26066795	1.23250136	1.21217835	1.19704621	1.18927762	1.18149673	1.17509326	1.20139853	1.30551130	1.53321189	1.85353850	2.18145335	2.48576361	2.80994278	3.17907299	3.57344122	3.98275800	4.42409546	4.92379327	5.45702968	5.97384217	6.48851036	7.00090024	7.25191542	7.16824667	6.87492003	6.45981082	5.98902797	5.50795446	5.05754004	4.64569845	4.26789224	3.91944058	3.60454193	3.32762310	3.08456445	2.87100494	2.68339740	2.51701108	2.36691609	2.22874822	2.10121036	1.98215679	1.87033743	1.76659995	1.67268162	1.59072579
	1.32846816	1.29653498	1.26507083	1.23609794	1.21545243	1.19927597	1.19031294	1.18089830	1.17375833	1.19991051	1.30504239	1.53747594	1.86438019	2.19565508	2.50125128	2.82865975	3.20264736	3.60157499	4.01617136	4.46485891	4.98000049	5.53109898	6.06427247	6.59511647	7.12135983	7.37391645	7.28490000	6.98696786	6.56187389	6.08036181	5.58843396	5.12951804	4.71276516	4.33192277	3.98078458	3.66304893	3.38328186	3.13681079	2.91909749	2.72704609	2.55628288	2.40194915	2.25976960	2.12864145	2.00659951	1.89214842	1.78594748	1.68959881	1.60529837
	1.47566830	1.44527732	1.41533618	1.38809427	1.36943261	1.35439812	1.34628442	1.33582139	1.32755417	1.34889017	1.44276379	1.66022263	1.97430212	2.29348868	2.58385639	2.89278751	3.24621109	3.62310185	4.01473511	4.43815955	4.92941736	5.45887204	5.97258818	6.48229130	6.98843676	7.23129474	7.14816902	6.86600021	6.46029155	6.00065698	5.53300127	5.09694713	4.70163135	4.34069331	4.00765548	3.70575851	3.43970691	3.20473714	2.99651569	2.81237218	2.64837937	2.50005666	2.36351263	2.23766627	2.12071523	2.01112875	1.90933524	1.81676626	1.73554163
	1.60447872	1.57463933	1.54510508	1.51829594	1.49957196	1.48290566	1.47190739	1.46272800	1.45670497	1.48061997	1.57950042	1.80278715	2.11565741	2.42497988	2.70641167	3.01006596	3.35712089	3.72410072	4.10590679	4.51916844	5.00259541	5.52041823	6.02039734	6.51548624	7.00859845	7.24222407	7.16454995	6.88825015	6.48449623	6.02498449	5.55916601	5.12971129	4.74568479	4.39785775	4.07751812	3.78703793	3.53073448	3.30306560	3.10000018	2.91931559	2.75770699	2.61108758	2.47574659	2.35130948	2.23617650	2.12871301	2.02910577	1.93856971	1.85893038
	1.66144480	1.63199278	1.60271754	1.57614134	1.55749247	1.54044940	1.52897680	1.51933705	1.51309425	1.53579151	1.63279510	1.85516494	2.16802508	2.47583982	2.75480787	3.05516709	3.39743197	3.75755720	4.13190856	4.53622287	5.01027015	5.51656013	6.00546195	6.48927582	6.96796589	7.19735860	7.12543995	6.85872891	6.46261089	6.00748233	5.54626359	5.12330345	4.74778013	4.40929686	4.09788790	3.81514765	3.56522490	3.34219307	3.14236428	2.96377976	2.80354011	2.65791913	2.52325000	2.39949866	2.28527733	2.17883843	2.08024734	1.99059065	1.91147408
	1.81425747	1.78654159	1.75886959	1.73373532	1.71612038	1.69963039	1.68802420	1.67826503	1.67154552	1.69123702	1.78059026	1.99172055	2.29193720	2.58536602	2.84936181	3.13268925	3.45401185	3.79011615	4.13884589	4.51538450	4.95730850	5.42807991	5.88171230	6.33063950	6.77230879	6.98397823	6.92072447	6.67789065	6.31252008	5.88773719	5.45456532	5.05860350	4.70886891	4.39490965	4.10631656	3.84384662	3.61144742	3.40317561	3.21571646	3.04749338	2.89607573	2.75818436	2.63050465	2.51304448	2.40469118	2.30380783	2.21040140	2.12530651	2.04990938
	1.93458362	1.90794765	1.88126804	1.85709925	1.83990199	1.82336305	1.81141268	1.80192016	1.79664058	1.81793526	1.90892138	2.11948043	2.41180718	2.69271987	2.94747491	3.22359619	3.53513542	3.85944308	4.19585675	4.55911066	4.98445670	5.43172042	5.86141103	6.28665625	6.70195447	6.90113638	6.84462302	6.61745665	6.27277179	5.86582372	5.44708462	5.06411261	4.72711187	4.42548890	4.14838916	3.89639899	3.67311765	3.47253362	3.29148589	3.12874903	2.98206779	2.84838173	2.72458917	2.61072847	2.50588375	2.40845506	2.31842025	2.23645482	2.16375047
	1.96323254	1.93687545	1.91041000	1.88645865	1.86924735	1.85256416	1.84024077	1.83048377	1.82518854	1.84637970	1.93773704	2.14939670	2.44139910	2.72039874	2.97402712	3.24941126	3.55904877	3.88043670	4.21350699	4.57274107	4.99329750	5.43326718	5.85456399	6.27258386	6.67973126	6.87403016	6.81988231	6.60174745	6.26711316	5.86642842	5.45169415	5.07188176	4.73780974	4.43904860	4.16459377	3.91503022	3.69377536	3.49476437	3.31484276	3.15302125	3.00704632	2.87392279	2.75062255	2.63719277	2.53274928	2.43573434	2.34610254	2.26447761	2.19197376
	1.95279267	1.92600886	1.89908211	1.87483924	1.85713653	1.83977121	1.82696773	1.81750045	1.81398269	1.83947185	1.93982077	2.16309517	2.46152870	2.74298496	3.00260508	3.28714797	3.60560507	3.93523778	4.27683163	4.64479290	5.07406670	5.51880474	5.94307925	6.36398045	6.77314557	6.96892003	6.91740411	6.69929422	6.36041450	5.95115733	5.52553432	5.13495195	4.79229116	4.48653141	4.20598599	3.95124177	3.72539884	3.52195680	3.33763305	3.17173845	3.02196702	2.88534390	2.75882803	2.64260351	2.53576435	2.43674383	2.34544491	2.26241993	2.18871623
	1.94061167	1.91358828	1.88639024	1.86197431	1.84399087	1.82622262	1.81304638	1.80358646	1.80057114	1.82724991	1.93039855	2.15833079	2.46045296	2.74425688	3.00760886	3.29709604	3.62018466	3.95418665	4.29997883	4.67231928	5.10494909	5.55186906	5.97687141	6.39826780	6.80815362	7.00481011	6.95478846	6.73963670	6.40096588	5.98758159	5.55604669	5.16022125	4.81351910	4.50471549	4.22177651	3.96504347	3.73736809	3.53196582	3.34552450	3.17760016	3.02586049	2.88736002	2.75906563	2.64123581	2.53293432	2.43260235	2.34012808	2.25603126	2.18131976
	1.93925281	1.91201530	1.88459888	1.86014065	1.84183695	1.82363922	1.81020681	1.80127546	1.80002118	1.83051815	1.94116981	2.17763247	2.48303223	2.76776715	3.03598865	3.33266995	3.66186038	4.00137186	4.35216726	4.73001205	5.16634508	5.61293357	6.03609906	6.45704107	6.86452478	7.06265407	7.01631430	6.80281974	6.46191835	6.04357651	5.60331956	5.20006849	4.84855192	4.53637665	4.25106281	3.99289605	3.76369517	3.55662502	3.36791319	3.19770163	3.04369551	2.90298184	2.77256249	2.65285039	2.54292794	2.44117863	2.34749674	2.26235291	2.18669607
	1.95709877	1.92997083	1.90267894	1.87846669	1.86005507	1.84169442	1.82815748	1.81986734	1.82025403	1.85427407	1.97150192	2.21398403	2.51973794	2.80337509	3.07440617	3.37536502	3.70684358	4.04736050	4.39850131	4.77689913	5.21084707	5.65052104	6.06639297	6.48222029	6.88183016	7.07914199	7.03601947	6.82519668	6.48606832	6.06783934	5.62403071	5.21862051	4.86715670	4.55592887	4.27228225	4.01601020	3.78839964	3.58273789	3.39421486	3.22384576	3.06947293	2.92823529	2.79721618	2.67694756	2.56660210	2.46449582	2.37053381	2.28515728	2.20925741
	1.94702168	1.91955164	1.89197808	1.86773486	1.84902422	1.83029422	1.81660465	1.80907097	1.81206938	1.85220343	1.98126455	2.23618927	2.54666061	2.83208650	3.10987219	3.42035078	3.75981459	4.10715537	4.46518450	4.85179273	5.29020284	5.73062761	6.14662118	6.56263659	6.96519409	7.16665185	7.12673985	6.91274229	6.56336918	6.13452666	5.67771240	5.26265162	4.90487574	4.58898666	4.30195763	4.04284157	3.81280897	3.60522457	3.41378270	3.24043931	3.08320862	2.93921329	2.80556594	2.68291822	2.57055700	2.46668524	2.37121857	2.28457078	2.20760899
	1.93794769	1.91040619	1.88279088	1.85865545	1.83977177	1.82085176	1.80695442	1.79973712	1.80365471	1.84644309	1.98142285	2.24349122	2.55755731	2.84563117	3.12898449	3.44590961	3.78969172	4.14025531	4.50131338	4.88995056	5.32830716	5.76563425	6.17851251	6.59010097	6.99037276	7.19099760	7.15269519	6.94095890	6.59139278	6.15864745	5.69621187	5.27686826	4.91811277	4.60198643	4.31566555	4.05725819	3.82761525	3.61979299	3.42750177	3.25276240	3.09399300	2.94834059	2.81299138	2.68867061	2.57477864	2.46946436	2.37260967	2.28463726	2.20638668
	1.92192038	1.89410718	1.86627805	1.84213307	1.82294361	1.80375666	1.78969616	1.78290540	1.78843241	1.83555904	1.97941614	2.25117234	2.56991083	2.86151733	3.15242127	3.47841276	3.82901480	4.18606663	4.55387335	4.94762134	5.38916308	5.82556675	6.23787645	6.64941609	7.04963971	7.25179130	7.21494770	7.00246196	6.64698084	6.20559598	5.73419442	5.30716551	4.94422872	4.62508654	4.33680859	4.07687480	3.84564929	3.63514121	3.44118588	3.26386270	3.10252759	2.95433255	2.81649769	2.68986334	2.57392651	2.46681910	2.36830658	2.27883173	2.19919910
	1.90186326	1.87382853	1.84581422	1.82164151	1.80216431	1.78277611	1.76852177	1.76188135	1.76837661	1.81853190	1.96917288	2.24901613	2.57217591	2.86753644	3.16572391	3.50002227	3.85681132	4.21975377	4.59349288	4.99186033	5.43501014	5.87005372	6.28089397	6.69258981	7.09043872	7.29198461	7.25549648	7.04345262	6.68528249	6.23832073	5.76102446	5.32878917	4.96268182	4.64172848	4.35202492	4.09113202	3.85832213	3.64523721	3.44994399	3.27027833	3.10655889	2.95598426	2.81580968	2.68695870	2.56900730	2.46012274	2.35992654	2.26887877	2.18776487
	1.88065721	1.85218660	1.82384894	1.79958079	1.77965095	1.75990832	1.74537249	1.73968419	1.74941691	1.80699031	1.97058986	2.26179520	2.58887517	2.88823570	3.19612075	3.54164248	3.90699880	4.27982826	4.66249328	5.06886547	5.51592796	5.95084882	6.36210971	6.77679078	7.17761051	7.38076511	7.34316852	7.12937049	6.76391571	6.30519166	5.81658999	5.37520741	5.00235752	4.67650344	4.38237842	4.11743222	3.88078490	3.66326557	3.46447424	3.28104708	3.11369504	2.95967542	2.81624304	2.68451769	2.56415274	2.45329422	2.35140214	2.25889160	2.17653554
	1.90215965	1.87386580	1.84583132	1.82196750	1.80200440	1.78235148	1.76789619	1.76325801	1.77590995	1.83964728	2.01270475	2.30911241	2.63433379	2.93344616	3.24628392	3.59651347	3.96341683	4.33895302	4.72210068	5.12698345	5.56775024	5.99264100	6.39576651	6.80075185	7.19656491	7.39445073	7.35750713	7.14725694	6.78324376	6.32473869	5.83590913	5.39588741	5.02448369	4.70025375	4.40805417	4.14457623	3.90913145	3.69158056	3.49251735	3.30908127	3.14127364	2.98673174	2.84272816	2.71057856	2.59001317	2.47917459	2.37745217	2.28512940	2.20296533
	1.93584773	1.90783499	1.88025477	1.85693258	1.83704951	1.81762470	1.80334804	1.79998118	1.81615884	1.88709428	2.07061004	2.37160023	2.69329638	2.99105739	3.30804180	3.66147054	4.02880184	4.40538552	4.78778470	5.18941368	5.62144001	6.03380770	6.42846923	6.81943590	7.20979335	7.40277435	7.36661170	7.16046198	6.79788938	6.34119207	5.85413018	5.41778179	5.04890852	4.72703161	4.43746747	4.17627892	3.94238380	3.72555861	3.52610754	3.34362564	3.17592436	3.02139832	2.87733323	2.74526884	2.62497690	2.51459425	2.41350507	2.32180338	2.24024649
	1.96084596	1.93314792	1.90598300	1.88307723	1.86333752	1.84412271	1.82986234	1.82660752	1.84337171	1.91599624	2.10242222	2.40363977	2.72223289	3.01904772	3.33803892	3.69219880	4.05852732	4.43372931	4.81350197	5.21008538	5.63223761	6.03409491	6.41862762	6.79862917	7.17778697	7.36516050	7.33099840	7.13076834	6.77554103	6.32694148	5.84621811	5.41705030	5.05308039	4.73623105	4.45087308	4.19328989	3.96230237	3.74754159	3.54795177	3.36744829	3.20054723	3.04658004	2.90292947	2.77120849	2.65124394	2.54119775	2.44046439	2.34902794	2.26760864
	1.93535642	1.90711916	1.87964500	1.85651230	1.83628039	1.81668869	1.80201630	1.79980354	1.82062935	1.90254178	2.10358964	2.41507438	2.73779028	3.04185755	3.37306882	3.73890578	4.11469848	4.49991211	4.88811699	5.28956113	5.71367795	6.11433481	6.50209687	6.88169411	7.26111306	7.45006266	7.41765621	7.21664746	6.85608656	6.39790732	5.90721405	5.47036064	5.09852260	4.77552065	4.48503206	4.22215444	3.98579676	3.76594998	3.56063063	3.37591334	3.20487293	3.04691650	2.89956007	2.76466127	2.64211005	2.52996621	2.42755785	2.33475370	2.25219512
	1.95758614	1.92949824	1.90237020	1.87951832	1.85923471	1.83959891	1.82477518	1.82300159	1.84576585	1.93285704	2.14192066	2.45659883	2.77824786	3.08493984	3.42247252	3.79292719	4.16989069	4.55646890	4.94376817	5.34045625	5.75605940	6.14356464	6.52494406	6.89420301	7.26296545	7.44802231	7.41881299	7.22483753	6.87161756	6.41635791	5.92959733	5.49519984	5.12498717	4.80314651	4.51472625	4.25375502	4.01763023	3.79706052	3.59101368	3.40529072	3.23398579	3.07529506	2.92719639	2.79172537	2.66885753	2.55661272	2.45427358	2.36160821	2.27911969
	2.00959793	1.98202709	1.95558402	1.93326774	1.91325325	1.89387776	1.87914729	1.87807324	1.90324499	1.99562714	2.21053543	2.52415281	2.84013415	3.14478350	3.48231098	3.85086184	4.22358624	4.60536296	4.98592500	5.37249716	5.77231922	6.14538666	6.51298180	6.86799199	7.22197546	7.40075877	7.37440056	7.18892520	6.84647440	6.40019630	5.92368481	5.49660447	5.13366482	4.81744937	4.53388833	4.27798952	4.04570709	3.82784962	3.62408040	3.43992061	3.27119265	3.11429342	2.96781080	2.83395740	2.71279161	2.60229265	2.50170753	2.41073379	2.32977995
	2.05095180	2.02368572	1.99771763	1.97572552	1.95582568	1.93655495	1.92169763	1.92147809	1.94980583	2.04887405	2.27111676	2.58473948	2.89626830	3.20029813	3.53863086	3.90663728	4.27621018	4.65495795	5.03006631	5.40924489	5.79848572	6.16114953	6.51798509	6.86239827	7.20536908	7.38037290	7.35738557	7.17851423	6.84527268	6.40540043	5.93490184	5.51174093	5.15217035	4.83910782	4.55772830	4.30326062	4.07315791	3.85605912	3.65336805	3.46925518	3.30216072	3.14615260	3.00049046	2.86764234	2.74772132	2.63861680	2.53949409	2.44997051	2.37043142
	2.11455500	2.08797165	2.06278762	2.04135561	2.02174661	2.00265851	1.98780072	1.98780798	2.01717079	2.11901206	2.34261399	2.65031958	2.95353874	3.25325939	3.58788727	3.94962611	4.31077237	4.68074079	5.04430217	5.41134679	5.78209673	6.13018781	6.47043504	6.79903047	7.12454404	7.29289511	7.27515070	7.10788552	6.79246967	6.36838559	5.91194481	5.50099345	5.15000442	4.84435640	4.57007814	4.32094640	4.09597942	3.88378230	3.68505897	3.50357813	3.34040984	3.18750954	3.04463223	2.91446967	2.79720720	2.69071590	2.59407736	2.50684185	2.42937043
	2.17290164	2.14686385	2.12234566	2.10131098	2.08189128	2.06294762	2.04810892	2.04899037	2.08176372	2.19083203	2.42024981	2.72409772	3.01990308	3.31639840	3.64760629	4.00339239	4.35506720	4.71646297	5.06904253	5.42207224	5.77390392	6.10841256	6.43267157	6.74668695	7.05578658	7.21945277	7.20727198	7.05139475	6.75223116	6.34186374	5.89604899	5.49501866	5.15046382	4.84966922	4.58073089	4.33622783	4.11455276	3.90627352	3.71090836	3.53231091	3.37179312	3.22173593	3.08144416	2.95388007	2.83934561	2.73566289	2.64175982	2.55715908	2.48216057
	2.19701849	2.17114698	2.14686325	2.12584898	2.10629376	2.08720993	2.07219967	2.07353568	2.10837887	2.22241635	2.45646282	2.76000393	3.05420926	3.35153572	3.68315937	4.03751037	4.38579683	4.74307168	5.09196566	5.43833222	5.77949522	6.10494499	6.41989544	6.72558560	7.02504375	7.18636680	7.17893459	7.03209527	6.74227351	6.34002409	5.89797107	5.50083977	5.15800698	4.85905421	4.59047707	4.34764290	4.12652342	3.91947502	3.72446086	3.54638408	3.38626851	3.23702673	3.09743131	2.97067368	2.85715995	2.75464870	2.66193554	2.57850849	2.50461512
	2.18708291	2.16102498	2.13657326	2.11525575	2.09534477	2.07592651	2.06060637	2.06221478	2.09886140	2.21763993	2.45763440	2.76466176	3.06136178	3.36231657	3.69748363	4.05391850	4.40370048	4.76182988	5.11065125	5.45735886	5.79534737	6.11796688	6.43019978	6.73469476	7.03284031	7.19210275	7.18861315	7.04691687	6.76103390	6.36029910	5.91725285	5.51730311	5.17182206	4.87057370	4.59943701	4.35426330	4.13090547	3.92212030	3.72509161	3.54528595	3.38353968	3.23302203	3.09227324	2.96458789	2.85044852	2.74754702	2.65458901	2.57101409	2.49703950
	2.16733081	2.14100632	2.11621351	2.09433422	2.07380744	2.05383015	2.03805015	2.03961733	2.07747014	2.20072276	2.44687240	2.75756975	3.05741789	3.36230401	3.70057720	4.05835517	4.40863823	4.76675114	5.11374598	5.45861580	5.79245209	6.10967973	6.41700344	6.72049611	7.01161197	7.17020484	7.17439474	7.04284531	6.76575132	6.36938391	5.92853980	5.52555051	5.17799407	4.87482289	4.60176392	4.35349848	4.12806390	3.91711804	3.71788694	3.53612044	3.37235428	3.22025419	3.07814192	2.94931151	2.83437893	2.73096852	2.63768467	2.55389035	2.47975796
	2.15594960	2.12924115	2.10410658	2.08186313	2.06109444	2.04104142	2.02520737	2.02795426	2.07069405	2.20341952	2.45897827	2.77437535	3.07676293	3.38531640	3.72703589	4.08673630	4.43849413	4.79880535	5.14717148	5.49435358	5.82995993	6.14818999	6.45692977	6.76469444	7.05620147	7.21586623	7.22204136	7.09022067	6.81014918	6.40941562	5.96395430	5.55392755	5.20074618	4.89253311	4.61494223	4.36244489	4.13347203	3.91891976	3.71701050	3.53317871	3.36732875	3.21332442	3.06974409	2.93981035	2.82418661	2.72040907	2.62700950	2.54336161	2.46959923
	2.14131570	2.11438171	2.08899292	2.06640848	2.04531372	2.02500006	2.00899215	2.01201704	2.05635017	2.19289571	2.45282043	2.77096343	3.07552706	3.38660727	3.73029193	4.09140244	4.44401448	4.80525499	5.15344931	5.50027720	5.83549317	6.15227757	6.45982876	6.76825300	7.05687611	7.21762604	7.22711944	7.09895708	6.82199455	6.42111593	5.97515670	5.56207018	5.20660605	4.89629888	4.61705337	4.36200626	4.13138042	3.91493482	3.71138900	3.52618274	3.35888415	3.20371997	3.05914002	2.92837955	2.81216778	2.70798985	2.61432324	2.53051558	2.45667288
	2.11328793	2.08603461	2.06014330	2.03683281	2.01492628	1.99384937	1.97713506	1.97955420	2.02318398	2.16104057	2.42397478	2.74350240	3.05006889	3.36331341	3.70695392	4.06698240	4.41767361	4.77746212	5.12407637	5.46690809	5.79726255	6.10769533	6.40972632	6.71864908	6.99415620	7.15745533	7.17680055	7.06228269	6.79717584	6.40488323	5.96428332	5.55052023	5.19469562	4.88430940	4.60346204	4.34663472	4.11455245	3.89646311	3.69086848	3.50465686	3.33531559	3.17883326	3.03326187	2.90165628	2.78487573	2.68036672	2.58651194	2.50259144	2.42866983
	2.09414165	2.06654216	2.04023919	2.01640821	1.99398988	1.97255446	1.95566336	1.95870685	2.00522444	2.14942973	2.41807277	2.74013390	3.04905249	3.36511286	3.71004577	4.07010831	4.42023542	4.78016230	5.12688871	5.46970214	5.79718141	6.10533505	6.40544771	6.71480383	6.98476959	7.15179072	7.17754531	7.06992790	6.80820892	6.41724901	5.97586289	5.55831241	5.19908995	4.88635423	4.60160009	4.34230347	4.10710606	3.88669665	3.67896300	3.49137385	3.32005256	3.16211461	3.01542261	2.88297458	2.76569999	2.66099442	2.56713809	2.48340678	2.40980665
	2.08135037	2.05340718	2.02673722	2.00247988	1.97969428	1.95804113	1.94105392	1.94489319	1.99508291	2.14679010	2.42189642	2.74703084	3.05849764	3.37734959	3.72452240	4.08505187	4.43536556	4.79604755	5.14280098	5.48651643	5.81226019	6.11958045	6.41892465	6.72941112	6.99772552	7.16628498	7.19647454	7.09300691	6.83225843	6.44062338	5.99686310	5.57514537	5.21186777	4.89572461	4.60689057	4.34465790	4.10644726	3.88318998	3.67349603	3.48411161	3.31097366	3.15158619	3.00375832	2.87047746	2.75270585	2.64779915	2.55395088	2.47044664	2.39723672
	2.09212463	2.06421155	2.03745046	2.01298646	1.98999146	1.96822573	1.95126986	1.95556946	2.00732633	2.16218047	2.43855313	2.76209078	3.07233009	3.38973034	3.73316074	4.08893751	4.43393562	4.78969907	5.13017494	5.46750210	5.78816134	6.08657633	6.37899505	6.68099356	6.94605236	7.11225766	7.14682729	7.05134817	6.80201012	6.42069376	5.98376663	5.56582094	5.20452104	4.88997239	4.60135288	4.34003312	4.10258918	3.87933478	3.67095270	3.48204685	3.30939391	3.15067727	3.00366025	2.87123004	2.75438227	2.65052508	2.55779330	2.47545571	2.40341513
	2.10258190	2.07466427	2.04780236	2.02315028	1.99998510	1.97816258	1.96131613	1.96620952	2.01991453	2.17837397	2.45623274	2.77853815	3.08776490	3.40399053	3.74457637	4.09609591	4.43672580	4.78817111	5.12428526	5.45630822	5.77118193	6.06327730	6.35010573	6.64688474	6.90798399	7.07275244	7.11169166	7.02340207	6.78266423	6.40919959	5.97747537	5.56227528	5.20244053	4.88820336	4.59954870	4.33878098	4.10134277	3.87785161	3.67033904	3.48156868	3.30927825	3.15105456	3.00466109	2.87290675	2.75680102	2.65379260	2.56198229	2.48062554	2.40958655
	2.08618385	2.05817446	2.03102691	2.00593007	1.98225899	1.95996625	1.94276048	1.94755229	2.00107048	2.15996518	2.43761036	2.75810436	3.06654956	3.38179618	3.71901936	4.06626967	4.40238802	4.74885142	5.07931942	5.40568143	5.71632176	5.99836556	6.27796760	6.56662913	6.82435164	6.98481768	7.02898850	6.95079614	6.72572844	6.36746380	5.94454151	5.53328726	5.17608532	4.86141896	4.57335264	4.31380063	4.07625639	3.85280086	3.64608775	3.45723093	3.28507595	3.12710073	2.98106306	2.84967117	2.73396403	2.63147197	2.54023326	2.45945261	2.38895760
	2.08979231	2.06159087	2.03421335	2.00882132	1.98496827	1.96274922	1.94591802	1.95245878	2.01170171	2.17962424	2.46221375	2.78323305	3.09163769	3.40699005	3.74273077	4.08686173	4.41997023	4.76338974	5.09101087	5.41406316	5.72116823	5.99957340	6.27590574	6.56202206	6.81805924	6.97807496	7.02616712	6.95275028	6.73209310	6.37654931	5.95441778	5.54143808	5.18259186	4.86454760	4.57440813	4.31375491	4.07392427	3.84923389	3.64198192	3.45252887	3.28005053	3.12190230	2.97591797	2.84482193	2.72966824	2.62795751	2.53767952	2.45804602	2.38882813
	2.07608749	2.04745441	2.01965765	1.99383294	1.96969503	1.94745676	1.93090748	1.93925490	2.00479526	2.18291726	2.47250390	2.79705667	3.10825498	3.42647313	3.76468337	4.10969194	4.44394321	4.78921421	5.11829810	5.44234887	5.74946054	6.02982324	6.30733642	6.59507622	6.85379023	7.01660188	7.06744046	6.99584837	6.77385812	6.41329596	5.98537948	5.56606363	5.20172293	4.87735690	4.58257442	4.31801552	4.07385378	3.84602035	3.63600802	3.44434407	3.26998592	3.11019794	2.96287570	2.83083228	2.71512960	2.61318482	2.52293096	2.44359672	2.37490087
	2.04788964	2.01893802	1.99073978	1.96443861	1.93981321	1.91716026	1.90036214	1.90903956	1.97600315	2.15696307	2.44888304	2.77514029	3.08848246	3.40866750	3.74772988	4.09305239	4.42744834	4.77271510	5.10164902	5.42498670	5.73242683	6.01035111	6.28636827	6.57200284	6.83245097	6.99513589	7.04829186	6.98007319	6.76320300	6.40592350	5.97882357	5.55757737	5.19141970	4.86395495	4.56759739	4.30093029	4.05477204	3.82569571	3.61412607	3.42118004	3.24565530	3.08482774	2.93662237	2.80383201	2.68754735	2.58519349	2.49466755	2.41517181	2.34640144
	2.03546192	2.00619129	1.97765256	1.95098545	1.92606630	1.90332128	1.88676811	1.89678879	1.96799048	2.15575883	2.45215435	2.78088614	3.09639381	3.41858611	3.75864864	4.10390532	4.43824335	4.78344195	5.11221336	5.43528150	5.74171116	6.01896162	6.29418838	6.57940328	6.84131463	7.00411069	7.05801300	6.99123584	6.77623848	6.41959221	5.99099590	5.56630224	5.19693784	4.86577874	4.56709845	4.29756137	4.04902942	3.81801571	3.60473796	3.41048039	3.23383071	3.07203315	2.92305547	2.78970845	2.67309767	2.57063640	2.48020039	2.40099233	2.33267219
	2.00177430	1.97181746	1.94248033	1.91492227	1.88919304	1.86604086	1.84987963	1.86237961	1.94102722	2.14039603	2.44378089	2.77658914	3.09651392	3.42301821	3.76400463	4.10862675	4.44315989	4.78803150	5.11691523	5.43898378	5.74164036	6.01501097	6.28723532	6.56699949	6.83253723	6.99458310	7.05623661	6.99835510	6.79049300	6.43618707	6.00630252	5.57629467	5.20065873	4.86162967	4.55844958	4.28321219	4.02990812	3.79484834	3.57785270	3.38073607	3.20162659	3.03773079	2.88705373	2.75241957	2.63498240	2.53214396	2.44172965	2.36291065	2.29526576
	1.99583540	1.96554729	1.93588899	1.90801807	1.88210790	1.85910258	1.84365927	1.85856920	1.94354680	2.15159902	2.46011882	2.79575312	3.11773471	3.44645172	3.78841080	4.13279431	4.46752466	4.81231241	5.14129762	5.46336561	5.76637730	6.03956621	6.31176867	6.59232053	6.85917526	7.02167067	7.08453583	7.02767780	6.81987777	6.46374903	6.03081329	5.59602862	5.21598817	4.87246387	4.56616540	4.28729647	4.03096912	3.79334904	3.57438871	3.37576086	3.19540727	3.03047538	2.87899309	2.74382597	2.62614546	2.52331118	2.43315244	2.35483106	2.28788246
	1.99746654	1.96708042	1.93722132	1.90905422	1.88289231	1.85988223	1.84495684	1.86162401	1.95079547	2.16339763	2.47248452	2.80709700	3.12835907	3.45583548	3.79397635	4.13343085	4.46402814	4.80304275	5.12703985	5.44315915	5.74118856	6.00712475	6.27276663	6.54828969	6.81331858	6.97202831	7.03689758	6.98656533	6.78791016	6.44193407	6.01579376	5.58520538	5.20490002	4.86045713	4.55468805	4.27532908	4.01908298	3.78123092	3.56252290	3.36431316	3.18441874	3.01998120	2.86910896	2.73462072	2.61766036	2.51563393	2.42641540	2.34912469	2.28327284
	2.01116731	1.98083622	1.95094065	1.92264754	1.89641147	1.87360350	1.85943301	1.87793926	1.97085659	2.18636329	2.49381637	2.82542682	3.14415184	3.46848740	3.80142731	4.13439126	4.45870873	4.79125337	5.10828091	5.41693766	5.70857664	5.96721097	6.22549550	6.49418145	6.75600066	6.91071162	6.97683819	6.93206952	6.74217232	6.40709180	5.98957918	5.56489102	5.18682131	4.84397235	4.54034368	4.26225725	4.00754421	3.77085976	3.55376295	3.35720731	3.17888339	3.01596900	2.86663701	2.73362047	2.61807316	2.51745893	2.42969187	2.35387628	2.28948132
	2.02330190	1.99305146	1.96312402	1.93468568	1.90833194	1.88565541	1.87215783	1.89230419	1.98842733	2.20599749	2.51095478	2.83871644	3.15437511	3.47475638	3.80161770	4.12729116	4.44431788	4.76993615	5.07931912	5.37937062	5.66304339	5.91366111	6.16338453	6.42429236	6.68291814	6.83242107	6.89997701	6.86134826	6.68180435	6.36017424	5.95255746	5.53593179	5.16065427	4.82038562	4.51959822	4.24337008	3.99073907	3.75572184	3.54070712	3.34619939	3.16977861	3.00867633	2.86114125	2.72980287	2.61582765	2.51674944	2.43052299	2.35624576	2.29333728
	2.02362868	1.99329651	1.96330226	1.93481428	1.90845957	1.88589035	1.87268893	1.89361678	1.99155552	2.21118322	2.51730620	2.84583633	3.16202031	3.48293682	3.81036379	4.13630077	4.45366244	4.77987303	5.09003109	5.39057935	5.67471541	5.92579584	6.17620541	6.43742177	6.69752714	6.84735622	6.91570523	6.87686166	6.69638906	6.37234455	5.96291901	5.54484973	5.16819014	4.82668284	4.52473489	4.24758906	3.99394958	3.75817388	3.54257408	3.34761760	3.17083683	3.00943610	2.86165119	2.73012091	2.61601305	2.51687243	2.43064862	2.35643921	2.29364402
	2.04261356	2.01227675	1.98219035	1.95352605	1.92714591	1.90512942	1.89363542	1.91873733	2.02482502	2.25062395	2.55558941	2.88065003	3.19363134	3.51053797	3.83134279	4.14857731	4.45764173	4.77532039	5.07819579	5.36964504	5.64500500	5.88794071	6.12947845	6.38092505	6.63926163	6.78418086	6.85559997	6.82304094	6.65260702	6.33983626	5.93896048	5.52808783	5.15203075	4.81204506	4.51070851	4.23479088	3.98153465	3.74676178	3.53281964	3.33973393	3.16481859	3.00524915	2.85932945	2.72958598	2.61717508	2.51980758	2.43549351	2.36330567	2.30254402
	2.04933834	2.01905022	1.98894084	1.96018224	1.93374003	1.91190303	1.90110289	1.92790603	2.03701588	2.26440301	2.56759119	2.89000059	3.20078045	3.51489126	3.83124743	4.14312571	4.44737518	4.75939279	5.05715150	5.34276294	5.61264426	5.85008703	6.08578547	6.33158646	6.58612067	6.72981756	6.80184791	6.77267799	6.61043376	6.30755818	5.91327917	5.50769525	5.13331471	4.79564745	4.49518363	4.22093313	3.96865234	3.73514370	3.52263362	3.33097015	3.15738384	2.99905971	2.85435821	2.72572188	2.61428571	2.51787604	2.43454382	2.36334065	2.30353332
	2.07879113	2.04858088	2.01847208	1.98966598	1.96336352	1.94230563	1.93355792	1.96478116	2.08140414	2.31257829	2.61279037	2.93056765	3.23703404	3.54652491	3.85565321	4.15950282	4.45497595	4.76048934	5.05066449	5.32876129	5.59117752	5.82018209	6.04848390	6.28786439	6.53870551	6.68048603	6.75575656	6.73349991	6.57888402	6.28443832	5.89812302	5.49893799	5.12622466	4.79100869	4.49113014	4.21842712	3.96722655	3.73512380	3.52442778	3.33472116	3.16308648	3.00669144	2.86394166	2.73714897	2.62740243	2.53265202	2.45105555	2.38161181	2.32351329
	2.09908738	2.06902180	2.03891647	2.01001142	1.98376450	1.96339991	1.95664721	1.99199761	2.11450822	2.34652242	2.64117440	2.95262989	3.25423839	3.55715548	3.85672004	4.14990880	4.43522855	4.72997425	5.00966096	5.27589517	5.52654271	5.74742598	5.96328475	6.19225249	6.43053801	6.56986690	6.64733169	6.63294283	6.49154230	6.21387452	5.84398084	5.45675288	5.08900729	4.75914377	4.46184991	4.19279231	3.94464509	3.71568668	3.50833629	3.32188395	3.15326840	2.99972643	2.85973138	2.73539269	2.62771343	2.53489018	2.45526180	2.38775312	2.33146690
	2.11120812	2.08106753	2.05082192	2.02176786	1.99556060	1.97583226	1.97088062	2.01008466	2.13843057	2.37288681	2.66608243	2.97564815	3.27592357	3.57652244	3.87204187	4.16080393	4.44113100	4.73175344	5.00706916	5.26732487	5.51449299	5.73033931	5.94128940	6.16604739	6.40091058	6.54123278	6.61853241	6.60748821	6.47236572	6.20289423	5.83773111	5.45400651	5.08676231	4.75729330	4.45957592	4.19072826	3.94261094	3.71384084	3.50695930	3.32112403	3.15316066	3.00031366	2.86106268	2.73740179	2.63026286	2.53800270	2.45907340	2.39235686	2.33688694
	2.12581924	2.09560282	2.06518438	2.03592403	2.00978500	1.99100829	1.98870205	2.03332526	2.16878506	2.40477139	2.69424003	2.99929523	3.29697787	3.59293781	3.88159554	4.16318464	4.43656047	4.72021562	4.98806369	5.24113887	5.48150035	5.69004545	5.89373393	6.11155467	6.33748558	6.47772276	6.55735171	6.55374774	6.42857793	6.16841916	5.81542202	5.43938246	5.07458214	4.74688022	4.44969626	4.18152678	3.93409623	3.70614791	3.50041415	3.31587840	3.14920575	2.99768212	2.85977208	2.73733378	2.63116791	2.53983380	2.46193654	2.39631850	2.34193632
	2.13452792	2.10437514	2.07391908	2.04454841	2.01841469	2.00009078	1.99916183	2.04637152	2.18431106	2.41887319	2.70404736	3.00473985	3.29934804	3.59113580	3.87429160	4.14935503	4.41713625	4.69354191	4.95529288	5.20086855	5.43446506	5.63865996	5.83449116	6.04537341	6.26340063	6.40467975	6.48288119	6.48346146	6.36912862	6.12208614	5.77932677	5.41186400	5.05131604	4.72708758	4.43218695	4.16605986	3.92055716	3.69446859	3.49057817	3.30778355	3.14269995	2.99267310	2.85617369	2.73494291	2.62968474	2.53911798	2.46196097	2.39704110	2.34329053
	2.12957787	2.09894538	2.06797945	2.03817907	2.01207502	1.99492080	1.99712769	2.05057938	2.19682111	2.43507119	2.71997249	3.01997418	3.31565732	3.60683232	3.88822479	4.16101905	4.42650350	4.70123737	4.96155529	5.20429528	5.43615201	5.63976622	5.83211793	6.04103244	6.25599495	6.40160942	6.48325587	6.48879778	6.37901584	6.13432709	5.79094684	5.42330110	5.06032751	4.73338005	4.43528628	4.16626615	3.91814955	3.68985718	3.48435899	3.30038830	3.13437318	2.98365307	2.84663821	2.72500641	2.61937174	2.52859409	2.45146162	2.38676312	2.33336369
	2.11585692	2.08500203	2.05370693	2.02354666	1.99734351	1.98085698	1.98518894	2.04272601	2.19292666	2.43047702	2.71192505	3.00903306	3.30327955	3.59182078	3.86840585	4.13657266	4.39729172	4.66677631	4.92085481	5.15836379	5.38329466	5.58348644	5.76976720	5.97044728	6.17464303	6.32148258	6.40398119	6.41600531	6.31586031	6.08217421	5.75171492	5.39265245	5.03305005	4.70775502	4.41007133	4.14145184	3.89381281	3.66602497	3.46106458	3.27763020	3.11207597	2.96178685	2.82518059	2.70385424	2.59827516	2.50749451	2.43041668	2.36583171	2.31256394
	2.12044066	2.08974517	2.05847009	2.02821467	2.00192717	1.98568096	1.99103410	2.05016088	2.20049570	2.43386452	2.70878584	3.00013541	3.29014451	3.57380674	3.84409564	4.10590593	4.35940829	4.62185955	4.86965891	5.09908120	5.31476598	5.51008304	5.69043056	5.88102308	6.07506662	6.22564683	6.30679519	6.32235849	6.23348283	6.01789668	5.69856985	5.35020599	4.99987589	4.67896907	4.38530140	4.12023164	3.87580908	3.65092052	3.44839840	3.26704315	3.10325898	2.95451973	2.81933447	2.69919149	2.59438422	2.50409416	2.42737065	2.36303074	2.30990924
	2.12935312	2.09850460	2.06709386	2.03680693	2.01082932	1.99562543	2.00316477	2.06612427	2.22057008	2.45483039	2.72862856	3.01827813	3.30768681	3.58953332	3.85809492	4.11834396	4.37074978	4.63103769	4.87817509	5.10591088	5.32068302	5.51474150	5.69484127	5.88447610	6.07725842	6.22884453	6.31048341	6.32750767	6.24074809	6.02733642	5.70993366	5.36123904	5.01031328	4.68826085	4.39347344	4.12757077	3.88236830	3.65686796	3.45395691	3.27238638	3.10849941	2.95975400	2.82463808	2.70459347	2.59986953	2.50969937	2.43316250	2.36905755	2.31619881
	2.13510185	2.10408381	2.07247573	2.04207276	2.01637269	2.00235073	2.01253077	2.07973894	2.23789660	2.47159808	2.74250725	3.02922772	3.31687417	3.59573777	3.86148088	4.11787010	4.36670186	4.62415986	4.86749916	5.09121245	5.30223360	5.49387046	5.67041308	5.85739853	6.04460358	6.19580442	6.28028620	6.30038742	6.21828197	6.00874133	5.69767446	5.35418000	5.00699133	4.68505425	4.39064488	4.12502690	3.88005264	3.65483196	3.45229172	3.27113493	3.10765791	2.95931356	2.82463855	2.70493158	2.60037946	2.51031994	2.43391189	2.36996222	2.31725927
	2.12931635	2.09781115	2.06572118	2.03505316	2.00977560	1.99761579	2.01187934	2.08594185	2.25068469	2.48597886	2.75592928	3.04150763	3.32896653	3.60642821	3.87072793	4.12445576	4.37187327	4.62795496	4.86836247	5.09078645	5.29925801	5.48998024	5.66492115	5.85100743	6.03589334	6.18945303	6.27506270	6.29672899	6.21849944	6.01423603	5.70634712	5.36395527	5.01709392	4.69196942	4.39489797	4.12690468	3.87972307	3.65263195	3.44863416	3.26631966	3.10190323	2.95280121	2.81755036	2.69729186	2.59214879	2.50155597	2.42475476	2.36055249	2.30768170
	2.12681988	2.09535658	2.06319324	2.03239878	2.00710049	1.99539762	2.01106314	2.08700607	2.25151831	2.48267769	2.74696466	3.02767844	3.31114971	3.58454384	3.84356714	4.09224121	4.33364167	4.58369358	4.81766449	5.03316961	5.23440072	5.42065975	5.59004107	5.76855982	5.94485841	6.09773609	6.18404070	6.20943928	6.14167717	5.95266273	5.65949396	5.32828741	4.99013780	4.66846940	4.37409828	4.10831388	3.86325302	3.63813183	3.43576539	3.25477248	3.09144838	2.94328902	2.80892672	2.68930573	2.58439263	2.49373003	2.41670983	2.35220449	2.29894906
	2.13806893	2.10656898	2.07437016	2.04364538	2.01873492	2.00808523	2.02578917	2.10468994	2.27097882	2.50052515	2.76161696	3.03912179	3.32007712	3.59042605	3.84643710	4.09214604	4.33084865	4.57773367	4.80836442	5.02094492	5.21966469	5.40380182	5.57053527	5.74761398	5.92131803	6.07289197	6.16008217	6.18736275	6.12330068	5.93984905	5.65195562	5.32452736	4.98952234	4.66888464	4.37522956	4.11006166	3.86563300	3.64122420	3.43959759	3.25930264	3.09663820	2.94913320	2.81541378	2.69632340	2.59176972	2.50134047	2.42449514	2.36012130	2.30695432
	2.15180440	2.12022005	2.08795356	2.05736841	2.03316959	2.02435167	2.04546773	2.12905862	2.29744124	2.52386363	2.77959810	3.05185397	3.32873802	3.59411399	3.84485501	4.08595528	4.32004942	4.56230156	4.78842180	4.99536644	5.19009972	5.37026092	5.53379904	5.70665729	5.87643379	6.02519321	6.11346942	6.14472178	6.08682902	5.91225536	5.63489767	5.31455339	4.98478432	4.66606412	4.37359480	4.10940380	3.86600613	3.64273957	3.44227786	3.26305485	3.10138719	2.95487432	2.82212465	2.70381023	2.59975248	2.50960075	2.43292968	2.36865495	2.31550973
	2.15361375	2.12211484	2.08985871	2.05922707	2.03499761	2.02634683	2.04803169	2.13216859	2.29951808	2.52234105	2.77339873	3.04160761	3.31540962	3.57745731	3.82458432	4.06237343	4.29249795	4.53080757	4.75277011	4.95636051	5.14676739	5.32207848	5.48270250	5.65186084	5.81769177	5.96257100	6.05295377	6.08764996	6.03576149	5.86935576	5.60137530	5.28873560	4.96494804	4.64964094	4.35954729	4.09738082	3.85594976	3.63452033	3.43561097	3.25767237	3.09707384	2.95150867	2.81961047	2.70194488	2.59825158	2.50822529	2.43153214	2.36714665	2.31380858
	2.14965994	2.11832439	2.08613955	2.05546697	2.03109308	2.02227950	2.04393704	2.12769583	2.29316056	2.51205575	2.75829089	3.02244476	3.29266818	3.55138058	3.79451466	4.02833237	4.25431024	4.48802724	4.70567545	4.90497679	5.08997047	5.26116279	5.41723366	5.58245714	5.74302355	5.88324276	5.97432621	6.01215316	5.96631323	5.80870644	5.55249696	5.24894903	4.93208711	4.62145254	4.33473707	4.07551033	3.83683851	3.61796648	3.42122544	3.24506896	3.08594326	2.94165230	2.81086081	2.69404950	2.59088302	2.50109667	2.42444842	2.35998920	2.30647579
	2.15228030	2.12076257	2.08843146	2.05783265	2.03410734	2.02700065	2.05179291	2.13975885	2.30692266	2.52314498	2.76522334	3.02553541	3.29315020	3.54809494	3.78882319	4.01952396	4.24215743	4.47309921	4.68852582	4.88473831	5.06640148	5.23572692	5.38930165	5.55260587	5.71141429	5.84815832	5.94210412	5.98281310	5.94174836	5.79028761	5.54010515	5.24182200	4.92847519	4.61902523	4.33227898	4.07299654	3.83438517	3.61582772	3.41950923	3.24372655	3.08494163	2.94103377	2.81060632	2.69401707	2.59086693	2.50094650	2.42409455	2.35941477	2.30564125
	2.15495462	2.12320118	2.09071002	2.06023446	2.03726866	2.03203975	2.06015911	2.15264234	2.32211016	2.53691579	2.77636691	3.03398104	3.29952623	3.55163807	3.79007726	4.01869527	4.23915656	4.46795203	4.68220818	4.87501095	5.05474965	5.22413809	5.37659348	5.53763746	5.69444531	5.83121547	5.92615841	5.96906425	5.93113099	5.78287906	5.53706463	5.24194202	4.93048065	4.62125130	4.33395379	4.07404543	3.83487374	3.61607317	3.41974952	3.24398525	3.08527185	2.94151361	2.81124778	2.69471947	2.59150146	2.50142150	2.42438568	2.35952336	2.30555697
	2.16081624	2.12892640	2.09640913	2.06628362	2.04446417	2.04171315	2.07400784	2.17165420	2.34213782	2.55244325	2.78545976	3.03653857	3.29637383	3.54282403	3.77569488	3.99873379	4.21489008	4.43806153	4.64805982	4.83527140	5.01001909	5.17587291	5.32499228	5.48253454	5.63417122	5.77018090	5.86587980	5.91082798	5.87966913	5.74283467	5.50819407	5.22050590	4.91525919	4.60947719	4.32392470	4.06532126	3.82732193	3.61000448	3.41520470	3.24074106	3.08321468	2.94059290	2.81135122	2.69557846	2.59279825	2.50286659	2.42580049	2.36079318	2.30656885
	2.16681072	2.13475185	2.10225547	2.07260773	2.05206499	2.05178530	2.08792982	2.19017020	2.36140614	2.56838523	2.79685513	3.04329457	3.29915353	3.54177034	3.77185717	3.99178362	4.20497413	4.42561139	4.63280923	4.81817945	4.99049243	5.15374444	5.30243913	5.45764451	5.60730060	5.74203593	5.83967040	5.88747248	5.86086786	5.72939479	5.50003992	5.21754355	4.91463046	4.60987976	4.32449385	4.06587555	3.82789058	3.61092882	3.41660715	3.24255370	3.08544764	2.94327933	2.81446600	2.69901114	2.59641000	2.50652795	2.42941830	2.36429448	2.30987602
	2.19493651	2.16294141	2.13081257	2.10217600	2.08371169	2.08694138	2.12803876	2.23514694	2.40516676	2.60560721	2.82599358	3.06412871	3.31217803	3.54754395	3.77162994	3.98560207	4.19375141	4.40820086	4.61087409	4.79109622	4.95682062	5.11706886	5.26192557	5.41306040	5.55965781	5.68991065	5.78798299	5.83781910	5.81661853	5.69316134	5.47365864	5.20012071	4.90364409	4.60382245	4.32204578	4.06637782	3.83111239	3.61710118	3.42567433	3.25419005	3.09941970	2.95941072	2.83254027	2.71872888	2.61745377	2.52858689	2.45222672	2.38761330	2.33348728
	2.21972071	2.18778065	2.15603311	2.12852294	2.11233924	2.11952370	2.16635331	2.27872606	2.44577096	2.63605368	2.84441404	3.07060668	3.30716870	3.53238302	3.74714761	3.95166588	4.15145339	4.35510226	4.55133564	4.72054347	4.87629974	5.02839557	5.16619953	5.31004339	5.44830184	5.57092485	5.66880344	5.72219848	5.71103437	5.60557578	5.40737613	5.15335160	4.87029508	4.57989002	4.30429187	4.05324195	3.82234513	3.61308414	3.42608737	3.25833455	3.10678220	2.96962213	2.84525493	2.73345863	2.63362226	2.54562492	2.46967227	2.40510965	2.35072667
	2.22368480	2.19174065	2.16008863	2.13296440	2.11760067	2.12628980	2.17537055	2.28960086	2.45485664	2.64026030	2.84293388	3.06370233	3.29430267	3.51517873	3.72498777	3.92541916	4.12025997	4.31902671	4.51127776	4.67536544	4.82710209	4.97388027	5.10832522	5.24737057	5.38049467	5.49976766	5.59754421	5.65224873	5.64634248	5.54994899	5.36375298	5.12071553	4.84509974	4.55990063	4.28753266	4.03878298	3.81018990	3.60343266	3.41874834	3.25293121	3.10302774	2.96728554	2.84414196	2.73328465	2.63407249	2.54638617	2.47049619	2.40580329	2.35113923
	2.23382547	2.20156547	2.16997315	2.14365686	2.13025599	2.14243890	2.19652793	2.31532223	2.48008723	2.66207851	2.86103147	3.07765936	3.30428187	3.52205715	3.72930266	3.92807019	4.12087988	4.31792091	4.50878841	4.67166453	4.82123171	4.96619172	5.10013589	5.23673438	5.36888204	5.48726997	5.58588961	5.64171912	5.63884983	5.54712124	5.36680305	5.12791723	4.85399230	4.56962713	4.29707807	4.04749292	3.81826532	3.61145224	3.42696341	3.26132488	3.11158644	2.97603128	2.85306681	2.74230323	2.64309699	2.55532196	2.47924480	2.41426869	2.35923212
	2.21566604	2.18315087	2.15154566	2.12577946	2.11380233	2.12862062	2.18661751	2.30872402	2.47180140	2.64827282	2.84096888	3.05152171	3.27214777	3.48470567	3.68712381	3.88223938	4.07004158	4.26271673	4.44908104	4.60836907	4.75318522	4.89238628	5.02345495	5.15362736	5.28035984	5.39680600	5.49459829	5.55208467	5.55431470	5.47379230	5.30751753	5.07966559	4.81328687	4.53398381	4.26407502	4.01583279	3.78831835	3.58383488	3.40163257	3.23783075	3.08952918	2.95509127	2.83299071	2.72276774	2.62376352	2.53585370	2.45937353	2.39380025	2.33801435
	2.20779251	2.17514188	2.14369099	2.11879338	2.10879797	2.12701477	2.18960413	2.31451744	2.47427250	2.64338462	2.82802548	3.03090053	3.24349887	3.44913887	3.64518477	3.83492479	4.01646852	4.20288308	4.38276411	4.53618096	4.67470550	4.80654902	4.93169785	5.05487543	5.17234601	5.28448809	5.38047047	5.43851093	5.44629592	5.37667738	5.22718920	5.01258759	4.75708196	4.48603432	4.22163292	3.97715765	3.75358505	3.55354518	3.37564411	3.21551813	3.07028143	2.93838049	2.81835908	2.70971329	2.61181452	2.52454263	2.44829761	2.38263681	2.32649726
	2.22161568	2.18870426	2.15742581	2.13346935	2.12558757	2.14725933	2.21439659	2.34274234	2.50195514	2.66896598	2.85167708	3.05190892	3.26192151	3.46548587	3.65968317	3.84869371	4.02908408	4.21504580	4.39416019	4.54598184	4.68351999	4.81543417	4.93960220	5.06110948	5.17637843	5.28874793	5.38548622	5.44418948	5.45299102	5.38390227	5.23610675	5.02288125	4.76910569	4.49857230	4.23417472	3.98906730	3.76503011	3.56504380	3.38746935	3.22765171	3.08267614	2.95101360	2.83117910	2.72265309	2.62485642	2.53765132	2.46141653	2.39569392	2.33941962
	2.20982300	2.17698338	2.14593560	2.12264230	2.11597000	2.13948371	2.20864599	2.33686119	2.49183307	2.65175196	2.82647003	3.01930336	3.22122844	3.41740991	3.60458416	3.78747989	3.96078759	4.13870773	4.31068069	4.45523573	4.58477848	4.70947027	4.82506710	4.93774867	5.04508298	5.15150000	5.24525820	5.30619737	5.32019913	5.26327076	5.13214423	4.93432828	4.69313768	4.43339646	4.17622202	3.93665039	3.71830232	3.52433532	3.35246288	3.19752707	3.05661323	2.92829401	2.81120624	2.70480243	2.60856097	2.52233202	2.44657848	2.38093906	2.32442128
	2.21102421	2.17790444	2.14698068	2.12452010	2.11974003	2.14630281	2.21933612	2.35019725	2.50494639	2.66365214	2.83732373	3.02858151	3.22913353	3.42387302	3.61070475	3.79321734	3.96661080	4.14380802	4.31587328	4.46053641	4.58908168	4.71345999	4.82891578	4.94039453	5.04783818	5.15371242	5.24746015	5.30878117	5.32309880	5.26692612	5.13661184	4.94043181	4.69913528	4.43894869	4.18104579	3.94029754	3.72099584	3.52660402	3.35463610	3.19966807	3.05873773	2.93039693	2.81325233	2.70675830	2.61042379	2.52409101	2.44820085	2.38238085	2.32563349
	2.20995430	2.17661312	2.14576702	2.12390151	2.12050043	2.14927343	2.22512483	2.35798417	2.51289622	2.67121656	2.84465155	3.03519790	3.23518176	3.42926380	3.61627836	3.79881358	3.97262402	4.14975467	4.32222120	4.46728230	4.59545113	4.72000052	4.83584888	4.94695651	5.05490163	5.16066858	5.25447500	5.31581908	5.32993725	5.27384556	5.14320487	4.94738651	4.70538610	4.44413835	4.18529645	3.94335900	3.72301544	3.52796761	3.35561616	3.20036303	3.05920871	2.93067736	2.81334309	2.70666595	2.61017224	2.52370200	2.44767540	2.38170599	2.32479180
	2.21576026	2.18231861	2.15153461	2.12997105	2.12725621	2.15708316	2.23428364	2.36817087	2.52348167	2.68225472	2.85642664	3.04724456	3.24786975	3.44238153	3.62999092	3.81320649	3.98796837	4.16596179	4.33932652	4.48530474	4.61453327	4.74014706	4.85691175	4.96921481	5.07841319	5.18487105	5.27905779	5.33966810	5.35314864	5.29583014	5.16319727	4.96514501	4.72124025	4.45817182	4.19800569	3.95497073	3.73356133	3.53754712	3.36436589	3.20841733	3.06669105	2.93770271	2.81999345	2.71302749	2.61634137	2.52976741	2.45370198	2.38773281	2.33084300
	2.21078667	2.17721090	2.14649601	2.12536147	2.12361413	2.15492169	2.23393107	2.36895620	2.52414968	2.68238235	2.85601388	3.04595407	3.24549841	3.43912994	3.62621412	3.80894469	3.98321107	4.16054874	4.33338408	4.47856554	4.60675107	4.73168355	4.84820496	4.95971673	5.06809879	5.17398849	5.26775814	5.32859064	5.34229023	5.28621792	5.15497898	4.95806020	4.71492532	4.45200188	4.19195102	3.94876423	3.72727264	3.53142810	3.35853994	3.20286495	3.06137635	2.93257819	2.81499626	2.70810529	2.61146254	2.52489956	2.44880450	2.38276098	2.32576433
	2.19601636	2.16227523	2.13162024	2.11099072	2.11039055	2.14347656	2.22462986	2.36091063	2.51561118	2.67250214	2.84452271	3.03262858	3.22973985	3.42140436	3.60706729	3.78837269	3.96101158	4.13640646	4.30764718	4.45069217	4.57611337	4.69894729	4.81416672	4.92314927	5.02908943	5.13337254	5.22609671	5.28790337	5.30261989	5.24977999	5.12271811	4.92988315	4.68976151	4.42865380	4.16988924	3.92727845	3.70647494	3.51171102	3.34002689	3.18541411	3.04482261	2.91673726	2.79968468	2.69315420	2.59672922	2.51024798	2.43410519	2.36790003	2.31066420
	2.18909273	2.15525242	2.12473280	2.10466363	2.10524027	2.14007064	2.22320298	2.36046730	2.51447320	2.67006189	2.84066267	3.02701214	3.22212347	3.41209219	3.59625994	3.77633618	3.94748700	4.12125442	4.29085770	4.43209486	4.55549541	4.67641973	4.79031198	4.89744220	5.00140315	5.10397797	5.19565723	5.25700120	5.27256501	5.22200017	5.09805395	4.90838221	4.67081972	4.41150486	4.15417920	3.91251067	3.69261028	3.49894098	3.32839330	3.17478084	3.03506355	2.90769811	2.79121080	2.68511405	2.58903211	2.50280797	2.42682425	2.36067690	2.30342254
	2.18181778	2.14785080	2.11752459	2.09821325	2.10037896	2.13753708	2.22328107	2.36179784	2.51492728	2.66895511	2.83790896	3.02217323	3.21484323	3.40282359	3.58521889	3.76377334	3.93319752	4.10504398	4.27264413	4.41169317	4.53279621	4.65140781	4.76378565	4.86886972	4.97048585	5.07093687	5.16131694	5.22202435	5.23837291	5.19028313	5.06993568	4.88377834	4.64909682	4.39178418	4.13616371	3.89565589	3.67684340	3.48446715	3.31525605	3.16282051	3.02413673	2.89762841	2.78181718	2.67624808	2.58060324	2.49472942	2.41898682	2.35296096	2.29573261
	2.16850475	2.13438962	2.10406793	2.08505970	2.08796683	2.12628334	2.21338222	2.35268998	2.50550184	2.65870258	2.82671230	3.00993554	3.20131981	3.38830768	3.56978067	3.74757781	3.91605145	4.08671217	4.25316488	4.39083589	4.51037377	4.62742634	4.73852090	4.84192942	4.94208236	5.04130251	5.13121736	5.19238216	5.20985591	5.16362422	5.04668527	4.86315822	4.63048327	4.37428730	4.11946416	3.87928289	3.66085226	3.46907818	3.30053725	3.14867156	3.01045249	2.88428617	2.76870000	2.66325161	2.56765041	2.48174281	2.40589457	2.33969624	2.28224776
	2.16201071	2.12781830	2.09746259	2.07851322	2.08161914	2.12027802	2.20780605	2.34743602	2.50023065	2.65321723	2.82097598	3.00394301	3.19504413	3.38182079	3.56306936	3.74075682	3.90900714	4.07937394	4.24552342	4.38280178	4.50188594	4.61844255	4.72906671	4.83184967	4.93156218	5.03043086	5.12033538	5.18183814	5.19989765	5.15432626	5.03879259	4.85614633	4.62408806	4.36813068	4.11340882	3.87313985	3.65466920	3.46295766	3.29452464	3.14274315	3.00457998	2.87842980	2.76282643	2.65732914	2.56165277	2.47564100	2.39966821	2.33332860	2.27572857
	2.16169344	2.12748795	2.09717873	2.07838324	2.08179457	2.12086496	2.20883695	2.34861282	2.50113970	2.65371426	2.82104045	3.00346950	3.19409362	3.38036407	3.56107217	3.73845648	3.90619572	4.07619247	4.24176743	4.37849072	4.49702907	4.61311929	4.72324138	4.82549533	4.92444471	5.02287254	5.11246984	5.17365879	5.19193568	5.14691872	5.03227084	4.85051508	4.61921660	4.36403488	4.10988295	3.87002845	3.65191986	3.46057720	3.29250785	3.14104735	3.00317262	2.87725911	2.76184658	2.65650101	2.56094665	2.47502928	2.39912215	2.33281933	2.27523472
	2.16325423	2.12871212	2.09870774	2.08121996	2.08749160	2.13071089	2.22361366	2.36650632	2.51959500	2.67236090	2.84014173	3.02176749	3.21194197	3.39751583	3.57843342	3.75590563	3.92453743	4.09471178	4.26111024	4.39818141	4.51729067	4.63376725	4.74432520	4.84746385	4.94696489	5.04605890	5.13523162	5.19546715	5.21192380	5.16459411	5.04886746	4.86512239	4.63188319	4.37478281	4.11928643	3.87787077	3.65815725	3.46562313	3.29672426	3.14462319	3.00624711	2.87994944	2.76417720	2.65854044	2.56281744	2.47685043	2.40092813	2.33460812	2.27698932
	2.16380106	2.12888681	2.09932782	2.08356657	2.09346120	2.14169088	2.24036472	2.38646497	2.53958643	2.69182494	2.85930962	3.03925595	3.22794386	3.41175309	3.59214073	3.76883169	3.93741244	4.10682520	4.27266521	4.40916409	4.52737499	4.64312418	4.75273664	4.85591915	4.95459665	5.05332907	5.14143232	5.20049185	5.21548643	5.16677045	5.05164131	4.86781079	4.63421843	4.37674397	4.12108213	3.87903711	3.65855630	3.46564099	3.29662726	3.14448351	3.00610927	2.87984107	2.76403010	2.65836151	2.56270108	2.47688612	2.40109959	2.33485656	2.27725716
	2.16188647	2.12681123	2.09756263	2.08285771	2.09484270	2.14576987	2.24737157	2.39467360	2.54715283	2.69830660	2.86471882	3.04294845	3.22981374	3.41171387	3.59093086	3.76627398	3.93361430	4.10153813	4.26550392	4.40061911	4.51666790	4.63072575	4.73839437	4.84043568	4.93711028	5.03446565	5.12137637	5.17972996	5.19465791	5.14670932	5.03400369	4.85261672	4.62096921	4.36537862	4.11117854	3.87009616	3.65041059	3.45840173	3.29028085	3.13891040	3.00120369	2.87549567	2.76010313	2.65477028	2.55943157	2.47392312	2.39836806	2.33226392	2.27473153
	2.16596742	2.13079625	2.10169847	2.08753005	2.10060741	2.15299709	2.25636165	2.40460480	2.55728765	2.70867276	2.87550112	3.05383532	3.24071508	3.42241563	3.60210868	3.77761385	3.94531910	4.11355926	4.27799721	4.41357321	4.52956085	4.64457420	4.75324571	4.85567634	4.95297072	5.05132414	5.13804823	5.19621399	5.21017090	5.16076936	5.04618934	4.86305955	4.62989052	4.37323256	4.11831153	3.87662001	3.65630439	3.46376815	3.29522603	3.14353046	3.00557069	2.87967122	2.76411568	2.65867021	2.56328966	2.47779920	2.40229805	2.33626040	2.27879981
	2.16861301	2.13326815	2.10475721	2.09238857	2.10885083	2.16542022	2.27326049	2.42301962	2.57459706	2.72427210	2.88902523	3.06507570	3.24869588	3.42733088	3.60545197	3.77915778	3.94448879	4.11053735	4.27261499	4.40636559	4.51898630	4.63160198	4.73822911	4.83914581	4.93441412	5.03030167	5.11475052	5.17198191	5.18585892	5.13760241	5.02480938	4.84526773	4.61539405	4.36109902	4.10833185	3.86800419	3.64875245	3.45749106	3.29025793	3.13977536	3.00289544	2.87792983	2.76311041	2.65828899	2.56352912	2.47861731	2.40355561	2.33780585	2.28050200
	2.17080227	2.13541433	2.10693985	2.09473561	2.11154953	2.16859645	2.27703549	2.42715635	2.57889751	2.72875180	2.89371484	3.06996215	3.25367463	3.43235507	3.61081040	3.78470256	3.95029971	4.11665462	4.27906888	4.41323783	4.52593446	4.63904793	4.74598420	4.84730864	4.94307995	5.03916645	5.12355882	5.18074126	5.19430509	5.14540574	5.03170271	4.85135485	4.62090155	4.36601475	4.11282630	3.87213572	3.65251576	3.46091647	3.29339008	3.14266476	3.00558627	2.88046111	2.76550817	2.66058558	2.56575999	2.48081412	2.40573878	2.33998791	2.28268956
	2.17990498	2.14439716	2.11649228	2.10594596	2.12575071	2.18639360	2.29877805	2.45018192	2.60122733	2.75011542	2.91388307	3.08917897	3.27105570	3.44773739	3.62534958	3.79871844	3.96301057	4.12850181	4.29041206	4.42286003	4.53542673	4.64770140	4.75500443	4.85598393	4.95077980	5.04648385	5.12970423	5.18569308	5.19868155	5.14916968	5.03421493	4.85412450	4.62374027	4.36861301	4.11602367	3.87560818	3.65612162	3.46488153	3.29783510	3.14763856	3.01106582	2.88640474	2.77182439	2.66726343	2.57285864	2.48833890	2.41362469	2.34815005	2.29104640
	2.18396934	2.14837629	2.12115382	2.11250430	2.13565175	2.20020531	2.31671934	2.46916780	2.61881139	2.76585800	2.92734163	3.10057884	3.27938119	3.45293696	3.62851606	3.80031894	3.96206527	4.12530732	4.28514071	4.41486405	4.52596836	4.63564794	4.74180517	4.84108562	4.93360725	5.02776725	5.10979054	5.16456736	5.17792924	5.12952220	5.01583781	4.83857262	4.61047037	4.35676400	4.10615170	3.86702793	3.64862379	3.45872892	3.29312083	3.14429657	3.00894929	2.88535085	2.77163685	2.66783088	2.57417057	2.49031871	2.41612428	2.35101616	2.29414238
	2.18186968	2.14623931	2.11935791	2.11165976	2.13642858	2.20282402	2.32126239	2.47412005	2.62299589	2.76909681	2.92939592	3.10143011	3.27859882	3.45064549	3.62486589	3.79578758	3.95619348	4.11812776	4.27637776	4.40483721	4.51537735	4.62344728	4.72848145	4.82672931	4.91810751	5.01154494	5.09364080	5.14799009	5.16174919	5.11439080	5.00207661	4.82632072	4.59947342	4.34659216	4.09690802	3.85841078	3.64055402	3.45136969	3.28655336	3.13847441	3.00378000	2.88073981	2.76748276	2.66406957	2.57078633	2.48726002	2.41331276	2.34837249	2.29159491
	2.19031315	2.15447493	2.12798710	2.12167993	2.14893076	2.21840520	2.34047630	2.49485570	2.64417516	2.79074591	2.95180362	3.12408802	3.30128574	3.47367798	3.64801120	3.82019343	3.98128994	4.14435523	4.30343961	4.43191231	4.54504808	4.65474033	4.76129088	4.86111673	4.95303652	5.04826427	5.13069093	5.18405828	5.19534061	5.14576048	5.02977062	4.85013546	4.61969771	4.36448613	4.11280066	3.87286594	3.65356983	3.46317152	3.29735474	3.14845927	3.01308919	2.88950584	2.77577580	2.67204245	2.57859234	2.49502477	2.42110047	2.35620454	2.29947550
	2.18758662	2.15167674	2.12563183	2.12060364	2.14988011	2.22169242	2.34612637	2.50065536	2.64869058	2.79344318	2.95334005	3.12348119	3.29844973	3.46888306	3.64125859	3.81202263	3.97127792	4.13224550	4.28889168	4.41540659	4.52636871	4.63390620	4.73911620	4.83685806	4.92656210	5.02008660	5.10189572	5.15501986	5.16657454	5.11851247	5.00507965	4.82824014	4.60064163	4.34774446	4.09734696	3.85896022	3.64099817	3.45204294	3.28762322	3.13995355	3.00564177	2.88293184	2.76989788	2.66674583	2.57382052	2.49068497	2.41705772	2.35234128	2.29568200
	2.18726898	2.15120219	2.12545393	2.12148494	2.15260318	2.22667908	2.35374591	2.50928466	2.65736210	2.80200756	2.96233150	3.13228829	3.30672106	3.47707588	3.64926526	3.82035213	3.97990950	4.14101916	4.29766887	4.42434455	4.53608284	4.64432269	4.74966670	4.84777281	4.93853916	5.03282062	5.11474234	5.16796784	5.17826181	5.12925189	5.01413908	4.83533578	4.60637862	4.35233511	4.10064959	3.86142307	3.64261447	3.45302248	3.28816325	3.14015968	3.00557455	2.88264261	2.76940462	2.66611595	2.57313189	2.48999125	2.41637542	2.35166889	2.29500277
	2.19239745	2.15618604	2.13074444	2.12782396	2.16071842	2.23697367	2.36654047	2.52306709	2.67139337	2.81616923	2.97720299	3.14694665	3.32120797	3.49161102	3.66365922	3.83509561	3.99511101	4.15665296	4.31362013	4.44115238	4.55364366	4.66281242	4.76885098	4.86769179	4.95901182	5.05414514	5.13663454	5.18918854	5.19852876	5.14757597	5.03071395	4.84969969	4.61893182	4.36350813	4.11032939	3.87023248	3.65039265	3.45996685	3.29447410	3.14595962	3.01098146	2.88773357	2.77422347	2.67076551	2.57771331	2.49457093	2.42097660	2.35630694	2.29966779
	2.19881249	2.16250609	2.13789184	2.13723443	2.17350042	2.25364135	2.38712445	2.54404485	2.69105178	2.83394104	2.99428313	3.16150768	3.33261346	3.50149157	3.67185471	3.84161835	4.00015489	4.16033155	4.31530325	4.44196730	4.55307896	4.66229937	4.76535942	4.86324797	4.95536070	5.05038168	5.13208268	5.18498318	5.19432971	5.14222046	5.02650464	4.84603349	4.61567600	4.36101941	4.10777318	3.86799968	3.64834262	3.45845887	3.29374430	3.14601939	3.01180780	2.88923902	2.77628255	2.67339723	2.58094118	2.49832522	2.42514018	2.36075588	2.30428113
	2.20745023	2.17108587	2.14694008	2.14758631	2.18576099	2.26818471	2.40400410	2.56122246	2.70774022	2.84990593	3.01047213	3.17689064	3.34660684	3.51510135	3.68527462	3.85452942	4.01280735	4.17284891	4.32735222	4.45402691	4.56529958	4.67536150	4.77725374	4.87518942	4.96889667	5.06402047	5.14477838	5.19767851	5.20619621	5.15219263	5.03548231	4.85390992	4.62257280	4.36755082	4.11386359	3.87391485	3.65409319	3.46417230	3.29950007	3.15185694	3.01777332	2.89534289	2.78250558	2.67979962	2.58758044	2.50521088	2.43225129	2.36804563	2.31171289
	2.22043565	2.18387242	2.16002387	2.16182593	2.20180675	2.28675560	2.42550856	2.58399239	2.73139224	2.87540114	3.03796955	3.20568350	3.37680934	3.54648421	3.71914377	3.88939903	4.05051221	4.21247805	4.36924109	4.49866716	4.61417544	4.72674244	4.83077873	4.93161530	5.02988251	5.12565095	5.20573759	5.25729454	5.26302142	5.20363087	5.08045344	4.89250494	4.65578970	4.39705918	4.14046192	3.89825685	3.67630409	3.48432631	3.31773084	3.16842502	3.03298815	2.90945789	2.79572693	2.69236555	2.59972369	2.51713464	2.44411175	2.37992308	2.32369131
	2.23459279	2.19778176	2.17448006	2.17812639	2.22085265	2.30944154	2.45223305	2.61207192	2.75983526	2.90562237	3.06949041	3.23763729	3.40936567	3.57932507	3.75416591	3.92459118	4.08805660	4.25165865	4.40963705	4.54186054	4.66096837	4.77594313	4.88087685	4.98463459	5.08672043	5.18279677	5.26243026	5.31234729	5.31592645	5.25113595	5.12221339	4.92851798	4.68666139	4.42481745	4.16535585	3.92096339	3.69693592	3.50309119	3.33485150	3.18415690	3.04762671	2.92320957	2.80874435	2.70487941	2.61197047	2.52926924	2.45624312	2.39208621	2.33593180
	2.24062221	2.20363215	2.18085755	2.18612400	2.23115655	2.32277127	2.46866656	2.62918964	2.77659385	2.92342915	3.08725946	3.25491330	3.42668776	3.59597086	3.77087272	3.94171389	4.10568956	4.26997395	4.42794864	4.56128959	4.68137744	4.79769079	4.90141853	5.00746119	5.11063778	5.20593529	5.28473750	5.33329600	5.33603443	5.26896315	5.13735698	4.94127619	4.69738218	4.43460571	4.17382237	3.92841339	3.70346678	3.50892605	3.34015005	3.18903078	3.05219697	2.92753012	2.81284235	2.70885822	2.61594866	2.53328974	2.46031014	2.39617522	2.34002940
	2.24153222	2.20451152	2.18242969	2.18941025	2.23664739	2.33082504	2.47907293	2.63899161	2.78415789	2.92976831	3.09126569	3.25584000	3.42505026	3.59160217	3.76492758	3.93329126	4.09579400	4.25799583	4.41246097	4.54454137	4.66325644	4.77860585	4.87950351	4.98374283	5.08623201	5.18044735	5.25952966	5.30823838	5.31235798	5.24665301	5.11689931	4.92265295	4.68038090	4.41983415	4.16042667	3.91617162	3.69228035	3.49903366	3.33162983	3.18177977	3.04610443	2.92242931	2.80856253	2.70533428	2.61309987	2.53095237	2.45834670	2.39442609	2.33837572
	2.24604679	2.20883150	2.18707662	2.19523415	2.24423472	2.34094669	2.49192830	2.65306129	2.79931716	2.94706492	3.11013643	3.27555080	3.44622099	3.61370395	3.78758142	3.95844710	4.12216007	4.28652166	4.44363511	4.57908845	4.69972230	4.81637172	4.91963360	5.02744010	5.13279269	5.22818781	5.30562484	5.35319492	5.35478553	5.28508309	5.15003839	4.95056218	4.70424541	4.44050104	4.17817303	3.93146695	3.70529341	3.51002096	3.34088190	3.18959194	3.05275763	2.92814666	2.81350801	2.70970789	2.61709634	2.53473320	2.46202703	2.39806583	2.34203367
	2.24976953	2.21203232	2.19135595	2.20298074	2.25695959	2.36096559	2.51917546	2.68142488	2.82958294	2.97935697	3.14372969	3.31097238	3.48204642	3.65096176	3.82614516	3.99944175	4.16677765	4.33316165	4.49327536	4.63258732	4.75726494	4.87602967	4.98124691	5.09560377	5.20539229	5.30063925	5.37576199	5.42036101	5.41696541	5.34013850	5.19449607	4.98572838	4.73283266	4.46438343	4.19817850	3.94797586	3.71857395	3.52051156	3.34894064	3.19562263	3.05718107	2.93123140	2.81543428	2.71081741	2.61771274	2.53505891	2.46214617	2.39801569	2.34186179
	2.26431363	2.22646105	2.20724825	2.22230214	2.28060411	2.39063988	2.55389458	2.71335155	2.86213943	3.00924327	3.17082042	3.33578749	3.50268511	3.67001651	3.84175197	4.01395491	4.18098362	4.34528129	4.50406801	4.64381524	4.76674286	4.88456641	4.99019915	5.10560371	5.21594669	5.31103843	5.38361486	5.42748916	5.42037172	5.34221266	5.19232713	4.98222640	4.72969969	4.46096767	4.19598550	3.94649453	3.71768627	3.52052437	3.34992848	3.19759070	3.06014795	2.93511678	2.82014228	2.71641987	2.62418670	2.54228233	2.46989605	2.40609850	2.35012023
	2.26186956	2.22364517	2.20528501	2.22275311	2.28452160	2.39992337	2.56771309	2.72723557	2.87796710	3.02589919	3.18877336	3.35504238	3.52150125	3.69062287	3.86317406	4.03670303	4.20611548	4.37018089	4.53326973	4.67497566	4.79893877	4.91830117	5.02783701	5.14572254	5.25833868	5.35468164	5.42481398	5.46615971	5.45463135	5.37237703	5.21587319	5.00099047	4.74426994	4.47188354	4.20426604	3.95244283	3.72145334	3.52242066	3.35013766	3.19634987	3.05772617	2.93169060	2.81584775	2.71150423	2.61884326	2.53663509	2.46398571	2.39994643	2.34374401
	2.27486741	2.23645296	2.21932760	2.23976018	2.30568688	2.42759609	2.59894017	2.75991998	2.91144151	3.05952466	3.22453525	3.38996791	3.55719271	3.72548826	3.90130404	4.07453493	4.24553171	4.41121260	4.57940083	4.72131480	4.84650068	4.96779875	5.08386823	5.20370599	5.31981466	5.41730370	5.48068794	5.51867346	5.50132415	5.41233806	5.24766101	5.02655526	4.76584250	4.49053284	4.22048305	3.96691263	3.73427184	3.53375982	3.36006910	3.20515738	3.06573341	2.93911741	2.82284278	2.71833246	2.62569450	2.54360818	2.47109809	2.40718225	2.35110312
	2.27042488	2.23176511	2.21541967	2.23787013	2.30688277	2.43384953	2.60746704	2.77006137	2.92216464	3.07043487	3.23666806	3.40020525	3.56860025	3.73493902	3.91335161	4.08735537	4.25846479	4.42437878	4.59551719	4.73665734	4.86363579	4.98566458	5.10511527	5.22559298	5.34401577	5.44244545	5.50130032	5.53826761	5.51664883	5.42231207	5.25393453	5.02933774	4.76721419	4.49021899	4.21848947	3.96382595	3.73001183	3.52856729	3.35404301	3.19849389	3.05862531	2.93166034	2.81509539	2.71043542	2.61770318	2.53551374	2.46287238	2.39879062	2.34252727
	2.26892928	2.22999003	2.21424017	2.23844216	2.31045770	2.44261288	2.61885392	2.78154585	2.93412715	3.08345460	3.24980185	3.41214585	3.58131746	3.74605610	3.92574939	4.10044592	4.27187639	4.43692010	4.61089137	4.75126978	4.87926163	5.00247612	5.12466768	5.24610984	5.36733282	5.46550513	5.52035069	5.55512527	5.52915203	5.42855643	5.25790289	5.02981708	4.76678041	4.48869330	4.21556172	3.96036443	3.72582644	3.52371656	3.34850431	3.19247168	3.05232504	2.92517113	2.80849599	2.70381593	2.61110731	2.52894246	2.45629387	2.39216743	2.33584320
	2.26184399	2.22234573	2.20683678	2.23265789	2.30819192	2.44690287	2.62621029	2.78939969	2.94084852	3.09164360	3.25796184	3.41963342	3.58936853	3.75222437	3.93217581	4.10717689	4.27777456	4.44233491	4.61691640	4.75631348	4.88479511	5.01032737	5.13204142	5.25430514	5.37824738	5.47568535	5.52386855	5.55564228	5.52491828	5.41982138	5.24552428	5.01592874	4.75355784	4.47592727	4.20313590	3.94739372	3.71272065	3.51020915	3.33441370	3.17804839	3.03776952	2.91056299	2.79392731	2.68930368	2.59664923	2.51450867	2.44182105	2.37759521	2.32114301
	2.25255596	2.21263989	2.19709436	2.22366003	2.30112344	2.44353063	2.62451583	2.78859353	2.93924312	3.09141701	3.25648309	3.41840231	3.58816594	3.75014442	3.92943715	4.10440530	4.27447981	4.43837871	4.61280730	4.75173945	4.88012977	5.00562454	5.12730805	5.25029276	5.37571326	5.47145666	5.51735239	5.54811856	5.51549131	5.40901066	5.23315472	5.00426891	4.74262638	4.46548507	4.19280063	3.93655510	3.70159788	3.49868444	3.32242549	3.16575302	3.02527636	2.89791429	2.78119658	2.67648267	2.58373225	2.50146680	2.42861732	2.36418947	2.30752047
	2.26082829	2.22072266	2.20525806	2.23251924	2.31172930	2.45735795	2.63906173	2.80337328	2.95283570	3.10560214	3.26861805	3.43029736	3.59896919	3.75995915	3.93804067	4.11253286	4.28167355	4.44411947	4.61841191	4.75695911	4.88480236	5.01149029	5.13219647	5.25628820	5.38271053	5.47637190	5.52072100	5.54798929	5.51264106	5.40349392	5.22727483	4.99904874	4.73908379	4.46369183	4.19155758	3.93564551	3.70120339	3.49861737	3.32261499	3.16633268	3.02632859	2.89945474	2.78326683	2.67903849	2.58668503	2.50474498	2.43213536	2.36787194	2.31131617
	2.24407748	2.20325685	2.18791246	2.21693818	2.30037996	2.45316409	2.63786195	2.80463348	2.95466129	3.11070456	3.27337166	3.43652147	3.60507906	3.76841529	3.94710048	4.12345102	4.29387957	4.45779638	4.63320942	4.77234436	4.90220846	5.03380577	5.15566225	5.28335895	5.41214199	5.50345953	5.54612496	5.56731112	5.52754971	5.41153569	5.23271293	5.00059251	4.73877932	4.46110496	4.18529779	3.92637238	3.68962198	3.48489314	3.30707548	3.14944897	3.00843225	2.88074675	2.76394199	2.65918340	2.56634944	2.48398376	2.41095863	2.34629838	2.28937510
	2.23887651	2.19766620	2.18252080	2.21291477	2.29953801	2.45737039	2.64343426	2.81130617	2.96100697	3.11880003	3.28006654	3.44408614	3.61157706	3.77623061	3.95440385	4.13006420	4.30175608	4.46565523	4.64116731	4.78018276	4.91163889	5.04509963	5.16642955	5.29618354	5.42622710	5.51459264	5.55484453	5.57345221	5.53044985	5.41081063	5.23053707	4.99814801	4.73638626	4.45736617	4.18023136	3.92020928	3.68273984	3.47723321	3.29875152	3.14072369	2.99947309	2.87164599	2.75479759	2.65001514	2.55715653	2.47475466	2.40167996	2.33694574	2.27994462
	2.23305784	2.19156120	2.17647733	2.20767068	2.29631252	2.45729755	2.64406509	2.81240575	2.96156554	3.11946839	3.27970223	3.44338842	3.60979066	3.77493612	3.95172209	4.12702349	4.29825751	4.46155371	4.63612750	4.77502115	4.90668680	5.03948465	5.15961848	5.28971812	5.41960888	5.50687691	5.54490989	5.56167489	5.51731912	5.39674908	5.21734236	4.98686926	4.72652435	4.44794136	4.17074861	3.91064345	3.67323455	3.46772300	3.28923523	3.13129538	2.99016789	2.86247196	2.74577844	2.64112089	2.54832434	2.46591948	2.39279214	2.32795606	2.27082243
	2.23023175	2.18857873	2.17333145	2.20451833	2.29361829	2.45541598	2.64183851	2.80938565	2.95703342	3.11339725	3.27156724	3.43303669	3.59790897	3.76233712	3.93558428	4.11018961	4.27833341	4.43953313	4.61100665	4.74926311	4.87918907	5.00980987	5.12452014	5.25221430	5.37983907	5.46665937	5.50425806	5.51942281	5.47642434	5.35861577	5.18423949	4.95972843	4.70395548	4.42904445	4.15423648	3.89595080	3.66015861	3.45606391	3.27876477	3.12186016	2.98162425	2.85469515	2.73869795	2.63459631	2.54216963	2.45996603	2.38690892	2.32203775	2.26478327
	2.21204090	2.16988545	2.15459371	2.18672766	2.27840897	2.44407385	2.63197230	2.80054768	2.94812170	3.10468161	3.26221370	3.42343014	3.58759635	3.75065576	3.92431767	4.09919586	4.26661309	4.42684507	4.59739245	4.73509531	4.86443299	4.99364062	5.10778626	5.23485286	5.36198515	5.44882425	5.48391084	5.49797931	5.45311437	5.33584852	5.16299955	4.94175133	4.68760716	4.41337941	4.13814728	3.87916483	3.64281935	3.43821942	3.26050450	3.10331479	2.96283461	2.83567744	2.71948543	2.61516227	2.52243695	2.43986164	2.36638582	2.30107550	2.24337273
	2.19862862	2.15607267	2.14098927	2.17456214	2.26962505	2.43963805	2.62846185	2.79774062	2.94492180	3.10181098	3.25841008	3.41938325	3.58242719	3.74465388	3.91809674	4.09239465	4.25956462	4.41805036	4.58805784	4.72479184	4.85309684	4.98196982	5.09591480	5.22215411	5.34984384	5.43489707	5.46810380	5.48041037	5.43412924	5.31670157	5.14453923	4.92608093	4.67325008	4.39918978	4.12353785	3.86408435	3.62748556	3.42259144	3.24468829	3.08746931	2.94699940	2.81986637	2.70372582	2.59941409	2.50661870	2.42390243	2.35023470	2.28470384	2.22676580
	2.18452193	2.14145998	2.12674360	2.16242043	2.26230240	2.43807206	2.62846163	2.79917392	2.94621075	3.10401265	3.25975636	3.42110819	3.58257952	3.74485126	3.91885268	4.09179488	4.26050342	4.41858023	4.58794802	4.72353180	4.85223851	4.98065164	5.09565092	5.22246780	5.35076708	5.43507974	5.46357217	5.47371874	5.42459985	5.30522133	5.13313702	4.91651223	4.66439776	4.38903015	4.11210283	3.85123628	3.61360807	3.40778722	3.22923051	3.07166769	2.93097631	2.80369847	2.68747968	2.58307647	2.49010186	2.40713392	2.33318469	2.26733999	2.20908156
	2.17949617	2.13621204	2.12168886	2.15843955	2.26083204	2.43905456	2.63030721	2.80153894	2.94836802	3.10604686	3.26099550	3.42180083	3.58208473	3.74307740	3.91751183	4.08993787	4.25844347	4.41599496	4.58414153	4.71904590	4.84675212	4.97635453	5.08999878	5.21572856	5.34326492	5.42723411	5.45232406	5.46093244	5.41002160	5.29039232	5.12013323	4.90594070	4.65569917	4.38068260	4.10412815	3.84320200	3.60563976	3.39983912	3.22136314	3.06397443	2.92346428	2.79639414	2.68039427	2.57616519	2.48325632	2.40027145	2.32624287	2.26027854	2.20186985
	2.17631445	2.13293273	2.11834599	2.15528693	2.25847832	2.43695126	2.62773596	2.79801191	2.94325538	3.09892367	3.25176910	3.41005020	3.56889615	3.72726741	3.89898414	4.07057618	4.23557841	4.39048666	4.55491332	4.68852311	4.81261386	4.94135295	5.04964497	5.17148145	5.29555237	5.37923478	5.40377884	5.41147994	5.36106377	5.24538053	5.08162914	4.87439011	4.62988022	4.35873675	4.08542436	3.82680031	3.59130236	3.38724099	3.21022028	3.05407821	2.91460739	2.78846069	2.67329844	2.56974040	2.47727219	2.39453257	2.32059221	2.25460443	2.19607785
	2.17543042	2.13190356	2.11796984	2.15711253	2.26473717	2.44670456	2.63839962	2.80920454	2.95400854	3.11013294	3.26222688	3.42048778	3.57728175	3.73517880	3.90814855	4.07844506	4.24485105	4.39951253	4.56328596	4.69763338	4.82055140	4.94964684	5.05859498	5.18272469	5.30688502	5.38967213	5.40841620	5.41496814	5.36122720	5.24401543	5.08029464	4.87356198	4.62912455	4.35727265	4.08279720	3.82340805	3.58750549	3.38304924	3.20582344	3.04971967	2.91039050	2.78445139	2.66958426	2.56630885	2.47405777	2.39148673	2.31766870	2.25176399	2.19329314
	2.17323482	2.12959287	2.11610724	2.15679865	2.26754349	2.45190441	2.64418727	2.81529251	2.96003831	3.11602609	3.26782663	3.42584748	3.58164037	3.73939808	3.91229889	4.08222152	4.24885280	4.40300744	4.56617390	4.70047397	4.82234365	4.95134843	5.06071312	5.18648389	5.31076092	5.39188289	5.40763729	5.41361382	5.35728367	5.23892556	5.07544531	4.86947409	4.62547196	4.35351578	4.07858976	3.81882509	3.58282700	3.37829018	3.20109735	3.04516344	2.90603693	2.78031930	2.66570702	2.56265069	2.47055737	2.38808881	2.31433136	2.24845987	2.18999791
	2.15874834	2.11490959	2.10115370	2.14176451	2.25289540	2.43729838	2.62910570	2.79884858	2.94213843	3.09523712	3.24522525	3.40022543	3.55512498	3.70997815	3.87894731	4.04799863	4.21020573	4.36247256	4.51887860	4.65144645	4.77047618	4.89449205	5.00122830	5.11811155	5.23715045	5.31714992	5.33546349	5.34016280	5.28555260	5.17246242	5.01743594	4.82045904	4.58409988	4.31815147	4.04735716	3.79039365	3.55705756	3.35473213	3.17932849	3.02484225	2.88688750	2.76214447	2.64838528	2.54596695	2.45423350	2.37188443	2.29807153	2.23201756	2.17326377
	2.14455453	2.10053089	2.08623968	2.12615502	2.23664964	2.41986626	2.61051556	2.77779310	2.91815700	3.06692383	3.21395568	3.36440247	3.51821858	3.66804898	3.83172048	3.99898188	4.15494537	4.30415376	4.45087889	4.58068084	4.69516226	4.81128982	4.91552032	5.01807720	5.12923771	5.20864993	5.23143124	5.23523662	5.18367708	5.07974785	4.93706202	4.75316557	4.52810084	4.27128317	4.00659877	3.75412034	3.52489742	3.32598616	3.15333056	3.00106923	2.86495601	2.74177767	2.62939563	2.52804175	2.43696630	2.35493394	2.28117782	2.21498677	2.15592874
	2.15118713	2.10732447	2.09300382	2.13301916	2.24378229	2.42530607	2.61340212	2.77672425	2.91330302	3.05689887	3.20054832	3.34616826	3.49733506	3.64253824	3.80061671	3.96551255	4.11501064	4.26069771	4.39754448	4.52362204	4.63513608	4.74439362	4.84578501	4.93809455	5.04353820	5.11893074	5.14666603	5.14825572	5.09831981	5.00271523	4.87050232	4.69781337	4.48349274	4.23508082	3.97643702	3.72917540	3.50478257	3.30997080	3.14083234	2.99165019	2.85827868	2.73754746	2.62741682	2.52794415	2.43831089	2.35734121	2.28433731	2.21866523	2.15991950
	2.15753623	2.11385902	2.09981954	2.14049412	2.25223908	2.43320602	2.61990291	2.78113796	2.91577144	3.05686778	3.19871836	3.34226102	3.49120068	3.63465476	3.79003197	3.95297970	4.10006521	4.24308194	4.37596215	4.50052286	4.61028193	4.71704149	4.81616877	4.90688563	5.01044181	5.08248749	5.11051043	5.11201935	5.06256139	4.96941564	4.84147737	4.67312913	4.46379394	4.21853978	3.96258335	3.71791374	3.49596985	3.30325078	3.13596875	2.98849252	2.85668018	2.73736211	2.62855417	2.53021897	2.44151081	2.36128104	2.28886787	2.22366435	2.16528280
	2.16002703	2.11659283	2.10246260	2.14266655	2.25326004	2.43170240	2.61634941	2.77403724	2.90604047	3.04258204	3.18208471	3.32190812	3.46806928	3.60834359	3.75947349	3.91794778	4.06285758	4.20043756	4.32705583	4.44781553	4.55349884	4.65556357	4.75208847	4.83976500	4.93517887	5.00334968	5.03323307	5.03534250	4.98893191	4.90140367	4.78252869	4.62385300	4.42337243	4.18499296	3.93462724	3.69475678	3.47705451	3.28787786	3.12352567	2.97855701	2.84892203	2.73152233	2.62445512	2.52759435	2.44005572	2.36071684	2.28896647	2.22424616	2.16619272
	2.16653777	2.12332268	2.10918376	2.14918134	2.25876743	2.43422823	2.61708528	2.77098658	2.90029335	3.03190780	3.16900979	3.30472011	3.44813563	3.58536334	3.73208338	3.88680375	4.02882778	4.16175848	4.28210234	4.39849441	4.50035476	4.59780006	4.69072589	4.77741733	4.86378485	4.92776660	4.95956333	4.96113082	4.91763581	4.83602520	4.72694279	4.58052313	4.38973921	4.15835264	3.91309980	3.67752363	3.46371323	3.27775287	3.11601846	2.97330790	2.84565782	2.73003980	2.62463750	2.52919488	2.44276303	2.36424464	2.29306446	2.22873091	2.17089996
	2.17887006	2.13642717	2.12177901	2.15911770	2.26290367	2.43067684	2.60825464	2.75393658	2.87825733	3.00081707	3.13342740	3.26210760	3.39876314	3.53060181	3.66990994	3.81522136	3.95045491	4.07608515	4.18508744	4.29183144	4.38486704	4.47326575	4.55885363	4.64179229	4.71519420	4.77098074	4.80649727	4.81086685	4.77377768	4.70383219	4.61079623	4.48304721	4.30962890	4.09399249	3.86160292	3.63663143	3.43195767	3.25355078	3.09799217	2.96044439	2.83719175	2.72542722	2.62347300	2.53099266	2.44698264	2.37040380	2.30074196	2.23758745	2.18063519
	2.17975069	2.13740944	2.12258562	2.15932040	2.26156675	2.42675092	2.60265325	2.74558551	2.86845127	2.98780752	3.11919850	3.24603825	3.38011011	3.51078683	3.64765483	3.78987572	3.92339874	4.04640925	4.15146630	4.25545122	4.34552197	4.43074330	4.51324481	4.59480232	4.66473872	4.71682157	4.75414858	4.75905842	4.72380982	4.65830690	4.57177437	4.45176377	4.28496186	4.07455218	3.84538296	3.62330360	3.42120910	3.24485116	3.09095274	2.95477863	2.83267355	2.72191193	2.62086420	2.52913567	2.44569311	2.36951686	2.30011710	2.23711572	2.18022764
	2.17443658	2.13191065	2.11730624	2.15499639	2.25838872	2.42329250	2.59930494	2.74138152	2.86405417	2.98234632	3.11383865	3.24054251	3.37412075	3.50504206	3.64239600	3.78389156	3.91799449	4.04140697	4.14443869	4.24860059	4.33831713	4.42290812	4.50474111	4.58680158	4.65748095	4.70780926	4.74697212	4.75105064	4.71561715	4.65129373	4.56751023	4.45085285	4.28545379	4.07497211	3.84516735	3.62221286	3.41936211	3.24223857	3.08770585	2.95102407	2.82848327	2.71738310	2.61610994	2.52418340	2.44052736	2.36411678	2.29446066	2.23118959	2.17403083
	2.13900258	2.09615218	2.08144559	2.11933909	2.22250193	2.38638915	2.56214005	2.70269461	2.82573209	2.94169379	3.07139421	3.19709973	3.32821960	3.45941152	3.59432943	3.73244617	3.86367247	3.98632546	4.08895800	4.18600713	4.27286138	4.35447892	4.43298846	4.51206965	4.58181739	4.63117261	4.67069836	4.67464961	4.64230715	4.58197522	4.50480313	4.39580223	4.23641567	4.03014103	3.80263135	3.58143062	3.37996530	3.20379677	3.05000786	2.91388312	2.79174522	2.68096753	2.58000529	2.48828843	2.40469131	2.32819479	2.25832249	2.19473531	2.13718859
	2.14908023	2.10659896	2.09183366	2.12852239	2.22820756	2.38699605	2.55906607	2.69475708	2.81594053	2.92693440	3.05413380	3.17593812	3.30304247	3.43316935	3.56561372	3.69761703	3.82626042	3.94610754	4.04413740	4.13409135	4.21529335	4.29246714	4.36669009	4.44105974	4.51021580	4.55513383	4.59498380	4.59918781	4.56948124	4.51670659	4.44951375	4.35261537	4.20392490	4.00601929	3.78396278	3.56756158	3.37024083	3.19736724	3.04626132	2.91234924	2.79205530	2.68291211	2.58347379	2.49309363	2.41061470	2.33502145	2.26586052	2.20281213	2.14566517
	2.13462729	2.09221420	2.07734107	2.11323722	2.21097757	2.36703847	2.53755431	2.67142797	2.79182062	2.90057758	3.02498815	3.14550316	3.26972638	3.39918615	3.52919524	3.65732378	3.78371210	3.90107566	3.99886652	4.08240644	4.15976893	4.23378216	4.30475789	4.37556333	4.44263396	4.48555076	4.52424734	4.52898193	4.50155572	4.45429008	4.39423329	4.30503890	4.16359496	3.97098082	3.75280879	3.53971369	3.34515592	3.17450039	3.02518238	2.89270230	2.77355341	2.66536557	2.56675731	2.47705136	2.39508445	2.31985355	2.25092511	2.18800045	2.13090022
	2.11277934	2.07034241	2.05544291	2.09092217	2.18748662	2.34168538	2.51113180	2.64414690	2.76396802	2.87132514	2.99317790	3.11310228	3.23492532	3.36385370	3.49207309	3.61724360	3.74172654	3.85671762	3.95498369	4.03413833	4.10777661	4.17910806	4.24761605	4.31580785	4.38078988	4.42325333	4.46051316	4.46597448	4.44030464	4.39738860	4.34317755	4.26002483	4.12393975	3.93493739	3.71948769	3.50871487	3.31609433	3.14698959	2.99891854	2.86744544	2.74910506	2.64159377	2.54357886	2.45434553	2.37272358	2.29771548	2.22890061	2.16600455	2.10887446
	2.06434034	2.02180967	2.00658343	2.04063405	2.13434037	2.28503335	2.45187204	2.58381274	2.70203669	2.80699378	2.92424223	3.04292977	3.16037966	3.28800203	3.41276948	3.53268662	3.65267691	3.76197765	3.85958417	3.93218647	3.99773763	4.06296899	4.12596036	4.18877771	4.24857811	4.29258289	4.32587201	4.33323732	4.31168830	4.27702965	4.23518598	4.16441230	4.03835925	3.85669856	3.64724110	3.44146753	3.25297371	3.08719524	2.94178354	2.81242920	2.69576670	2.58963466	2.49276917	2.40442029	2.32342132	2.24879133	2.18013368	2.11724004	2.06000334
	2.03104829	1.98797011	1.97195405	2.00421230	2.09515837	2.24319979	2.40819520	2.54074277	2.65826415	2.76285692	2.87868246	2.99850478	3.11561868	3.24333401	3.36779087	3.48579600	3.60436678	3.71105140	3.80787525	3.87692776	3.93882573	3.99988556	4.05870205	4.11774413	4.17452723	4.22016873	4.25226570	4.26102254	4.24309084	4.21526377	4.18376763	4.12381876	4.00557932	3.82816218	3.62062533	3.41572381	3.22757869	3.06184220	2.91627168	2.78651914	2.66928017	2.56248549	2.46492599	2.37583188	2.29403800	2.21855159	2.14896879	2.08513170	2.02697231
	1.97653225	1.93246982	1.91591698	1.94787672	2.03897839	2.18764016	2.35348645	2.48852081	2.60747978	2.71350907	2.82925458	2.95319310	3.07095542	3.19970520	3.32732893	3.44614145	3.56431956	3.67103120	3.76810581	3.83787741	3.89756849	3.95723822	4.01576904	4.07414227	4.13037650	4.17717945	4.20857056	4.21847906	4.20295760	4.17984651	4.15579009	4.10238750	3.98648388	3.80781753	3.59707527	3.38903617	3.19761009	3.02871157	2.88062204	2.74856164	2.62913571	2.52030373	2.42085680	2.32999606	2.24652141	2.16939387	2.09819728	2.03280140	1.97318604
	1.93820330	1.89366670	1.87663749	1.90770811	1.99773384	2.14549033	2.31036986	2.44699181	2.56606982	2.67272797	2.78727221	2.91223631	3.03098840	3.15916881	3.28762980	3.40606620	3.52249105	3.62793540	3.72424414	3.79447255	3.85162009	3.90921093	3.96626342	4.02327006	4.07834141	4.12499982	4.15682645	4.16791640	4.15475528	4.13586660	4.11841826	4.07078883	3.95814745	3.78034396	3.56944929	3.36065341	3.16863466	2.99938112	2.85060028	2.71778371	2.59755934	2.48794021	2.38772733	2.29611655	2.21190018	2.13401281	2.06203466	1.99585165	1.93548354
	1.88838894	1.84318408	1.82515109	1.85404577	1.94118276	2.08640121	2.24974612	2.38920759	2.50711144	2.61454297	2.72720429	2.85150293	2.97186502	3.09963058	3.22756844	3.34636533	3.46119528	3.56355264	3.65818056	3.72859132	3.78061032	3.83431872	3.88755879	3.94095945	3.99298578	4.03939213	4.07273146	4.08350560	4.07453481	4.06315685	4.05721505	4.02094689	3.91630690	3.74218627	3.53266528	3.32387005	3.13137883	2.96153108	2.81202825	2.67830959	2.55706828	2.44640737	2.34514884	2.25250188	2.16724030	2.08826228	2.01515551	1.94782456	1.88633225
	1.84911732	1.80354129	1.78462803	1.81116406	1.89493699	2.03609553	2.19730560	2.33693711	2.45320550	2.56039606	2.67099234	2.79327591	2.91485404	3.04047615	3.16697533	3.28523742	3.39733260	3.49658846	3.58805012	3.65674837	3.70346722	3.75331836	3.80201703	3.85040276	3.89846844	3.94393567	3.97792641	3.98786673	3.98323970	3.98116997	3.98814594	3.96500973	3.86977955	3.70089075	3.49447638	3.28752795	3.09621645	2.92722673	2.77825134	2.64474835	2.52348974	2.41269264	2.31122591	2.21828329	2.13263065	2.05313959	1.97939193	1.91131718	1.84903059
	1.82480207	1.77959342	1.75940894	1.78142428	1.85791743	1.99027787	2.14481672	2.28261164	2.39466485	2.49830283	2.60304967	2.71987253	2.83901419	2.95914312	3.07976245	3.19396298	3.29904421	3.39213803	3.47650119	3.53977376	3.57993271	3.62162367	3.66290806	3.70274757	3.74237059	3.78523892	3.82019403	3.83135324	3.83314040	3.84245184	3.86438207	3.85789902	3.77838077	3.62295148	3.42775343	3.22972663	3.04567656	2.88265766	2.73838952	2.60860252	2.49033783	2.38204854	2.28272196	2.19155466	2.10734283	2.02896735	1.95602081	1.88848132	1.82651772
