	9.11874231	9.18655697	9.29146513	9.43380102	9.54258477	9.65262576	9.74893436	9.82145120	9.88514789	9.93923422	9.97900806	10.00392159	10.01394210	10.01661786	10.01665466	10.01189969	10.00315100	9.99544314	9.98698818	9.98252292	9.98454670	9.97717779	9.95171068	9.90068615	9.80568425	9.64931162	9.48731011	9.31732001	9.20108635	9.10536601	8.99161800	8.76366804	8.51012742	8.37510624	8.28391654	8.19232627	8.05991465	7.81751067	7.67918815	7.60058839	7.54549011	7.49888585	7.45382925	7.40740213	7.35764006	7.28755841	7.15837167	7.01349567	6.87637288
	9.16648302	9.26651413	9.41988718	9.63387581	9.79929964	9.90220067	9.98406063	10.05310902	10.11483142	10.16845127	10.20823380	10.22888378	10.23152940	10.22332173	10.21110139	10.19496835	10.17679790	10.15799804	10.13930892	10.12473292	10.11749807	10.10127328	10.06760744	10.01481783	9.93986514	9.82591339	9.63491789	9.42100341	9.27888598	9.17195852	9.05975806	8.88012538	8.59017984	8.42818502	8.32513733	8.22885520	8.09655882	7.85796964	7.70211570	7.61279146	7.54840353	7.49210436	7.43630831	7.37850385	7.31797929	7.22995079	7.08258500	6.94108330	6.82216641
	9.18912878	9.30410619	9.49236204	9.71931446	9.87042865	9.96459315	10.04206020	10.11482243	10.18484215	10.24933271	10.30024100	10.32925613	10.33563212	10.32711008	10.31234009	10.29245125	10.26934543	10.24470570	10.21958173	10.19822351	10.18533556	10.16409789	10.12532435	10.06908241	9.99539192	9.89502246	9.73332197	9.51035388	9.34198059	9.22502424	9.11437107	8.95647904	8.66602317	8.47641653	8.36342642	8.26575457	8.13964967	7.91131712	7.73468845	7.63634546	7.56693403	7.50670018	7.44640535	7.38262133	7.31494629	7.21743677	7.07817315	6.94092829	6.81935349
	9.19729705	9.31823439	9.52071658	9.76716007	9.89972097	9.98950956	10.06554243	10.13934687	10.21286383	10.28257614	10.33918405	10.37300470	10.38169396	10.37333925	10.35729579	10.33545610	10.30982622	10.28261099	10.25487725	10.23123885	10.21656128	10.19393906	10.15354408	10.09595350	10.02277051	9.92748813	9.78605355	9.55941089	9.37624910	9.25317998	9.14248739	8.99327670	8.71071884	8.50412349	8.38498261	8.28605864	8.16287737	7.94349792	7.75400583	7.65027585	7.57784251	7.51515397	7.45182438	7.38360375	7.30992591	7.20367250	7.06945046	6.93578060	6.81362035
	9.19958054	9.32389772	9.53736589	9.79033239	9.91693510	10.00425072	10.07963307	10.15506013	10.23318933	10.31043032	10.37629953	10.41819800	10.43184151	10.42469116	10.40729914	10.38250293	10.35328908	10.32269350	10.29204140	10.26582721	10.24979827	10.22619063	10.18423012	10.12509932	10.05203192	9.96142854	9.83578575	9.63033257	9.42269688	9.28899976	9.17738065	9.04011248	8.78524231	8.54574083	8.41575975	8.31529699	8.19876597	8.00195354	7.78771170	7.67372002	7.59666744	7.53109509	7.46436985	7.39038791	7.30743893	7.19066894	7.06175800	6.93331092	6.81071944
	9.20428194	9.33344290	9.56088607	9.80877556	9.93298431	10.01978759	10.09643018	10.17529562	10.25937604	10.34506788	10.42058993	10.47042867	10.48906539	10.48328718	10.46467849	10.43687656	10.40398101	10.36943922	10.33480071	10.30469414	10.28624825	10.26015901	10.21483732	10.15255144	10.07790601	9.98916654	9.87193649	9.69076531	9.46380081	9.31973480	9.20598259	9.07565140	8.84544109	8.57979139	8.44035530	8.33795277	8.22530883	8.04276178	7.81393633	7.69197969	7.61156854	7.54409774	7.47526286	7.39751789	7.30801438	7.18621177	7.05942113	6.93354396	6.81040520
	9.19860933	9.32544077	9.54779346	9.80368151	9.93002443	10.01732506	10.09396690	10.17296190	10.25819526	10.34641911	10.42593543	10.48016915	10.50255171	10.49873589	10.48045103	10.45212395	10.41850820	10.38325988	10.34797048	10.31697271	10.29811397	10.27203654	10.22653026	10.16387917	10.08910339	10.00167245	9.88899588	9.71912990	9.48828353	9.33693163	9.22148228	9.09568427	8.88503482	8.60490424	8.45733607	8.35318104	8.24376220	8.07347266	7.83580877	7.70610727	7.62247823	7.55338301	7.48302834	7.40256622	7.30804659	7.18257592	7.05815736	6.93469778	6.81092862
	9.20030055	9.33071209	9.56436231	9.81818988	9.94290130	10.02976083	10.10720741	10.18883339	10.27917495	10.37550189	10.46506745	10.52873562	10.55727896	10.55605891	10.53677315	10.50515125	10.46751821	10.42819202	10.38881715	10.35470471	10.33457513	10.30689907	10.25822344	10.19125825	10.11338346	10.02583436	9.91860685	9.76504478	9.53320484	9.36738771	9.24723068	9.12542383	8.93554385	8.64399913	8.48331964	8.37531428	8.26836577	8.10973502	7.86705496	7.72703583	7.63905790	7.56749614	7.49450129	7.40924006	7.30575243	7.17314260	7.05048359	6.92918995	6.80436192
	9.19359622	9.32171356	9.55022355	9.81154364	9.93880054	10.02610813	10.10311423	10.18401297	10.27390530	10.37069170	10.46199073	10.52839622	10.55958858	10.56027407	10.54195135	10.51034791	10.47239416	10.43285822	10.39334787	10.35940206	10.33977523	10.31290173	10.26449270	10.19696489	10.11875835	10.03182622	9.92752506	9.78125387	9.55269155	9.37930704	9.25685397	9.13800080	8.96218006	8.67006593	8.49939434	8.38871473	8.28427303	8.13661215	7.89459646	7.74414471	7.65220626	7.57892019	7.50485544	7.41787006	7.31071663	7.17564191	7.05313597	6.93277293	6.80711296
	9.18082277	9.30420110	9.52063813	9.79568588	9.92781702	10.01615636	10.09248752	10.17168930	10.25941274	10.35423675	10.44467995	10.51205327	10.54538158	10.54826421	10.53188465	10.50148706	10.46426797	10.42535859	10.38658034	10.35375906	10.33578016	10.31083641	10.26401576	10.19730794	10.11965207	10.03388096	9.93269704	9.79338581	9.57032301	9.38902607	9.26404755	9.14790065	8.98590016	8.70084635	8.51724052	8.40289890	8.30094564	8.16532119	7.93205103	7.76644552	7.66905681	7.59378549	7.51929019	7.43215651	7.32386036	7.18742857	7.06376297	6.94405346	6.81813062
	9.17841293	9.30213689	9.52026661	9.79703937	9.92964755	10.01812985	10.09449410	10.17390257	10.26184617	10.35735014	10.44872616	10.51676959	10.55045389	10.55334000	10.53638993	10.50499926	10.46695865	10.42754009	10.38867361	10.35699412	10.34088938	10.31708798	10.27055730	10.20324249	10.12481655	10.03914611	9.93958106	9.80464261	9.58574095	9.39682243	9.26949685	9.15436589	8.99894802	8.71923232	8.52740106	8.41059823	8.30923550	8.17837778	7.95118993	7.77782497	7.67747799	7.60096374	7.52564032	7.43746791	7.32721283	7.18892068	7.06481091	6.94490561	6.81782258
	9.17448943	9.29718129	9.51275458	9.79357920	9.92744843	10.01639126	10.09275254	10.17193835	10.25948570	10.35468847	10.44594922	10.51400386	10.54768285	10.55079372	10.53380220	10.50198718	10.46361874	10.42415903	10.38565836	10.35511629	10.34039660	10.31789530	10.27221919	10.20501846	10.12643429	10.04083245	9.94194396	9.80907528	9.59260530	9.40005817	9.27163182	9.15707668	9.00526876	8.73033466	8.53350155	8.41528618	8.31442265	8.18666677	7.96479908	7.78567376	7.68320766	7.60602639	7.53041476	7.44193480	7.33083895	7.19139801	7.06676601	6.94709585	6.81978916
	9.17687996	9.30118786	9.52189924	9.79994478	9.93258562	10.02126012	10.09773140	10.17729032	10.26527015	10.36110825	10.45291338	10.52104667	10.55417235	10.55651756	10.53849605	10.50531890	10.46594264	10.42593955	10.38741266	10.35803788	10.34463558	10.32293982	10.27723122	10.20942082	10.13014956	10.04428174	9.94592837	9.81466534	9.60077124	9.40430040	9.27471740	9.16060134	9.01131100	8.73987547	8.53887075	8.41941040	8.31858032	8.19221125	7.97345925	7.79087194	7.68703529	7.60935090	7.53321806	7.44387339	7.33129207	7.19038905	7.06525735	6.94515029	6.81676398
	9.17562033	9.29981643	9.52033681	9.79941088	9.93251335	10.02143970	10.09804697	10.17756721	10.26531983	10.36095521	10.45251839	10.52034272	10.55304573	10.55488202	10.53632162	10.50248690	10.46272772	10.42279493	10.38473657	10.35641892	10.34406667	10.32311428	10.27768227	10.20989861	10.13043735	10.04465152	9.94661812	9.81611563	9.60318015	9.40521039	9.27529062	9.16169745	9.01442896	8.74669406	8.54253420	8.42219961	8.32164578	8.19698258	7.98216876	7.79562847	7.69039315	7.61229761	7.53605586	7.44658941	7.33365335	7.19208715	7.06644170	6.94633659	6.81759367
	9.17591106	9.30061287	9.52274814	9.80139030	9.93434597	10.02341185	10.10021462	10.17976473	10.26726967	10.36261367	10.45376686	10.52080352	10.55271613	10.55385135	10.53443364	10.49959046	10.45911501	10.41901913	10.38133827	10.35466358	10.34401411	10.32386530	10.27885179	10.21094186	10.13113982	10.04506653	9.94692984	9.81682328	9.60482215	9.40567402	9.27564137	9.16273339	9.01722336	8.75288653	8.54613967	8.42510509	8.32480532	8.20140657	7.98937014	7.79999547	7.69370445	7.61534298	7.53904669	7.44938975	7.33599988	7.19352561	7.06697845	6.94650686	6.81705542
	9.17485117	9.29954272	9.52161770	9.80111720	9.93473218	10.02436971	10.10158840	10.18122669	10.26852324	10.36353333	10.45433753	10.52076866	10.55187151	10.55259297	10.53261087	10.49692726	10.45568693	10.41522268	10.37768848	10.35249411	10.34348392	10.32421234	10.27971229	10.21167720	10.13144622	10.04483857	9.94622005	9.81582795	9.60387779	9.40502726	9.27540691	9.16296484	9.01846854	8.75672958	8.54870528	8.42739734	8.32733372	8.20492496	7.99570416	7.80396371	7.69689153	7.61841399	7.54241385	7.45319394	7.34046246	7.19798715	7.06990081	6.94887323	6.81907589
	9.17702351	9.30286018	9.52835101	9.80519502	9.93807391	10.02781394	10.10538308	10.18521088	10.27250951	10.36735324	10.45776550	10.52330991	10.55285210	10.55275638	10.53198986	10.49521706	10.45303375	10.41202013	10.37434667	10.35045793	10.34285190	10.32441411	10.28015036	10.21193972	10.13130336	10.04415297	9.94474100	9.81342514	9.60030945	9.40315650	9.27440048	9.16213611	9.01727389	8.75555911	8.54870085	8.42777950	8.32764003	8.20472633	7.99514308	7.80431151	7.69758880	7.61925467	7.54355074	7.45467652	7.34264256	7.20081753	7.07121352	6.94913871	6.81866412
	9.17357324	9.29836408	9.52064669	9.80107660	9.93592454	10.02687568	10.10512648	10.18520328	10.27227766	10.36682431	10.45690580	10.52232292	10.55086755	10.55058153	10.52945107	10.49184885	10.44883409	10.40734866	10.36981979	10.34705050	10.34130544	10.32428601	10.28072604	10.21272655	10.13177791	10.04413962	9.94420382	9.81262500	9.59947554	9.40295728	9.27470670	9.16297987	9.01963287	8.76123980	8.55232597	8.43090437	8.33109173	8.20981044	8.00523006	7.80998985	7.70193421	7.62330603	7.54833205	7.46082423	7.35093063	7.21045698	7.07837981	6.95558769	6.82525507
	9.17219060	9.29697645	9.51895460	9.80008145	9.93558061	10.02724048	10.10594823	10.18626562	10.27310881	10.36720445	10.45646080	10.52085751	10.54795808	10.54696594	10.52485613	10.48621520	10.44238627	10.40061008	10.36356876	10.34223401	10.33861490	10.32318842	10.28053570	10.21305451	10.13205094	10.04403193	9.94357806	9.81155950	9.59778515	9.40198596	9.27422213	9.16290384	9.02026223	8.76345059	8.55385282	8.43237163	8.33263384	8.21182967	8.00946987	7.81246014	7.70384616	7.62490531	7.55010763	7.46302400	7.35379340	7.21374562	7.08027130	6.95682968	6.82615373
	9.16951348	9.29409244	9.51500074	9.79782669	9.93452716	10.02718582	10.10669686	10.18754730	10.27461462	10.36872041	10.45780800	10.52162129	10.54791502	10.54642320	10.52341460	10.48369166	10.43877565	10.39646208	10.35957618	10.33946126	10.33748377	10.32358232	10.28201848	10.21489955	10.13369597	10.04525068	9.94432422	9.81202917	9.59820075	9.40216523	9.27448633	9.16354185	9.02197752	8.76753748	8.55609629	8.43425083	8.33460740	8.21462401	8.01536467	7.81569051	7.70613659	7.62680748	7.55207805	7.46544502	7.35681832	7.21719672	7.08249336	6.95865506	6.82786111
	9.17212660	9.29890121	9.52559063	9.80440535	9.94000605	10.03302551	10.11366547	10.19593022	10.28470936	10.38069150	10.47161787	10.53607760	10.56249137	10.56048867	10.53588624	10.49389385	10.44674486	10.40281327	10.36502872	10.34538811	10.34410027	10.33093393	10.28941959	10.22159600	10.13942353	10.05010913	9.94846547	9.81587129	9.60294987	9.40522275	9.27679160	9.16549568	9.02396841	8.76998018	8.55747056	8.43522000	8.33504387	8.21429506	8.01415063	7.81517952	7.70575263	7.62613686	7.55093201	7.46385229	7.35449564	7.21379958	7.07885187	6.95450148	6.82308726
	9.17315897	9.30152613	9.53194251	9.80813385	9.94332900	10.03721069	10.11921087	10.20283006	10.29316862	10.39065881	10.48271353	10.54787017	10.57417623	10.57150470	10.54509821	10.50036334	10.45061447	10.40499154	10.36653499	10.34736063	10.34690720	10.33498500	10.29414128	10.22638950	10.14366532	10.05354606	9.95106620	9.81785572	9.60518252	9.40720204	9.27867147	9.16705736	9.02553651	8.77230947	8.55912688	8.43666528	8.33601959	8.21457664	8.01377554	7.81506969	7.70573118	7.62589562	7.55014706	7.46262201	7.35241957	7.21017963	7.07498987	6.95010452	6.81818826
	9.17439910	9.30459820	9.53929101	9.81195497	9.94644734	10.04112368	10.12448563	10.20942865	10.30123784	10.40030197	10.49308537	10.55898253	10.58463579	10.58092005	10.55232584	10.50445015	10.45166097	10.40414317	10.36506320	10.34633812	10.34681553	10.33620543	10.29646877	10.22925994	10.14626330	10.05536129	9.95185594	9.81760882	9.60416241	9.40719448	9.27895598	9.16701559	9.02493006	8.77159904	8.55917299	8.43682870	8.33564576	8.21293262	8.01001852	7.81305599	7.70428287	7.62436360	7.54798424	7.45965540	7.34807525	7.20346402	7.06841679	6.94302919	6.81065631
	9.17165879	9.30190755	9.53562594	9.80950640	9.94490514	10.04068333	10.12516131	10.21116777	10.30360252	10.40328521	10.49608222	10.56205739	10.58638642	10.58163398	10.55131231	10.50119332	10.44629097	10.39763178	10.35857404	10.34054815	10.34230354	10.33292493	10.29489312	10.22865054	10.14567082	10.05423404	9.94992428	9.81477477	9.59976535	9.40445911	9.27683119	9.16505701	9.02323342	8.77138779	8.55899539	8.43661943	8.33530031	8.21249291	8.01027407	7.81270190	7.70372370	7.62362745	7.54697591	7.45818239	7.34573447	7.19930321	7.06440588	6.93902832	6.80660839
	9.17506484	9.30834242	9.54946449	9.81683655	9.95062988	10.04674915	10.13259953	10.22050712	10.31524657	10.41727948	10.51210566	10.57920396	10.60292758	10.59697129	10.56366126	10.50969795	10.45131901	10.40036307	10.36039905	10.34245685	10.34482616	10.33568969	10.29824065	10.23175310	10.14807256	10.05563862	9.95011015	9.81370251	9.59714363	9.40293359	9.27543489	9.16312093	9.02000114	8.76712019	8.55668555	8.43457758	8.33239716	8.20741135	8.00116655	7.80737050	7.69956027	7.61940917	7.54182351	7.45123864	7.33603225	7.18623970	7.05277337	6.92726716	6.79383065
	9.17519879	9.31058793	9.55566477	9.81897890	9.95207368	10.04912251	10.13663750	10.22624575	10.32285095	10.42621903	10.52225814	10.58890418	10.61136532	10.60346910	10.56664624	10.50837621	10.44633218	10.39346306	10.35356557	10.33702039	10.34048237	10.33311923	10.29728478	10.23175882	10.14812007	10.05482168	9.94802765	9.81039584	9.59249737	9.40015602	9.27295765	9.16033248	9.01677461	8.76476203	8.55555202	8.43338382	8.33036486	8.20372093	7.99485621	7.80334816	7.69610249	7.61564514	7.53704449	7.44441549	7.32558668	7.17176951	7.03984934	6.91461539	6.77987896
	9.17510616	9.31235280	9.56063430	9.81990724	9.95213280	10.04970232	10.13851438	10.22928720	10.32673666	10.43063982	10.52673025	10.59196709	10.61301122	10.60316627	10.56308487	10.50138253	10.43672418	10.38258050	10.34315789	10.32793186	10.33249810	10.32689679	10.29245006	10.22841252	10.14519199	10.05126123	9.94336568	9.80418635	9.58422433	9.39511313	9.26866969	9.15569063	9.01114177	8.75896637	8.55262136	8.43082668	8.32691064	8.19809979	7.98573151	7.79794324	7.69164359	7.61095333	7.53123011	7.43627813	7.31331646	7.15653435	7.02638063	6.90133691	6.76483366
	9.17800904	9.31796282	9.57232931	9.82464625	9.95494466	10.05245820	10.14214748	10.23405752	10.33217509	10.43680026	10.53248485	10.59627668	10.61549844	10.60334069	10.56011040	10.49559600	10.42889040	10.37386385	10.33499408	10.32065471	10.32631581	10.32168228	10.28829466	10.22541313	10.14250793	10.04829681	9.93965978	9.79928999	9.57782612	9.39105582	9.26515282	9.15194330	9.00679082	8.75467624	8.55020385	8.42847634	8.32361599	8.19276297	7.97692417	7.79264589	7.68714411	7.60608524	7.52504770	7.42743673	7.29974999	7.14090611	7.01250369	6.88727376	6.74821411
	9.17898398	9.32132162	9.58009306	9.82695288	9.95577791	10.05355040	10.14431625	10.23735445	10.33607981	10.44115351	10.53581235	10.59767842	10.61415714	10.59895775	10.55248943	10.48528273	10.41688265	10.36132673	10.32368575	10.31072185	10.31792656	10.31444431	10.28285923	10.22137947	10.13891147	10.04462633	9.93522808	9.79402246	9.57136974	9.38646514	9.26088054	9.14746520	9.00216884	8.75145613	8.54815071	8.42617904	8.32034653	8.18786235	7.97000382	7.78807139	7.68286961	7.60116904	7.51861229	7.41800094	7.28446346	7.12418195	6.99758854	6.87223010	6.73015365
	9.18192698	9.32882767	9.59685265	9.83258117	9.95887408	10.05664497	10.14884807	10.24376002	10.34495988	10.45249656	10.54879286	10.61056885	10.62472238	10.60591074	10.55459826	10.48285390	10.41079173	10.35332660	10.31567884	10.30344054	10.31153839	10.30848365	10.27787333	10.21656427	10.13415002	10.03934087	9.92881410	9.78675626	9.56309107	9.38050365	9.25494098	9.14058605	8.99377203	8.74319035	8.54358593	8.42157529	8.31387767	8.17763614	7.95489899	7.77886108	7.67475502	7.59210400	7.50684398	7.40088401	7.25536763	7.09833465	6.97449908	6.84829162	6.70072227
	9.18423327	9.33539389	9.61242327	9.83788645	9.96183555	10.05927512	10.15257328	10.24902271	10.35261440	10.46250735	10.56090580	10.62287842	10.63500814	10.61305579	10.55768993	10.48221950	10.40705873	10.34804964	10.31003990	10.29794163	10.30641599	10.30399969	10.27391724	10.21257199	10.13040039	10.03518031	9.92427470	9.78215297	9.55811646	9.37641650	9.25063323	9.13574145	8.98857168	8.73933874	8.54113529	8.41859813	8.30947518	8.17086844	7.94553181	7.77255191	7.66869499	7.58497164	7.49725827	7.38645591	7.22959940	7.07758044	6.95565826	6.82825382	6.67486111
	9.18573287	9.33983182	9.62374632	9.84157024	9.96374517	10.06063216	10.15422928	10.25148751	10.35634504	10.46774167	10.56758769	10.62980865	10.64011917	10.61772939	10.56000679	10.48226343	10.40512679	10.34505997	10.30649586	10.29402016	10.30252672	10.30059505	10.27089744	10.20979430	10.12772579	10.03235263	9.92146395	9.77946435	9.55533038	9.37390658	9.24788505	9.13269984	8.98560285	8.73772471	8.53995470	8.41688803	8.30685552	8.16698942	7.94045491	7.76892430	7.66497898	7.58039892	7.49090096	7.37651526	7.21264217	7.06390941	6.94299636	6.81447971	6.65628494
	9.18681161	9.34471199	9.63733191	9.84570026	9.96572075	10.06184448	10.15566179	10.25404601	10.36059110	10.47440680	10.57665041	10.63884787	10.64628743	10.62560956	10.56507331	10.48437421	10.40469739	10.34309081	10.30349383	10.29003586	10.29822471	10.29677311	10.26744197	10.20652985	10.12418019	10.02853377	9.91764394	9.77575324	9.55135450	9.37006744	9.24369158	9.12818979	8.98140357	8.73573327	8.53826480	8.41443763	8.30332038	8.16217106	7.93499608	7.76462837	7.66027410	7.57444178	7.48251399	7.36317577	7.19098042	7.04613745	6.92644242	6.79638902	6.63045768
	9.19221417	9.35319041	9.65352096	9.85173297	9.97005248	10.06553401	10.15913050	10.25744515	10.36429103	10.47839445	10.58059567	10.64052679	10.64754938	10.62888972	10.56720242	10.48559363	10.40517531	10.34336226	10.30340971	10.28960528	10.29733269	10.29536491	10.26559291	10.20442403	10.12196292	10.02619859	9.91485634	9.77178635	9.54572508	9.36617395	9.24032921	9.12451198	8.97636678	8.72901201	8.53413510	8.41070713	8.29871061	8.15511909	7.92551291	7.75897141	7.65564566	7.56959426	7.47640990	7.35448598	7.18008604	7.03800880	6.91866187	6.78724790	6.61643869
	9.19355823	9.35670547	9.66140391	9.85449852	9.97173521	10.06687429	10.16062305	10.25960136	10.36740003	10.48296650	10.58653435	10.64621458	10.65193065	10.63510876	10.57179385	10.48864162	10.40687247	10.34413913	10.30348066	10.28904493	10.29644066	10.29445187	10.26460430	10.20330375	10.12051760	10.02450923	9.91302453	9.76973966	9.54339121	9.36409181	9.23812373	9.12203869	8.97363488	8.72685928	8.53261059	8.40892879	8.29626051	8.15153218	7.92148723	7.75609867	7.65278432	7.56615448	7.47170007	7.34719640	7.16944945	7.02936854	6.91052510	6.77818105	6.60286872
	9.19532261	9.36270686	9.67679892	9.86045647	9.97571785	10.07006471	10.16387544	10.26422408	10.37450421	10.49399013	10.60225239	10.65610327	10.66144351	10.64814384	10.59046971	10.50416342	10.41954284	10.35432035	10.31155911	10.29471565	10.30036087	10.29758210	10.26686978	10.20452930	10.12047793	10.02387038	9.91220701	9.76931332	9.54273990	9.36218205	9.23552208	9.11929617	8.97176355	8.72730281	8.53220362	8.40753546	8.29402594	8.14872663	7.91841305	7.75320317	7.64914267	7.56120671	7.46438138	7.33484209	7.15180622	7.01477873	6.89677871	6.76262741	6.57428465
	9.19935799	9.37114333	9.68842985	9.86716016	9.98077430	10.07455870	10.16863396	10.27003448	10.38215965	10.50431308	10.61563645	10.66356369	10.66900715	10.65619252	10.60532089	10.51654280	10.42967593	10.36274880	10.31848709	10.30012950	10.30446295	10.30085048	10.26918420	10.20587811	10.12086750	10.02363763	9.91154377	9.76832790	9.54092164	9.35999586	9.23298033	9.11639365	8.96852698	8.72441750	8.52996690	8.40484803	8.29028860	8.14313584	7.91189569	7.74863339	7.64464512	7.55579552	7.45684804	7.32287352	7.13775738	7.00344948	6.88581537	6.74967193	6.55064547
	9.20392426	9.37956313	9.69892334	9.87335773	9.98550072	10.07877876	10.17289240	10.27486090	10.38807439	10.51178715	10.62482276	10.66850973	10.67404342	10.66157534	10.61528983	10.52480868	10.43638274	10.36828785	10.32289874	10.30346289	10.30675045	10.30240059	10.27004367	10.20617365	10.12060594	10.02296128	9.91038808	9.76648437	9.53780993	9.35730232	9.23034590	9.11354745	8.96519236	8.72071801	8.52733233	8.40202555	8.28654337	8.13750515	7.90491824	7.74398498	7.64034221	7.55081978	7.45005148	7.31221195	7.12611039	6.99415704	6.87669667	6.73861376	6.53164915
	9.20619219	9.38547313	9.70676249	9.87846027	9.98920041	10.08187175	10.17585827	10.27840920	10.39299408	10.51870083	10.63425086	10.67408153	10.67995143	10.66774529	10.62805529	10.53579653	10.44510247	10.37507364	10.32789616	10.30676132	10.30859292	10.30365909	10.27088134	10.20660385	10.12047616	10.02222391	9.90913054	9.76463273	9.53441742	9.35368934	9.22660293	9.10972558	8.96145268	8.71764948	8.52465335	8.39891833	8.28265411	8.13243957	7.89947872	7.73981163	7.63607146	7.54564210	7.44283473	7.30052654	7.11324265	6.98348956	6.86637248	6.72646205	6.51167181
	9.20859263	9.39108033	9.71341436	9.88297761	9.99255486	10.08466353	10.17851808	10.28145132	10.39709547	10.52431691	10.64056089	10.67844922	10.68462623	10.67261252	10.63690582	10.54471500	10.45224462	10.38063290	10.33191873	10.30926690	10.30975108	10.30428571	10.27108635	10.20655540	10.12004554	10.02131942	9.90771080	9.76247606	9.53072922	9.35019641	9.22315365	9.10623824	8.95799089	8.71460514	8.52210602	8.39602254	8.27903064	8.12764584	7.89436558	7.73594507	7.63216397	7.54091725	7.43619965	7.28938924	7.10236494	6.97438532	6.85738913	6.71559169	6.49550012
	9.20884184	9.39561562	9.72130596	9.88909062	9.99765163	10.08937525	10.18346459	10.28774481	10.40637379	10.53826098	10.65246721	10.68905675	10.69582737	10.68446012	10.65291500	10.57111545	10.47537048	10.40066331	10.34902976	10.32326004	10.32085972	10.31349123	10.27863636	10.21235728	10.12426677	10.02442710	9.91057520	9.76590282	9.53350859	9.34927098	9.22087589	9.10386776	8.95691880	8.71612087	8.52152400	8.39397685	8.27605242	8.12419279	7.89075158	7.73233088	7.62780198	7.53512912	7.42758767	7.27357885	7.08705411	6.96142164	6.84481536	6.70058949	6.47281252
	9.21402450	9.40607983	9.73213027	9.89673077	10.00397881	10.09537486	10.18981122	10.29505400	10.41566051	10.55034260	10.66075489	10.69640402	10.70337213	10.69211733	10.66212908	10.58637503	10.48838936	10.41190650	10.35855846	10.33097427	10.32681979	10.31805720	10.28189562	10.21444970	10.12545859	10.02475060	9.91012235	9.76439983	9.53021148	9.34574308	9.21711509	9.09965234	8.95187440	8.71064678	8.51729815	8.38931625	8.26991907	8.11506312	7.88082472	7.72540010	7.62128073	7.52751044	7.41700785	7.25442697	7.07271682	6.94955381	6.83264435	6.68505648	6.45282135
	9.21937651	9.41582813	9.74130252	9.90324227	10.00950181	10.10063957	10.19534720	10.30121253	10.42305270	10.55944209	10.66615421	10.70136403	10.70840646	10.69716547	10.66701934	10.59666955	10.49755202	10.42023083	10.36594822	10.33713209	10.33168688	10.32164789	10.28428584	10.21589885	10.12626215	10.02505747	9.90984558	9.76320888	9.52743121	9.34326504	9.21466344	9.09688863	8.94834939	8.70630466	8.51411976	8.38587137	8.26525424	8.10774723	7.87264225	7.71981529	7.61610572	7.52142073	7.40837332	7.23823686	7.06218828	6.94077769	6.82327256	6.67239066	6.43823018
	9.22021889	9.41933215	9.74594226	9.90712450	10.01306790	10.10414814	10.19912135	10.30576971	10.42922727	10.56817198	10.67202709	10.70718586	10.71444836	10.70349947	10.67390876	10.61176643	10.51150729	10.43298216	10.37741571	10.34688418	10.33963461	10.32801415	10.28924155	10.21950257	10.12885886	10.02695621	9.91141316	9.76465800	9.52783711	9.34202541	9.21288311	9.09502181	8.94677108	8.70530393	8.51259057	8.38373768	8.26246936	8.10403941	7.86873733	7.71653450	7.61262619	7.51706593	7.40200314	7.22565967	7.05345486	6.93333096	6.81567936	6.66254902	6.42626531
	9.22341838	9.42537486	9.75148789	9.91129787	10.01671424	10.10759845	10.20271736	10.30966193	10.43378148	10.57362841	10.67512461	10.71002448	10.71734063	10.70637569	10.67677978	10.61729519	10.51696451	10.43804928	10.38191267	10.35046079	10.34214522	10.32956444	10.29005502	10.21973353	10.12874916	10.02638180	9.91007072	9.76194524	9.52293312	9.33804585	9.20925078	9.09120531	8.94206717	8.69934210	8.50826584	8.37953470	8.25742710	8.09681375	7.86114139	7.71117819	7.60771269	7.51147682	7.39431272	7.21276372	7.04498114	6.92617666	6.80802971	6.65211585	6.41566282
	9.22969002	9.43859532	9.76415921	9.92128356	10.02555832	10.11607668	10.21152101	10.31964101	10.44607126	10.58919819	10.68443171	10.71880831	10.72619773	10.71538699	10.68616611	10.63543528	10.53525926	10.45501842	10.39721096	10.36313934	10.35198400	10.33694558	10.29560059	10.22367031	10.13151229	10.02802853	9.91053293	9.76061937	9.51785556	9.33245712	9.20357216	9.08541563	8.93615851	8.69309333	8.50251061	8.37293048	8.24903081	8.08497481	7.84902875	7.70172867	7.59822683	7.49988116	7.37736376	7.18515170	7.02570523	6.90934716	6.78985976	6.62651328	6.39069855
	9.23430305	9.44686158	9.77075061	9.92620442	10.02987826	10.12033193	10.21603467	10.32471194	10.45210393	10.59632190	10.68826513	10.72220397	10.72951321	10.71866522	10.68931925	10.64112522	10.54075750	10.45993169	10.40141350	10.36645007	10.35439592	10.33853034	10.29658181	10.22422336	10.13172024	10.02774735	9.90931922	9.75776359	9.51314064	9.32885119	9.20024292	9.08167761	8.93113240	8.68676220	8.49796458	8.36841151	8.24329568	8.07620235	7.84065848	7.69584031	7.59281189	7.49364062	7.36863763	7.17261301	7.01738181	6.90211051	6.78173255	6.61408073	6.38092005
	9.23647094	9.45196159	9.77648712	9.93166709	10.03512240	10.12553312	10.22134164	10.33065505	10.45936372	10.60556598	10.69396303	10.72790013	10.73535721	10.72485465	10.69610625	10.65065381	10.55628734	10.47451989	10.41478116	10.37778297	10.36326810	10.34509159	10.30168647	10.22808248	10.13474788	10.02986730	9.91053144	9.75763321	9.51053796	9.32555970	9.19682983	9.07831665	8.92802929	8.68378135	8.49466061	8.36443701	8.23834209	8.06954971	7.83385424	7.69012348	7.58689550	7.48638325	7.35788038	7.15671973	7.00578587	6.89181944	6.77058664	6.59436768	6.36727465
	9.23919236	9.45775396	9.78224024	9.93719992	10.04060826	10.13110703	10.22727553	10.33741621	10.46762229	10.61575530	10.69990407	10.73356812	10.74103919	10.73070767	10.70243041	10.65863988	10.57113022	10.48892542	10.42843159	10.38981917	10.37300258	10.35245475	10.30720351	10.23206333	10.13767572	10.03187861	9.91158409	9.75731196	9.50778195	9.32230557	9.19351497	9.07496502	8.92461254	8.67994124	8.49087266	8.36015811	8.23305036	8.06218954	7.82662749	7.68417437	7.58082599	7.47894579	7.34679376	7.14195350	6.99493325	6.88204828	6.75971666	6.57296404	6.35468109
	9.24156207	9.46294346	9.78777761	9.94296515	10.04651923	10.13721044	10.23389172	10.34500183	10.47691673	10.62725597	10.70663598	10.74001244	10.74749268	10.73733738	10.70964981	10.66667446	10.58884819	10.50633749	10.44523236	10.40492589	10.38542723	10.36200699	10.31440428	10.23729086	10.14154462	10.03466587	9.91337236	9.75779843	9.50562420	9.31918591	9.19024419	9.07174386	8.92159528	8.67659330	8.48716945	8.35586755	8.22782435	8.05515101	7.81951089	7.67811696	7.57454173	7.47119718	7.33516757	7.12672859	6.98356442	6.87177240	6.74832948	6.54959682	6.34154845
	9.24292137	9.46507507	9.78915503	9.94392172	10.04734038	10.13800048	10.23470876	10.34585751	10.47781103	10.62806880	10.70690716	10.74014200	10.74755650	10.73734394	10.70954835	10.66644446	10.58831553	10.50592409	10.44492892	10.40471559	10.38528111	10.36186435	10.31425743	10.23715663	10.14144892	10.03455077	9.91312902	9.75730826	9.50500097	9.31890056	9.19001206	9.07139250	8.92096595	8.67570377	8.48662025	8.35530956	8.22698310	8.05361941	7.81815064	7.67720581	7.57369586	7.47014070	7.33351351	7.12514970	6.98251037	6.87074131	6.74691417	6.54708790	6.34033217
	9.24841380	9.47498397	9.79764488	9.95222076	10.05586449	10.14703351	10.24452532	10.35716115	10.49140923	10.64235644	10.71568884	10.74821231	10.75542224	10.74524072	10.71782544	10.67550138	10.60786654	10.52570533	10.46447100	10.42288475	10.40087834	10.37434050	10.32387702	10.24446873	10.14696708	10.03848350	9.91536806	9.75738092	9.50212742	9.31546387	9.18627072	9.06717400	8.91610021	8.66978033	8.48107626	8.34906789	8.21887597	8.04149627	7.80681162	7.66809673	7.56447503	7.45868317	7.31598493	7.10536611	6.96791799	6.85722400	6.73102546	6.51842419	6.32435029
	9.24981519	9.47758420	9.80046986	9.95567293	10.05971771	10.15133718	10.24919440	10.36256149	10.49792167	10.64852740	10.72010702	10.75239728	10.75956835	10.74947684	10.72238161	10.68063038	10.61922858	10.53725293	10.47601105	10.43376691	10.41035239	10.38207179	10.32993534	10.24916753	10.15051971	10.04104491	9.91698275	9.75791166	9.50101985	9.31377856	9.18435940	9.06508624	8.91395207	8.66717171	8.47840825	8.34605879	8.21511817	8.03620056	7.80166477	7.66376843	7.56001079	7.45309170	7.30732066	7.09572483	6.96067285	6.85052509	6.72323349	6.50493893	6.31664370
	9.25434442	9.48450258	9.80653493	9.96210049	10.06648323	10.15840793	10.25651415	10.37047327	10.50662831	10.65449336	10.72526079	10.75708093	10.76410360	10.75420391	10.72771732	10.68693981	10.63327012	10.55289164	10.49202664	10.44902369	10.42324354	10.39193749	10.33696437	10.25400617	10.15378296	10.04299702	9.91739825	9.75626095	9.49753431	9.31116851	9.18181010	9.06208035	8.91037092	8.66285715	8.47465401	8.34173585	8.20914918	8.02671167	7.79305555	7.65684634	7.55287464	7.44378574	7.29212595	7.08085255	6.94948309	6.83973422	6.70961994	6.48367752	6.30462928
	9.25842217	9.49083613	9.81234149	9.96941536	10.07505937	10.16820338	10.26766316	10.38366693	10.52237978	10.66634735	10.73556973	10.76644247	10.77292023	10.76291205	10.73688929	10.69701409	10.64981752	10.57587225	10.51569523	10.47224769	10.44439597	10.40991089	10.35113064	10.26486776	10.16166450	10.04832268	9.92015952	9.75619084	9.49467865	9.30794858	9.17800324	9.05729411	8.90437189	8.65497489	8.46795331	8.33465372	8.20008956	8.01314487	7.78102321	7.64715515	7.54310984	7.43146660	7.27110726	7.06295872	6.93600500	6.82692197	6.69360842	6.46063363	6.29143487
	9.26093399	9.49364928	9.81496128	9.97317082	10.07955402	10.17320840	10.27302883	10.38938341	10.52842028	10.67048205	10.73916618	10.76954003	10.77564798	10.76539164	10.73945156	10.69974400	10.65301335	10.58262649	10.52331297	10.48019252	10.45181445	10.41622203	10.35595353	10.26851157	10.16409110	10.04946067	9.91968196	9.75374273	9.49104073	9.30523691	9.17500450	9.05333542	8.89912572	8.64863484	8.46329020	8.32980838	8.19360774	8.00256487	7.77281062	7.64088512	7.53692315	7.42359645	7.25560833	7.05241918	6.92807238	6.81907264	6.68309147	6.44668133	6.28371573
	9.26560765	9.49920725	9.81958329	9.97985113	10.08784213	10.18268235	10.28375206	10.40158672	10.54257206	10.68093131	10.74832231	10.77786794	10.78345154	10.77287051	10.74717130	10.70811693	10.66242483	10.60198015	10.54375523	10.50100851	10.47148734	10.43346131	10.36977288	10.27907474	10.17171768	10.05444851	9.92225290	9.75425947	9.49075212	9.30453230	9.17325039	9.05012237	8.89444694	8.64283189	8.45857445	8.32441925	8.18586503	7.98819771	7.76272514	7.63293265	7.52888905	7.41312090	7.23356008	7.03887457	6.91769734	6.80866238	6.66879350	6.42935685	6.27393683
	9.26667716	9.49901312	9.82021780	9.98284177	10.09233294	10.18811362	10.28996174	10.40862581	10.55058394	10.68694774	10.75380297	10.78295605	10.78827696	10.77753698	10.75205838	10.71351298	10.66854509	10.61438184	10.55714832	10.51485263	10.48469024	10.44514588	10.37916024	10.28621860	10.17673036	10.05753581	9.92361371	9.75423438	9.48998496	9.30348911	9.17154868	9.04753497	8.89107253	8.63876907	8.45532360	8.32090868	8.18117752	7.97950062	7.75693300	7.62824479	7.52415039	7.40696961	7.22081094	7.03096100	6.91155938	6.80256650	6.66043699	6.41960027	6.26834457
	9.27478125	9.51044421	9.82775082	9.99024973	10.10041837	10.19699965	10.29980638	10.41951651	10.56262586	10.69506556	10.76018862	10.78830821	10.79291879	10.78164339	10.75578504	10.71711195	10.67235859	10.62243647	10.56662409	10.52545643	10.49552143	10.45521608	10.38753696	10.29286986	10.18171026	10.06099179	9.92570658	9.75545803	9.49143585	9.30450248	9.17175001	9.04668181	8.88936764	8.63691595	8.45354585	8.31809548	8.17603684	7.96762974	7.74987820	7.62253330	7.51792215	7.39797558	7.20278128	7.02027512	6.90313682	6.79336334	6.64641856	6.40508893	6.25966704
	9.27824626	9.51414946	9.83021791	9.99499441	10.10715000	10.20535104	10.30966594	10.43104959	10.57622026	10.70461595	10.76810912	10.79530303	10.79927451	10.78748540	10.76135946	10.72269119	10.67832928	10.63239831	10.58034103	10.54058802	10.51142783	10.47073990	10.40122352	10.30401177	10.19008782	10.06687522	9.92973630	9.75883089	9.49481791	9.30580015	9.17150647	9.04508967	8.88697249	8.63410367	8.45082545	8.31451618	8.17059664	7.95717164	7.74313314	7.61697238	7.51210837	7.39005776	7.18844327	7.01129328	6.89611054	6.78605170	6.63557011	6.39454542	6.25352455
	9.27737793	9.50966813	9.82667149	9.99551069	10.11054442	10.21061129	10.31651532	10.43960954	10.58707395	10.71225602	10.77464285	10.80124275	10.80487019	10.79273443	10.76647949	10.72814982	10.68453445	10.64221395	10.59428946	10.55610913	10.52786103	10.48699605	10.41527020	10.31467622	10.19734013	10.07143197	9.93277227	9.76228862	9.49956742	9.30829097	9.17244972	9.04497732	8.88695651	8.63532364	8.45169218	8.31473044	8.17021872	7.95600618	7.74245193	7.61665386	7.51198865	7.38973265	7.18657986	7.01011383	6.89553558	6.78557498	6.63394130	6.39264266	6.25337738
	9.28159564	9.51573299	9.83060248	9.99934358	10.11475190	10.21530063	10.32181676	10.44565839	10.59406290	10.71673131	10.77799766	10.80402767	10.80732759	10.79498720	10.76860283	10.73029122	10.68693315	10.64656181	10.59963978	10.56188662	10.53383021	10.49274061	10.42017229	10.31857587	10.20021972	10.07345151	9.93428006	9.76398767	9.50227707	9.31014455	9.17346953	9.04522946	8.88682982	8.63561858	8.45166907	8.31380171	8.16774241	7.95017164	7.73924058	7.61410869	7.50909384	7.38524327	7.17866301	7.00550846	6.89180009	6.78108219	6.62639938	6.38638816	6.24964081
	9.28569441	9.52097582	9.83336482	10.00279394	10.11937071	10.22096892	10.32845974	10.45353884	10.60346261	10.72241718	10.78209884	10.80730936	10.81002133	10.79720049	10.77042570	10.73183937	10.68840453	10.64900922	10.60339725	10.56668690	10.53952131	10.49895591	10.42592912	10.32306072	10.20330779	10.07513901	9.93509067	9.76479440	9.50408659	9.31115566	9.17339579	9.04390012	8.88456064	8.63366956	8.45019871	8.31138726	8.16319871	7.94092664	7.73428832	7.61043459	7.50523262	7.37956332	7.16925559	7.00034278	6.88783772	6.77633703	6.61766941	6.38003581	6.24619854
	9.29076182	9.52794583	9.83722720	10.00732069	10.12520550	10.22804084	10.33672811	10.46341965	10.61527023	10.72955353	10.78731688	10.81147858	10.81350985	10.80012879	10.77288735	10.73396608	10.69037790	10.65178166	10.60780979	10.57197194	10.54575354	10.50586196	10.43249634	10.32837259	10.20707982	10.07728390	9.93628047	9.76613012	9.50688226	9.31270410	9.17337440	9.04215367	8.88153614	8.63103927	8.44802772	8.30775732	8.15642322	7.92802223	7.72725200	7.60502842	7.49938968	7.37093418	7.15632680	6.99305493	6.88197939	6.76913137	6.60157765	6.37144253	6.24120430
	9.28764417	9.52009078	9.83108582	10.00509588	10.12578900	10.23026993	10.34000246	10.46767763	10.62043993	10.73281784	10.79006656	10.81391155	10.81564318	10.80191766	10.77439796	10.73536930	10.69163225	10.65304490	10.61061766	10.57579172	10.55106364	10.51291821	10.44030623	10.33513942	10.21205796	10.08043285	9.93863796	9.76956781	9.51242877	9.31560632	9.17432045	9.04172267	8.88105195	8.63197321	8.44842078	8.30704986	8.15436752	7.92439369	7.72523254	7.60350842	7.49785077	7.36862246	7.15282066	6.99123404	6.88078943	6.76776562	6.59719361	6.36998542	6.24123905
	9.28974219	9.52258152	9.83216641	10.00670236	10.12829145	10.23355128	10.34404929	10.47258865	10.62633290	10.73626339	10.79270475	10.81606220	10.81747761	10.80346588	10.77565819	10.73646744	10.69260896	10.65394567	10.61239786	10.57790625	10.55377405	10.51649964	10.44440350	10.33897460	10.21519879	10.08283620	9.94082662	9.77255890	9.51708142	9.31839899	9.17580695	9.04232507	8.88153764	8.63334758	8.44903315	8.30653589	8.15223545	7.92004561	7.72278361	7.60145503	7.49537128	7.36457195	7.14682040	6.98787998	6.87805297	6.76429176	6.58840464	6.36604868	6.23902399
	9.29356240	9.52748362	9.83470590	10.00992250	10.13285299	10.23952467	10.35138176	10.48157845	10.63697777	10.74272761	10.79786675	10.82040474	10.82124324	10.80674378	10.77854348	10.73914852	10.69516636	10.65653584	10.61722161	10.58326331	10.55998477	10.52392202	10.45242817	10.34637489	10.22131742	10.08774781	9.94547329	9.77879847	9.52659235	9.32404190	9.17902665	9.04410062	8.88331861	8.63670466	8.45068049	8.30618452	8.14923017	7.91400623	7.71926309	7.59841650	7.49155161	7.35806678	7.13802167	6.98288405	6.87388153	6.75877355	6.57418120	6.36035570	6.23574194
	9.29389835	9.52706894	9.83368287	10.01008818	10.13423939	10.24200674	10.35486964	10.48618774	10.64256483	10.74652257	10.80115722	10.82330833	10.82381428	10.80901431	10.78055129	10.74103832	10.69693992	10.65825215	10.62042599	10.58694012	10.56435162	10.52943432	10.45862627	10.35230786	10.22635625	10.09197703	9.94965084	9.78427901	9.53454451	9.32858850	9.18190595	9.04640992	8.88630307	8.64119071	8.45347221	8.30800440	8.15051718	7.91550749	7.72006675	7.59897078	7.49193607	7.35803657	7.13749916	6.98281455	6.87402705	6.75885719	6.57298164	6.36043279	6.23640501
	9.29206621	9.52409449	9.83096615	10.00905770	10.13473898	10.24378841	10.35781052	10.49058250	10.64807906	10.75073012	10.80501776	10.82686826	10.82707630	10.81198413	10.78335993	10.74372036	10.69955998	10.66078725	10.62491704	10.59166566	10.56960704	10.53570889	10.46542760	10.35862904	10.23152461	10.09610503	9.95347435	9.78906807	9.54131765	9.33186571	9.18347127	9.04729288	8.88745429	8.64318917	8.45451854	8.30837667	8.15045340	7.91554953	7.72002729	7.59892380	7.49192399	7.35789844	7.13734272	6.98301569	6.87450482	6.75956501	6.57430105	6.36156283	6.23778180
	9.29584292	9.52968578	9.83398005	10.01190099	10.13841227	10.24835496	10.36334973	10.49737907	10.65469232	10.75530062	10.80861511	10.82982029	10.82945573	10.81388400	10.78495020	10.74490964	10.70059265	10.66165117	10.62652080	10.59364473	10.57221313	10.53952322	10.47029165	10.36382042	10.23632480	10.10048292	9.95814177	9.79555863	9.55187308	9.33811102	9.18741722	9.05027162	8.89097574	8.64877199	8.45773931	8.30962298	8.14958395	7.91287441	7.71843109	7.59737480	7.48951939	7.35299995	7.13106040	6.97950605	6.87143746	6.75509790	6.56328263	6.35724276	6.23515932
	9.29833386	9.53358244	9.83607593	10.01373132	10.14070707	10.25117720	10.36662876	10.50113773	10.65786509	10.75725802	10.80990209	10.83061838	10.82978191	10.81381606	10.78452973	10.74408970	10.69943890	10.66027066	10.62409825	10.59139670	10.57034133	10.53860943	10.47045061	10.36477733	10.23745832	10.10157774	9.95950749	9.79812691	9.55712813	9.34108110	9.18883066	9.05075689	8.89139247	8.65025543	8.45823906	8.30850554	8.14606140	7.90656149	7.71481218	7.59429547	7.48561884	7.34629651	7.12297504	6.97486763	6.86733072	6.74936806	6.54996051	6.35176048	6.23152110
	9.29948607	9.53646614	9.83724282	10.01536236	10.14373516	10.25574057	10.37288666	10.50940882	10.66572207	10.76313248	10.81469573	10.83453857	10.83291331	10.81625307	10.78633941	10.74542858	10.70028856	10.66085275	10.62476030	10.59243568	10.57190082	10.54157646	10.47491963	10.36978065	10.24189916	10.10535650	9.96360395	9.80448088	9.56915772	9.34700365	9.19147482	9.05193509	8.89297484	8.65406274	8.45969211	8.30717900	8.14128390	7.89872335	7.71035781	7.59042735	7.48066455	7.33755423	7.11343329	6.96957670	6.86263987	6.74254049	6.53543269	6.34616368	6.22803784
	9.30303913	9.54293530	9.84104858	10.01865649	10.14774271	10.26088962	10.37953464	10.51811971	10.67380892	10.76928867	10.81975868	10.83883118	10.83662297	10.81947277	10.78918799	10.74815318	10.70293456	10.66359439	10.62928713	10.59722254	10.57699226	10.54730883	10.48115164	10.37571693	10.24703046	10.10989027	9.96845532	9.81126589	9.58144744	9.35361046	9.19534395	9.05478835	8.89653521	8.66019930	8.46293093	8.30793737	8.13944918	7.89512540	7.70828401	7.58839622	7.47751792	7.33117287	7.10694178	6.96585514	6.85906866	6.73691959	6.52475877	6.34180357	6.22506418
	9.30904293	9.55483991	9.84836041	10.02462376	10.15424833	10.26892982	10.38991720	10.53180622	10.68610213	10.77879164	10.82757210	10.84550906	10.84240011	10.82448932	10.79358620	10.75219748	10.70683859	10.66741132	10.63549875	10.60357861	10.58345254	10.55439119	10.48875954	10.38299588	10.25353256	10.11575963	9.97476422	9.81980133	9.59725264	9.36146456	9.19968591	9.05791529	8.90056127	8.66733108	8.46621016	8.30787611	8.13572735	7.88885407	7.70454534	7.58479789	7.47238591	7.32136228	7.09769885	6.96040534	6.85378926	6.72870765	6.51068016	6.33582976	6.22080538
	9.30675213	9.55535149	9.84798515	10.02505303	10.15637317	10.27295335	10.39609004	10.54045615	10.69404370	10.78553076	10.83360363	10.85075454	10.84672456	10.82781810	10.79603578	10.75385709	10.70762227	10.66700161	10.63322502	10.60118080	10.58066820	10.55343645	10.49103736	10.38784359	10.25954230	10.12230127	9.98279294	9.83197677	9.62355675	9.37337074	9.20570886	9.06244321	8.90756512	8.68088814	8.47244142	8.30871093	8.13173352	7.88188806	7.70023248	7.58031032	7.46591383	7.30853317	7.08649100	6.95385969	6.84740644	6.71863291	6.49520769	6.32975812	6.21675170
	9.30283480	9.55141141	9.84582684	10.02379985	10.15605503	10.27339215	10.39723837	10.54224630	10.69593993	10.78756887	10.83581442	10.85288350	10.84862932	10.82934921	10.79727510	10.75470503	10.70794786	10.66649073	10.63099754	10.59846298	10.57724822	10.55057109	10.49004648	10.38872035	10.26153475	10.12492964	9.98627746	9.83737639	9.63680359	9.37876948	9.20817453	9.06430038	8.91069642	8.68723048	8.47486916	8.30847806	8.12923372	7.87793550	7.69743891	7.57741745	7.46195959	7.30125375	7.08056067	6.95018953	6.84380127	6.71318434	6.48795411	6.32674521	6.21463543
	9.30756927	9.56033230	9.85162727	10.02826623	10.16025714	10.27784370	10.40214691	10.54771538	10.70024491	10.79111257	10.83897437	10.85567675	10.85114057	10.83162941	10.79938238	10.75665048	10.70967888	10.66773120	10.63229553	10.59845984	10.57631919	10.54948525	10.49000452	10.39010135	10.26413336	10.12851907	9.99114219	9.84444785	9.65433632	9.38814573	9.21432114	9.06976428	8.91763872	8.70019616	8.48167182	8.31157934	8.12933890	7.87618944	7.69579285	7.57512005	7.45762996	7.29166394	7.07320110	6.94520170	6.83825057	6.70392266	6.47633871	6.32092728	6.20977518
	9.30360062	9.55915304	9.85224364	10.02997265	10.16290533	10.28165336	10.40721818	10.55451643	10.70666729	10.79750105	10.84535575	10.86193806	10.85714873	10.83729943	10.80490015	10.76208229	10.71473484	10.67202996	10.63709173	10.60207231	10.57843195	10.55157978	10.49391301	10.39601489	10.27136175	10.13641370	10.00015875	9.85606424	9.67875814	9.40030890	9.22048770	9.07476968	8.92466166	8.71424386	8.48714529	8.31220732	8.12642073	7.87109280	7.69132907	7.57015834	7.45039749	7.27780337	7.06359594	6.93870772	6.83146952	6.69332448	6.46475881	6.31536065	6.20531437
	9.30141630	9.56115538	9.85501813	10.03319665	10.16672966	10.28616920	10.41249723	10.56087456	10.71198401	10.80246488	10.85000017	10.86626842	10.86108694	10.84083445	10.80809987	10.76495347	10.71710341	10.67347274	10.63649260	10.60103332	10.57584066	10.54877391	10.49278608	10.39749232	10.27501268	10.14172332	10.00709624	9.86541801	9.69360714	9.41014428	9.22519096	9.07883120	8.93081766	8.72736955	8.49132245	8.31161132	8.12229743	7.86435826	7.68509477	7.56333948	7.44090411	7.25806643	7.05196539	6.93037786	6.82266097	6.67984286	6.45111055	6.30807785	6.19916072
	9.30406757	9.56552142	9.85748587	10.03465765	10.16742747	10.28583645	10.41053619	10.55628824	10.70680953	10.79747243	10.84512108	10.86148309	10.85636754	10.83611218	10.80337146	10.76009920	10.71204729	10.66801127	10.62850109	10.59152579	10.56576019	10.53860792	10.48372115	10.39067970	10.27076384	10.13969686	10.00699753	9.86719454	9.69786771	9.41530484	9.22888138	9.08244740	8.93555933	8.73833608	8.49697026	8.31444355	8.12295798	7.86349205	7.68364814	7.56110157	7.43650306	7.24642734	7.04590412	6.92572462	6.81701766	6.67006103	6.44165284	6.30246823	6.19391567
	9.29798638	9.56076070	9.85630236	10.03503152	10.16857730	10.28674615	10.41044787	10.55433098	10.70441027	10.79584224	10.84409169	10.86084075	10.85595660	10.83557085	10.80272402	10.75924620	10.71077634	10.66574388	10.62311831	10.58508926	10.55786383	10.53074091	10.47819113	10.38871681	10.27211338	10.14351057	10.01280120	9.87521005	9.70952148	9.42456160	9.23307373	9.08619604	8.94122538	8.75161054	8.50009755	8.31338827	8.11942273	7.85714245	7.67640118	7.55297020	7.42613285	7.22741425	7.03540638	6.91768246	6.80874976	6.65863532	6.43207175	6.29695910	6.18937876
	9.30239786	9.56819745	9.86076177	10.03835823	10.17128247	10.28877628	10.41148275	10.55383602	10.70266374	10.79381920	10.84192178	10.85860864	10.85368971	10.83332982	10.80056106	10.75720106	10.70881093	10.66372069	10.61980495	10.58155798	10.55392312	10.52658695	10.47449258	10.38617627	10.27106337	10.14384733	10.01445541	9.87822374	9.71447573	9.43073832	9.23727085	9.09006431	8.94583685	8.76247786	8.50499935	8.31556867	8.11964099	7.85550804	7.67403300	7.54975096	7.42084849	7.21688620	7.02952510	6.91286167	6.80296646	6.64921040	6.42415076	6.29186348	6.18445774
	9.30572165	9.57369322	9.86400316	10.04081054	10.17332324	10.29044751	10.41260342	10.55411730	10.70202538	10.79289531	10.84082487	10.85742309	10.85244400	10.83212655	10.79944324	10.75621589	10.70794423	10.66289480	10.61853358	10.58011376	10.55222461	10.52468372	10.47268548	10.38487169	10.27050301	10.14402872	10.01539524	9.87997514	9.71737476	9.43453667	9.23982480	9.09233904	8.94845737	8.76885967	8.50772734	8.31652176	8.11911051	7.85361180	7.67197797	7.54719313	7.41679847	7.20933110	7.02528492	6.90936353	6.79873942	6.64228912	6.41856740	6.28819173	6.18084697
	9.30841862	9.57780544	9.86625764	10.04235638	10.17456311	10.29165984	10.41396050	10.55572939	10.70321038	10.79338243	10.84089298	10.85726939	10.85218778	10.83184404	10.79917064	10.75598078	10.70780276	10.66286271	10.61863045	10.58024272	10.55237105	10.52469287	10.47240267	10.38430085	10.26976609	10.14326754	10.01470513	9.87936364	9.71681831	9.43452863	9.24013365	9.09260370	8.94859288	8.76922291	8.50831112	8.31688741	8.11895675	7.85328157	7.67198400	7.54716295	7.41624871	7.20792583	7.02459663	6.90878254	6.79776434	6.64012476	6.41697894	6.28708858	6.17961447
	9.30858961	9.57850071	9.86669974	10.04277725	10.17485600	10.29164623	10.41331215	10.55403614	10.70111067	10.79146128	10.83908440	10.85554142	10.85051071	10.83023484	10.79763024	10.75449103	10.70631244	10.66128658	10.61610476	10.57756192	10.54946296	10.52170211	10.46968785	10.38224758	10.26844794	10.14261241	10.01463104	9.87985482	9.71801110	9.43566255	9.24057983	9.09296010	8.94919847	8.77123599	8.50833301	8.31581386	8.11666909	7.84984133	7.66897272	7.54391219	7.41176115	7.20091147	7.02058928	6.90549369	6.79392680	6.63404375	6.41259192	6.28415573	6.17673064
	9.30669902	9.57637749	9.86567814	10.04231134	10.17441176	10.29064800	10.41098893	10.54952669	10.69619436	10.78756099	10.83579788	10.85262327	10.84778759	10.82767831	10.79521202	10.75217157	10.70394711	10.65868663	10.61181957	10.57294169	10.54440815	10.51660516	10.46535325	10.37936805	10.26707380	10.14247387	10.01550763	9.88174405	9.72124464	9.43843518	9.24158060	9.09377158	8.95060560	8.77548914	8.50832720	8.31386170	8.11293927	7.84409331	7.66356730	7.53805111	7.40410466	7.18928106	7.01384408	6.89996889	6.78776003	6.62482787	6.40588714	6.27972864	6.17253185
	9.30659783	9.57561134	9.86507830	10.04200437	10.17404371	10.28976280	10.40898059	10.54561587	10.69148821	10.78378470	10.83254280	10.84964237	10.84496650	10.82494744	10.79256924	10.74963862	10.70146892	10.65594204	10.60808444	10.56910870	10.54031802	10.51232909	10.46138814	10.37630217	10.26508443	10.14149521	10.01535862	9.88232263	9.72254137	9.43946418	9.24193690	9.09421164	8.95152152	8.77862010	8.50818158	8.31221059	8.10973969	7.83895131	7.65871958	7.53273373	7.39698391	7.17913380	7.00772385	6.89482852	6.78189992	6.61509741	6.39968585	6.27543731	6.16832796
	9.30694211	9.57528298	9.86460086	10.04177258	10.17370751	10.28881068	10.40674451	10.54117962	10.68598846	10.77924373	10.82853331	10.84588883	10.84137036	10.82141548	10.78911169	10.74627532	10.69815726	10.65229859	10.60317707	10.56414586	10.53506598	10.50681075	10.45612953	10.37202395	10.26202865	10.13964990	10.01450836	9.88227064	9.72314077	9.43962932	9.24174516	9.09424093	8.95207525	8.78119104	8.50736572	8.30973962	8.10534667	7.83221963	7.65256622	7.52604870	7.38798908	7.16661665	7.00013426	6.88842260	6.77452292	6.60241854	6.39198458	6.27003677	6.16296261
	9.30523876	9.57243837	9.86294296	10.04054939	10.17242727	10.28696663	10.40372673	10.53620984	10.68081288	10.77492405	10.82474829	10.84240493	10.83804483	10.81815376	10.78588888	10.74303068	10.69479919	10.64862024	10.59765331	10.55861576	10.52939311	10.50120887	10.45120132	10.36830551	10.25958899	10.13828653	10.01400766	9.88247651	9.72403768	9.44013294	9.24174506	9.09440856	8.95276476	8.78376019	8.50730151	8.30858515	8.10326213	7.82885070	7.64916724	7.52223580	7.38290441	7.15986539	6.99598328	6.88488046	6.77045880	6.59492411	6.38805717	6.26730819	6.16028369
	9.30426086	9.57089921	9.86216716	10.03987799	10.17164082	10.28585075	10.40200006	10.53351065	10.67813108	10.77267355	10.82277600	10.84059984	10.83632237	10.81646490	10.78421424	10.74132674	10.69301091	10.64662809	10.59471438	10.55572339	10.52649367	10.49842713	10.44883595	10.36658444	10.25851914	10.13773723	10.01387688	9.88268788	9.72462005	9.44063021	9.24193459	9.09464658	8.95324723	8.78531258	8.50770369	8.30856413	8.10301989	7.82825377	7.64836417	7.52123135	7.38150019	7.15809652	6.99487573	6.88390467	6.76929659	6.59243708	6.38702465	6.26659866	6.15958279
	9.30392961	9.57015773	9.86183901	10.03951259	10.17115324	10.28509036	10.40076707	10.53153521	10.67598385	10.77101897	10.82139066	10.83934803	10.83513652	10.81531399	10.78308939	10.74023626	10.69191960	10.64524352	10.59319016	10.55423237	10.52498965	10.49690426	10.44742507	10.36544645	10.25771239	10.13723745	10.01362031	9.88261329	9.72466137	9.44046139	9.24171123	9.09448973	8.95321774	8.78559397	8.50753331	8.30813328	8.10227268	7.82718435	7.64736151	7.52007829	7.37984594	7.15608339	6.99361953	6.88278916	6.76789984	6.58975548	6.38569260	6.26563037	6.15856693
	9.30573481	9.57281738	9.86269404	10.04033906	10.17223103	10.28637579	10.40219498	10.53297550	10.67640382	10.77030108	10.81996665	10.83752479	10.83311347	10.81322566	10.78108149	10.73832182	10.69013955	10.64348792	10.59035709	10.55096934	10.52119530	10.49247541	10.44246225	10.36033702	10.25288292	10.13295232	10.01003182	9.87961178	9.72185744	9.43745693	9.23988256	9.09293147	8.95169108	8.78303875	8.50550174	8.30516577	8.09695334	7.82054640	7.64248928	7.51494195	7.37190409	7.14561785	6.98744184	6.87739729	6.76074215	6.57418190	6.37806948	6.26006267	6.15244138
	9.30440642	9.57029165	9.86029922	10.03843636	10.17057960	10.28451017	10.39962300	10.52907255	10.67141260	10.76502282	10.81445426	10.83182594	10.82733268	10.80743260	10.77530082	10.73252654	10.68429907	10.63537292	10.58158554	10.54191232	10.51162445	10.48228977	10.43198245	10.35020629	10.24367681	10.12488120	10.00307522	9.87335883	9.71537642	9.42931705	9.23449853	9.08851638	8.94756020	8.77492157	8.50005298	8.29930897	8.08850205	7.81079871	7.63531508	7.50745963	7.36071432	7.13214004	6.97933126	6.87018848	6.75109209	6.55481838	6.36851235	6.25296533	6.14452314
	9.30045140	9.56340442	9.85565130	10.03470214	10.16704493	10.28049463	10.39444750	10.52194652	10.66377607	10.75828645	10.80819197	10.82575112	10.82137108	10.80152679	10.76934366	10.72647274	10.67805351	10.62602901	10.57233395	10.53266877	10.50216955	10.47260130	10.42244679	10.34135423	10.23588344	10.11815347	9.99721849	9.86791793	9.70945672	9.42129551	9.22901674	9.08411104	8.94356878	8.76676947	8.49465158	8.29417506	8.08211088	7.80374605	7.62995217	7.50189404	7.35279716	7.12347330	6.97394259	6.86532172	6.74466203	6.54325073	6.36271597	6.24857421	6.13960067
	9.30182947	9.56608686	9.85715269	10.03570821	10.16784935	10.28131162	10.39540328	10.52310512	10.66449666	10.75840826	10.80793797	10.82525019	10.82076667	10.80083976	10.76859374	10.72566464	10.67719963	10.62479822	10.57111676	10.53142008	10.50090961	10.47119814	10.42081295	10.33948855	10.23398089	10.11629092	9.99547721	9.86616419	9.70749658	9.41901477	9.22748345	9.08266726	8.94191425	8.76305003	8.49258379	8.29217252	8.07924976	7.80099521	7.62832534	7.50031714	7.35021908	7.12039304	6.97221386	6.86376664	6.74234814	6.53844021	6.36039162	6.24679819	6.13747268
	9.29706504	9.55718947	9.85114377	10.03090653	10.16324198	10.27604971	10.38856377	10.51350813	10.65395541	10.74867358	10.79861940	10.81615960	10.81175507	10.79186709	10.75946230	10.71631060	10.66749188	10.61014272	10.55662424	10.51694358	10.48610206	10.45608796	10.40604480	10.32592413	10.22222542	10.10637056	9.98715221	9.85855399	9.69950792	9.40880890	9.22063493	9.07722211	8.93704075	8.75363639	8.48598121	8.28552359	8.07063074	7.79149870	7.62075927	7.49214320	7.33822104	7.10809217	6.96431508	6.85639810	6.73242018	6.52244995	6.35211527	6.24031972	6.12998734
	9.29743774	9.55802529	9.85173395	10.03121970	10.16339286	10.27612951	10.38859188	10.51347688	10.65389884	10.74839028	10.79820447	10.81566496	10.81120936	10.79129522	10.75885465	10.71567060	10.66684198	10.60918894	10.55570011	10.51606562	10.48524205	10.45521040	10.40512946	10.32498549	10.22131808	10.10552547	9.98637615	9.85781176	9.69874232	9.40794036	9.22004429	9.07666986	8.93642966	8.75238561	8.48541003	8.28503128	8.06993767	7.79106787	7.62069027	7.49212129	7.33799150	7.10775337	6.96421843	6.85629547	6.73207447	6.52147898	6.35169538	6.24000666	6.12955095
	9.29830346	9.55971245	9.85271939	10.03162922	10.16343126	10.27578845	10.38781282	10.51193117	10.65144078	10.74536730	10.79476523	10.81207032	10.80749552	10.78751991	10.75494297	10.71161150	10.66260390	10.60275027	10.54931328	10.50948413	10.47844631	10.44813864	10.39800297	10.31823460	10.21536229	10.10053138	9.98229427	9.85402597	9.69477350	9.40323260	9.21688915	9.07400001	8.93377611	8.74691814	8.48152392	8.28066952	8.06356734	7.78438263	7.61555075	7.48633306	7.32875535	7.09921114	6.95865085	6.85082775	6.72416778	6.51007945	6.34559930	6.23500602	6.12338189
	9.29638634	9.55565812	9.84938109	10.02888096	10.16074379	10.27259627	10.38368445	10.50606873	10.64368209	10.73840101	10.78798209	10.80546300	10.80097543	10.78104910	10.74840307	10.70487561	10.65533963	10.59213031	10.53887745	10.49884139	10.46752616	10.43697303	10.38708826	10.30827623	10.20683580	10.09352309	9.97668357	9.84886161	9.68928384	9.39665841	9.21261322	9.07066414	8.93078605	8.74084533	8.47657504	8.27506473	8.05570340	7.77510728	7.60763789	7.47736134	7.31520344	7.08677940	6.95021461	6.84267191	6.71313428	6.49504012	6.33732136	6.22821044	6.11527398
	9.29452585	9.55160090	9.84586886	10.02613289	10.15823142	10.26986501	10.38041811	10.50175723	10.63774606	10.73358357	10.78350888	10.80120837	10.79687727	10.77704116	10.74443528	10.70078969	10.65067149	10.58576444	10.53267815	10.49257047	10.46116348	10.43054483	10.38088577	10.30270112	10.20208609	10.08962149	9.97355140	9.84593519	9.68604495	9.39303985	9.21037064	9.06900248	8.92936356	8.73790085	8.47391677	8.27201417	8.05146523	7.76975425	7.60278846	7.47178094	7.30687720	7.07949520	6.94509680	6.83770522	6.70659535	6.48692398	6.33265658	6.22429890	6.11060704
	9.29746672	9.55793389	9.85023855	10.02872334	10.15997296	10.27132149	10.38174921	10.50305032	10.63863012	10.73332058	10.78248336	10.79980477	10.79528496	10.77533562	10.74261639	10.69885185	10.64811603	10.58276806	10.52969272	10.48952972	10.45811132	10.42729859	10.37736945	10.29906580	10.19861239	10.08654272	9.97075568	9.84325877	9.68260255	9.38995530	9.20813803	9.06678498	8.92679770	8.73272555	8.47078951	8.26863124	8.04628450	7.76588394	7.60057865	7.46917967	7.30169984	7.07555069	6.94275025	6.83507254	6.70172041	6.48050056	6.32923685	6.22129842	6.10632192
	9.29392692	9.55211592	9.84625931	10.02503562	10.15596695	10.26646431	10.37535669	10.49415789	10.62759045	10.72461229	10.77462420	10.79241648	10.78818027	10.76833278	10.73552187	10.69146452	10.63844468	10.57152241	10.51894891	10.47893544	10.44751956	10.41682403	10.36740647	10.29022951	10.19116178	10.08035694	9.96556782	9.83820906	9.67349853	9.38257743	9.20297457	9.06262235	8.92298921	8.72511359	8.46508095	8.26294242	8.03930450	7.75894015	7.59472030	7.46249232	7.29162180	7.06776151	6.93728269	6.82950400	6.69377012	6.47174004	6.32415498	6.21691421	6.10076007
	9.29453821	9.55351715	9.84684583	10.02505203	10.15565054	10.26599689	10.37467123	10.49306983	10.62571053	10.72269338	10.77246207	10.79013728	10.78587595	10.76603294	10.73321400	10.68904363	10.63550317	10.56763713	10.51516684	10.47512903	10.44369400	10.41290353	10.36341643	10.28637105	10.18761127	10.07722625	9.96282102	9.83552149	9.66954996	9.37930893	9.20074833	9.06064537	8.92091285	8.72099505	8.46219274	8.25976077	8.03468257	7.75464169	7.59144855	7.45862770	7.28510609	7.06268738	6.93385369	6.82591475	6.68821903	6.46516463	6.32039739	6.21362024	6.09637430
	9.29397017	9.55292207	9.84578316	10.02355975	10.15373833	10.26367472	10.37169624	10.48905362	10.61976140	10.71715893	10.76690592	10.78456944	10.78025359	10.76027731	10.72723673	10.68272828	10.62614991	10.55884541	10.50690709	10.46718885	10.43597015	10.40529018	10.35595284	10.27931236	10.18119162	10.07158657	9.95779425	9.83053734	9.66037156	9.37328902	9.19666042	9.05709111	8.91722899	8.71361887	8.45777806	8.25578655	8.02972126	7.75055389	7.58869284	7.45552396	7.27881871	7.05896233	6.93139316	6.82322413	6.68373461	6.46010853	6.31751561	6.21103547	6.09276040
	9.29176500	9.54848524	9.84158114	10.01946907	10.14934984	10.25841166	10.36488089	10.47954503	10.60609764	10.70511737	10.75515935	10.77305872	10.76880757	10.74871976	10.71535097	10.66971120	10.60756155	10.54161781	10.49057843	10.45125435	10.42027913	10.38978331	10.34100820	10.26571137	10.16935213	10.06175589	9.94947327	9.82255531	9.64334323	9.36363158	9.19007274	9.05159843	8.91188743	8.70322831	8.45011057	8.24803405	8.01980250	7.74070700	7.58026289	7.44540125	7.26026065	7.04769419	6.92314062	6.81440740	6.67063918	6.44736810	6.30975360	6.20398911	6.08336350
	9.29216010	9.54993618	9.84231379	10.01948826	10.14890221	10.25754564	10.36354747	10.47744387	10.60307537	10.70196422	10.75172156	10.76948210	10.76511134	10.74490201	10.71135477	10.66516719	10.60126343	10.53555745	10.48475780	10.44549663	10.41457100	10.38403613	10.33525800	10.26023865	10.16437044	10.05743373	9.94564410	9.81880075	9.63481278	9.35893566	9.18668471	9.04856079	8.90874137	8.69717359	8.44607966	8.24389837	8.01431703	7.73640336	7.57707992	7.44148131	7.25243573	7.04329542	6.92003740	6.81081250	6.66452845	6.44154603	6.30628899	6.20074349	6.07867723
	9.29551217	9.55833757	9.84823734	10.02358806	10.15235135	10.26120306	10.36807902	10.48345913	10.61122701	10.70749618	10.75581234	10.77268161	10.76778293	10.74725711	10.71351324	10.66754209	10.60393018	10.53757166	10.48647762	10.44697036	10.41594263	10.38500595	10.33537728	10.25933121	10.16259737	10.05508065	9.94289661	9.81573059	9.62798981	9.35532755	9.18380231	9.04545837	8.90502783	8.69046108	8.44283833	8.24068026	8.00925319	7.73513024	7.57753843	7.44175228	7.25083614	7.04327300	6.92042025	6.81045116	6.66172340	6.43898570	6.30493031	6.19916433	6.07546366
	9.29584055	9.56117945	9.85017958	10.02427008	10.15243483	10.26097758	10.36777819	10.48306143	10.61044847	10.70587962	10.75328960	10.76958969	10.76432411	10.74349116	10.70942465	10.66322577	10.59692153	10.53080870	10.47992136	10.44040962	10.40943686	10.37829288	10.32823556	10.25193207	10.15525328	10.04809474	9.93617519	9.80878949	9.61288543	9.34703035	9.17758481	9.03954999	8.89863375	8.67869130	8.43597510	8.23408595	7.99967740	7.73041708	7.57500940	7.43843503	7.24264640	7.03981268	6.91813890	6.80708904	6.65434464	6.43281576	6.30128409	6.19541588	6.06920337
	9.29398605	9.55879455	9.84848169	10.02225360	10.15004443	10.25801833	10.36394908	10.47780096	10.60312346	10.69992662	10.74728767	10.76353444	10.75824404	10.73732911	10.70303979	10.65637624	10.58654836	10.52112769	10.47067366	10.43129599	10.40039015	10.36918943	10.31919898	10.24337628	10.14745627	10.04118528	9.92989591	9.80246201	9.59970935	9.33950401	9.17205416	9.03459349	8.89359326	8.66985259	8.43006915	8.22819080	7.99065957	7.72518987	7.57099312	7.43326766	7.23229790	7.03463979	6.91427658	6.80230384	6.64583749	6.42618582	6.29713685	6.19127209	6.06283570
	9.29064274	9.55292349	9.84398551	10.01843463	10.14640062	10.25386135	10.35868661	10.47059196	10.59290666	10.69126005	10.73887065	10.75530445	10.75002729	10.72893743	10.69429488	10.64637130	10.57297420	10.50854715	10.45860578	10.41945587	10.38861199	10.35744809	10.30787773	10.23306170	10.13842644	10.03376703	9.92326300	9.79571774	9.58474331	9.33054218	9.16544452	9.02882894	8.88802086	8.65863547	8.42150993	8.21975227	7.97784734	7.71571367	7.56229522	7.42237274	7.21416544	7.02456907	6.90626256	6.79322218	6.63176290	6.41588877	6.29028914	6.18461498	6.05345601
	9.29102376	9.55328471	9.84374249	10.01793297	10.14580097	10.25328907	10.35820968	10.47010355	10.59211004	10.68989587	10.73689091	10.75294055	10.74744068	10.72627454	10.69153680	10.64342386	10.56862204	10.50454612	10.45483061	10.41575926	10.38495212	10.35357369	10.30359751	10.22848745	10.13385388	10.02943634	9.91908156	9.79143965	9.57648115	9.32632175	9.16234079	9.02579227	8.88466160	8.65306469	8.41800068	8.21593647	7.97045047	7.71237161	7.55994449	7.41917023	7.20749777	7.02131830	6.90383609	6.79008812	6.62581812	6.41147412	6.28742861	6.18159952	6.04864522
	9.29290764	9.56003988	9.84814686	10.02072119	10.14789170	10.25542938	10.36077878	10.47348901	10.59628106	10.69204252	10.73723596	10.75218881	10.74599386	10.72436135	10.68920625	10.64108165	10.56364700	10.49926691	10.44914167	10.40956178	10.37834158	10.34605956	10.29496096	10.21909019	10.12437037	10.02032156	9.90994415	9.78156595	9.55639524	9.31428282	9.15288246	9.01658577	8.87456978	8.63592278	8.40632515	8.20349510	7.94934736	7.70231090	7.55194203	7.40775442	7.18821791	7.01147058	6.89585075	6.77901684	6.60257733	6.39846902	6.27862450	6.17190943	6.03255874
	9.29204786	9.56135766	9.84908011	10.02183285	10.14921565	10.25708948	10.36278518	10.47584504	10.59869484	10.69257971	10.73655130	10.75085900	10.74423067	10.72245681	10.68714799	10.63779057	10.55942689	10.49427157	10.44311153	10.40252598	10.37039049	10.33715688	10.28543753	10.20985036	10.11618365	10.01371019	9.90389065	9.77552665	9.54416309	9.30593254	9.14603463	9.01002093	8.86761569	8.62320392	8.39591453	8.19166864	7.93003629	7.68996431	7.53962293	7.38978913	7.16230412	6.99661882	6.88297100	6.76218498	6.56978733	6.38213546	6.26702189	6.15922901	6.00996834
	9.29174848	9.56175021	9.84903636	10.02131238	10.14818040	10.25570263	10.36099945	10.47345811	10.59531080	10.68909266	10.73242379	10.74625637	10.73933042	10.71734518	10.68168709	10.62833799	10.55041487	10.48543431	10.43430092	10.39353058	10.36120612	10.32756932	10.27554755	10.20022271	10.10731431	10.00575013	9.89643188	9.76771723	9.52980025	9.29738225	9.13953109	9.00398029	8.86117993	8.61324189	8.38865625	8.18359589	7.91781774	7.68326738	7.53314409	7.37950635	7.14874545	6.98891379	6.87596994	6.75203776	6.55030332	6.37300391	6.26029887	6.15127236	5.98964707
	9.29207214	9.56262767	9.84892577	10.02062171	10.14693350	10.25399660	10.35875312	10.47040759	10.59065840	10.68433522	10.72685263	10.74013796	10.73290805	10.71077302	10.67477581	10.61665024	10.53913940	10.47455000	10.42350142	10.38255578	10.34997362	10.31575971	10.26331378	10.18825701	10.09626692	9.99570201	9.88699636	9.75766648	9.51171980	9.28674875	9.13144591	8.99641837	8.85302487	8.60070625	8.37924874	8.17287014	7.90214479	7.67429792	7.52397267	7.36451657	7.13106486	6.97831066	6.86580438	6.73701340	6.52601922	6.36091742	6.25091296	6.13973852	5.95879610
	9.29230192	9.56380268	9.84949316	10.02102032	10.14724661	10.25424686	10.35900627	10.47058849	10.59040648	10.68350573	10.72556690	10.73864554	10.73132012	10.70920108	10.67309946	10.61373861	10.53579307	10.47091618	10.41938483	10.37794801	10.34487822	10.31012274	10.25734632	10.18241055	10.09107220	9.99112462	9.88282116	9.75312356	9.50324620	9.28103593	9.12680218	8.99203472	8.84834920	8.59298003	8.37244722	8.16463467	7.89079305	7.66670460	7.51534663	7.35040144	7.11629772	6.96884328	6.85630255	6.72301208	6.50693474	6.35087638	6.24279315	6.12959175	5.93513392
	9.29519423	9.56939906	9.85274133	10.02349567	10.14934609	10.25627533	10.36119235	10.47303700	10.59295051	10.68463641	10.72609315	10.73890440	10.73151274	10.70931102	10.67305452	10.61305638	10.53482211	10.46953379	10.41734873	10.37525326	10.34151635	10.30591008	10.25245263	10.17740268	10.08659672	9.98700555	9.87881111	9.74828700	9.49392557	9.27480958	9.12175804	8.98719647	8.84303015	8.58405504	8.36438769	8.15478095	7.87745405	7.65747968	7.50443743	7.33232535	7.09934940	6.95756261	6.84465085	6.70559862	6.48624163	6.33943421	6.23317080	6.11721805	5.91019265
	9.29807991	9.57392203	9.85540891	10.02546806	10.15082859	10.25747486	10.36227043	10.47412061	10.59354527	10.68415912	10.72503960	10.73749684	10.72991147	10.70743677	10.67075084	10.60845093	10.53005255	10.46432001	10.41131821	10.36838380	10.33368656	10.29694819	10.24280333	10.16808503	10.07832219	9.97943963	9.87118423	9.73891078	9.47666684	9.26398112	9.11348528	8.97950459	8.83483520	8.57064755	8.35302255	8.14202857	7.86143323	7.64563223	7.48935556	7.30662211	7.07781841	6.94235064	6.82797191	6.67993398	6.46018506	6.32422435	6.21972658	6.09924122	5.87969053
	9.29640968	9.57080521	9.85354449	10.02383500	10.14895667	10.25512568	10.35919326	10.47008274	10.58801190	10.67979351	10.72091027	10.73358609	10.72605626	10.70346772	10.66644501	10.60094978	10.52284880	10.45706390	10.40363143	10.36018205	10.32488850	10.28768327	10.23367814	10.15977837	10.07131315	9.97330440	9.86525880	9.73204872	9.46494493	9.25660914	9.10794517	8.97459116	8.82976990	8.56254413	8.34634734	8.13512838	7.85356422	7.63925208	7.48048795	7.29093888	7.06613241	6.93365254	6.81789302	6.66396282	6.44624109	6.31571248	6.21186888	6.08827308	5.86398543
	9.29601203	9.57036502	9.85339950	10.02369433	10.14861631	10.25454683	10.35834236	10.46898783	10.58640618	10.67837405	10.71948168	10.73223096	10.72472913	10.70207338	10.66479451	10.59789717	10.51955489	10.45331200	10.39923904	10.35509240	10.31904517	10.28117066	10.22704262	10.15366112	10.06607996	9.96875469	9.86080734	9.72669331	9.45593437	9.25098540	9.10376612	8.97086934	8.82593635	8.55638152	8.34095693	8.12924196	7.84692369	7.63341474	7.47168493	7.27410870	7.05497752	6.92498359	6.80731477	6.64663007	6.43271361	6.30717532	6.20363898	6.07629719	5.84881486
	9.30008720	9.57744085	9.85763562	10.02689476	10.15117390	10.25692180	10.36084476	10.47184210	10.58967766	10.68044579	10.72111443	10.73374339	10.72612631	10.70330476	10.66568461	10.59859543	10.51934752	10.45222597	10.39712814	10.35200799	10.31494765	10.27597660	10.22122721	10.14794547	10.06067454	9.96372687	9.85541519	9.71956096	9.44433756	9.24358227	9.09785839	8.96497033	8.81919405	8.54577553	8.33132741	8.11789814	7.83384476	7.62253488	7.45669124	7.24513635	7.03846768	6.91173502	6.79098095	6.61927264	6.41433571	6.29494183	6.19127881	6.05777554	5.82860745
	9.30124283	9.57958862	9.85902042	10.02774786	10.15155095	10.25699651	10.36072508	10.47156636	10.58908853	10.67958329	10.72000019	10.73248896	10.72471748	10.70163011	10.66355363	10.59450227	10.51509488	10.44766807	10.39207465	10.34641635	10.30868745	10.26908593	10.21411641	10.14118591	10.05445644	9.95789314	9.84910908	9.71134661	9.43167057	9.23548783	9.09149310	8.95879691	8.81220252	8.53523965	8.32231901	8.10812275	7.82288449	7.61319343	7.44374984	7.22162895	7.02575809	6.90105989	6.77727736	6.59402378	6.40064944	6.28541201	6.18119230	6.04199919	5.81399183
	9.30141485	9.58035858	9.85986194	10.02856987	10.15231777	10.25768632	10.36139711	10.47227521	10.58972175	10.67981778	10.72005536	10.73242365	10.72451621	10.70124018	10.66285471	10.59289127	10.51318574	10.44531833	10.38919132	10.34298108	10.30456641	10.26449239	10.20949209	10.13702135	10.05085384	9.95465573	9.84553619	9.70633973	9.42372568	9.23036543	9.08756400	8.95510025	8.80799484	8.52840389	8.31643158	8.10218798	7.81619707	7.60642950	7.43363987	7.20448914	7.01601678	6.89252342	6.76623224	6.57389569	6.39040180	6.27807073	6.17336197	6.02978792	5.80366710
	9.30012336	9.57878309	9.85979809	10.02920124	10.15328514	10.25878071	10.36253889	10.47347339	10.59094630	10.68061649	10.72074929	10.73303803	10.72493825	10.70146510	10.66277030	10.59228723	10.51225038	10.44384815	10.38714692	10.34025009	10.30104950	10.26056239	10.20577320	10.13405133	10.04859035	9.95278705	9.84331403	9.70268747	9.41793683	9.22689925	9.08521390	8.95306173	8.80547248	8.52398056	8.31327469	8.10051272	7.81407936	7.60242116	7.42641138	7.19283797	7.00869234	6.88566844	6.75738636	6.55904271	6.38275537	6.27235068	6.16734916	6.02079893	5.79684173
	9.29945285	9.57803916	9.85981522	10.02934980	10.15322083	10.25827437	10.36135417	10.47131601	10.58746034	10.67748857	10.71753595	10.72967968	10.72134881	10.69749969	10.65819610	10.58476026	10.50503337	10.43661816	10.37980943	10.33254536	10.29286684	10.25218005	10.19785863	10.12715579	10.04272039	9.94749028	9.83756735	9.69490922	9.40702951	9.22002008	9.07990842	8.94796965	8.79755082	8.51478010	8.30584475	8.09378422	7.80629689	7.59385626	7.41350325	7.17481052	6.99751184	6.87519882	6.74355245	6.53824882	6.37169478	6.26382220	6.15786365	6.00188938	5.78643847
	9.29902988	9.57710840	9.85890583	10.02788367	10.15081881	10.25464183	10.35598556	10.46345590	10.57617982	10.66767588	10.70785439	10.71986007	10.71122217	10.68676577	10.64461109	10.56719916	10.48903146	10.42170107	10.36565118	10.31870777	10.27915167	10.23867314	10.18520314	10.11582684	10.03283107	9.93830094	9.82773882	9.68022602	9.39079302	9.20964097	9.07169041	8.93994510	8.78098886	8.50169260	8.29529213	8.08361511	7.79475220	7.58241905	7.39713208	7.15395445	6.98447449	6.86281594	6.72683852	6.51538623	6.35925187	6.25396452	6.14643692	5.97619540	5.77458920
	9.29982073	9.57788467	9.85897186	10.02686016	10.14837848	10.25045688	10.34956774	10.45392044	10.56241243	10.65550797	10.69571162	10.70756718	10.69855749	10.67333412	10.62527151	10.54609635	10.46982832	10.40387917	10.34874348	10.30234960	10.26298429	10.22280699	10.17034259	10.10243868	10.02108467	9.92723948	9.81578616	9.65586874	9.37248895	9.19795773	9.06223760	8.93042710	8.75788452	8.48639129	8.28269764	8.07098605	7.78002357	7.56777626	7.37603496	7.12953010	6.96858457	6.84710555	6.70503101	6.48882379	6.34413589	6.24150864	6.13147662	5.94397203	5.76043590
	9.29987033	9.57784270	9.85929036	10.02691139	10.14779187	10.24895280	10.34691911	10.44970991	10.55620649	10.64961931	10.69016074	10.70201539	10.69284862	10.66722413	10.61524587	10.53706505	10.46153901	10.39604594	10.34118717	10.29481854	10.25534910	10.21519700	10.16327108	10.09613942	10.01563153	9.92204886	9.80984508	9.63871663	9.36372151	9.19252940	9.05788108	8.92589075	8.74572820	8.47879663	8.27663671	8.06538130	7.77310607	7.55955062	7.36311339	7.11574572	6.95894470	6.83696638	6.69070864	6.47373447	6.33503151	6.23364697	6.12177346	5.92604766	5.75248830
	9.29863385	9.57580923	9.85892149	10.02695967	10.14761842	10.24812585	10.34510595	10.44645973	10.55114957	10.64375385	10.68556526	10.69745060	10.68809826	10.66196838	10.60710106	10.52974436	10.45485519	10.38960159	10.33487344	10.28837836	10.24863798	10.20851113	10.15729499	10.09118751	10.01166083	9.91837947	9.80535302	9.62525709	9.35683074	9.18856426	9.05500985	8.92295264	8.73751767	8.47338450	8.27314154	8.06387325	7.77043180	7.55375149	7.35247399	7.10462251	6.95042427	6.82763463	6.67774308	6.46125632	6.32706277	6.22661101	6.11327585	5.91231231	5.74638935
	9.29925623	9.57586377	9.85836241	10.02511550	10.14424759	10.24287954	10.33746026	10.43553263	10.53594566	10.62568835	10.67136200	10.68334115	10.67363314	10.64522141	10.58465786	10.50967893	10.43702110	10.37347533	10.31994668	10.27425254	10.23506452	10.19546912	10.14505035	10.08012696	10.00157620	9.90851101	9.79422308	9.59809498	9.34274219	9.17954164	9.04766159	8.91542222	8.71984669	8.46255090	8.26425584	8.05508871	7.75980418	7.54193366	7.33425229	7.08801683	6.93833005	6.81410801	6.65753318	6.44357842	6.31603117	6.21649875	6.09966892	5.89142639	5.73655752
	9.29925756	9.57515816	9.85750911	10.02348876	10.14161028	10.23895064	10.33184970	10.42763563	10.52511861	10.61197803	10.66113180	10.67319796	10.66325076	10.63134767	10.56915687	10.49576639	10.42451632	10.36203566	10.30927844	10.26407616	10.22523266	10.18601876	10.13618334	10.07205653	9.99417360	9.90120539	9.78594004	9.57883402	9.33248398	9.17277435	9.04198155	8.90947181	8.70621762	8.45398707	8.25709711	8.04785722	7.75130611	7.53268590	7.32038629	7.07619837	6.92957177	6.80427323	6.64286123	6.43162646	6.30833963	6.20930968	6.08996631	5.87795097	5.73000796
	9.29623181	9.56842772	9.85364115	10.02019846	10.13766525	10.23343067	10.32397637	10.41642865	10.50978860	10.59254429	10.64409033	10.65803699	10.64644449	10.60991812	10.54936142	10.47831542	10.40894552	10.34785825	10.29613233	10.25155964	10.21307502	10.17451712	10.12589574	10.06329432	9.98661506	9.89381520	9.77699428	9.55883320	9.32235005	9.16681086	9.03748419	8.90467738	8.69412710	8.44679865	8.25309396	8.04705594	7.74837576	7.52556230	7.30739060	7.06409168	6.91920698	6.79235013	6.62602832	6.41894394	6.29919294	6.20055176	6.07894004	5.86516578	5.72365371
	9.29287844	9.56029025	9.84902901	10.01637295	10.13303608	10.22678891	10.31434032	10.40255968	10.49070906	10.56825532	10.61951848	10.63572323	10.62172793	10.58259422	10.52462127	10.45662180	10.38972173	10.33053755	10.28020131	10.23646878	10.19847185	10.16067855	10.11356887	10.05281914	9.97752785	9.88474721	9.76565883	9.53530293	9.31087122	9.16039752	9.03282766	8.89953943	8.68103319	8.43964534	8.25034540	8.04923547	7.74781346	7.51903868	7.29380456	7.05077289	6.90706215	6.77807400	6.60478074	6.40416103	6.28807220	6.18971998	6.06540084	5.85057734	5.71623433
	9.29256817	9.55697348	9.84671319	10.01374992	10.12908337	10.22068771	10.30520659	10.38928369	10.47241749	10.54474400	10.59269241	10.60863749	10.59348176	10.55512661	10.49989559	10.43490514	10.37064486	10.31361326	10.26479257	10.22200964	10.18456228	10.14732202	10.10127556	10.04180478	9.96728637	9.87386842	9.75165009	9.50928435	9.29778602	9.15252259	9.02648142	8.89221278	8.66435758	8.43039885	8.24539655	8.04827024	7.74386813	7.50959386	7.27567338	7.03515860	6.89278656	6.76077702	6.57545607	6.38731439	6.27528055	6.17675306	6.04808681	5.83374511	5.70724073
	9.29340608	9.55719287	9.84657482	10.01312229	10.12760229	10.21820002	10.30133847	10.38362293	10.46458913	10.53469249	10.58088509	10.59596174	10.58087676	10.54332763	10.48922354	10.42547257	10.36241389	10.30627198	10.25807157	10.21568710	10.17843441	10.14137227	10.09563556	10.03647906	9.96206779	9.86802582	9.74388240	9.49583063	9.29072438	9.14790805	9.02240662	8.88730338	8.65383824	8.42413350	8.24097128	8.04497861	7.73857787	7.50190283	7.26176603	7.02498971	6.88374189	6.74973830	6.55629978	6.37709418	6.26755347	6.16870814	6.03683099	5.82355969	5.70162478
	9.29279118	9.55404349	9.84448415	10.01130403	10.12522887	10.21472508	10.29623938	10.37642717	10.45485170	10.52248649	10.56691214	10.58127439	10.56660796	10.53014416	10.47763802	10.41557268	10.35397769	10.29892069	10.25144660	10.20954047	10.17248067	10.13568710	10.09045414	10.03182710	9.95760036	9.86283739	9.73638391	9.48385182	9.28513313	9.14494213	9.02017106	8.88433158	8.64680530	8.42065505	8.24017040	8.04719802	7.73949112	7.49828613	7.25109766	7.01609008	6.87478681	6.73869546	6.53915304	6.36704981	6.25936419	6.16009791	6.02554458	5.81415302	5.69630288
	9.29053517	9.54689609	9.83930088	10.00647564	10.11938277	10.20688768	10.28551978	10.36195015	10.43588482	10.49921289	10.54065996	10.55413114	10.54032552	10.50601522	10.45649033	10.39752612	10.33853372	10.28548638	10.23936275	10.19831334	10.16176872	10.12547109	10.08113687	10.02346266	9.94956095	9.85378213	9.72389181	9.46643755	9.27731008	9.14104511	9.01749129	8.88081682	8.63925086	8.41791001	8.24126687	8.05290074	7.74491278	7.49685042	7.24143566	7.00667894	6.86389379	6.72378341	6.51760237	6.35413424	6.24841961	6.14795473	6.00615848	5.80196156	5.68942462
	9.28779966	9.53701861	9.83270658	10.00215527	10.11529349	10.20177863	10.27849140	10.35215637	10.42285807	10.48293328	10.52219488	10.53476988	10.52152994	10.48872314	10.44160115	10.38550095	10.32890531	10.27763084	10.23278188	10.19257785	10.15636181	10.12022851	10.07634281	10.01909394	9.94482773	9.84717189	9.71280215	9.45368772	9.27242528	9.13931234	9.01640638	8.87811705	8.63272878	8.41639316	8.24416232	8.06074299	7.75328300	7.49947579	7.23907502	6.99845349	6.85374686	6.71153748	6.50171046	6.34244114	6.23760352	6.13657892	5.98699598	5.79280529	5.68392714
	9.28747739	9.53330070	9.83021362	10.00045402	10.11331429	10.19894711	10.27435446	10.34626658	10.41491538	10.47296420	10.51073001	10.52270704	10.50979278	10.47799532	10.43232823	10.37783482	10.32264535	10.27238025	10.22826729	10.18849180	10.15241593	10.11632435	10.07257126	10.01543141	9.94081646	9.84192785	9.70474319	9.44490103	9.26870359	9.13750109	9.01486133	8.87544056	8.62763073	8.41478525	8.24485509	8.06358324	7.75659716	7.50038338	7.23726171	6.99424403	6.84835975	6.70440977	6.49243074	6.33570424	6.23131532	6.12964666	5.97434710	5.78721928	5.68055981
	9.29254004	9.53809054	9.83331891	10.00264109	10.11439016	10.19885247	10.27291111	10.34316884	10.40991942	10.46601548	10.50234989	10.51357410	10.50076745	10.46969348	10.42522582	10.37210546	10.31821001	10.26894235	10.22556745	10.18617945	10.15023074	10.11413704	10.07039716	10.01325048	9.93830079	9.83839658	9.69895291	9.43978657	9.26746400	9.13765502	9.01515339	8.87490996	8.62640027	8.41549887	8.24675098	8.06657945	7.75966644	7.49958007	7.23104679	6.98801314	6.84074320	6.69332752	6.47805668	6.32621087	6.22278013	6.11977801	5.95490064	5.77868319	5.67529745
	9.29274349	9.53633341	9.83305538	10.00410521	10.11600952	10.20013336	10.27355035	10.34295944	10.40856945	10.46356930	10.49904560	10.50984075	10.49702515	10.46633038	10.42271677	10.37052810	10.31744308	10.26876459	10.22585761	10.18660033	10.15048238	10.11409875	10.07002398	10.01237951	9.93635960	9.83426792	9.69053084	9.43189469	9.26373055	9.13514890	9.01190852	8.86886142	8.61487798	8.40862500	8.24172133	8.06176272	7.75055715	7.48947526	7.21265592	6.97385332	6.82628852	6.67540405	6.45731924	6.31196591	6.20989470	6.10550440	5.93110762	5.76784478	5.66838645
	9.29284177	9.53020667	9.82892350	10.00168985	10.11300734	10.19566953	10.26701111	10.33383941	10.39641467	10.44851830	10.48187918	10.49180114	10.47930596	10.44996844	10.40860892	10.35886374	10.30800035	10.26117469	10.21968242	10.18146311	10.14580532	10.10957233	10.06554648	10.00760279	9.93050272	9.82571468	9.67422930	9.42084478	9.25943938	9.13339348	9.01025030	8.86515844	8.60957747	8.40837139	8.24463294	8.06740967	7.75725954	7.49203814	7.21111597	6.96621680	6.81472092	6.65868923	6.43868791	6.29770190	6.19592444	6.08916679	5.90729907	5.75638713	5.66077961
	9.29392876	9.52916376	9.82883990	10.00272449	10.11401979	10.19630199	10.26719390	10.33343474	10.39528516	10.44664829	10.47942992	10.48896202	10.47631019	10.44714980	10.40633697	10.35724633	10.30709857	10.26094554	10.21999634	10.18221018	10.14672080	10.11042374	10.06622038	10.00783489	9.92985232	9.82339217	9.66679078	9.41688945	9.25790977	9.13259379	9.00898758	8.86215509	8.60452371	8.40622837	8.24403750	8.06766430	7.75621788	7.49004139	7.20610589	6.95904662	6.80612208	6.64815000	6.42755168	6.28904223	6.18756525	6.07979029	5.89504588	5.75022926	5.65647969
	9.29588171	9.53070262	9.83106869	10.00575448	10.11707159	10.19915910	10.26987566	10.33590149	10.39741083	10.44834340	10.48069334	10.48978867	10.47678026	10.44745568	10.40681099	10.35802836	10.30826306	10.26248691	10.22184669	10.18430169	10.14879239	10.11226977	10.06773326	10.00875688	9.92978623	9.82162331	9.65972093	9.41329675	9.25613102	9.13116072	9.00671493	8.85763052	8.59729094	8.40194688	8.24081553	8.06420841	7.74951196	7.48376261	7.19514439	6.94920327	6.79572819	6.63534242	6.41518754	6.27969855	6.17875427	6.07008199	5.88284060	5.74397564	5.65210140
	9.29756751	9.53109636	9.83376943	10.01073043	10.12254392	10.20457439	10.27514690	10.34106284	10.40221762	10.45259536	10.48425408	10.49257161	10.47878468	10.44887184	10.40814003	10.35964598	10.31033071	10.26505171	10.22479653	10.18755578	10.15188591	10.11488992	10.06955840	10.00928725	9.92813641	9.81627394	9.64112236	9.40440964	9.25064102	9.12612528	8.99967742	8.84540055	8.57915029	8.39036689	8.23116046	8.05315033	7.73060447	7.46876125	7.17181532	6.92996665	6.77643915	6.61204369	6.39396977	6.26311231	6.16304936	6.05325539	5.86414429	5.73389068	5.64486860
	9.29499970	9.52147610	9.82586614	10.00602400	10.11790544	10.19897150	10.26799369	10.33184290	10.39048471	10.43829840	10.46795046	10.47528936	10.46163101	10.43275479	10.39365576	10.34709736	10.29966733	10.25602044	10.21694906	10.18062847	10.14548424	10.10862072	10.06313862	10.00215915	9.91919940	9.80361800	9.61370177	9.39153591	9.24360747	9.12098646	8.99391493	8.83634824	8.57000480	8.38753228	8.23162681	8.05570272	7.73468006	7.47454831	7.18123192	6.92870736	6.77107193	6.60320638	6.38554227	6.25490489	6.15406128	6.04310279	5.85442901	5.72904644	5.64153769
	9.29837541	9.52382145	9.82884418	10.00950257	10.12071441	10.20095073	10.26910989	10.33190822	10.38919964	10.43553309	10.46396016	10.47044121	10.45650034	10.42783818	10.38934844	10.34369233	10.29719157	10.25440578	10.21592975	10.17999043	10.14489667	10.10767743	10.06154981	9.99947652	9.91456441	9.79552937	9.59543916	9.38267724	9.23825926	9.11628279	8.98774054	8.82616291	8.55818345	8.38091874	8.22657876	8.04987999	7.72519578	7.46747388	7.17063863	6.91770340	6.75816241	6.58129022	6.37090388	6.24315319	6.14231119	6.03022151	5.84155662	5.72242051	5.63689572
	9.29902170	9.52265025	9.82863243	10.01087309	10.12216897	10.20207658	10.26974845	10.33181787	10.38810183	10.43327012	10.46069347	10.46639503	10.45208368	10.42343427	10.38530790	10.34029087	10.29450811	10.25233555	10.21429954	10.17864554	10.14350909	10.10592050	10.05923573	9.99616188	9.90945976	9.78719460	9.57950085	9.37476207	9.23338809	9.11201859	8.98220142	8.81695922	8.54890002	8.37584755	8.22288326	8.04565967	7.71863514	7.46329065	7.16537686	6.90967684	6.74822837	6.56382906	6.35961886	6.23328349	6.13207933	6.01741205	5.83163223	5.71697180	5.63287111
	9.29976524	9.51998725	9.82773960	10.01237406	10.12370627	10.20286753	10.26940784	10.33018099	10.38479367	10.42815135	10.45412474	10.45897221	10.44445069	10.41615732	10.37885000	10.33496355	10.29042704	10.24924741	10.21190703	10.17671442	10.14160792	10.10364111	10.05629054	9.99186697	9.90259671	9.77562378	9.56047080	9.36582176	9.22823583	9.10749684	8.97582372	8.80524243	8.53887319	8.37088074	8.21954586	8.04137556	7.71175694	7.45974318	7.15964853	6.89865711	6.73467351	6.54126338	6.34370694	6.21855049	6.11668470	5.99551707	5.81859480	5.70963286	5.62749451
	9.30245062	9.52045250	9.82975900	10.01631276	10.12762636	10.20615305	10.27163837	10.33126574	10.38478741	10.42680719	10.45149816	10.45546656	10.44050408	10.41227779	10.37542779	10.33242828	10.28890305	10.24860932	10.21183853	10.17706645	10.14192434	10.10344826	10.05522791	9.98907706	9.89674711	9.76442634	9.54377843	9.35808794	9.22369208	9.10312276	8.96901155	8.78812925	8.52864673	8.36567772	8.21570758	8.03593951	7.70438712	7.45734046	7.15828808	6.88929071	6.72295346	6.52258878	6.32882648	6.20400801	6.10156214	5.97254605	5.80840513	5.70418908	5.62386058
	9.29917772	9.51300983	9.82527261	10.01699647	10.12984038	10.20860527	10.27380947	10.33289271	10.38583930	10.42740368	10.45188118	10.45573489	10.44057357	10.41224973	10.37549694	10.33291314	10.28981159	10.24991432	10.21342257	10.17891443	10.14389206	10.10523944	10.05651315	9.98910263	9.89437821	9.75787067	9.53508337	9.35449483	9.22174440	9.10091938	8.96462397	8.77314681	8.52167286	8.36227324	8.21349210	8.03253412	7.70071103	7.46003961	7.16719564	6.88598020	6.71850872	6.51674684	6.32038897	6.19362829	6.09105980	5.96112480	5.80543238	5.70300169	5.62380596
