	5.53592742	5.58792893	5.63155588	5.69081994	5.81137501	6.12985486	6.64498144	7.34115374	8.10874444	8.74461256	9.27963756	9.94548228	10.58119613	11.05867506	11.66716104	12.01668186	12.17430988	12.35384210	12.56101423	12.72564104	12.76017134	12.70009767	12.54672258	12.39274012	12.27589648	12.18724135	12.12164601	12.07407136	12.03324422	11.98825779	11.92969716	11.84034523	11.66011645	11.37041346	11.15716500	11.02296034	10.92339556	10.82044543	10.65436529	10.26903572	10.06998372	9.95658628	9.87147848	9.78505512	9.65621988	9.44601946	9.32434752	9.26016863	9.23097469
	5.43761434	5.50568998	5.54908867	5.60167639	5.72378545	6.12434545	6.68474592	7.47504270	8.22031539	8.85899769	9.38093609	10.01558814	10.72534246	11.13748793	11.82487176	12.08123019	12.25241248	12.46500038	12.71333149	12.89304147	12.92492541	12.86699024	12.69837162	12.51213343	12.36987632	12.26525748	12.18598000	12.12582020	12.07456127	12.02273641	11.96299210	11.88671688	11.77616739	11.49060232	11.23049118	11.07032930	10.95665810	10.85001095	10.70325533	10.33929849	10.10676312	9.97601852	9.88266088	9.79421193	9.68534980	9.47149026	9.34274572	9.27359871	9.24164126
	5.38082189	5.45581259	5.50975632	5.56669162	5.69025569	6.08790808	6.62374180	7.43820677	8.20180150	8.82275336	9.36139880	9.99766887	10.69607494	11.12421480	11.80834246	12.07578897	12.24609379	12.45295848	12.69905491	12.88020924	12.92064955	12.85955511	12.69308746	12.50631873	12.36593656	12.26281647	12.18439565	12.12469759	12.07359182	12.02184940	11.96186189	11.88485256	11.77335125	11.48461381	11.22787786	11.06885197	10.95544772	10.84831999	10.70101840	10.33596984	10.10449684	9.97361768	9.87979255	9.79066886	9.67905836	9.46545889	9.33841006	9.27011190	9.23875758
	5.33762926	5.39976640	5.46003056	5.52954254	5.65907573	6.05583522	6.58401455	7.42729964	8.19667757	8.81098819	9.35903175	9.98936339	10.68402887	11.11931090	11.80335257	12.07497554	12.24637196	12.45392159	12.70217059	12.89340745	12.92465682	12.87463130	12.69574912	12.50687571	12.36567239	12.26232104	12.18357287	12.12362311	12.07237173	12.02035473	11.95966959	11.88151965	11.76880056	11.47498175	11.22261553	11.06518679	10.95224679	10.84431991	10.69502729	10.32754453	10.09966300	9.96946956	9.87523487	9.78503535	9.66781571	9.45616029	9.33233170	9.26570843	9.23535906
	5.29547430	5.33936101	5.39340079	5.48185602	5.61783182	5.97433433	6.49449782	7.36604724	8.14669813	8.74272542	9.31603391	9.95393531	10.62244802	11.09577027	11.77797943	12.06678826	12.24117083	12.44958984	12.70349660	12.90586645	12.93218115	12.89395478	12.70730380	12.51201691	12.36736030	12.26232908	12.18226296	12.12152795	12.06970674	12.01672775	11.95460073	11.87427132	11.75864975	11.45601995	11.21252513	11.05858702	10.94635014	10.83733143	10.68524779	10.31643440	10.09468395	9.96533120	9.87016423	9.77803490	9.65275895	9.44444957	9.32471405	9.25993975	9.23040109
	5.27114376	5.30527711	5.34637099	5.43455838	5.58636189	5.91468535	6.44408802	7.33714050	8.11488737	8.70402014	9.28644812	9.93452951	10.58425133	11.08188457	11.76162211	12.06002106	12.23403548	12.43903927	12.68934767	12.90086967	12.92865152	12.88931213	12.69927722	12.50538703	12.36195112	12.25750199	12.17765085	12.11721788	12.06546821	12.01220003	11.94939643	11.86782873	11.75022591	11.44189517	11.20521714	11.05384161	10.94212632	10.83245949	10.67854740	10.30939843	10.09141067	9.96231622	9.86634071	9.77273430	9.63784861	9.43582958	9.31884482	9.25536477	9.22641424
	5.25689960	5.28471825	5.31659406	5.38469774	5.55075588	5.84880406	6.39308796	7.31789660	8.09858046	8.69084798	9.26967025	9.92357807	10.54966479	11.06639059	11.73938020	12.04781223	12.21929049	12.41621331	12.65388152	12.87377344	12.91446217	12.86142921	12.67202716	12.48553711	12.34640123	12.24441140	12.16587864	12.10615307	12.05483243	12.00188698	11.93921549	11.85751871	11.74005028	11.42806111	11.19793586	11.04855309	10.93724067	10.82795389	10.67539238	10.30915409	10.09155897	9.96147131	9.86465765	9.77067167	9.63428494	9.43528249	9.31868516	9.25485242	9.22539373
	5.22576653	5.24413080	5.26464949	5.31305910	5.49062156	5.78891410	6.34161632	7.29989832	8.09167428	8.68241699	9.25824011	9.91285882	10.49915320	11.03885459	11.67041958	12.01438882	12.17508140	12.34266493	12.53016548	12.71037410	12.77797976	12.69445622	12.53962331	12.39119054	12.27604150	12.18851344	12.11888048	12.06380868	12.01487286	11.96271806	11.89864897	11.81247203	11.65215658	11.35115533	11.15249984	11.01703395	10.91059149	10.80047281	10.62990103	10.26959957	10.06884511	9.94337482	9.84612122	9.74828369	9.58238804	9.40267758	9.29601557	9.23747659	9.21085210
	5.20925550	5.22258985	5.23637869	5.27201398	5.41835612	5.72772110	6.28411881	7.25520586	8.07418584	8.65108834	9.23877357	9.88795107	10.42796615	11.00551842	11.56564080	11.98122919	12.13561963	12.28259959	12.43988192	12.58909115	12.64735487	12.57986423	12.45114159	12.32453946	12.22390328	12.14555074	12.08141227	12.02910573	11.98142789	11.92934762	11.86358201	11.77296365	11.55511777	11.29416311	11.11567990	10.98951721	10.88662683	10.77606948	10.57183809	10.23979985	10.05012376	9.92780267	9.83020235	9.72937931	9.54603638	9.37895429	9.27850829	9.22300445	9.19782238
	5.19697896	5.20640538	5.21450294	5.23882964	5.34022574	5.64527835	6.18230352	7.15922243	8.02652043	8.59285623	9.19682862	9.83729340	10.33677003	10.96536999	11.46202962	11.95096254	12.10430200	12.24097361	12.38322063	12.52064859	12.57858957	12.52094432	12.40392055	12.28569290	12.19144157	12.11890273	12.05906543	12.00913181	11.96232863	11.91045953	11.84359694	11.75030802	11.49771053	11.25455679	11.08630950	10.96598068	10.86544404	10.75446955	10.51936808	10.21078752	10.02901602	9.90877367	9.81012016	9.70508256	9.50353249	9.34905566	9.25477388	9.20225741	9.17856672
	5.17991041	5.18692265	5.19205994	5.21205244	5.30030552	5.60744810	6.14185563	7.16298474	8.00769189	8.58196126	9.18425205	9.81879782	10.31216095	10.95515588	11.43891636	11.95059877	12.10531129	12.24164346	12.38813355	12.53615914	12.60209155	12.54200567	12.41858066	12.29562076	12.19932074	12.12538667	12.06531920	12.01535427	11.96848667	11.91654909	11.84988021	11.75689536	11.50322783	11.25060231	11.08008962	10.95985567	10.85970749	10.74821478	10.50206158	10.19775446	10.01811204	9.89818193	9.79820159	9.68947507	9.47748522	9.32963676	9.23916020	9.18899492	9.16683046
	5.17298756	5.17894928	5.18260857	5.20020145	5.28221053	5.58389084	6.10084410	7.15334300	7.98774481	8.57021019	9.16906668	9.80363057	10.29621080	10.94998425	11.43230888	11.95558773	12.11315907	12.25463179	12.41403370	12.58159694	12.65972473	12.59343592	12.45496372	12.31968516	12.21674488	12.13881789	12.07654432	12.02551072	11.97832858	11.92669952	11.86078580	11.76875694	11.52375183	11.25701245	11.08112175	10.95894378	10.85795539	10.74564455	10.49408358	10.19140683	10.01218577	9.89176468	9.79036033	9.67717376	9.46170795	9.31801512	9.22978123	9.18084209	9.15938204
	5.15906728	5.16354200	5.16531936	5.18063992	5.25784923	5.55772543	6.06787798	7.19184872	7.99762107	8.58910554	9.18015743	9.81011436	10.30340300	10.95307405	11.43926371	11.96516547	12.12465445	12.27176291	12.44311643	12.62822166	12.71778434	12.64574572	12.49246586	12.34510013	12.23523091	12.15371846	12.08968181	12.03755932	11.98948215	11.93693305	11.87026623	11.77727920	11.53764334	11.26150429	11.08269876	10.95938872	10.85745913	10.74336741	10.48482867	10.18616950	10.00849153	9.88784232	9.78465925	9.66214638	9.44814816	9.30837298	9.22265851	9.17531853	9.15492128
	5.14421138	5.14726841	5.14708749	5.16009299	5.23353128	5.53400524	6.04501591	7.20670019	7.99484085	8.59031256	9.17633794	9.80635808	10.29907592	10.95108744	11.43674632	11.96965134	12.13169016	12.28370270	12.46526206	12.66658258	12.76679618	12.68897335	12.52284329	12.36519267	12.24847629	12.16401253	12.09857397	12.04548804	11.99695960	11.94406448	11.87684696	11.78305666	11.54677799	11.26430445	11.08320366	10.95884602	10.85584226	10.74020203	10.47560428	10.18085605	10.00430591	9.88335179	9.77873429	9.64621496	9.43690297	9.30029995	9.21633978	9.16998050	9.15014808
	5.12543602	5.12682413	5.12441403	5.13529461	5.20616814	5.50625438	6.02167350	7.24569892	8.00651498	8.60718658	9.18356776	9.80828908	10.29458675	10.94670135	11.42451042	11.97127241	12.13652002	12.28863239	12.47205941	12.67753054	12.78029377	12.70071965	12.53212937	12.37258877	12.25438130	12.16871421	12.10236008	12.04825339	11.99857234	11.94416936	11.87449745	11.77667277	11.52717720	11.25281085	11.07579808	10.95280234	10.84867013	10.72923254	10.45033981	10.16842920	9.99631336	9.87558462	9.76836219	9.61861684	9.41864602	9.28767298	9.20694630	9.16247224	9.14378416
	5.11019127	5.11019200	5.10565653	5.11429240	5.18196324	5.47018395	5.98879853	7.26865914	8.01603580	8.62156058	9.18678643	9.80511498	10.27878457	10.93355022	11.39371689	11.96214017	12.13173552	12.27891511	12.45417001	12.64927058	12.74646742	12.67073400	12.51052876	12.35808248	12.24487678	12.16119511	12.09526590	12.04060269	11.98960521	11.93311276	11.85940966	11.74941208	11.48143396	11.22741099	11.06007077	10.94041392	10.83523759	10.70991196	10.41308762	10.14964775	9.98409773	9.86387167	9.75300646	9.58303625	9.39500339	9.27114809	9.19442052	9.15223366	9.13490614
	5.09747041	5.09626728	5.09013872	5.09773666	5.16492682	5.43900125	5.96780885	7.30243583	8.04083605	8.64703176	9.20052476	9.80723418	10.26612184	10.91851952	11.36280151	11.94630734	12.11869182	12.25773600	12.41473851	12.58213632	12.66185891	12.59550895	12.45611229	12.32087150	12.21855594	12.14145162	12.07887435	12.02545078	11.97366110	11.91448421	11.83518115	11.70719345	11.41735000	11.19306590	11.03974370	10.92514447	10.81934913	10.68740762	10.37332971	10.12996480	9.97200667	9.85274160	9.73829892	9.55186387	9.37404437	9.25662279	9.18371637	9.14383578	9.12796444
	5.08367721	5.08081698	5.07182848	5.07598116	5.13837348	5.37797278	5.91728199	7.29915183	8.03765287	8.64379926	9.18674165	9.78615347	10.22356722	10.88558415	11.30425311	11.91431820	12.09610268	12.22496086	12.35808689	12.49600425	12.56190004	12.50902915	12.39345247	12.27701505	12.18522328	12.11377039	12.05397620	12.00122667	11.94848153	11.88594588	11.79984576	11.62854649	11.34969192	11.15366523	11.01414486	10.90436460	10.79706764	10.65398889	10.32864076	10.10593831	9.95540205	9.83642795	9.71721268	9.51344643	9.34837969	9.23827987	9.16926094	9.13145052	9.11675678
	5.06811699	5.06315490	5.05097337	5.05223490	5.11291929	5.33335693	5.89155497	7.31558209	8.04775506	8.65255290	9.18739770	9.77467426	10.19622709	10.85938293	11.26486343	11.88291457	12.07275636	12.19192658	12.30490008	12.41816222	12.47118690	12.42747267	12.33019479	12.23054894	12.14996410	12.08486426	12.02836456	11.97624800	11.92210471	11.85568837	11.76217449	11.53854403	11.29491175	11.12023865	10.99157084	10.88567088	10.77681567	10.60956866	10.29456128	10.08659472	9.94154813	9.82243317	9.69879093	9.48547685	9.32935736	9.22441519	9.15820031	9.12192242	9.10824763
	5.05173539	5.04415949	5.02798210	5.02570146	5.08509305	5.29294160	5.85653055	7.32041734	8.05024905	8.65340194	9.18406551	9.75774833	10.16745522	10.83108941	11.22735344	11.84624285	12.04759934	12.15864469	12.25403794	12.34747440	12.39037993	12.35376633	12.27225267	12.18712023	12.11664327	12.05746061	12.00361954	11.95187861	11.89612851	11.82600390	11.71850351	11.46626957	11.25066977	11.09227835	10.97202290	10.86911333	10.75867769	10.56316096	10.26657774	10.06989545	9.92906401	9.80925169	9.67916626	9.46064121	9.31234816	9.21166051	9.14752171	9.11229259	9.09936276
	5.02923379	5.01893140	4.99960481	4.99569748	5.05950945	5.26967554	5.84426774	7.34516283	8.07077788	8.68151497	9.19963124	9.75499314	10.15377069	10.81173624	11.19967635	11.81043028	12.02212611	12.12589935	12.20478372	12.27921167	12.31254115	12.28232871	12.21530610	12.14332255	12.08196551	12.02798542	11.97645532	11.92492518	11.86715893	11.79269435	11.64964570	11.40021397	11.21013258	11.06695049	10.95460096	10.85457883	10.74263636	10.52288347	10.24489035	10.05771987	9.92050430	9.80000109	9.65986424	9.44339155	9.30063986	9.20303757	9.14045083	9.10617360	9.09403661
	4.99686608	4.97930466	4.94541192	4.93879132	5.01913186	5.22950937	5.81046669	7.37086334	8.09064314	8.71295721	9.21604581	9.74601469	10.13420443	10.78125014	11.16407519	11.75150826	11.98831513	12.08677825	12.15040250	12.20812093	12.23354352	12.20973810	12.15645942	12.09735735	12.04442263	11.99378642	11.94258885	11.88897732	11.82700556	11.74237232	11.54663276	11.33067792	11.16579337	11.03823885	10.93342622	10.83520234	10.71991868	10.47525880	10.21882940	10.04272025	9.90901306	9.78681404	9.62667262	9.42144407	9.28560306	9.19144757	9.13041693	9.09712398	9.08578534
	4.95564189	4.92796657	4.88502808	4.87821426	4.97499455	5.19192689	5.77335689	7.39415158	8.10991860	8.74913738	9.23461041	9.73509639	10.11296231	10.74432033	11.12628449	11.66003364	11.94705043	12.04495376	12.09846533	12.14312420	12.16222144	12.14324807	12.09998295	12.04993965	12.00313145	11.95549737	11.90451058	11.84826929	11.78064041	11.66183472	11.44116750	11.26220240	11.12170506	11.00902062	10.91108764	10.81365087	10.69371374	10.42573701	10.19179013	10.02713547	9.89679152	9.77242235	9.59226795	9.39896959	9.26991469	9.17910678	9.11963404	9.08734126	9.07683557
	4.91178707	4.88158427	4.84481792	4.83708473	4.92670831	5.16239120	5.74308195	7.39572452	8.10386733	8.74743471	9.22714377	9.70698537	10.08427363	10.70319211	11.09360949	11.56424213	11.91340034	12.01532856	12.06607281	12.10607171	12.12281107	12.10577893	12.06685943	12.02081206	11.97650116	11.92964820	11.87770057	11.81858336	11.74589990	11.57704898	11.38015637	11.22131759	11.09399243	10.98890757	10.89408191	10.79559948	10.67076455	10.38768689	10.16953655	10.01254714	9.88411138	9.75718256	9.56123894	9.37847901	9.25485702	9.16655057	9.10813117	9.07633581	9.06629868
	4.85797735	4.83261436	4.80187034	4.79595355	4.87451962	5.13857592	5.74694971	7.41368766	8.11791160	8.77766667	9.24384676	9.70002115	10.07173973	10.67448072	11.07150622	11.49501669	11.88375537	11.98963505	12.03860857	12.07460762	12.08900848	12.07320008	12.03757208	11.99455811	11.95148279	11.90431590	11.85051833	11.78772882	11.69582315	11.50041295	11.32794554	11.18640236	11.07006502	10.97123287	10.87883438	10.77903316	10.64390638	10.35619626	10.15181124	10.00101049	9.87409489	9.74425927	9.53717318	9.36266990	9.24299477	9.15649610	9.09885602	9.06769390	9.05833048
	4.80767872	4.78725020	4.76035924	4.75345411	4.81792895	5.09407668	5.72000141	7.42026858	8.11955548	8.79861940	9.25502113	9.68265343	10.04783101	10.60492850	11.03995483	11.41663528	11.84217742	11.95861643	12.00856932	12.04185620	12.05471517	12.04024041	12.00695783	11.96553104	11.92217246	11.87321195	11.81597603	11.74717189	11.59929503	11.41959170	11.27231290	11.14807853	11.04268811	10.94951185	10.85822619	10.75518178	10.58531289	10.31543806	10.12795060	9.98417475	9.85811070	9.72323244	9.50271275	9.33946638	9.22511178	9.14079973	9.08379884	9.05303052	9.04435225
	4.77564278	4.75725857	4.73163871	4.72315271	4.77863562	5.05463356	5.67859719	7.42712644	8.12501515	8.81565605	9.27054190	9.67560565	10.02887581	10.54312007	11.01520589	11.36100620	11.80717798	11.93367198	11.98562957	12.01786084	12.02980572	12.01552776	11.98329426	11.94251139	11.89839118	11.84739869	11.78641516	11.70416973	11.51899943	11.36135660	11.23128778	11.11893542	11.02107969	10.93133485	10.83992636	10.73300882	10.52893304	10.28148541	10.10712747	9.96867009	9.84220455	9.70212468	9.47111872	9.31783248	9.20801301	9.12545797	9.06893571	9.03841345	9.03043351
	4.75229628	4.73398106	4.70793903	4.69789428	4.75062194	5.02672059	5.65758253	7.43015068	8.13480066	8.83679484	9.29725262	9.68517279	10.01690456	10.49844859	10.99867655	11.32785752	11.78159950	11.91798103	11.97257519	12.00396215	12.01549808	12.00137979	11.96891739	11.92697571	11.88092479	11.82747564	11.76288854	11.64594618	11.46820219	11.32467332	11.20502863	11.09991728	11.00641729	10.91839544	10.82608041	10.71523770	10.49027214	10.25859742	10.09243055	9.95731357	9.82957139	9.68449363	9.44877020	9.30226444	9.19516607	9.11354258	9.05710135	9.02657860	9.01907755
	4.72095934	4.70218992	4.67392423	4.65991200	4.70953110	4.98142540	5.63654756	7.42286602	8.13431696	8.84715250	9.32014602	9.69457233	10.00035348	10.45563822	10.98226416	11.30086271	11.75735098	11.90390352	11.96122843	11.99223445	12.00350825	11.98931030	11.95627356	11.91302798	11.86496394	11.80896984	11.73943397	11.59219529	11.42732016	11.29527376	11.18380882	11.08414261	10.99337618	10.90562905	10.81092657	10.69460999	10.45059843	10.23440011	10.07554423	9.94285034	9.81256860	9.65073702	9.42203628	9.28316405	9.17904421	9.09808814	9.04129776	9.01049153	9.00346079
	4.68965427	4.66872731	4.63622044	4.61636367	4.66067808	4.89520272	5.58778845	7.42694197	8.14537733	8.86817607	9.36106520	9.71339847	9.98897149	10.42300777	10.96576020	11.27822513	11.72494746	11.88485403	11.94486539	11.97608135	11.98704763	11.97190914	11.93749468	11.89184422	11.84015416	11.77940080	11.69074992	11.52215491	11.37816572	11.26073972	11.15875116	11.06463806	10.97583155	10.88654338	10.78702486	10.65831411	10.40077617	10.20442410	10.05388809	9.92220150	9.78704341	9.59243854	9.38812212	9.25892521	9.15817030	9.07730292	9.01945825	8.98796775	8.98176014
	4.66942800	4.64601736	4.60906990	4.58375611	4.62356470	4.82592404	5.81322124	7.42639222	8.15138504	8.88221208	9.39369219	9.73004175	9.97813853	10.39274312	10.94763083	11.25665300	11.68314871	11.86440696	11.92758887	11.95953255	11.97058753	11.95455205	11.91826160	11.86965905	11.81398235	11.74817501	11.62171743	11.46312855	11.33649543	11.23116695	11.13663414	11.04659198	10.95869683	10.86734746	10.76299151	10.61189456	10.36003685	10.17923715	10.03496537	9.90327421	9.76342349	9.54776245	9.36137369	9.23944563	9.14096711	9.05976390	9.00059438	8.96804512	8.96274239
	4.65819665	4.63242307	4.59182689	4.56226592	4.60284846	4.79676213	5.63657366	7.42314497	8.15432940	8.89085490	9.41741325	9.74576651	9.97219259	10.37342733	10.93392622	11.24226358	11.64738983	11.84979406	11.91515713	11.94766953	11.95869176	11.94184579	11.90391005	11.85287008	11.79410951	11.71891962	11.57291957	11.42763589	11.31090631	11.21255726	11.12215411	11.03419759	10.94649840	10.85329146	10.74520740	10.57323762	10.33570997	10.16354384	10.02244243	9.88998855	9.74600459	9.52073710	9.34442242	9.22673820	9.12955094	9.04785930	8.98738362	8.95411540	8.94936169
	4.63807831	4.60814629	4.56084576	4.52171834	4.56923464	4.76261684	5.51938588	7.41532413	8.15150504	8.89510344	9.44068337	9.76492151	9.96442197	10.34778103	10.91486092	11.22518249	11.60387881	11.83220719	11.89948257	11.93242533	11.94343924	11.92585902	11.88614885	11.83214282	11.76938980	11.67441877	11.51883194	11.38826515	11.28223052	11.19132245	11.10506729	11.01882463	10.93049166	10.83402344	10.72013697	10.52223315	10.30440314	10.14235829	10.00452750	9.87018265	9.71936549	9.48357094	9.32016201	9.20822949	9.11304589	9.03074438	8.96838837	8.93407045	8.92996181
	4.63233360	4.60095846	4.55298510	4.51423725	4.56819824	4.76651135	5.85238717	7.43230962	8.17390221	8.91548261	9.47106237	9.77796438	9.97533477	10.35668879	10.91887751	11.22793800	11.60425696	11.83132737	11.89909405	11.93184282	11.94205298	11.92335178	11.88215697	11.82648392	11.76215029	11.65643696	11.50784295	11.38055204	11.27684816	11.18743202	11.10190986	11.01618185	10.92793644	10.83099477	10.71608229	10.51676420	10.30185874	10.14102103	10.00321066	9.86806931	9.71548490	9.47965847	9.31749278	9.20605304	9.11087124	9.02840294	8.96591283	8.93185440	8.92831493
	4.62277193	4.58965817	4.53906888	4.49618873	4.55425461	4.75214953	5.81032093	7.43286624	8.17669707	8.92025908	9.48611915	9.78793238	9.97448173	10.34859170	10.91209193	11.22177353	11.58625048	11.82393591	11.89228126	11.92509076	11.93518777	11.91610232	11.87411174	11.81713095	11.75107292	11.63455753	11.48467419	11.36371746	11.26464930	11.17843212	11.09469073	11.00968103	10.92114508	10.82276440	10.70528386	10.49494199	10.28894143	10.13232795	9.99576376	9.85965901	9.70403518	9.46385219	9.30705088	9.19800607	9.10361712	9.02082600	8.95751402	8.92308853	8.91987945
	4.58849326	4.54713205	4.48023818	4.43854813	4.50421354	4.72407222	6.21288080	7.42952716	8.17153074	8.91938434	9.49890560	9.80532992	9.97800293	10.33523045	10.89755022	11.21183437	11.55994128	11.81035557	11.88061776	11.91338685	11.92324019	11.90312791	11.85870348	11.79829010	11.72803294	11.58660974	11.45027509	11.33865047	11.24612711	11.16411678	11.08221449	10.99724925	10.90670134	10.80409281	10.67987337	10.45716291	10.26543672	10.11491085	9.97931022	9.83964370	9.67001822	9.43466734	9.28718284	9.18247196	9.08982225	9.00639627	8.94126722	8.90539602	8.90259407
	4.56079280	4.50982969	4.43461100	4.39904998	4.46978483	4.70799152	6.42938865	7.43803181	8.18267538	8.93111704	9.52525950	9.82112392	9.98662477	10.33589533	10.89466025	11.21096663	11.55278136	11.80492384	11.87542384	11.90751168	11.91667081	11.89536034	11.84895915	11.78600680	11.71004102	11.56009654	11.43141459	11.32504935	11.23608284	11.15616822	11.07505186	10.98976228	10.89776595	10.79237951	10.66400250	10.43662917	10.25285190	10.10549434	9.96985371	9.82743239	9.64644300	9.41831996	9.27609797	9.17360185	9.08161395	8.99755516	8.93127387	8.89486352	8.89278883
	4.53903726	4.48030178	4.40527427	4.37518230	4.44606841	4.69796196	6.62218344	7.45032964	8.19876325	8.94633811	9.55351640	9.83579778	9.99682406	10.33925862	10.89400627	11.21049970	11.54708531	11.80019978	11.87115779	11.90278565	11.91101821	11.88822298	11.83973023	11.77435370	11.68811690	11.53804284	11.41555213	11.31348844	11.22735855	11.14911119	11.06861936	10.98320200	10.89014636	10.78271879	10.64884822	10.42209433	10.24401196	10.09895959	9.96325231	9.81878217	9.62899376	9.40793921	9.26908031	9.16794503	9.07626396	8.99170194	8.92457858	8.88780150	8.88647553
	4.51652279	4.45225730	4.38651766	4.35995221	4.42951472	4.68490587	6.64731807	7.45299861	8.20282056	8.95288361	9.57540625	9.85374529	10.00741680	10.33752436	10.88891805	11.20764562	11.53875390	11.79328135	11.86413858	11.89466695	11.90197380	11.87788981	11.82750518	11.75955571	11.65690113	11.51386621	11.39828505	11.30109597	11.21813338	11.14164782	11.06163021	10.97564663	10.88070715	10.76998632	10.62527534	10.40345168	10.23143903	10.08852494	9.95203936	9.80395077	9.60080171	9.39130861	9.25706609	9.15782681	9.06668864	8.98125727	8.91252107	8.87465814	8.87404567
	4.48963826	4.42792363	4.36911744	4.34499474	4.41270977	4.67324911	6.65212226	7.45609891	8.20833887	8.96010671	9.59700047	9.87040138	10.01794843	10.33612293	10.88427635	11.20406035	11.53030977	11.78724754	11.85830623	11.88781543	11.89408602	11.86854465	11.81600009	11.74542479	11.62805417	11.49248297	11.38252724	11.28947196	11.20919093	11.13414595	11.05451370	10.96800433	10.87138579	10.75778582	10.60178434	10.38754126	10.22080164	10.07969625	9.94263308	9.79142980	9.57863171	9.37823373	9.24771314	9.14998736	9.05926030	8.97306854	8.90288071	8.86405441	8.86406590
	4.44803263	4.39631881	4.34417193	4.31927744	4.37862843	4.64067179	6.66206899	7.44803329	8.19947206	8.95732581	9.60802402	9.89017293	10.03483556	10.33818568	10.88011602	11.20446252	11.52800007	11.78113778	11.84920426	11.87667050	11.88128962	11.85318614	11.79742112	11.72083887	11.59026265	11.46604629	11.36406992	11.27659097	11.19955232	11.12572296	11.04546255	10.95658318	10.85551924	10.73519328	10.56102983	10.36158365	10.20205915	10.06273431	9.92333463	9.76501950	9.54125161	9.35510669	9.23024331	9.13455660	9.04424145	8.95670668	8.88403524	8.84323386	8.84395931
	4.41851189	4.37183305	4.32351743	4.30022883	4.35915587	4.62665045	6.68585338	7.46033933	8.21886777	8.97601674	9.64084315	9.91160877	10.05235210	10.34790585	10.88364747	11.20753449	11.52913448	11.77861769	11.84430505	11.86978941	11.87245440	11.84202219	11.78334602	11.69934201	11.56257903	11.44575588	11.34919288	11.26577548	11.19120285	11.11837274	11.03807182	10.94803565	10.84459746	10.72058233	10.53713510	10.34726704	10.19247350	10.05434227	9.91347189	9.75080423	9.52160971	9.34330635	9.22163076	9.12692861	9.03642746	8.94784357	8.87374069	8.83244576	8.83424918
	4.39350851	4.34948316	4.30293082	4.28025050	4.33757029	4.61248272	6.71122180	7.47705635	8.24270025	8.99679991	9.67120265	9.92835929	10.06825162	10.35955154	10.88862454	11.21075814	11.53125147	11.77739084	11.84095557	11.86475750	11.86566777	11.83315626	11.77203658	11.67844850	11.54318524	11.43067844	11.33738187	11.25653972	11.18358487	11.11144619	11.03116523	10.94038586	10.83527560	10.70871063	10.52182238	10.33833595	10.18660821	10.04913689	9.90706852	9.74121348	9.51123794	9.33750551	9.21766357	9.12338431	9.03258323	8.94334946	8.86839310	8.82680427	8.82962763
	4.37642462	4.33523478	4.28937347	4.26513484	4.31980861	4.59663767	6.72434926	7.47886878	8.24461050	8.99944597	9.67683897	9.93846664	10.08053112	10.36689464	10.89051499	11.21421276	11.53517237	11.77667472	11.83706702	11.85862496	11.85807725	11.82387739	11.76077857	11.65773570	11.52653888	11.41834156	11.32807250	11.24945240	11.17764025	11.10573063	11.02470303	10.93218596	10.82402320	10.69315177	10.50164721	10.32479263	10.17603475	10.03879664	9.89465103	9.72390206	9.49285330	9.32569368	9.20831537	9.11462540	9.02361523	8.93353527	8.85727942	8.81403595	8.81773954
	4.36638984	4.32521788	4.27894480	4.25469335	4.31217176	4.59408059	6.74170977	7.49032456	8.26004225	9.01256252	9.69204928	9.95154481	10.09353871	10.37535206	10.89422910	11.21688893	11.53642577	11.77476143	11.83316441	11.85282898	11.85047420	11.81425448	11.74855523	11.63853660	11.51157090	11.40664250	11.31870655	11.24187172	11.17096433	11.09934518	11.01800654	10.92448257	10.81429358	10.67933546	10.48904559	10.31613797	10.16918627	10.03191672	9.88606024	9.71039169	9.48248502	9.31875675	9.20259418	9.10893831	9.01741037	8.92647637	8.84939838	8.80440376	8.80915502
	4.33222935	4.29474531	4.24894625	4.22359735	4.28122419	4.57297507	6.77077338	7.50792961	8.28619811	9.03523846	9.71162641	9.98168299	10.12264418	10.38846819	10.89632207	11.21877349	11.53351891	11.76687565	11.82101730	11.83659149	11.83000090	11.78835396	11.71237116	11.58574521	11.46947835	11.37317691	11.29171031	11.21989289	11.15168808	11.08090891	10.99866022	10.90208289	10.78611666	10.63949363	10.44961842	10.28936482	10.14812335	10.01118665	9.86082876	9.67190068	9.45009396	9.29821341	9.18646839	9.09370618	9.00164891	8.90881412	8.82939814	8.78156762	8.78801406
	4.32587548	4.28777477	4.24190388	4.21803840	4.27962055	4.57385998	6.78768973	7.52420701	8.30968182	9.05478218	9.72573004	9.99932691	10.13848181	10.39887883	10.90094408	11.22075073	11.53191848	11.76294067	11.81550093	11.82936695	11.82089316	11.77724239	11.69673236	11.56687508	11.45452764	11.36124423	11.28209179	11.21218219	11.14511738	11.07483910	10.99265312	10.89555902	10.77831916	10.62908704	10.44113150	10.28384541	10.14391704	10.00690811	9.85514972	9.66277897	9.44353098	9.29392281	9.18290013	9.08995678	8.99726306	8.90350296	8.82319888	8.77423786	8.78213450
	4.31089475	4.27205670	4.22405822	4.19896675	4.26267372	4.55255729	6.80443756	7.53316355	8.32298906	9.06647354	9.73674166	10.02242694	10.16660646	10.41117808	10.90201960	11.22034991	11.52704970	11.75629092	11.80664938	11.81638067	11.80371792	11.75524197	11.65967316	11.53251028	11.42575974	11.33715501	11.26188680	11.19499901	11.12947375	11.05978794	10.97683705	10.87696254	10.75457381	10.59488755	10.41616283	10.26546793	10.12801561	9.99002807	9.83350199	9.62971578	9.42263852	9.27948536	9.17047432	9.07721274	8.98331048	8.88767311	8.80360654	8.75228930	8.76067435
	4.29285984	4.25246603	4.20118485	4.17434439	4.24130986	4.52646496	6.82092221	7.54361305	8.33758506	9.07835087	9.74704147	10.04245624	10.19204905	10.42596132	10.90615588	11.22311272	11.52768202	11.75308762	11.80050073	11.80577360	11.78884482	11.73586893	11.62902533	11.50575837	11.40333169	11.31821495	11.24581608	11.18094510	11.11635811	11.04677448	10.96255711	10.85948931	10.73184922	10.56489539	10.39467837	10.24912459	10.11330049	9.97364958	9.81184557	9.59974034	9.40386195	9.26612997	9.15866565	9.06481750	8.96950292	8.87203949	8.78495487	8.73296020	8.74165521
	4.27162495	4.22863617	4.17239008	4.14287849	4.21495775	4.49386273	6.83666017	7.55161286	8.34853593	9.08745402	9.75590978	10.06202587	10.21928192	10.44311767	10.91201643	11.22801328	11.53236750	11.75302895	11.79706634	11.79695807	11.77496125	11.71677757	11.59878383	11.48057680	11.38196030	11.29992084	11.23015844	11.16692102	11.10297758	11.03308298	10.94699979	10.83969949	10.70550205	10.53159930	10.37132987	10.23080377	10.09620087	9.95402969	9.78539151	9.56504528	9.38251661	9.25055751	9.14464736	9.04991047	8.95279586	8.85314975	8.76181896	8.71127807	8.71974752
	4.27024273	4.22695130	4.17063939	4.14165070	4.21499040	4.49384169	6.83970680	7.55702407	8.35626211	9.09324070	9.75954160	10.06524324	10.22212587	10.44568048	10.91317161	11.22807905	11.53102012	11.75200143	11.79643672	11.79635871	11.77396183	11.71445117	11.59693365	11.47864442	11.38014271	11.29826302	11.22870182	11.16555966	11.10175863	11.03194232	10.94596703	10.83873322	10.70471657	10.53191970	10.37175018	10.23119576	10.09650445	9.95423269	9.78541797	9.56595031	9.38327749	9.25118885	9.14519564	9.05038473	8.95319993	8.85353337	8.76238611	8.71243875	8.72101440
	4.23999499	4.19117545	4.12562982	4.09704204	4.18622687	4.46126099	6.86029229	7.57731865	8.38707342	9.11800584	9.77968163	10.10079007	10.26976154	10.47958119	10.93084012	11.24196872	11.54452807	11.75925599	11.80057946	11.79402311	11.76412062	11.69287882	11.57197877	11.45655928	11.36099547	11.28172119	11.21450595	11.15251048	11.08918282	11.01875322	10.93012636	10.81706907	10.67443171	10.50265958	10.35102804	10.21422736	10.07892479	9.93179570	9.75239227	9.53242233	9.36219744	9.23505667	9.12964697	9.03270224	8.93237482	8.82902642	8.73607952	8.69112606	8.69984325
	4.22017953	4.16678774	4.09075897	4.06308975	4.16800461	4.44747536	6.86722978	7.58261331	8.39611238	9.12579600	9.78762039	10.11953146	10.29719753	10.49865108	10.94274360	11.25286363	11.55857962	11.76960212	11.80840748	11.79719316	11.76291977	11.68647565	11.56498123	11.45008887	11.35492517	11.27609304	11.20934800	11.14743855	11.08388303	11.01276201	10.92194768	10.80471181	10.65571096	10.48615575	10.33882059	10.20369233	10.06746614	9.91671023	9.72991870	9.51183430	9.34862713	9.22414940	9.11877999	9.02018294	8.91759354	8.81169457	8.71914425	8.67703277	8.68571975
	4.19516616	4.13437359	4.04633422	4.02182362	4.14643168	4.41179793	6.88721619	7.60785736	8.43228004	9.15287929	9.80776009	10.15242678	10.34588652	10.53799900	10.96054853	11.26470781	11.56685359	11.77485630	11.81311497	11.79631300	11.75422255	11.66578091	11.54400139	11.43065758	11.33725267	11.25991495	11.19456926	11.13294282	11.06981558	10.99793073	10.90449278	10.78169986	10.62578076	10.46298596	10.32229556	10.18959002	10.05204745	9.89588073	9.69819047	9.48718965	9.33339685	9.21250109	9.10696408	9.00594428	8.90037570	8.79146182	8.70230760	8.66352155	8.67142891
	4.15365361	4.07410189	3.98757377	3.97300092	4.12130561	4.39691999	6.89884119	7.62303680	8.45773737	9.17414355	9.82781533	10.19729341	10.42282794	10.59706723	10.99699943	11.30066034	11.60848734	11.80430139	11.83862611	11.81404018	11.76192593	11.66487267	11.54127029	11.42817172	11.33518967	11.25795927	11.19245194	11.12979297	11.06498018	10.98988421	10.88961954	10.75567432	10.59092731	10.43770829	10.30246430	10.17040256	10.02818721	9.86097321	9.64691352	9.45204972	9.30860935	9.19093907	9.08355649	8.97749435	8.86580404	8.75367255	8.67386492	8.64024843	8.64824231
	4.13397794	4.04229949	3.96490007	3.95501041	4.11173551	4.38364570	6.90756517	7.63985980	8.48273490	9.19225551	9.84206988	10.22397233	10.46750454	10.62617185	11.00975966	11.30917131	11.61202574	11.80637125	11.84015532	11.81063271	11.75183249	11.64752110	11.52420567	11.41201094	11.31976643	11.24240654	11.17687894	11.11380506	11.04859583	10.97215935	10.86859060	10.72897254	10.56550119	10.41937088	10.28780889	10.15620599	10.01123852	9.83744340	9.61782907	9.43414922	9.29592039	9.17950165	9.07056042	8.96123020	8.84587726	8.73468401	8.66078186	8.62957190	8.63731768
	4.07817589	3.99079121	3.92673328	3.91896373	4.07562162	4.36575118	6.91731051	7.65968852	8.51510624	9.21565541	9.86124661	10.26357081	10.54506477	10.67458930	11.03641163	11.32899226	11.62212324	11.81086018	11.84380906	11.80824375	11.73971479	11.62702520	11.50425592	11.39359660	11.30315344	11.22528568	11.15892931	11.09464366	11.02805035	10.94848759	10.83818837	10.68824751	10.53442809	10.39691021	10.26921208	10.13667623	9.98549404	9.79854010	9.57984511	9.41047372	9.27838649	9.16256277	9.04997087	8.93416603	8.81300518	8.70918027	8.64316204	8.61524519	8.62276097
	4.03610931	3.95851476	3.90174477	3.89523116	4.05773649	4.36191549	6.91924685	7.66467609	8.52425626	9.22205381	9.86882658	10.28650977	10.59830422	10.70571155	11.05484247	11.34442715	11.63547233	11.82128115	11.85337716	11.81334500	11.73767310	11.62026222	11.49593457	11.38454105	11.29327337	11.21374333	11.14595373	11.07999585	11.01164279	10.92891071	10.81230698	10.65464069	10.50902889	10.37747809	10.25225143	10.11856844	9.96195825	9.76371358	9.54791185	9.38963224	9.26221791	9.14669261	9.03102718	8.90988191	8.78436245	8.68724645	8.62738914	8.60206102	8.60940333
	3.99378808	3.92712022	3.87367876	3.86787688	4.03126835	4.56713827	6.93643049	7.70149513	8.57420591	9.25280215	9.88838404	10.31665110	10.63683109	10.73372351	11.06705453	11.34834919	11.62866391	11.81192155	11.84208154	11.79744541	11.71336944	11.59134120	11.46911830	11.35926022	11.26840687	11.18795401	11.11942833	11.05221616	10.98245534	10.89685900	10.77480738	10.62055222	10.48544808	10.35998432	10.23730020	10.10242190	9.94017433	9.73110670	9.52611783	9.37614958	9.25193306	9.13604468	9.01718218	8.89124363	8.76554998	8.67577213	8.62074174	8.59799078	8.60612095
	3.95235928	3.89517548	3.84116128	3.83365577	4.01529783	5.69246720	6.93943646	7.71236586	8.59401949	9.26685661	9.90223134	10.35460966	10.68946535	10.78459821	11.10162864	11.38181488	11.65978540	11.83260041	11.85962464	11.81103314	11.72048211	11.59809629	11.47338396	11.36183481	11.26947018	11.18574023	11.11416658	11.04297376	10.96875723	10.87641633	10.74328107	10.59051509	10.46409412	10.34346911	10.22140890	10.08203943	9.90808524	9.68028214	9.49336052	9.35314736	9.23220948	9.11445064	8.98924816	8.85386069	8.73172692	8.65206395	8.60320319	8.58376737	8.59292452
	3.92827909	3.87188589	3.81261841	3.80130508	3.98377269	5.96769042	6.94109139	7.71009501	8.58982624	9.26361153	9.90361814	10.36993796	10.71526877	10.81518402	11.12596755	11.40568178	11.67943839	11.84754286	11.87532782	11.82598122	11.73272415	11.60350499	11.47499725	11.35930571	11.26266284	11.17274091	11.09448087	11.01663867	10.93507560	10.83275586	10.68815580	10.55661575	10.43731343	10.31976382	10.19646249	10.05006825	9.85978021	9.62885821	9.46109182	9.32939076	9.21065128	9.08975353	8.95646611	8.81277882	8.70242366	8.63085270	8.58710023	8.57053839	8.58018695
	3.91584320	3.85998565	3.80015486	3.78885652	3.96753308	6.31926263	6.95145836	7.73461176	8.62420902	9.28394130	9.91647711	10.39132077	10.73154650	10.83437844	11.13501080	11.40920998	11.67692936	11.84161473	11.86768580	11.81648777	11.72022819	11.59175416	11.46485237	11.35033003	11.25377466	11.16329962	11.08448582	11.00623417	10.92424163	10.82074611	10.67423270	10.54821300	10.43212096	10.31647633	10.19361844	10.04591031	9.85222028	9.61644471	9.45512229	9.32624090	9.20831165	9.08664290	8.95131731	8.80425824	8.69669900	8.62798993	8.58598684	8.57037067	8.58026346
	3.89449757	3.83644980	3.77144788	3.76544838	3.97983555	6.32393387	6.96439350	7.76203488	8.65930594	9.30372713	9.92920550	10.41285626	10.74886387	10.85681039	11.14675544	11.41276048	11.66954451	11.82854345	11.85202351	11.79798393	11.69741324	11.56940612	11.44562708	11.33265955	11.23509495	11.14248852	11.06078144	10.98036660	10.89548190	10.78821726	10.64555089	10.53131198	10.41877996	10.30462214	10.18041987	10.02754344	9.82192025	9.59429359	9.44101415	9.31567430	9.19776603	9.07287642	8.93126736	8.78279221	8.68366648	8.61897876	8.57958181	8.56562232	8.57607130
	3.87324383	3.81270052	3.74215177	3.74438936	3.98791668	6.34537995	6.97945131	7.80001914	8.70847650	9.33165518	9.94617268	10.44249025	10.77146811	10.88608902	11.15982107	11.41379993	11.65673898	11.81060979	11.83109371	11.77406328	11.66851067	11.54311405	11.42169739	11.30914957	11.21001968	11.11403803	11.02960594	10.94732468	10.86013510	10.75050640	10.62086428	10.51432069	10.40556763	10.29292541	10.16699752	10.00808113	9.78996526	9.57175399	9.42701509	9.30523118	9.18678509	9.05753733	8.90810153	8.75964509	8.66920212	8.60905926	8.57240127	8.56004129	8.57091611
	3.85233428	3.78735425	3.70163032	3.71475759	4.00589806	6.34253605	6.96952401	7.79160858	8.70274810	9.32249577	9.94232085	10.44526341	10.78935807	10.91401167	11.17381882	11.41892948	11.65337511	11.80273152	11.82124878	11.76228814	11.65299035	11.52632948	11.40240403	11.28574037	11.18040977	11.07530365	10.98274819	10.89341331	10.79884460	10.68520199	10.58109569	10.48365106	10.37907924	10.26707955	10.13693280	9.96640938	9.72656018	9.53349259	9.40000249	9.28280132	9.16301032	9.02628481	8.86322019	8.72343426	8.64324156	8.58892403	8.55573580	8.54526003	8.55640311
	3.83498644	3.76046901	3.67159654	3.68682986	4.00561676	6.34252254	6.97082019	7.80480043	8.72229982	9.33140828	9.94727726	10.45458382	10.79916855	10.92973862	11.18062503	11.41784959	11.64532416	11.79149326	11.80730876	11.74684481	11.63416144	11.50842409	11.38409047	11.26583909	11.15752218	11.04775181	10.95111104	10.85865462	10.76128442	10.65689611	10.56533607	10.47076289	10.36802038	10.25598018	10.12301479	9.94510030	9.70032628	9.51958580	9.39031447	9.27444892	9.15310587	9.01158780	8.84205060	8.70990559	8.63384672	8.58207113	8.55039473	8.54084314	8.55237465
	3.80763144	3.72051540	3.62882016	3.65026138	4.00793175	6.34365183	6.97316938	7.82976911	8.74735722	9.34698060	9.95613834	10.47192396	10.81555742	10.95541973	11.19350711	11.41870061	11.63488587	11.77442541	11.78540734	11.72083482	11.60553211	11.48144929	11.35687711	11.23642692	11.12365505	11.00742908	10.90500565	10.80823012	10.70949846	10.61987765	10.54239605	10.45217575	10.35214542	10.24001922	10.10261939	9.91308044	9.66071856	9.49795355	9.37537895	9.26154402	9.13748537	8.98776268	8.80878268	8.68818132	8.61886105	8.57120983	8.54204531	8.53407323	8.54630287
	3.78473593	3.68502794	3.59683724	3.61682301	4.01500571	6.34164872	6.96593634	7.82283730	8.74345948	9.34156851	9.95378633	10.47189662	10.82322082	10.96981059	11.20335365	11.42460132	11.63614645	11.77060511	11.77866933	11.71268325	11.59531165	11.47042443	11.34435728	11.22083329	11.10330790	10.98072161	10.87168007	10.76916122	10.67131684	10.59770709	10.52536468	10.43768117	10.33872393	10.22560472	10.08356623	9.88314148	9.63079772	9.48020644	9.36198653	9.24932828	9.12307381	8.96696151	8.78307601	8.67180419	8.60663874	8.56169215	8.53425679	8.52748994	8.54044457
	3.75687224	3.65080293	3.56803960	3.58823344	4.04200499	6.33831416	6.95457576	7.80365552	8.72294451	9.33076619	9.94884242	10.46951101	10.83076083	10.98653933	11.21897290	11.43834541	11.64713294	11.77527524	11.78003204	11.71215413	11.59448955	11.46803484	11.33994318	11.21315436	11.09087994	10.96190411	10.84596640	10.73751664	10.64456763	10.58277202	10.51205335	10.42582465	10.32688389	10.21158134	10.06346070	9.84949558	9.60350599	9.46187819	9.34718915	9.23494001	9.10541829	8.94094649	8.75562471	8.65277558	8.59149377	8.54896790	8.52295145	8.51715974	8.53077834
	3.71813974	3.60722526	3.53735184	3.55310637	4.05542966	6.34072682	6.95879942	7.83098751	8.74950915	9.34424958	9.95616785	10.48186963	10.84073040	11.00307661	11.22728009	11.43764120	11.63756512	11.76022345	11.76021053	11.68683514	11.56852681	11.44242716	11.31296515	11.18301316	11.05543732	10.91985791	10.79846062	10.68865888	10.61439427	10.56305087	10.49501407	10.41110722	10.31316858	10.19634599	10.04217845	9.81376888	9.58044492	9.44669190	9.33592335	9.22412821	9.09086083	8.91711558	8.73314694	8.63831017	8.58149668	8.54187179	8.51766573	8.51326399	8.52791200
	3.68099701	3.58110273	3.51715481	3.53696751	4.09663287	6.34308142	6.96599605	7.86327642	8.77832283	9.36107113	9.96502313	10.49438814	10.84770706	11.01440255	11.22977283	11.42981583	11.62061473	11.74045961	11.73591738	11.65600165	11.53802685	11.41291820	11.28194151	11.14919510	11.01707965	10.87582315	10.75029617	10.64967899	10.59496379	10.54644345	10.48010644	10.39754279	10.30026110	10.18175201	10.02202429	9.77959271	9.56376760	9.43557418	9.32741590	9.21535305	9.07805937	8.89469445	8.71643604	8.62729029	8.57385222	8.53629617	8.51324729	8.50965449	8.52491061
	3.62869353	3.54567824	3.48431121	3.50731979	4.15460412	6.34579074	6.96942101	7.89326224	8.80340642	9.37492200	9.97166482	10.50443409	10.85666837	11.03172339	11.23740287	11.42229634	11.59816056	11.71034869	11.69760725	11.60811578	11.49088970	11.36457932	11.22876001	11.08746492	10.94312400	10.78631878	10.67020322	10.60273172	10.56053998	10.51471975	10.45093259	10.36990509	10.27176068	10.14732819	9.97203865	9.71226403	9.53147466	9.41235573	9.30791938	9.19398241	9.04660554	8.84386471	8.68464450	8.60437454	8.55618864	8.52179947	8.50054777	8.49827416	8.51466981
	3.59485844	3.52007235	3.45798739	3.47423912	4.16860743	6.35047066	6.97696588	7.92341554	8.82294821	9.39149647	9.97942392	10.51575788	10.86347520	11.04276969	11.24146654	11.41517363	11.57927176	11.68224958	11.66370276	11.57237552	11.45702581	11.33048845	11.19190161	11.04552726	10.89399665	10.72881317	10.62577056	10.57994558	10.54067905	10.49676123	10.43475855	10.35468669	10.25587006	10.12728536	9.94099712	9.66897261	9.51205758	9.39888047	9.29683766	9.18153930	9.02708476	8.81002624	8.66542876	8.59100067	8.54636904	8.51427687	8.49458932	8.49361825	8.51110434
	3.55311010	3.48167018	3.41001993	3.40910840	4.21268397	6.35993796	6.99085417	7.96527773	8.84612627	9.41230388	9.98814193	10.52648401	10.86812347	11.04857473	11.23677849	11.39487077	11.54019012	11.62606893	11.59850929	11.50658522	11.39242385	11.26393354	11.11938308	10.96278476	10.79577404	10.65450450	10.58366680	10.54414496	10.50710153	10.46482311	10.40409863	10.32366485	10.22226219	10.08491930	9.87765735	9.62052796	9.48406231	9.37767602	9.27763546	9.15878767	8.99154967	8.76495862	8.63928788	8.57191812	8.53127764	8.50165319	8.48371111	8.48443392	8.50363407
	3.50235906	3.42586505	3.33437990	3.33101810	5.36054814	6.35431216	6.98320285	7.99031238	8.85740902	9.40559448	9.97845143	10.49650653	10.85650883	11.03502033	11.19844902	11.32553389	11.43783859	11.49811922	11.45875091	11.36197047	11.24152379	11.10160770	10.93411640	10.74055361	10.61078554	10.53585857	10.49285586	10.45753023	10.42334778	10.38274683	10.32298117	10.24003280	10.12820836	9.96437946	9.71501885	9.53900489	9.42494813	9.32876894	9.23018990	9.10111055	8.90189677	8.69158215	8.58812896	8.53099817	8.49578915	8.46936904	8.45320014	8.45562172	8.47729685
	3.46574179	3.37568174	3.28763167	3.28657273	5.71156229	6.34421819	6.96986191	7.98943081	8.85507409	9.39411877	9.96902298	10.47527752	10.84815647	11.02622573	11.17595511	11.28618048	11.38302608	11.43162469	11.38487676	11.28116845	11.15310176	11.00222269	10.81889967	10.64115372	10.54533751	10.48548593	10.44376504	10.40965367	10.37596721	10.33517772	10.27442671	10.18814242	10.06699285	9.88368135	9.64191490	9.49928231	9.39362533	9.30088694	9.20133250	9.06463865	8.84720081	8.65713590	8.56228156	8.50888029	8.47538385	8.44965039	8.43342302	8.43587734	8.45846587
	3.42899977	3.32566323	3.24585795	3.24138472	5.67944651	6.34278867	6.97914871	8.02310472	8.87370433	9.40844230	9.97297643	10.47151380	10.84270412	11.01384527	11.14345126	11.23594214	11.31791831	11.35512049	11.30358265	11.19684374	11.06596481	10.90766800	10.71868826	10.57327110	10.50233514	10.44572037	10.40629809	10.37350279	10.34052515	10.29998120	10.23875793	10.15032374	10.02274609	9.82105492	9.59713303	9.47391460	9.37449984	9.28445417	9.18417804	9.04135173	8.80779064	8.63571431	8.54727621	8.49698274	8.46536184	8.44084648	8.42540961	8.42877579	8.45282912
	3.35581831	3.25781618	3.19212038	3.17317116	5.67136490	6.32790829	6.95857783	8.01727813	8.87093609	9.39253181	9.95964782	10.44533782	10.83280162	11.00329958	11.11299017	11.17664671	11.23027375	11.24186768	11.16815412	11.04198313	10.88822232	10.73015050	10.58332202	10.49025127	10.42533255	10.37268634	10.33432955	10.30114777	10.26633406	10.22230081	10.15508509	10.05486718	9.90193694	9.69004499	9.52620427	9.41774015	9.32647762	9.23778782	9.13137381	8.96927865	8.73087367	8.58786657	8.50904188	8.46221145	8.43126217	8.40594129	8.38901492	8.39175681	8.41753945
	3.26511563	3.19121688	3.12469057	3.06499919	5.66372032	6.31328523	6.93920041	8.01191002	8.86424581	9.36768451	9.94153472	10.41381619	10.82207451	10.99185118	11.07840896	11.09615948	11.10366746	11.07203598	10.95910271	10.79888220	10.65994122	10.55617860	10.46438344	10.38964458	10.33136626	10.28182539	10.24318076	10.20771933	10.16842742	10.11718657	10.03883190	9.91808571	9.73516768	9.55968966	9.44221316	9.34930404	9.26515539	9.17572653	9.05886801	8.86860850	8.65223955	8.53361714	8.46407537	8.41997570	8.38845055	8.36082478	8.34119864	8.34285491	8.37078843
	3.23720650	3.17051262	3.09457297	3.00371148	5.66517090	6.31250666	6.94963196	8.05454097	8.87952487	9.37833548	9.94519022	10.41447431	10.81912939	10.98023648	11.04025383	11.03295277	11.02311098	10.97738911	10.85394509	10.71301402	10.59758891	10.50903309	10.42673406	10.35591298	10.30000279	10.25162326	10.21313717	10.17720068	10.13662791	10.08289630	10.00040665	9.87151951	9.68471623	9.52744245	9.41966974	9.33115647	9.24884219	9.15872093	9.03759455	8.83659201	8.63164813	8.51963513	8.45284602	8.40972487	8.37834943	8.35050048	8.33068219	8.33276557	8.36208200
	3.17289654	3.10433166	2.96460184	2.87172684	5.63940798	6.27787990	6.89835225	8.00433731	8.85395587	9.33750738	9.92456593	10.40636907	10.83961442	11.04070790	11.12462537	11.01681222	10.91386775	10.77472637	10.63232956	10.55101752	10.48085283	10.40814327	10.33353980	10.26786013	10.21395911	10.16474024	10.12273716	10.08147761	10.03243387	9.96566476	9.86237272	9.70159704	9.54254141	9.42901012	9.33923876	9.26002631	9.17979545	9.08366588	8.94440341	8.72110410	8.55876927	8.46361406	8.40270006	8.35964983	8.32493758	8.29176937	8.26593494	8.26401475	8.29402986
	3.15195807	3.07507070	2.91478543	2.78116077	5.63841770	6.27162423	6.89714989	8.02255086	8.86401424	9.34664318	9.93184371	10.42533519	10.85353368	11.06943431	11.18074084	11.07294650	10.88633647	10.72677146	10.59607654	10.52593385	10.45867988	10.38736122	10.31410988	10.24960950	10.19613086	10.14670331	10.10397146	10.06149732	10.01028104	9.93972444	9.83006399	9.66664065	9.51793586	9.41051391	9.32405594	9.24634924	9.16593032	9.06740091	8.92170408	8.69691945	8.54348246	8.45189950	8.39223870	8.34918931	8.31374981	8.27943586	8.25247880	8.25017411	8.28111404
	3.13939682	3.05262679	2.88247626	2.71053933	5.63878079	6.26807668	6.89731345	8.03375311	8.87216471	9.35581329	9.93892985	10.44267568	10.86483795	11.09317809	11.23538980	11.13229415	10.88030394	10.71102410	10.58737742	10.51796755	10.44994617	10.37876360	10.30582982	10.24172394	10.18831312	10.13865970	10.09548557	10.05229136	9.99978902	9.92685618	9.81297295	9.65036924	9.50729528	9.40200711	9.31690175	9.23968223	9.15884842	9.05858539	8.90847504	8.68455814	8.53533609	8.44552802	8.38644816	8.34330525	8.30735930	8.27227917	8.24459033	8.24203919	8.27356005
	3.13891884	3.05027161	2.87017978	2.72310076	5.64462575	6.27451103	6.90954261	8.05519973	8.88150539	9.36755932	9.94520649	10.44835735	10.86333159	11.08313610	11.20304816	11.05507862	10.86905225	10.72130120	10.59641012	10.52552459	10.45637652	10.38506551	10.31212180	10.24823102	10.19510862	10.14592271	10.10344114	10.06107165	10.00971703	9.93840530	9.82627946	9.66241627	9.51668328	9.40976226	9.32381504	9.24622816	9.16546123	9.06578198	8.91697594	8.69205509	8.54069482	8.45011128	8.39087221	8.34795590	8.31251632	8.27815221	8.25139425	8.24981507	8.28195545
	3.12249137	3.01497114	2.83420352	2.68392196	5.64168794	6.26791575	6.90251473	8.05171514	8.88272013	9.36966380	9.94876082	10.46433081	10.87573157	11.11366766	11.27221600	11.10476920	10.88815914	10.70388143	10.58653513	10.51479234	10.44532127	10.37406533	10.30123436	10.23748333	10.18417679	10.13447677	10.09115372	10.04758687	9.99429189	9.91960829	9.80220438	9.63990800	9.50056467	9.39679489	9.31261452	9.23564989	9.15431534	9.05233770	8.89777210	8.67517204	8.52917909	8.44077180	8.38214994	8.33892656	8.30256692	8.26685059	8.23861799	8.23606136	8.26829296
	3.09345566	2.95790844	2.78200388	2.59018130	5.63072121	6.24941689	6.87782403	8.02404691	8.87652699	9.36304629	9.94978442	10.48925476	10.90040051	11.18067991	11.43559425	11.28731388	10.94774445	10.65798013	10.56153067	10.48925487	10.41970619	10.34858374	10.27589602	10.21213747	10.15818950	10.10706527	10.06152079	10.01495250	9.95696502	9.87447029	9.74600980	9.58914045	9.46323642	9.36643918	9.28612538	9.21054597	9.12804884	9.02127642	8.85491751	8.63799400	8.50347842	8.41966433	8.36227213	8.31825592	8.27973695	8.24087965	8.20907290	8.20379607	8.23559638
	3.04906946	2.91586848	2.72083486	2.56021938	5.62297764	6.23488597	6.85797587	8.01414040	8.87523012	9.36280884	9.95451232	10.51389685	10.91612424	11.21743112	11.49661604	11.35881847	10.98539906	10.63769775	10.54535546	10.47216852	10.40207094	10.33066614	10.25773101	10.19371325	10.13905335	10.08658458	10.03906947	9.98972860	9.92725768	9.83711502	9.70655573	9.55682643	9.43806146	9.34535991	9.26714950	9.19192858	9.10775076	8.99602181	8.81938355	8.61256066	8.48509753	8.40406024	8.34716679	8.30216095	8.26152788	8.21963361	8.18438715	8.17649274	8.20783234
	2.99195133	2.85823503	2.64822646	2.54872353	5.61507286	6.21892009	6.83646941	8.00718835	8.87503527	9.36481374	9.96154119	10.54500274	10.93408630	11.25724249	11.55065615	11.41444656	11.01671066	10.62480803	10.52730906	10.45293212	10.38207424	10.31026227	10.23696976	10.17264179	10.11712495	10.06309405	10.01327597	9.96066628	9.89285997	9.79355015	9.66119358	9.52025163	9.40928477	9.32117279	9.24527633	9.17034605	9.08403348	8.96620267	8.77708024	8.58324921	8.46378797	8.38589437	8.32951907	8.28329262	8.24009576	8.19451721	8.15513305	8.14414499	8.17499573
	2.96500119	2.81630492	2.62106490	2.53190984	5.60691576	6.20584148	6.81700104	7.99550713	8.87036329	9.35895945	9.96230401	10.56327198	10.94960650	11.30048842	11.64088844	11.48559377	11.03642606	10.59268024	10.50994222	10.43527159	10.36430386	10.29257175	10.21929619	10.15483667	10.09876843	10.04359906	9.99200833	9.93702603	9.86545013	9.75984070	9.62086277	9.48849503	9.38468329	9.30083728	9.22721118	9.15290016	9.06539253	8.94361787	8.74549548	8.56003865	8.44719670	8.37187365	8.31599711	8.26894756	8.22398601	8.17591873	8.13370766	8.12055522	8.15103026
	2.95759430	2.80403342	2.61741368	2.52525703	5.60359714	6.20106461	6.80938488	7.99484587	8.86772995	9.35500681	9.96179636	10.57073113	10.95648544	11.32108357	11.68690453	11.52626521	11.03269535	10.57821525	10.50234432	10.42768051	10.35678647	10.28518921	10.21200230	10.14751976	10.09125924	10.03563294	9.98331416	9.92738265	9.85435214	9.74618535	9.60364151	9.47540597	9.37461229	9.29260423	9.21998143	9.14601121	9.05815695	8.93516537	8.73329999	8.55115161	8.44092781	8.36661767	8.31095735	8.26363034	8.21806851	8.16918688	8.12604086	8.11200838	8.14244715
	2.94096159	2.80201935	2.61260078	2.51852746	5.60241081	6.19864063	6.80539043	8.00154139	8.86730431	9.35360886	9.96235930	10.57880665	10.96001344	11.33023587	11.70365421	11.58104337	10.99347403	10.57116426	10.49495091	10.42060118	10.34998438	10.27862737	10.20560871	10.14114991	10.08468472	10.02855871	9.97547865	9.91843150	9.84369394	9.73226665	9.59120633	9.46627412	9.36737449	9.28651810	9.21447607	9.14058261	9.05220610	8.92792392	8.72294179	8.54489768	8.43634644	8.36268390	8.30709247	8.25944314	8.21325850	8.16353982	8.11946680	8.10449339	8.13500608
	2.90757992	2.76217054	2.61962199	2.54336212	5.61008554	6.20242495	6.81719512	8.02956659	8.88594572	9.37800115	9.97556760	10.59736597	10.96171669	11.32264715	11.66724911	11.52700214	10.81063431	10.56288572	10.48704498	10.41357308	10.34353715	10.27272058	10.20037378	10.13663509	10.08031635	10.02413257	9.97070647	9.91282310	9.83584077	9.72247998	9.58374953	9.46086380	9.36347685	9.28356855	9.21180949	9.13744693	9.04744512	8.91817871	8.71109038	8.53782629	8.43142155	8.35853788	8.30289086	8.25457868	8.20720746	8.15578443	8.11032274	8.09589770	8.12707451
	2.86328531	2.72352372	2.62714726	2.56058771	5.61707724	6.20370313	6.82391027	8.05774783	8.90297658	9.39743966	9.98565976	10.61409453	10.96098600	11.30796006	11.61362956	11.32661346	10.64483135	10.53065551	10.45843066	10.38819668	10.32035674	10.25127325	10.18044107	10.11772642	10.06116200	10.00383233	9.94825733	9.88677741	9.80282081	9.68527405	9.55381093	9.43871117	9.34630137	9.26940958	9.19892446	9.12408699	9.03118860	8.89330423	8.68343486	8.52086964	8.41910875	8.34785924	8.29201883	8.24217746	8.19214229	8.13707149	8.08802581	8.07325050	8.10444137
	2.83024194	2.70720167	2.62575921	2.55659836	5.61722976	6.19914319	6.81736880	8.06531900	8.90677139	9.39901910	9.98626431	10.61873509	10.95877780	11.29654951	11.57875700	11.11286984	10.59147214	10.49359869	10.42599083	10.35915447	10.29360449	10.22625224	10.15673338	10.09460656	10.03745036	9.97845146	9.92007294	9.85424135	9.76247744	9.64050711	9.51686797	9.41111923	9.32444929	9.25099534	9.18207897	9.10701836	9.01153937	8.86613151	8.65394086	8.50239787	8.40535952	8.33575500	8.27969577	8.22826941	8.17549158	8.11670392	8.06371405	8.04759482	8.07794812
	2.82583214	2.70590217	2.62751164	2.56446214	5.62476828	6.20688476	6.83278587	8.08165332	8.91474257	9.41085169	9.99201072	10.62896142	10.96020147	11.29394517	11.55463487	11.07219800	10.59625969	10.49682405	10.42898771	10.36204706	10.29646191	10.22910176	10.15969738	10.09785672	10.04090056	9.98219690	9.92420762	9.85876428	9.76752174	9.64612714	9.52097365	9.41444059	9.32738866	9.25374650	9.18472582	9.10960755	9.01409144	8.86873972	8.65535738	8.50372747	8.40670841	8.33717088	8.28122126	8.22996448	8.17741066	8.11890187	8.06656458	8.05113277	8.08208593
	2.81441468	2.70180675	2.62991733	2.57594443	5.62624948	6.20076810	6.82566939	8.09511192	8.92286121	9.42125207	9.99723503	10.63561484	10.95967162	11.28032187	11.49766232	10.78713369	10.52737615	10.46098526	10.39658797	10.33225638	10.26834900	10.20221753	10.13383486	10.07231583	10.01441186	9.95354466	9.89201581	9.82103903	9.71988495	9.59373659	9.47803839	9.38202854	9.30151259	9.23174049	9.16431253	9.08847063	8.98898886	8.83221802	8.61804005	8.47999536	8.38873283	8.32106483	8.26455915	8.21093954	8.15442347	8.09047706	8.03309650	8.01616623	8.04569538
	2.81781160	2.70435401	2.63378523	2.58065340	5.62960737	6.20484945	6.83355105	8.10145266	8.92523536	9.42419079	9.99831596	10.63763596	10.95912140	11.27739336	11.48495438	10.75965072	10.52453202	10.46068689	10.39652349	10.33241820	10.26875162	10.20283032	10.13464982	10.07333294	10.01558499	9.95487692	9.89351294	9.82270326	9.72194651	9.59523006	9.47920661	9.38319936	9.30269947	9.23297275	9.16561625	9.08989641	8.99064623	8.83465141	8.61928748	8.48118126	8.38990374	8.32228145	8.26588780	8.21245651	8.15622673	8.09277905	8.03555634	8.01878155	8.04877595
	2.83952285	2.71709599	2.65437238	2.60866677	5.63935364	6.21046690	6.84445144	8.11843202	8.93687264	9.44299784	10.00970653	10.65513375	10.96810186	11.29034824	11.48292033	10.72084436	10.51762634	10.45259461	10.38868340	10.32482711	10.26123605	10.19524113	10.12710946	10.06579431	10.00743537	9.94564619	9.88257625	9.80882329	9.70291252	9.57751111	9.46589624	9.37264877	9.29407428	9.22541399	9.15818561	9.08145978	8.97933781	8.81497783	8.60493498	8.47176263	8.38253832	8.31543598	8.25850847	8.20372831	8.14534622	8.07907226	8.01977908	8.00351887	8.03263028
	2.84721859	2.72017273	2.66164410	2.62233066	5.64193851	6.20415336	6.83378650	8.13078673	8.94937846	9.46519122	10.02312937	10.67138400	10.97874946	11.30551609	11.49329826	10.69713873	10.50649180	10.44220029	10.37802148	10.31387875	10.24971223	10.18310977	10.11465894	10.05299833	9.99362191	9.93024630	9.86472294	9.78693124	9.67349886	9.54928426	9.44346625	9.35454678	9.27878702	9.21159004	9.14435617	9.06578622	8.95869947	8.78032245	8.57923598	8.45398901	8.36796540	8.30146990	8.24331878	8.18580074	8.12309301	8.05067868	7.98961396	7.97387663	8.00108130
	2.84395675	2.72126030	2.65657011	2.61706376	5.64066551	6.19688302	6.82168102	8.13672100	8.95805952	9.48305891	10.03246387	10.67691441	10.98531037	11.31667026	11.51120277	10.75653025	10.50818836	10.44611818	10.38009367	10.31474158	10.24941004	10.18186997	10.11287447	10.05092265	9.99117504	9.92744850	9.86135876	9.78250467	9.66661194	9.54281132	9.43776892	9.34942710	9.27403804	9.20687301	9.13911932	9.05916060	8.94897175	8.76253390	8.56750808	8.44524886	8.36031054	8.29374542	8.23462157	8.17530359	8.10982427	8.03326982	7.97348741	7.95868181	7.98511665
	2.87287987	2.75664541	2.68571263	2.64601988	5.65849299	6.21641968	6.86097599	8.16145770	8.97037319	9.50634278	10.04403729	10.69040682	10.99509721	11.33951132	11.52631369	10.80522755	10.49659444	10.44865149	10.38299113	10.31764930	10.25253492	10.18517878	10.11648796	10.05504053	9.99549573	9.93193902	9.86593516	9.78670739	9.67069578	9.54591892	9.44073492	9.35211405	9.27674182	9.20962553	9.14180476	9.06159260	8.95078984	8.76367581	8.56829943	8.44673032	8.36210716	8.29573591	8.23674258	8.17759467	8.11241937	8.03666759	7.97689588	7.96291934	7.99043436
	2.86644305	2.74103361	2.67692333	2.64477702	5.65883152	6.21146087	6.85227548	8.16332938	8.97229751	9.51078658	10.04966182	10.70116869	11.00451582	11.36591168	11.59287776	10.67844968	10.47976398	10.41216271	10.35961949	10.29621353	10.23210514	10.16526816	10.09687144	10.03504839	9.97414069	9.90825138	9.83867918	9.75376680	9.62856658	9.50822960	9.41174814	9.32890104	9.25726785	9.19215136	9.12470567	9.04294886	8.92750518	8.72799493	8.54318761	8.42939951	8.34799232	8.28232949	8.22228793	8.16065892	8.09156451	8.01035977	7.94779726	7.93334833	7.95787570
	2.87147077	2.75084459	2.68138293	2.64573426	5.66744625	6.21863817	6.86917635	8.18029804	8.98386266	9.53270009	10.05983572	10.70971183	11.01184924	11.38576007	11.60831762	10.76514711	10.49459319	10.42932529	10.36488795	10.30086793	10.23630174	10.16914831	10.10072203	10.03909605	9.97830818	9.91268870	9.84339476	9.75852153	9.63346329	9.51213053	9.41464375	9.33115848	9.25917945	9.19377057	9.12588838	9.04335262	8.92632461	8.72371475	8.54107938	8.42801461	8.34680413	8.28100361	8.22052869	8.15820504	8.08800796	8.00549506	7.94480108	7.93144367	7.95663085
	2.89202352	2.77079718	2.70055324	2.66801707	5.67776407	6.22862220	6.89002833	8.19940064	8.99545969	9.55687924	10.06923812	10.71639946	11.01552681	11.38638497	11.58873911	10.75437675	10.48754102	10.43863954	10.37342235	10.30619680	10.24132740	10.17402244	10.10572959	10.04442926	9.98390714	9.91871368	9.84981400	9.76501848	9.64037217	9.51828949	9.41954594	9.33520825	9.26274808	9.19699180	9.12872383	9.04559905	8.92735341	8.72403275	8.54216062	8.42893678	8.34754114	8.28147670	8.22059415	8.15770142	8.08663092	8.00440117	7.94619353	7.93398954	7.96040428
	2.89426162	2.78047460	2.70771483	2.67717467	5.68598897	6.22915472	6.89368214	8.22563898	9.01591227	9.60589902	10.09473535	10.73847891	11.04073227	11.44260504	11.63986781	10.93754049	10.64761149	10.45179944	10.38076450	10.31567468	10.24821643	10.17897768	10.10968630	10.04787238	9.98668023	9.92090057	9.85078596	9.76305904	9.63392805	9.51233465	9.41400940	9.33009969	9.25793741	9.19195624	9.12251508	9.03656574	8.91197137	8.69925261	8.52647129	8.41719309	8.33703758	8.27044882	8.20753267	8.14112260	8.06465714	7.97826183	7.92441744	7.91391202	7.93941542
	2.90234865	2.79102129	2.71518528	2.68628049	5.69713135	6.23957565	6.91855204	8.24348990	9.02512452	9.62621712	10.10456694	10.74760784	11.04924909	11.46483395	11.64096114	10.95669599	10.72495420	10.43759590	10.36565763	10.31413338	10.24692011	10.17785320	10.10889017	10.04732816	9.98602705	9.91998444	9.84921089	9.75989491	9.62849523	9.50749541	9.41043990	9.32740613	9.25586162	9.19013540	9.12049187	9.03366072	8.90685931	8.69081981	8.52140947	8.41401131	8.33457935	8.26804823	8.20466624	8.13734652	8.05952619	7.97202049	7.91897347	7.90909762	7.93493293
	2.93648284	2.83174060	2.75355587	2.71979105	5.72264532	6.27239967	6.99961602	8.27554648	9.03493852	9.63912761	10.10414397	10.74235493	11.03708098	11.43101259	11.51624692	10.80076553	10.65052040	10.47438910	10.41720934	10.31165896	10.24726196	10.18040988	10.11337107	10.05337932	9.99331846	9.92856693	9.85932299	9.77185600	9.64380300	9.51997990	9.42165848	9.33772502	9.26577039	9.20002711	9.13084010	9.04515779	8.92080263	8.70935274	8.53472597	8.42520669	8.34514104	8.27897958	8.21678774	8.15155223	8.07673665	7.99320773	7.93912952	7.92994595	7.96039644
	2.97333529	2.87772489	2.80152350	2.76321006	5.74977156	6.30365121	7.07888484	8.31408735	9.04975047	9.66632723	10.11231581	10.74379700	11.03278487	11.41330657	11.42760869	10.70914141	10.52064268	10.44839054	10.38494068	10.31052726	10.24827428	10.18312263	10.11769562	10.05895295	9.99967075	9.93567029	9.86693682	9.77930463	9.65243353	9.52850781	9.42921519	9.34478696	9.27263918	9.20679853	9.13754905	9.05174059	8.92691414	8.71710202	8.54169489	8.43152185	8.35127002	8.28519853	8.22328302	8.15857673	8.08475936	8.00264472	7.95015777	7.94248061	7.97616138
	3.00184346	2.90357595	2.83333794	2.79883728	5.76469219	6.31741601	7.12040076	8.34000217	9.06041528	9.68273881	10.12180408	10.75014444	11.03481895	11.40784712	11.41080074	10.66886856	10.44061775	10.38946463	10.36848120	10.30814661	10.24656342	10.18195047	10.11713894	10.05876992	9.99947230	9.93528916	9.86589023	9.77657705	9.64730595	9.52496854	9.42674995	9.34314117	9.27161000	9.20603099	9.13661661	9.04997366	8.92294250	8.70862292	8.53737741	8.42908375	8.34959527	8.28361317	8.22125732	8.15570937	8.08080517	7.99640495	7.94474699	7.93838724	7.97112831
	2.99440235	2.89883469	2.83950653	2.80284654	5.76710740	6.31170120	7.11320075	8.36029345	9.07504144	9.70948346	10.14439231	10.76976131	11.06606008	11.48635573	11.46163767	10.94598069	10.47279380	10.39750598	10.35199921	10.30928069	10.24606066	10.18016581	10.11455047	10.05536601	9.99483297	9.92903282	9.85673622	9.76155355	9.62628225	9.50794985	9.41262643	9.33104485	9.26067665	9.19518603	9.12440469	9.03405026	8.89818697	8.67768423	8.51737834	8.41377154	8.33568616	8.26885123	8.20368704	8.13324103	8.05045778	7.96503284	7.91768913	7.91221853	7.94210413
	3.02752368	2.93655338	2.87079772	2.83415034	5.78336008	6.32790752	7.15627869	8.39531561	9.09101309	9.72607587	10.15524999	10.77090124	11.05831310	11.44316898	11.40868587	10.99950811	10.53166856	10.45895095	10.39226969	10.32720317	10.26316858	10.19691032	10.13152837	10.07320639	10.01403943	9.95044362	9.88108889	9.78985093	9.66041430	9.53568650	9.43408694	9.34855159	9.27586450	9.20912547	9.13793618	9.04801079	8.91363723	8.69703055	8.52979012	8.42301160	8.34361381	8.27645395	8.21158292	8.14196640	8.06034995	7.97767561	7.93310133	7.92943731	7.96222916
	3.08207788	2.98846630	2.92646234	2.89622859	5.82722156	6.37368298	7.29358876	8.46640481	9.11456710	9.74772398	10.16918275	10.77395092	11.05421802	11.42421682	11.31832286	10.69893725	10.48424489	10.41845696	10.35639637	10.31878744	10.25630351	10.19273010	10.12979197	10.07309149	10.01450869	9.95117786	9.88110469	9.78712324	9.65649818	9.53142666	9.43212666	9.34833555	9.27697331	9.21087735	9.13966905	9.04867420	8.91084835	8.68991807	8.52807084	8.42372273	8.34544142	8.27861575	8.21349944	8.14324136	8.06093925	7.97780688	7.93319992	7.93131656	7.96762577
	3.08197737	2.99550981	2.93375235	2.90577621	5.85309513	6.38983070	7.34985812	8.53375630	9.14111959	9.77725405	10.20418456	10.80130260	11.09818572	11.51173775	11.41959109	10.98250148	10.49280210	10.42890833	10.36874008	10.30922600	10.24633699	10.18315077	10.12069883	10.06358479	10.00332017	9.93703268	9.86095538	9.75500642	9.62257506	9.50363794	9.41061315	9.33070706	9.26164032	9.19593412	9.12270799	9.02576462	8.87210248	8.65090153	8.50376151	8.40570116	8.32926730	8.26110136	8.19178391	8.11417132	8.02215507	7.94295242	7.90428597	7.90426323	7.93803148
	3.10510617	3.01267239	2.94706508	2.91977986	5.88204457	6.41624978	7.44010758	8.59820623	9.16070634	9.79382819	10.21880419	10.80508821	11.09269511	11.46862129	11.29601841	10.79137866	10.47625762	10.41579987	10.35854254	10.30092620	10.24219771	10.18028589	10.11919351	10.06286458	10.00298505	9.93675310	9.85966462	9.75179605	9.61782998	9.50194524	9.40929021	9.33015972	9.26167958	9.19608693	9.12235286	9.02375619	8.86451203	8.64379389	8.50039841	8.40391569	8.32797234	8.25946256	8.18903038	8.10951535	8.01616440	7.93674340	7.90176386	7.90337927	7.93590762
	3.13542712	3.04669103	2.98104129	2.94659112	5.92140309	6.45174887	7.59980105	8.70435005	9.19140316	9.81769198	10.24096241	10.80771371	11.07508190	11.38516931	11.11011872	10.54565725	10.46856057	10.41269285	10.35805722	10.30224662	10.24493010	10.18441922	10.12512755	10.07010627	10.01153784	9.94655363	9.86986171	9.76155681	9.62969083	9.51018485	9.41633686	9.33659423	9.26792189	9.20203163	9.12759687	9.02731674	8.86308254	8.64176188	8.50043948	8.40475126	8.32886843	8.25966510	8.18770454	8.10567585	8.00998990	7.93335204	7.90084707	7.90456518	7.94109746
	3.14333971	3.05706888	2.99934591	2.96584492	5.94564452	6.47030682	7.72246754	8.75640021	9.21330142	9.83454357	10.26213354	10.81558605	11.07745474	11.36599659	11.05873076	10.53714750	10.46069315	10.40596713	10.35279851	10.29809259	10.24166099	10.18187608	10.12357051	10.06890295	10.01043970	9.94510629	9.86676788	9.75308844	9.61756673	9.50072742	9.40910662	9.33104216	9.26341824	9.19772670	9.12237415	9.01929910	8.84591738	8.62427809	8.49000103	8.39726188	8.32214742	8.25204685	8.17764105	8.09165854	7.98954352	7.91583822	7.88813111	7.89337087	7.92694627
	3.15070256	3.07169485	3.02197087	2.98484856	5.97301303	6.49164046	7.83342509	8.81140762	9.23973294	9.85426301	10.28730251	10.82403201	11.07956335	11.33614840	10.96684167	10.51489929	10.44681230	10.39570900	10.34466439	10.29128938	10.23581313	10.17677189	10.11927010	10.06460071	10.00548672	9.93857138	9.85626202	9.74012664	9.60858514	9.49241670	9.40237218	9.32542166	9.25834237	9.19225954	9.11505463	9.00710134	8.82189028	8.60874647	8.47989827	8.38927836	8.31420042	8.24229835	8.16400948	8.07125048	7.96799303	7.90065805	7.87614678	7.88291345	7.91697071
	3.14430810	3.06987477	3.00822052	2.95382735	6.00742744	6.51688943	8.03166602	8.85815624	9.27261743	9.87572832	10.31161874	10.82640371	11.06234132	11.22685993	10.72944064	10.45999916	10.40971852	10.36688673	10.32085191	10.27065134	10.21750527	10.16029926	10.10409259	10.04918974	9.98853540	9.91843104	9.82892635	9.70425463	9.57432652	9.46939704	9.38452740	9.31094160	9.24557400	9.17933249	9.09942674	8.98353962	8.78080823	8.58230247	8.46266488	8.37559920	8.30055128	8.22567243	8.14098549	8.03725280	7.93476396	7.87690367	7.85669568	7.86507852	7.89865132
	3.13422650	3.05698682	2.98808721	3.57473713	6.02341675	6.52647585	8.06724036	8.87824936	9.29274833	9.88753314	10.32566699	10.82729471	11.05172174	11.17120991	10.67289732	10.43202051	10.39016460	10.35106120	10.30754021	10.25899175	10.20696000	10.15070875	10.09505485	10.03973555	9.97800337	9.90565739	9.81104276	9.68158846	9.55256049	9.45513527	9.37325880	9.30172786	9.23730516	9.17076351	9.08878959	8.96698656	8.75395529	8.56546147	8.45144877	8.36643250	8.29107738	8.21375935	8.12407940	8.01293724	7.91349282	7.86127984	7.84342974	7.85251403	7.88552888
	3.12971853	3.04926419	2.98064581	4.73018921	6.04140564	6.53982905	8.10036703	8.90004910	9.31697965	9.90008092	10.34030830	10.82658360	11.03676514	11.10912443	10.62242774	10.41262257	10.37652385	10.34025306	10.29885486	10.25180741	10.20084280	10.14557675	10.09053775	10.03502127	9.97263880	9.89870209	9.80026197	9.66328753	9.53916791	9.44574752	9.36608124	9.29613175	9.23242331	9.16553079	9.08169638	8.95442745	8.73117795	8.55244562	8.44303903	8.35964791	8.28386402	8.20412463	8.10952171	7.99055443	7.89610180	7.84860016	7.83305692	7.84305608	7.87594245
	3.11662568	3.04663999	2.98893694	5.57030859	6.07116723	6.56918985	8.14424381	8.92897544	9.35654308	9.92085380	10.37241567	10.83182497	11.02781735	11.06201752	10.58034964	10.40363302	10.37235074	10.33800013	10.29730240	10.25094357	10.20036641	10.14558537	10.09092518	10.03516840	9.97232668	9.89664447	9.79336577	9.65952259	9.54092370	9.44380603	9.36414032	9.29437820	9.23042128	9.16226386	9.07531333	8.93978791	8.71261444	8.54159761	8.43552501	8.35290174	8.27586886	8.19256734	8.09117962	7.96737154	7.88096958	7.83783778	7.82489187	7.83640032	7.87006679
	3.10552875	3.03459632	2.98209311	5.60329302	6.09394024	6.59086059	8.17937831	8.94908680	9.38548954	9.93407106	10.39184967	10.83205433	11.01350337	11.00984289	10.54115445	10.39012981	10.36361565	10.33140985	10.29172592	10.24634714	10.19645941	10.14225047	10.08773623	10.03155599	9.96782907	9.88975017	9.78122402	9.64609026	9.53188305	9.43621265	9.35805935	9.28929648	9.22556434	9.15649548	9.06668263	8.92304190	8.69257093	8.53016569	8.42761900	8.34591363	8.26777698	8.18102344	8.07301070	7.94718380	7.86714110	7.82755353	7.81654281	7.82899423	7.86280081
	3.08089721	3.01183496	3.11285550	5.62070986	6.10441620	6.59722199	8.20278169	8.96180804	9.40359846	9.94152317	10.40292140	10.83194101	11.00467012	10.97910821	10.49569215	10.36487935	10.34487033	10.31599993	10.27826362	10.23426551	10.18524138	10.13151670	10.07670595	10.01933423	9.95340739	9.87101597	9.75626066	9.62014952	9.50554978	9.42009911	9.34503761	9.27815343	9.21504834	9.14513060	9.05208699	8.89899397	8.66592283	8.51467504	8.41644895	8.33600179	8.25676990	8.16632429	8.05068949	7.92430419	7.84992498	7.81378558	7.80433311	7.81713273	7.85027130
	3.03971603	2.97239828	3.42248234	5.62534013	6.10046302	6.57794197	8.21534315	8.96785782	9.40852852	9.94257394	10.40167473	10.82964211	10.99647678	10.95373466	10.42970372	10.32279253	10.31234641	10.28881085	10.25391341	10.21187137	10.16390693	10.11045348	10.05459883	9.99470989	9.92452324	9.83452901	9.70889750	9.57325632	9.47279208	9.39402431	9.32353133	9.25924195	9.19696876	9.12588964	9.02839809	8.86271922	8.63322250	8.49398168	8.40070641	8.32164557	8.24089885	8.14568132	8.02016045	7.89477202	7.82794396	7.79518209	7.78692747	7.79947482	7.83114964
	3.00057083	2.94030713	3.60284963	5.64142246	6.10780254	6.57426034	8.23942305	8.97915039	9.42607176	9.94856750	10.41051216	10.82829297	10.98528964	10.91817107	10.36277364	10.28675173	10.28603521	10.26714897	10.23476326	10.19421731	10.14694170	10.09350919	10.03658812	9.97422038	9.89971610	9.80190499	9.66710090	9.53787739	9.44668065	9.37314313	9.30599325	9.24356597	9.18152514	9.10872568	9.00580620	8.82564258	8.60472058	8.47563574	8.38647586	8.30818464	8.22519696	8.12412381	7.98798271	7.86868216	7.80850010	7.77898285	7.77208699	7.78475076	7.81548914
	2.96555244	2.92183964	4.46935933	5.66407619	6.12230575	6.58531454	8.27175996	8.99373228	9.45253201	9.95773508	10.42534969	10.82713287	10.97208814	10.87695738	10.30603697	10.25906675	10.26656391	10.25131974	10.22112108	10.18169667	10.13485069	10.08135379	10.02339432	9.95876972	9.88023553	9.77522085	9.63217019	9.51335856	9.42772472	9.35771183	9.29275617	9.23151873	9.16921803	9.09426609	8.98531054	8.78861088	8.58121237	8.46026362	8.37427714	8.29615555	8.21041935	8.10276978	7.95542892	7.84665464	7.79207407	7.76543298	7.75990421	7.77295967	7.80323984
	2.92768377	2.83305483	5.17479700	5.69407069	6.14383623	6.60058390	8.31596894	9.01264491	9.49147659	9.97076331	10.44833804	10.82659350	10.95716551	10.83238664	10.25931179	10.23820360	10.25172728	10.23915993	10.21070987	10.17229621	10.12587472	10.07245805	10.01352810	9.94709984	9.86506745	9.75213653	9.60477619	9.49238771	9.41230278	9.34510577	9.28177792	9.22134634	9.15851022	9.08098107	8.96491790	8.75124985	8.55894074	8.44568278	8.36253458	8.28416059	8.19498856	8.07964924	7.92311122	7.82558625	7.77654362	7.75286266	7.74889296	7.76262446	7.79275931
	2.90554066	3.41793747	5.17141958	5.70879630	6.15118723	6.60337365	8.34338109	9.02296093	9.51235872	9.97620882	10.45568238	10.82356299	10.94461431	10.77911870	10.20621408	10.21347172	10.23452471	10.22490418	10.19812512	10.16046378	10.11415797	10.06009037	9.99950234	9.93002928	9.84184867	9.72120598	9.58121454	9.47489711	9.39822629	9.33311263	9.27091641	9.21078171	9.14706850	9.06664041	8.94297160	8.72364129	8.54271067	8.43416409	8.35256050	8.27341060	8.18062660	8.05626709	7.90080190	7.81035110	7.76452961	7.74247745	7.73918900	7.75299375	7.78265721
	2.86429042	4.13752023	5.18757155	5.71163296	6.14311444	6.57853192	8.36059245	9.02776061	9.51872685	9.97552132	10.45018594	10.81866581	10.93311995	10.71554283	10.10953361	10.16108463	10.19629962	10.19301023	10.16964956	10.13356678	10.08756737	10.03240448	9.96885911	9.89399307	9.79562183	9.66075451	9.52787484	9.43574534	9.36712536	9.30703298	9.24786112	9.18892981	9.12441446	9.04014061	8.90611538	8.67696220	8.51451577	8.41386909	8.33513137	8.25537736	8.15802043	8.02212158	7.86561114	7.78522254	7.74395691	7.72394125	7.72111209	7.73432007	7.76248911
	2.80357143	4.50707785	5.23090367	5.73755526	6.16324427	6.59718730	8.41106237	9.04437181	9.55999591	9.98647451	10.46868421	10.81686565	10.91927625	10.70911224	10.10421013	10.16008052	10.19574167	10.19243280	10.16911822	10.13309397	10.08691241	10.03120070	9.96635002	9.88919130	9.78674755	9.64576118	9.51582096	9.42734359	9.36082557	9.30174694	9.24310131	9.18415466	9.11855613	9.03122489	8.88893051	8.65746738	8.50357801	8.40644748	8.32860346	8.24750333	8.14576737	7.99920420	7.84877346	7.77409312	7.73555393	7.71711536	7.71526381	7.72910336	7.75751850
	2.77600382	4.71870277	5.25966543	5.75448112	6.17586775	6.61450641	8.44384230	9.05414675	9.58859469	9.99302859	10.48127289	10.81545326	10.90920764	10.71696497	10.08529475	10.15286301	10.19092059	10.18842804	10.16546899	10.12955311	10.08323986	10.02702164	9.96106791	9.88194986	9.77667754	9.63071593	9.50420783	9.41881425	9.35417004	9.29603049	9.23796010	9.17908778	9.11269227	9.02306173	8.87488835	8.64210053	8.49460975	8.40012394	8.32296897	8.24085219	8.13586740	7.98151911	7.83596487	7.76541406	7.72883668	7.71150400	7.71027783	7.72444661	7.75285534
	2.84077416	4.73789274	5.27009261	5.75114828	6.15789391	6.57905443	8.46250761	9.05778403	9.59388980	9.99256525	10.48142748	10.81564832	10.90684991	10.51784963	9.96406859	10.08401357	10.14173961	10.14726237	10.12746744	10.09248813	10.04524938	9.98576350	9.91310979	9.81935379	9.69489073	9.55417592	9.44730281	9.37376711	9.31643147	9.26279598	9.20710215	9.14812043	9.07840810	8.97991281	8.80774009	8.59260861	8.46163401	8.37392130	8.29827860	8.21287224	8.09786463	7.92614964	7.79844852	7.73628993	7.70337519	7.68731469	7.68575594	7.69848370	7.72460304
	3.47389612	4.75593656	5.27558071	5.74076422	6.12779078	6.51621749	8.48591991	9.06201131	9.59358625	9.99126754	10.48069052	10.81767810	10.90795160	10.19246080	9.80316975	9.99254759	10.07605515	10.09193717	10.07608214	10.04208183	9.99316704	9.92862373	9.84578001	9.72874131	9.58153171	9.45453697	9.37310052	9.31440066	9.26629397	9.21834420	9.16539214	9.10577065	9.03091870	8.91912374	8.71582300	8.52960871	8.41871796	8.33911183	8.26482075	8.17423494	8.04283346	7.85548093	7.75083216	7.69853463	7.66984490	7.65504731	7.65273423	7.66331951	7.68630596
	4.25875653	4.78056516	5.29110935	5.73836796	6.10690885	6.47825286	8.54007728	9.07254511	9.61503196	9.99511379	10.49223088	10.82163951	10.90927520	9.62336095	9.67136548	9.91969372	10.02513322	10.04897664	10.03597203	10.00215333	9.95088671	9.88048982	9.78594126	9.64493214	9.48195478	9.38164320	9.31738789	9.26881987	9.22715622	9.18287938	9.13124116	9.06992075	8.98881779	8.86060155	8.63419712	8.48045231	8.38421384	8.31020195	8.23572563	8.13837869	7.98492591	7.79907819	7.71243372	7.66746620	7.64185336	7.62788808	7.62489240	7.63377546	7.65438493
	4.38432306	4.79952024	5.30707675	5.74306154	6.10239371	6.46640496	8.58110060	9.08068057	9.63511969	10.00050096	10.50871844	10.82624535	10.91325418	9.54516084	9.64921806	9.88787144	10.00483100	10.03198266	10.01993316	9.98569074	9.93259206	9.85823078	9.75395339	9.59686324	9.44845073	9.35731738	9.29775061	9.25206008	9.21212535	9.16855943	9.11667942	9.05367421	8.96831059	8.82596554	8.60324693	8.46109715	8.36983949	8.29740539	8.22185892	8.11974419	7.94685121	7.77646335	7.69642167	7.65415688	7.62959853	7.61581298	7.61240942	7.62048359	7.64000290
	4.39662102	4.80907504	5.30832006	5.73285622	6.07526654	6.42890121	8.62008740	9.08642200	9.64186816	10.00242621	10.52154696	10.83501325	10.92977627	9.50898558	9.59308589	9.81520437	9.95319256	9.98978637	9.98044595	9.94547949	9.88852363	9.80440220	9.66960837	9.50983560	9.38632860	9.31016084	9.25903335	9.21854295	9.18169244	9.13949955	9.08706939	9.02070413	8.92720288	8.75997453	8.55347407	8.42833347	8.34440679	8.27402718	8.19622224	8.08551579	7.88895610	7.74113289	7.66992462	7.63115591	7.60769113	7.59352712	7.58863841	7.59442329	7.61113195
	4.41686078	4.82652798	5.31563063	5.72392523	6.04501578	6.38596580	8.73936202	9.09990664	9.65656013	10.00842383	10.54803406	10.84580308	10.94665458	9.41681440	9.52853889	9.73452726	9.89101688	9.93922114	9.93281430	9.89665110	9.83283343	9.72600987	9.56486933	9.41623678	9.31731043	9.25718348	9.21512229	9.18023641	9.14659330	9.10548677	9.05167790	8.98012885	8.86919236	8.67384453	8.49607523	8.39025887	8.31448595	8.24586238	8.16409291	8.03552722	7.82059288	7.69928723	7.63826572	7.60347826	7.58117915	7.56642145	7.55957615	7.56242625	7.57558570
	4.42054184	4.81950696	5.29211138	5.68988923	5.98407750	6.31332500	8.72866743	9.10359823	9.65274296	10.01160952	10.59170921	10.87641830	11.01793022	9.37085422	9.44249530	9.60333590	9.76850413	9.83913393	9.83999311	9.79537700	9.70806949	9.56200810	9.40919166	9.29669544	9.22867714	9.18528335	9.15315353	9.12417290	9.09354233	9.05274552	8.99566016	8.91502255	8.76262752	8.56426597	8.42895574	8.34153706	8.27319133	8.20484435	8.11588552	7.94448354	7.74905620	7.65108312	7.59892944	7.56719268	7.54496532	7.52811288	7.51727829	7.51462212	7.52132120
	4.43038359	4.82431522	5.29058440	5.68155094	5.96464383	6.28955102	8.72279676	9.10859954	9.65687870	10.01589168	10.61472604	10.89056964	11.04760319	9.28753468	9.40755248	9.54914837	9.71469012	9.79176465	9.79482363	9.74371163	9.64424716	9.49130032	9.34354760	9.24976904	9.19331527	9.15629274	9.12787015	9.10100998	9.07127542	9.03012073	8.97104266	8.88407473	8.71490101	8.52055751	8.40154623	8.32129497	8.25563956	8.18684028	8.09379065	7.90184453	7.71959041	7.63112311	7.58262737	7.55214385	7.52992704	7.51220300	7.49971112	7.49478842	7.49881951
	4.45184297	4.84281553	5.30534901	5.68591246	5.96164063	6.28323673	8.85728365	9.12555315	9.68385905	10.03038261	10.64493170	10.90354505	11.06347642	9.33283325	9.40556030	9.54205978	9.70636011	9.78566107	9.78873044	9.73235222	9.62099980	9.46835564	9.32442268	9.23879709	9.18569613	9.15019758	9.12243100	9.09582057	9.06588205	9.02385109	8.96312373	8.87682959	8.69200237	8.50200015	8.39022693	8.31295945	8.24807095	8.17818415	8.08221843	7.87329159	7.70254756	7.61980654	7.57354279	7.54381912	7.52160934	7.50340360	7.49001641	7.48393289	7.48663112
	4.47274902	4.85785118	5.31151508	5.67838004	5.94022619	6.25177266	8.42112260	9.13634141	9.71089708	10.05163681	10.68644862	10.94964232	11.19883788	9.28714234	9.37350559	9.50482837	9.64959668	9.71835468	9.71400259	9.64860408	9.53429357	9.39575819	9.27278260	9.19857579	9.15219163	9.12048402	9.09472680	9.06884362	9.03826950	8.99370921	8.92796843	8.80951374	8.61514049	8.45569333	8.35732025	8.28602628	8.22248146	8.14960943	8.03997617	7.81158315	7.66699540	7.59371440	7.55100074	7.52205513	7.49900278	7.47873743	7.46219164	7.45208701	7.45009576
	4.49550120	4.87339963	5.31775263	5.66997498	5.91499376	6.22064063	8.91657723	9.15262275	9.72937071	10.06831407	10.70951360	10.98288576	11.29614082	9.25188609	9.33133440	9.44649339	9.56726315	9.63681433	9.63105025	9.55456491	9.43096254	9.30525453	9.21120388	9.15256241	9.11462486	9.08749840	9.06399861	9.03883219	9.00735846	8.95970770	8.88423478	8.74222536	8.54070974	8.41147904	8.32635148	8.26057141	8.19763227	8.12049282	7.99231615	7.75791105	7.63524449	7.56991696	7.53000266	7.50134494	7.47706336	7.45431789	7.43406615	7.41928705	7.41185735
	4.50450674	4.87748033	5.31375354	5.65718607	5.88996325	6.18906023	8.88188911	9.15849855	9.73728509	10.08093985	10.72988293	11.01620167	11.43306456	9.20084141	9.29498742	9.40181423	9.50594985	9.56231360	9.54958976	9.47428613	9.35868333	9.24619336	9.16714086	9.11714227	9.08415713	9.05982171	9.03763612	9.01261022	8.97998829	8.92967229	8.84291571	8.67275699	8.48980381	8.37838262	8.30153373	8.23917666	8.17625887	8.09562877	7.93729610	7.72119258	7.61208884	7.55180261	7.51356028	7.48484378	7.45938150	7.43449752	7.41116719	7.39253618	7.38049473
	4.51330210	4.88200763	5.31124023	5.64654605	5.86885123	6.16158836	8.70288549	9.16606735	9.74940342	10.09905438	10.75503641	11.05732502	11.55353348	9.40592393	9.26643569	9.36869234	9.46068354	9.50324062	9.48362856	9.41099774	9.30594437	9.20486635	9.13468763	9.08998811	9.06004125	9.03730431	9.01564064	8.99017503	8.95593118	8.89648743	8.79787632	8.61138157	8.44969016	8.35065203	8.27970085	8.21955530	8.15592317	8.06613367	7.88532272	7.69050701	7.59183592	7.53546235	7.49837280	7.46931605	7.44249198	7.41534287	7.38881425	7.36498241	7.34798687
	4.52151362	4.88287524	5.29977112	5.62354138	5.82811744	6.11015533	7.95651051	9.17120688	9.76427763	10.12708358	10.79903489	11.13787487	11.72986160	9.81893006	9.15227536	9.29378880	9.36084226	9.38105736	9.35167212	9.28472089	9.19968974	9.12255790	9.06829055	9.03332510	9.00909098	8.98940907	8.96868989	8.94210422	8.90600360	8.82127288	8.67254717	8.49787869	8.37814562	8.29885275	8.23746471	8.18063506	8.11492903	8.00337618	7.79061165	7.63902981	7.55602898	7.50551893	7.46990274	7.43977954	7.41006330	7.37833252	7.34613842	7.31125218	7.28277555
	4.53167989	4.88679750	5.29722119	5.61294300	5.80601455	6.08335970	7.58092152	9.17456269	9.77057076	10.13864014	10.82011423	11.18219925	11.81136259	9.80676936	9.18165348	9.22105786	9.27072175	9.27600421	9.24221088	9.18302997	9.11997327	9.05878816	9.01551828	8.98713055	8.96659518	8.94855100	8.92776099	8.89934035	8.83637292	8.73921218	8.57686873	8.42661288	8.33167823	8.26450205	8.20865387	8.15306945	8.08446265	7.95102454	7.73694339	7.60906367	7.53485678	7.48736601	7.45216434	7.42086081	7.38877083	7.35354463	7.31163254	7.27191510	7.24023866
	4.54836809	4.90300184	5.30725913	5.61098740	5.79412621	6.06895976	7.89706987	9.18820950	9.78969064	10.16529103	10.84884501	11.23126824	11.85001225	10.87907439	9.06939752	9.09343306	9.13500197	9.13226888	9.09134095	9.09358051	9.03733138	9.02785753	8.98866694	8.96264835	8.94318083	8.92512999	8.90329546	8.86971705	8.79426068	8.66976693	8.50769138	8.38291666	8.30088668	8.24029791	8.18727580	8.13156553	8.06003054	7.89406261	7.69645541	7.58487541	7.51705567	7.47173552	7.43656952	7.40388859	7.36927879	7.33165469	7.28180283	7.23078537	7.19692635
	4.55892982	4.91224956	5.31076115	5.60609035	5.78242984	6.05382550	7.74661099	9.19766075	9.80284745	10.18571956	10.87043795	11.27434752	11.87793569	11.68200874	8.99099646	9.07255589	9.11037568	9.10403874	9.12962273	9.11607188	9.05603750	9.00037512	8.96388321	8.93953585	8.92157437	8.90417979	8.87833845	8.83016620	8.74111266	8.60417665	8.45814489	8.35000370	8.27633908	8.22010690	8.16875145	8.11232980	8.03309960	7.84071618	7.66758824	7.56659375	7.50294153	7.45886128	7.42335665	7.38922020	7.35278611	7.30992522	7.25097229	7.19463151	7.16061914
	4.57210624	4.92049387	5.31066509	5.59559677	5.76054795	6.02694218	7.27205112	9.20776086	9.81988976	10.21461899	10.90337414	11.35659346	11.92986793	12.18805359	9.03383376	9.12148316	9.13716632	9.14460952	9.09876780	9.05020088	8.99775040	8.95132920	8.91818358	8.89516464	8.87658802	8.85736041	8.81531730	8.74098301	8.63985841	8.51129061	8.38614291	8.30023577	8.23808082	8.18757537	8.13785977	8.07828065	7.96534172	7.76935186	7.62693356	7.53926507	7.48069583	7.43775990	7.40115124	7.36418587	7.32207526	7.26191344	7.19450429	7.14135422	7.11037138
	4.58531075	4.92703802	5.30646919	5.58078274	5.73357287	5.99029936	6.77521249	9.21699922	9.83881854	10.25371907	10.94636380	11.48555503	11.99320716	12.23205608	8.94651585	9.01492298	9.00363271	9.03133003	9.02655479	8.98181266	8.93548428	8.88528039	8.84758349	8.81956607	8.78282836	8.74260867	8.69170185	8.61801169	8.51942715	8.41078031	8.31696207	8.24778338	8.19475682	8.14851098	8.09945055	8.02755566	7.87719806	7.70189534	7.58595828	7.50970068	7.45530430	7.41272195	7.37405559	7.33347255	7.27218511	7.19719383	7.12958045	7.08685015	7.06128722
	4.57815055	4.90502232	5.27175345	5.54685207	5.68748857	5.92315959	6.29723336	9.20838346	9.84239839	10.27745887	10.98662737	11.61353640	12.06532640	12.33893357	8.76697042	9.77284379	9.81134689	9.82010922	8.90158062	8.85534176	8.80786669	8.75337317	8.71099278	8.67734821	8.63274972	8.58507645	8.53164903	8.46284130	8.37944855	8.30137677	8.23644308	8.18364175	8.13931459	8.09668367	8.03148834	7.93881520	7.77903589	7.63702932	7.54348267	7.47683690	7.42544750	7.38217987	7.34036557	7.28117317	7.20367579	7.12605771	7.06815722	7.03338802	7.01169528
