	11.84090854	11.83574845	11.82973500	11.82270403	11.81439371	11.80388891	11.79351702	11.78604175	11.78067763	11.78406003	11.82753996	11.94393545	12.02645768	12.10712561	12.19487647	12.27783725	12.38731487	12.46338534	12.58100163	12.64131745	12.74422211	12.83541690	12.87361521	12.94411679	13.07104698	13.11656789	13.15656318	13.20112280	13.22791497	13.21824088	13.18661832	13.15192359	13.11813923	13.07497740	12.99097805	12.90873683	12.85853349	12.81581179	12.75644543	12.70577951	12.64889424	12.60822028	12.57608280	12.53929927	12.49046165	12.43052325	12.37678995	12.33365641	12.27154226
	12.35849682	12.34729476	12.33411436	12.31803645	12.29759528	12.27029662	12.23575144	12.20997844	12.19177576	12.18152228	12.20377182	12.42544657	12.57123980	12.67927332	12.81636100	12.91027262	13.07933927	13.17943752	13.36671357	13.46155607	13.60132304	13.74456007	13.80706843	13.92427219	14.08184413	14.14501854	14.20565478	14.26974208	14.30308042	14.28361161	14.23296757	14.17807648	14.12496249	14.05856846	13.92272264	13.82149961	13.75398074	13.68666340	13.58226125	13.49975406	13.44192924	13.39181957	13.34486788	13.28693586	13.20753844	13.13493856	13.07106434	13.00999802	12.90835873
	12.41258626	12.39930395	12.38381317	12.36491215	12.34085950	12.30859794	12.26659966	12.23466227	12.21216807	12.19811511	12.21475956	12.45058164	12.65698340	12.78473168	12.94697522	13.05659401	13.25569240	13.37217083	13.59217592	13.70218269	13.86748496	14.03352961	14.10653412	14.24796967	14.43002952	14.50255778	14.57357441	14.64928015	14.68946894	14.66696834	14.60667748	14.54131938	14.47898322	14.40284124	14.24531677	14.12324415	14.04208911	13.96068348	13.83484205	13.74025120	13.67338889	13.61427643	13.55780938	13.48527778	13.39842527	13.31742623	13.24279976	13.16852388	13.05327136
	12.46282076	12.44941999	12.43391519	12.41512554	12.39124131	12.35913300	12.31574066	12.28220584	12.25871009	12.24338719	12.25579737	12.47597042	12.70468392	12.83456632	12.99721985	13.10666045	13.30671372	13.42150029	13.64281193	13.75002207	13.91963685	14.08054301	14.15312855	14.29991163	14.47756019	14.54832320	14.61918845	14.69507695	14.73546633	14.71294720	14.65188081	14.58578258	14.52332692	14.44796852	14.29117008	14.16746645	14.08496779	14.00108110	13.87144635	13.77987968	13.71381998	13.65409365	13.59555227	13.51784879	13.43698685	13.35942419	13.28497339	13.20539697	13.09559032
	12.43990231	12.42576917	12.40970140	12.39060064	12.36653919	12.33440876	12.28899111	12.24791988	12.21985938	12.20100622	12.20849740	12.41563518	12.69309901	12.83461744	13.00891338	13.12544991	13.34062300	13.46106573	13.69912370	13.81042709	13.99701915	14.16267335	14.24013617	14.40576752	14.58822466	14.66113615	14.73642318	14.81817677	14.86213016	14.83891642	14.77292569	14.70123234	14.63471613	14.55713997	14.39568849	14.25746758	14.16689375	14.07501833	13.93297506	13.83604312	13.76556224	13.69990584	13.63195192	13.54110177	13.46193603	13.38437994	13.30448674	13.20748158	13.10059881
	12.38805079	12.37363181	12.35750913	12.33840778	12.31453121	12.28283974	12.23770088	12.19273704	12.16237371	12.14184295	12.14687567	12.34469915	12.64800830	12.79536634	12.97178774	13.09143838	13.31127906	13.43326634	13.67678839	13.78838520	13.98314355	14.14753115	14.22676814	14.40096997	14.58338496	14.65640656	14.73266844	14.81580336	14.86039637	14.83758773	14.77062296	14.69743423	14.62994797	14.55259803	14.39139841	14.24619522	14.15202258	14.05668789	13.90961357	13.81084602	13.73890041	13.67065317	13.59740777	13.50108879	13.42382252	13.34754946	13.26536009	13.15919995	13.05551503
	12.38814128	12.37254800	12.35530418	12.33517933	12.31025812	12.27747650	12.23140408	12.17832352	12.14272411	12.11856036	12.11992624	12.30487794	12.66443362	12.82450154	13.01791945	13.14773442	13.38764888	13.51938949	13.78407986	13.90513500	14.11462627	14.29533233	14.38102172	14.56859130	14.76829607	14.84709197	14.92824421	15.01626931	15.06357136	15.04061822	14.97010085	14.89186679	14.81951706	14.73739247	14.56647046	14.40610753	14.30256712	14.19809994	14.03731674	13.92973477	13.85121365	13.77550271	13.69041294	13.58515378	13.50412705	13.42354163	13.33340758	13.21380342	13.10570393
	12.33387739	12.31693719	12.29849219	12.27729309	12.25129214	12.21732671	12.17035736	12.10886081	12.06649261	12.03768782	12.03684912	12.23903928	12.63513214	12.81790909	13.02332205	13.16921574	13.42573246	13.56836494	13.85500250	13.97945825	14.22622796	14.39926400	14.49231818	14.70950467	14.91137162	14.99340269	15.07849045	15.16896040	15.21400919	15.18757448	15.11359718	15.03185758	14.95623764	14.87005272	14.68717436	14.51306251	14.39972123	14.28368461	14.10684753	13.99298408	13.90804813	13.82261157	13.71446112	13.60536660	13.52285090	13.43883817	13.33697500	13.19786246	13.09071957
	12.16576796	12.14600599	12.12479507	12.10069038	12.07145886	12.03366744	11.98177007	11.90832409	11.85448259	11.81783039	11.81248242	12.02530453	12.50968338	12.72795182	12.96767360	13.14136585	13.43806238	13.60480754	13.93747686	14.07963513	14.37200430	14.56708039	14.67503752	14.93042297	15.16265481	15.25683218	15.35345346	15.45411488	15.50185240	15.47055813	15.38724860	15.29508279	15.20968086	15.11198883	14.90214556	14.69912185	14.56656658	14.43011129	14.22357441	14.09160525	13.99219407	13.88981954	13.75355964	13.62979984	13.53691272	13.44138614	13.31987530	13.15385792	13.03465824
	12.13496955	12.11392634	12.09172887	12.06694867	12.03730953	11.99948001	11.94801511	11.87104520	11.80768907	11.76492914	11.75291043	11.94050559	12.48607050	12.71826021	12.97687910	13.16134143	13.47542059	13.65010406	14.00204117	14.14976925	14.45895810	14.66476794	14.77852718	15.04810456	15.29563617	15.39483421	15.49665110	15.60341515	15.65448380	15.62160811	15.53344475	15.43554856	15.34616462	15.24602963	15.03249879	14.81125634	14.66841308	14.52285438	14.30436413	14.16446626	14.05846066	13.94722378	13.79420218	13.66618327	13.57084735	13.47259242	13.34302734	13.16435255	13.04256820
	12.08833350	12.06469083	12.04010028	12.01291827	11.98065877	11.93988723	11.88480064	11.80072610	11.72529923	11.67463035	11.65811708	11.87090245	12.47189661	12.73649382	13.02309064	13.23407262	13.57739984	13.77341714	14.16202419	14.32295887	14.67739345	14.89410018	15.02214244	15.33767816	15.59703676	15.70567833	15.82052918	15.94426478	16.00549543	15.96874439	15.86711053	15.75430407	15.65325698	15.54298315	15.31298850	15.05891531	14.89696738	14.73269365	14.48992011	14.33489033	14.21624738	14.08928493	13.91251435	13.77418530	13.67032248	13.56168000	13.41378567	13.21465025	13.08348887
	12.07264087	12.04735849	12.02130355	11.99270592	11.95905484	11.91679550	11.86006839	11.77339450	11.68902049	11.63279647	11.61280253	11.83252467	12.47368435	12.75821940	13.06305285	13.28991428	13.65145639	13.86007575	14.27116879	14.44040949	14.82195992	15.04630434	15.18289084	15.52419774	15.79422720	15.90901034	16.03257127	16.16915628	16.23912001	16.19975188	16.08866862	15.96556896	15.85660690	15.73975206	15.50055253	15.22518481	15.05143236	14.87599913	14.61788770	14.45313606	14.32679004	14.19056074	13.99977851	13.85417477	13.74495377	13.63036248	13.47222269	13.26036840	13.12303855
	12.01798237	11.99120759	11.96378359	11.93382314	11.89880072	11.85497129	11.79634978	11.70693249	11.61517781	11.55417699	11.53261066	11.79057438	12.44129481	12.75155176	13.06238435	13.31270748	13.68022752	13.90537864	14.33022359	14.50533701	14.91526463	15.13857379	15.28393135	15.65990070	15.92366443	16.04303060	16.17494235	16.32268470	16.39827147	16.35494366	16.23515310	16.10335877	15.98754480	15.86437146	15.61591594	15.32399552	15.14094008	14.95602474	14.68467479	14.51179260	14.37876529	14.23410831	14.03121238	13.87985585	13.76580931	13.64516203	13.47567433	13.25389182	13.11180042
	12.02922361	12.00155846	11.97338182	11.94283349	11.90726264	11.86296572	11.80397920	11.71479679	11.61763552	11.55319909	11.52917559	11.79297607	12.45805238	12.78027328	13.09735300	13.35861576	13.72974192	13.96196373	14.39414518	14.57219308	14.99437271	15.21970731	15.36935594	15.76023050	16.02447758	16.14660321	16.28302406	16.43705524	16.51513424	16.46860546	16.34442316	16.20852242	16.08941192	15.96312303	15.70968603	15.41025005	15.22281238	15.03326126	14.75511823	14.57829985	14.44192555	14.29294705	14.08363876	13.92943538	13.81318025	13.68980928	13.51497858	13.28800995	13.14366339
	12.04419810	12.01509142	11.98563860	11.95387405	11.91716706	11.87170030	11.81137056	11.72096053	11.61606598	11.54660432	11.52116378	11.82134466	12.49302229	12.84383869	13.15983349	13.44970554	13.81711904	14.06736675	14.50663781	14.68953883	15.13369108	15.35969129	15.51673551	15.93456039	16.19657006	16.32302650	16.46610380	16.62738300	16.70549512	16.65259883	16.52286304	16.38269036	16.25953081	16.12790008	15.86124088	15.55364014	15.36048906	15.16383712	14.87423366	14.69066239	14.54873885	14.39283451	14.17357336	14.01397367	13.89332665	13.76464614	13.58015116	13.34454962	13.19578894
	12.06086831	12.03090637	12.00076385	11.96843683	11.93133797	11.88569979	11.82533950	11.73643626	11.62528108	11.55183303	11.52580615	11.85435791	12.52089265	12.89447140	13.20260844	13.52069772	13.87199925	14.13820394	14.57307113	14.75744363	15.21453199	15.43682564	15.59787606	16.03273641	16.28897505	16.41714538	16.56318151	16.72679807	16.80183821	16.74311722	16.61138599	16.47121277	16.34740377	16.21338706	15.93744343	15.62951798	15.43532750	15.23632465	14.94124230	14.75413623	14.60940177	14.45002152	14.22573407	14.06328564	13.94038743	13.80909109	13.61968180	13.37975130	13.22889302
	12.16123667	12.13229450	12.10326349	12.07225937	12.03680065	11.99334218	11.93600912	11.85152338	11.74342081	11.67125713	11.64794372	12.00149381	12.61155489	12.98836117	13.26390632	13.59759275	13.90454798	14.17442632	14.57485279	14.74946061	15.19356286	15.39569797	15.55123429	15.97919915	16.20987735	16.33221089	16.47235277	16.62657707	16.69076367	16.62863695	16.50384538	16.37345913	16.25716724	16.12880844	15.85816956	15.57110256	15.38856859	15.19984874	14.91768465	14.73836374	14.59958718	14.44662991	14.23186402	14.07628999	13.95816758	13.83166418	13.64823507	13.41923521	13.27507753
	12.24278186	12.21514215	12.18763320	12.15852692	12.12553683	12.08541053	12.03286227	11.95753285	11.85114102	11.77974687	11.75628123	12.09635562	12.66554256	13.03135879	13.28441092	13.61747973	13.88848960	14.15397710	14.51893366	14.68245359	15.10413340	15.28936321	15.43635928	15.84388270	16.05648281	16.17143342	16.30301313	16.44620904	16.50130595	16.43841168	16.32247194	16.20313324	16.09576129	15.97538652	15.71718561	15.45190669	15.28276393	15.10743957	14.84180788	14.67168773	14.54059193	14.39668850	14.19420307	14.04642498	13.93477502	13.81588415	13.64428000	13.42696730	13.29080875
	12.38364227	12.35864446	12.33396258	12.30801927	12.27886802	12.24360328	12.19764822	12.13229819	12.03538166	11.96915990	11.94794592	12.26371449	12.76122283	13.09610117	13.31394841	13.62652434	13.85163956	14.10078077	14.41188818	14.55746854	14.93623571	15.09543480	15.22727711	15.59526379	15.77777420	15.87950400	15.99630521	16.12119207	16.16447401	16.10463908	16.00319428	15.90032053	15.80669881	15.69973379	15.46573628	15.23498385	15.08701716	14.93244693	14.69598940	14.54418710	14.42721170	14.29860316	14.11789257	13.98639107	13.88683331	13.78059275	13.62695315	13.43375522	13.31283498
	12.48109674	12.45830517	12.43590756	12.41261378	12.38669487	12.35548157	12.31500269	12.25757958	12.16946244	12.10738888	12.08710523	12.37560016	12.81843804	13.12509033	13.31729276	13.60806737	13.79991085	14.03318990	14.30202626	14.43308630	14.77541584	14.91474670	15.03383822	15.36750032	15.52720446	15.61779960	15.72183183	15.83163254	15.86711198	15.81147666	15.72205264	15.63239011	15.54994466	15.45432944	15.24206170	15.03779938	14.90681437	14.76943749	14.55696897	14.41988803	14.31457581	14.19872367	14.03590551	13.91763733	13.82811687	13.73258708	13.59433663	13.42084088	13.31250621
	12.56055255	12.54090098	12.52162300	12.50174057	12.47968567	12.45318368	12.41886694	12.37008460	12.29396414	12.23969853	12.22393171	12.48255127	12.85135265	13.11859685	13.27605331	13.53262063	13.68597340	13.89980497	14.11237892	14.22583152	14.51876102	14.63307852	14.73602919	15.02084188	15.15331435	15.22957975	15.31703481	15.40735243	15.43342898	15.38470830	15.31065350	15.23720023	15.16860004	15.08731218	14.90415086	14.73356350	14.62394430	14.50818173	14.32707913	14.20978506	14.11990351	14.02086299	13.88174590	13.78100039	13.70443599	13.62231672	13.50231144	13.35578862	13.26399229
	12.59662304	12.57931043	12.56244612	12.54518594	12.52614584	12.50344948	12.47409344	12.43232917	12.36546694	12.31663256	12.30421212	12.53615649	12.85012858	13.08669998	13.21845627	13.44743135	13.57214269	13.77295247	13.93976411	14.04032937	14.29421554	14.38940846	14.47944580	14.72595080	14.83789322	14.90296807	14.97705293	15.05193647	15.07181864	15.02986031	14.96783690	14.90672832	14.84875633	14.77856963	14.61804588	14.47310837	14.38011211	14.28138139	14.12448152	14.02212465	13.94411005	13.85834716	13.73758926	13.65009441	13.58350057	13.51193394	13.40673446	13.28055402	13.20139405
	12.61390762	12.59873284	12.58407283	12.56922511	12.55294253	12.53364335	12.50871492	12.47317865	12.41489668	12.37117023	12.36269725	12.57173892	12.83478148	13.04283211	13.15081973	13.35391834	13.45280709	13.64268296	13.76651526	13.85613724	14.07336394	14.15094365	14.22919561	14.44018949	14.53330359	14.58842976	14.65051876	14.71178455	14.72625685	14.69043817	14.63910185	14.58882705	14.54033615	14.48013513	14.34025162	14.21862602	14.14080013	14.05762031	13.92294537	13.83420784	13.76716463	13.69362831	13.58984544	13.51444872	13.45692508	13.39494214	13.30290090	13.19576551	13.12818660
	12.61437294	12.59923382	12.58475416	12.57019647	12.55440436	12.53580502	12.51186829	12.47784414	12.42037518	12.37579120	12.36743419	12.57158717	12.82853483	13.03462964	13.13942315	13.34002892	13.43396782	13.62412561	13.73995192	13.82927662	14.04121489	14.11576363	14.19257814	14.39863552	14.48889805	14.54256978	14.60261601	14.66151020	14.67506300	14.64010433	14.59063793	14.54237806	14.49552342	14.43679746	14.29906230	14.18100993	14.10594238	14.02566556	13.89380252	13.80620021	13.74057367	13.66873485	13.56705868	13.49293820	13.43650705	13.37580299	13.28554027	13.18077408	13.11485476
	12.56297511	12.54825086	12.53427589	12.52028451	12.50516524	12.48742525	12.46455140	12.43194570	12.37595637	12.33224757	12.32771952	12.52910416	12.77028993	12.96983202	13.06743929	13.26154963	13.34745210	13.53572385	13.63893160	13.72769808	13.92877366	13.99779381	14.07212038	14.26840412	14.35280370	14.40371525	14.46052794	14.51561278	14.52705528	14.49339555	14.44675539	14.40166676	14.35743666	14.30108683	14.16759122	14.05658279	13.98604880	13.91002275	13.78363185	13.69960185	13.63681826	13.56797983	13.47039522	13.39962183	13.34538801	13.28661994	13.19737834	13.09934292	13.03680904
	12.58084124	12.56673757	12.55353115	12.54047720	12.52647130	12.51015992	12.48924415	12.45940650	12.40664411	12.36399320	12.36242193	12.55158051	12.77348559	12.96173566	13.05105821	13.23329641	13.31006846	13.48970192	13.57992629	13.66581939	13.85084401	13.91302961	13.98256455	14.16433303	14.24145539	14.28849814	14.34085444	14.39155906	14.40177297	14.37025606	14.32694158	14.28573094	14.24505553	14.19243956	14.06671163	13.96491696	13.90055714	13.83077611	13.71282137	13.63427379	13.57595230	13.51193930	13.42083715	13.35493680	13.30428580	13.24907451	13.16374285	13.07438878	13.01671689
	12.48639209	12.47131495	12.45735753	12.44367017	12.42908158	12.41211976	12.39053805	12.35961045	12.30364147	12.25744022	12.25990575	12.45982547	12.68884578	12.88718210	12.97964610	13.17033013	13.24826140	13.43932364	13.52855546	13.62186369	13.81225782	13.87538310	13.94819437	14.13704849	14.21653518	14.26536401	14.31960062	14.37214056	14.38261963	14.34972087	14.30455295	14.26196359	14.21980648	14.16451133	14.03133123	13.92665002	13.86043671	13.78801838	13.66425489	13.58238777	13.52153940	13.45448906	13.35890877	13.29045448	13.23744770	13.17905924	13.08723758	12.99629219	12.93657988
	12.36272132	12.34644160	12.33147023	12.31691969	12.30149553	12.28361397	12.26088499	12.22811380	12.16771211	12.11761380	12.12488469	12.33918439	12.57869276	12.78977865	12.88721648	13.08870551	13.16974988	13.37487004	13.46502079	13.56759648	13.76593975	13.83095376	13.90822908	14.10717679	14.19020488	14.24162763	14.29901344	14.35492403	14.36611999	14.33101062	14.28281280	14.23773586	14.19326790	14.13451719	13.99224036	13.88238238	13.81299469	13.73666721	13.60512456	13.51868828	13.45430390	13.38305391	13.28141979	13.20944126	13.15318885	13.09057079	12.99039061	12.89673211	12.83397498
	12.32165334	12.30449466	12.28891320	12.27388869	12.25810486	12.23992868	12.21685033	12.18347726	12.12083577	12.06786692	12.07955677	12.29880566	12.54243433	12.75999130	12.86003328	13.06628978	13.14847580	13.36077455	13.45011837	13.55820524	13.75924982	13.82461861	13.90385523	14.10748616	14.19189595	14.24466356	14.30408490	14.36294146	14.37542767	14.33852210	14.28772247	14.24088124	14.19511829	14.13454760	13.98727637	13.87520649	13.80449528	13.72627829	13.59050910	13.50224811	13.43631485	13.36276208	13.25788300	13.18478250	13.12705532	13.06198164	12.95633504	12.86302365	12.79916819
	12.20845445	12.18986753	12.17313481	12.15703091	12.14027648	12.12100536	12.09651724	12.06077012	11.99257364	11.93539069	11.95831824	12.19288140	12.44605551	12.67636308	12.78362894	13.00009578	13.08696134	13.31375600	13.40447531	13.52330394	13.73204107	13.79973821	13.88358488	14.09839749	14.18724353	14.24350420	14.30760770	14.37198466	14.38597069	14.34524343	14.28952566	14.23887000	14.18980366	14.12425888	13.96464262	13.84889118	13.77462631	13.69088676	13.54543873	13.45338240	13.38372354	13.30472914	13.19268504	13.11660483	13.05531984	12.98455693	12.86786873	12.77356204	12.70640569
	12.12741265	12.10774308	12.09011558	12.07332248	12.05590355	12.03602488	12.01069522	11.97355873	11.90143239	11.84124001	11.87150013	12.11426889	12.37445339	12.61340521	12.72597009	12.94904102	13.03938492	13.27544002	13.36725431	13.49294719	13.70664508	13.77583760	13.86225448	14.08416930	14.17626608	14.23487364	14.30250007	14.37148901	14.38704636	14.34324059	14.28355135	14.22990533	14.17847381	14.10942326	13.94126816	13.82367894	13.74721694	13.65974893	13.50773992	13.41344463	13.34138941	13.25863880	13.14183837	13.06392135	13.00024005	12.92542351	12.80134993	12.70663848	12.63720414
	12.06553858	12.04498534	12.02665886	12.00932661	11.99144673	11.97109181	11.94517972	11.90705372	11.83201205	11.76958279	11.80602365	12.05485637	12.31989113	12.56513994	12.68212416	12.90986188	13.00311357	13.24591279	13.33853842	13.46935399	13.68679875	13.75702468	13.84527660	14.07266402	14.16727730	14.22747992	14.29768986	14.37054227	14.38795725	14.34184855	14.27888486	14.22282722	14.16959952	14.09812351	13.92398295	13.80434790	13.72609467	13.63588741	13.47899777	13.38277010	13.30886322	13.22332941	13.10282112	13.02345122	12.95794733	12.88002204	12.75062890	12.65544988	12.58426964
	11.99822871	11.97619020	11.95674477	11.93849316	11.91983686	11.89865500	11.87179320	11.83209605	11.75277574	11.68672676	11.73164027	11.98925162	12.26351247	12.51971304	12.64419298	12.88045882	12.97853397	13.23223890	13.32734466	13.46539307	13.69085467	13.76342221	13.85471328	14.09193498	14.19140514	14.25438738	14.32890097	14.40848672	14.42947552	14.37943342	14.31082077	14.25059203	14.19429429	14.11902398	13.93529639	13.81118075	13.72956181	13.63460974	13.46943981	13.36972442	13.29259778	13.20229599	13.07555677	12.99361269	12.92508897	12.84211731	12.70452604	12.60783464	12.53362415
	11.94262060	11.92116493	11.90216883	11.88431130	11.86598300	11.84507887	11.81839902	11.77840204	11.69873233	11.63541858	11.69150837	11.94669719	12.20858906	12.45654048	12.58134521	12.80841117	12.90576253	13.15352610	13.24443163	13.38333295	13.59934812	13.66920195	13.75889681	13.98996535	14.08631463	14.14758096	14.22040545	14.29826470	14.31836285	14.26873483	14.20138985	14.14255443	14.08744012	14.01324660	13.83254901	13.71259837	13.63309859	13.53976065	13.37795009	13.28118511	13.20572958	13.11660279	12.99253216	12.91299726	12.84565428	12.76293181	12.62684308	12.53446462	12.46172706
	11.90093411	11.87881997	11.85933975	11.84103502	11.82230518	11.80091204	11.77362404	11.73251533	11.65055960	11.58595834	11.64869838	11.90892643	12.17388147	12.42647539	12.55581928	12.78619017	12.88629571	13.13906755	13.23116855	13.37423927	13.59354867	13.66452981	13.75589113	13.99176200	14.09037479	14.15297434	14.22780427	14.30860536	14.33008603	14.27857958	14.20875782	14.14806269	14.09145831	14.01529088	13.82981856	13.70782173	13.62666119	13.53087484	13.36503459	13.26659151	13.18950715	13.09787796	12.97083891	12.89004244	12.82111128	12.73566404	12.59568534	12.50256909	12.42818762
	11.85267405	11.82969758	11.80959805	11.79084733	11.77178719	11.75014326	11.72258987	11.68099042	11.59683356	11.53120751	11.59922898	11.85912687	12.12806667	12.38581476	12.51875626	12.75235065	12.85405421	13.11105554	13.20390280	13.34810204	13.57214611	13.64411943	13.73553373	13.97523207	14.07738048	14.14105669	14.21794753	14.30342509	14.32869994	14.27456282	14.20056131	14.13723250	14.07907049	14.00112111	13.81076746	13.68725151	13.60464438	13.50628792	13.33642496	13.23726908	13.15894120	13.06462873	12.93484029	12.85369146	12.78351094	12.69492506	12.55091379	12.45862790	12.38290878
	11.81474308	11.79169285	11.77158757	11.75288315	11.73384835	11.71221679	11.68455715	11.64247759	11.55714834	11.49313277	11.57307430	11.82994588	12.09202239	12.34677423	12.48268043	12.71156274	12.81404029	13.06892296	13.16025153	13.30537949	13.52634101	13.59745766	13.68807194	13.92635281	14.02839007	14.09160985	14.16863612	14.25542016	14.28178806	14.22621255	14.15078973	14.08694003	14.02867750	13.95040088	13.75959031	13.63792762	13.55580017	13.45696513	13.28734069	13.18961477	13.11160567	13.01653710	12.88716699	12.80718864	12.73702553	12.64687327	12.50270727	12.41285856	12.33709740
	11.78062629	11.75790912	11.73812966	11.71973769	11.70096722	11.67960641	11.65208975	11.60984188	11.52412426	11.46292548	11.55465500	11.80603196	12.05775124	12.30586141	12.44322528	12.66389392	12.76607367	13.01556212	13.10393573	13.24883488	13.46305842	13.53215996	13.62091192	13.85445544	13.95467447	14.01654578	14.09234135	14.17846855	14.20499538	14.14927811	14.07405664	14.01090001	13.95342303	13.87585321	13.68726926	13.56916060	13.48862685	13.39076317	13.22380687	13.12866097	13.05202326	12.95759441	12.83035059	12.75238004	12.68306345	12.59261840	12.45035371	12.36382390	12.28892482
	11.78977579	11.76737330	11.74796882	11.73002855	11.71173826	11.69094697	11.66412758	11.62262610	11.53809689	11.47973968	11.57996428	11.82134152	12.06118992	12.30111908	12.43818077	12.64949219	12.74998178	12.99164441	13.07674748	13.21857533	13.42555822	13.49227664	13.57777230	13.80480799	13.90290873	13.96284876	14.03675618	14.12285474	14.15197984	14.09648227	14.02059144	13.95783196	13.90148375	13.82573497	13.64122941	13.52670466	13.44838498	13.35261190	13.18955840	13.09759161	13.02306870	12.93016981	12.80598573	12.73073486	12.66301961	12.57315144	12.43436061	12.35194318	12.27874069
	11.79659951	11.77416210	11.75476957	11.73690022	11.71873567	11.69808883	11.67139568	11.62969171	11.54456591	11.48848801	11.59883513	11.83687281	12.06891195	12.30515011	12.44520041	12.65064561	12.75158284	12.99017299	13.07376246	13.21519356	13.41927004	13.48492038	13.56880267	13.79366937	13.89183469	13.95116502	14.02455279	14.11176212	14.14340249	14.08740107	14.00991751	13.94659641	13.89028191	13.81474466	13.63085261	13.51764976	13.44002357	13.34445236	13.18220036	13.09150201	13.01759162	12.92458495	12.80093596	12.72668220	12.65915083	12.56810429	12.43046116	12.35005150	12.27693389
	11.80464216	11.78125166	11.76120211	11.74287332	11.72439436	11.70351750	11.67656169	11.63431775	11.54708729	11.49085111	11.60904790	11.84459039	12.07921507	12.32013568	12.46295040	12.67187304	12.77398067	13.01662699	13.10171396	13.24261825	13.45308615	13.52011521	13.60374265	13.83304823	13.93510140	13.99531168	14.06995784	14.16198411	14.19971759	14.14184257	14.05865112	13.99192326	13.93364619	13.85611535	13.66750432	13.55268401	13.47333710	13.37463811	13.20876888	13.11772809	13.04267557	12.94598493	12.82037216	12.74571624	12.67674520	12.58153036	12.44156583	12.36177952	12.28696995
	11.78676482	11.76321191	11.74306495	11.72461206	11.70597879	11.68485537	11.65733835	11.61350584	11.52412946	11.47123510	11.60498863	11.84553656	12.06985410	12.30739744	12.45734710	12.65982011	12.76447645	13.00605121	13.09043321	13.23396889	13.44250132	13.50909925	13.59259829	13.82252885	13.92516962	13.98543137	14.06040851	14.15383140	14.19314138	14.13382568	14.04851345	13.98077275	13.92169691	13.84276274	13.65230841	13.53865981	13.45906187	13.35860544	13.19205312	13.10181581	13.02641228	12.92653181	12.80168434	12.72740669	12.65752015	12.55863079	12.41911375	12.34070086	12.26456502
	11.77743220	11.75453069	11.73492993	11.71690838	11.69865055	11.67782579	11.65042186	11.60619365	11.51726404	11.46917058	11.61142712	11.85353965	12.06142547	12.28936176	12.44132183	12.63265412	12.73669685	12.97096170	13.05230520	13.19448765	13.39542980	13.45975870	13.54101564	13.76469853	13.86513393	13.92386558	13.99695078	14.08789649	14.12596976	14.06720350	13.98354657	13.91745651	13.85956351	13.78152962	13.59491241	13.48568016	13.40807603	13.30811891	13.14663564	13.05944552	12.98573850	12.88523084	12.76530498	12.69324344	12.62436692	12.52428398	12.39014019	12.31461107	12.23920112
	11.82647896	11.80448746	11.78572959	11.76852197	11.75111615	11.73124182	11.70503645	11.66252880	11.57736491	11.53313414	11.67106195	11.90119911	12.09717213	12.31387966	12.45923168	12.64067996	12.73945412	12.96245832	13.03997726	13.17372253	13.36665716	13.42808550	13.50461136	13.71687563	13.81467559	13.87059386	13.94002157	14.02726859	14.06534239	14.00894942	13.92770171	13.86396109	13.80839367	13.73337518	13.55477286	13.45161720	13.37746568	13.27965607	13.12730284	13.04513811	12.97488624	12.87600419	12.76394727	12.69591873	12.62994549	12.53126215	12.40578987	12.33477277	12.26231351
	11.86689737	11.84630930	11.82873346	11.81259111	11.79623506	11.77745176	11.75251597	11.71151389	11.63069301	11.59219201	11.72824094	11.94931283	12.12580990	12.32602635	12.46657643	12.63183495	12.72568218	12.93346976	13.00548538	13.13205782	13.31125926	13.36839512	13.43980849	13.63745417	13.73035719	13.78258408	13.84727646	13.92863167	13.96473927	13.91190297	13.83513196	13.77514488	13.72273731	13.65156078	13.48369159	13.38819265	13.31865212	13.22390828	13.08356101	13.00724146	12.94119881	12.84571737	12.74259222	12.67921266	12.61679518	12.51994264	12.40582449	12.34003277	12.27118240
	11.93121917	11.91243501	11.89645742	11.88175609	11.86689319	11.84970650	11.82665733	11.78802467	11.71323804	11.68394936	11.81506638	12.01934412	12.17223151	12.34949864	12.48338474	12.62564466	12.71191323	12.89842665	12.96274119	13.07699505	13.23891019	13.29012333	13.35345418	13.53126563	13.61743392	13.66463303	13.72276828	13.79691267	13.83129215	13.78254826	13.71097067	13.65567322	13.60744575	13.54123629	13.38853694	13.30417287	13.24097901	13.14845141	13.02682140	12.95929905	12.89918222	12.80735008	12.71752398	12.66094074	12.60334926	12.50666060	12.41103071	12.35282621	12.28852709
	11.95390165	11.93607035	11.92090829	11.90693319	11.89272777	11.87622420	11.85387340	11.81507549	11.74403796	11.72010920	11.85024902	12.04629655	12.19027816	12.35414403	12.48813426	12.61605959	12.70000286	12.87536147	12.93591066	13.04638936	13.19791262	13.24609647	13.30606933	13.47417656	13.55661871	13.60136970	13.65625340	13.72621866	13.75907691	13.71275894	13.64431812	13.59163880	13.54546524	13.48152974	13.33623418	13.25714399	13.19705511	13.10607539	12.99301967	12.92946084	12.87207982	12.78246771	12.69861899	12.64505210	12.58963764	12.49353478	12.40632342	12.35151023	12.28922019
	11.98911735	11.97157646	11.95672355	11.94309508	11.92922242	11.91308383	11.89107134	11.85214794	11.78249796	11.76333851	11.89340498	12.08491117	12.22365574	12.38040886	12.51494948	12.63483647	12.71700059	12.88683097	12.94527602	13.05156032	13.19981159	13.24657471	13.30343096	13.46195904	13.54839468	13.59206060	13.64462901	13.71228277	13.74613853	13.70214096	13.63438433	13.58231720	13.53678665	13.47298776	13.33152143	13.25552157	13.19675581	13.10395207	12.99729568	12.93629782	12.88026014	12.79001087	12.71020655	12.65842383	12.60375005	12.50567546	12.42480289	12.37205185	12.31004811
	12.01569094	11.99838977	11.98378707	11.97040767	11.95675426	11.94080240	11.91888156	11.87867216	11.81104152	11.79660299	11.92635208	12.11397523	12.25004183	12.40067114	12.53645279	12.64949873	12.73039582	12.89603025	12.95296258	13.05597767	13.20202211	13.24777306	13.30230969	13.45377839	13.54322890	13.58610737	13.63683986	13.70245012	13.73666077	13.69452537	13.62744157	13.57587172	13.53076348	13.46440444	13.32819340	13.25467703	13.19676745	13.10200145	13.00062450	12.94163431	12.88641961	12.79517580	12.71880373	12.66832251	12.61384568	12.51411627	12.43833804	12.38703584	12.32461505
	12.04153719	12.02445378	12.01006196	11.99691877	11.98346902	11.96770100	11.94586616	11.90446349	11.83880319	11.82908475	11.95815089	12.14189774	12.27487964	12.42007123	12.55594967	12.66342578	12.74258830	12.90450680	12.96001734	13.05909674	13.20380483	13.24871607	13.30083122	13.44410844	13.53807554	13.58028148	13.62914746	13.69270446	13.72744241	13.68733832	13.62076973	13.56953416	13.52477930	13.45458414	13.32469755	13.25357986	13.19640935	13.09940436	13.00343793	12.94648381	12.89200631	12.79954901	12.72670320	12.67751992	12.62311557	12.52165366	12.45104364	12.40115312	12.33828110
	12.03225582	12.01518493	12.00077406	11.98759168	11.97409217	11.95822584	11.93618407	11.89370490	11.82848309	11.81989378	11.94998376	12.13461142	12.26848913	12.41259338	12.55098157	12.65644636	12.73636277	12.89823261	12.95371935	13.05360604	13.19802626	13.24291234	13.29520280	13.43892475	13.53278675	13.57512782	13.62414827	13.68778256	13.72224865	13.68178940	13.61522391	13.56401465	13.51914933	13.44796695	13.31841593	13.24734815	13.19003360	13.09258722	12.99657200	12.93951853	12.88482365	12.79193702	12.71902180	12.66966514	12.61491381	12.51296020	12.44247165	12.39238651	12.32817226
	12.02931156	12.01236320	11.99804496	11.98494424	11.97148406	11.95553192	11.93296661	11.88643537	11.82435226	11.82390946	11.95493991	12.13782310	12.27284795	12.40881255	12.55169260	12.64935921	12.72943064	12.88838744	12.94276874	13.04071071	13.18419380	13.22860442	13.27908851	13.41620030	13.51519424	13.55751723	13.60518749	13.66726525	13.70222676	13.66312744	13.59659993	13.54516572	13.49995552	13.42201609	13.29894612	13.22991247	13.17258019	13.07134548	12.98026745	12.92475134	12.86989626	12.77428029	12.70448431	12.65581764	12.59981820	12.49519194	12.42965435	12.38019559	12.30709007
	12.03012818	12.01305520	11.99871220	11.98557620	11.97204484	11.95600658	11.93312145	11.88472872	11.82356046	11.82702313	11.95863682	12.14149788	12.27731164	12.41103066	12.55526827	12.65139257	12.73135064	12.89040110	12.94466693	13.04133982	13.18623703	13.23091061	13.28060594	13.41476361	13.51802753	13.56070103	13.60779078	13.66930085	13.70544230	13.66742175	13.60000162	13.54780194	13.50195076	13.42023382	13.29936717	13.23075301	13.17290816	13.06898124	12.97995872	12.92488446	12.86958187	12.77190263	12.70333330	12.65475541	12.59777259	12.49139220	12.42787131	12.37844083	12.29847803
	12.04947036	12.03253120	12.01829045	12.00525029	11.99172708	11.97552054	11.95195123	11.89928671	11.84189608	11.85446880	11.98549990	12.16714351	12.30710906	12.43115777	12.58103518	12.66891743	12.74921014	12.90579202	12.95907289	13.05347756	13.19809581	13.24243994	13.29027220	13.41671928	13.52635327	13.56940930	13.61525185	13.67479226	13.71062127	13.67398849	13.60767013	13.55589448	13.50984355	13.42303882	13.30703826	13.24009873	13.18220777	13.07597248	12.99027002	12.93623901	12.88065438	12.78132291	12.71473510	12.66636925	12.60790747	12.50079954	12.44038668	12.39100047	12.30265470
	12.09530278	12.07906792	12.06543472	12.05292808	12.03996504	12.02428093	12.00097683	11.94696947	11.89521278	11.91662754	12.04010185	12.21215460	12.35016529	12.46153487	12.60581961	12.68743661	12.76376939	12.91289521	12.96348110	13.05111900	13.19115654	13.23404950	13.27841044	13.39393887	13.50504540	13.54663863	13.58961442	13.64550329	13.68077388	13.64688893	13.58318757	13.53273214	13.48766105	13.39857875	13.29164908	13.22884827	13.17269227	13.06721740	12.98898536	12.93816055	12.88402001	12.78618096	12.72491010	12.67869571	12.62039900	12.51711654	12.46267195	12.41516604	12.32232429
	12.07250558	12.05586248	12.04191231	12.02909165	12.01577031	11.99951231	11.97492931	11.91613733	11.86629115	11.89713416	12.02155442	12.19697495	12.34376144	12.44988724	12.60135772	12.68014258	12.75873358	12.91035537	12.96164544	13.04978421	13.19363519	13.23784108	13.28214811	13.39504874	13.51398285	13.55736185	13.60057814	13.65610945	13.69217462	13.65908567	13.59424263	13.54232640	13.49539344	13.39926229	13.29360558	13.23049964	13.17242859	13.06220887	12.98444586	12.93293527	12.87672459	12.77488720	12.71341033	12.66590419	12.60434262	12.49859328	12.44465545	12.39558758	12.29590272
	12.05003887	12.03277553	12.01835483	12.00507699	11.99117235	11.97405450	11.94748865	11.88249531	11.83559820	11.88063796	12.00441958	12.18402057	12.34111942	12.44316129	12.60048760	12.68001918	12.76133387	12.91734906	12.97014160	13.05849674	13.20865993	13.25536765	13.29979314	13.40889986	13.53912266	13.58537495	13.62918444	13.68412155	13.72083912	13.68835710	13.62262019	13.56887483	13.51923400	13.41363244	13.30910934	13.24525078	13.18415841	13.06733260	12.98981226	12.93709291	12.87768332	12.77017977	12.70813815	12.65855494	12.59059098	12.48324323	12.42960174	12.37793495	12.26985283
	12.02162132	12.00254407	11.98666446	11.97202800	11.95669934	11.93774654	11.90794601	11.83453241	11.78558676	11.84291591	11.97493337	12.17099850	12.34454303	12.45457336	12.62763493	12.71427558	12.80228460	12.97444893	13.03246768	13.12639214	13.29380942	13.34619844	13.39397792	13.50802554	13.65736319	13.70943827	13.75670408	13.81510645	13.85556932	13.82213818	13.75016521	13.69064062	13.63517207	13.51499574	13.40302863	13.33365282	13.26561412	13.13518174	13.05206339	12.99448177	12.92823789	12.80866158	12.74157682	12.68681466	12.60708347	12.49290046	12.43527789	12.37788445	12.25680181
	11.98509019	11.96506939	11.94840081	11.93294732	11.91662674	11.89623392	11.86322885	11.78152800	11.73613057	11.81343469	11.94405916	12.14794032	12.33554450	12.44434420	12.62868575	12.71662235	12.81026099	12.99025938	13.05090558	13.14861771	13.32491483	13.38056473	13.43011257	13.54586213	13.70630899	13.76241401	13.81140606	13.87024783	13.91065499	13.87636171	13.80204321	13.73974899	13.68027082	13.54848106	13.43565282	13.36403807	13.29126215	13.15208469	13.06713851	13.00686170	12.93565082	12.80834421	12.73896166	12.68048363	12.58634733	12.47510925	12.41579715	12.35377978	12.22388250
	12.05007379	12.03014996	12.01357414	11.99824787	11.98200673	11.96159079	11.92798742	11.84489740	11.80398202	11.89188315	12.01421980	12.21326503	12.39782067	12.50530008	12.68714637	12.77416972	12.86518770	13.04428546	13.10466876	13.19815246	13.37498044	13.43177808	13.48007554	13.58967407	13.75333081	13.81044103	13.85832608	13.91462588	13.95413711	13.92183976	13.84921200	13.78693968	13.72673073	13.59184894	13.48329828	13.41319828	13.33959178	13.19967041	13.11792281	13.05850219	12.98630498	12.85885283	12.79154613	12.73296373	12.63014778	12.52890502	12.47157245	12.40901858	12.27921189
	12.05668881	12.03615432	12.01909747	12.00337543	11.98676643	11.96582249	11.93116159	11.84502944	11.80531207	11.90163909	12.02140204	12.22379133	12.41154996	12.52151436	12.70538796	12.79621020	12.88559430	13.07074291	13.13376202	13.22419975	13.40734543	13.46873402	13.51762163	13.62190891	13.79469786	13.85684238	13.90552121	13.96004132	13.99857272	13.96868157	13.89604533	13.83197994	13.76891667	13.62702510	13.52023891	13.44948431	13.37272547	13.22841764	13.14669330	13.08599190	13.01028253	12.87978775	12.81189466	12.75154986	12.64136786	12.54280824	12.48497696	12.42038118	12.28749227
	12.04035524	12.01960921	12.00232033	11.98638330	11.96946258	11.94795731	11.91172978	11.82244468	11.78621400	11.89206803	12.01007382	12.21294767	12.40496393	12.51366242	12.70095819	12.79130673	12.88262547	13.06944380	13.13312474	13.22426637	13.40958251	13.47211964	13.52134191	13.62466523	13.80076661	13.86455395	13.91353130	13.96726158	14.00497589	13.97552950	13.90330633	13.83859293	13.77395720	13.62829078	13.52235335	13.45128736	13.37284987	13.22608762	13.14417168	13.08266677	13.00496574	12.87242101	12.80395789	12.74223373	12.62669009	12.53049606	12.47227480	12.40583990	12.27091441
	12.09949233	12.08004576	12.06386973	12.04891190	12.03294162	12.01247074	11.97718731	11.89132493	11.86181099	11.96809179	12.07669368	12.26472377	12.44658467	12.54590246	12.72209203	12.80583429	12.89163893	13.06638855	13.12641637	13.21090279	13.38434802	13.44422037	13.49049413	13.58464827	13.75017638	13.81174974	13.85780556	13.90664362	13.94017307	13.91292812	13.84671849	13.78610825	13.72422554	13.58519182	13.48872160	13.42273026	13.34783474	13.20963511	13.13402320	13.07625049	12.99887740	12.87735411	12.81366464	12.75488091	12.64235140	12.55645348	12.50227680	12.43857575	12.31237743
	12.16739589	12.14951503	12.13463226	12.12078455	12.10590813	12.08655489	12.05207400	11.97039261	11.94948347	12.05476721	12.15494612	12.32465353	12.49400092	12.58315356	12.74642347	12.82225660	12.90211126	13.06243219	13.11811265	13.19513421	13.35453426	13.41114752	13.45395415	13.53770727	13.69077871	13.74976531	13.79230501	13.83549854	13.86447500	13.84046776	13.78091933	13.72478522	13.66597306	13.53507455	13.44921248	13.38899781	13.31823132	13.19001779	13.12159545	13.06809196	12.99077847	12.88236029	12.82417745	12.76872198	12.66021275	12.58588227	12.53630951	12.47438422	12.35986355
	12.21931954	12.20207354	12.18779230	12.17453037	12.16035650	12.14192502	12.10891935	12.03035105	12.01223233	12.11411657	12.20887820	12.36984850	12.53072622	12.61605830	12.77037544	12.84421421	12.91736493	13.07198917	13.12630746	13.19593500	13.34916647	13.40643127	13.44730672	13.52207380	13.67007725	13.73013703	13.77132605	13.81106307	13.83786290	13.81694650	13.76132076	13.70681192	13.64878702	13.52187418	13.44221486	13.38515931	13.31603719	13.19329153	13.12910368	13.07801457	13.00010396	12.89955292	12.84449699	12.79119001	12.68598538	12.61718217	12.57026175	12.50969265	12.40207806
	12.22578923	12.20881162	12.19477801	12.18170233	12.16771089	12.14944067	12.11624683	12.03799673	12.02314473	12.12593785	12.21923121	12.37575745	12.53464182	12.61731802	12.76918509	12.84132828	12.91304496	13.06489884	13.11859214	13.18627760	13.33655950	13.39394989	13.43430253	13.50627659	13.65151500	13.71206835	13.75282252	13.79108372	13.81653988	13.79648702	13.74242264	13.68843236	13.63015970	13.50439909	13.42767853	13.37186890	13.30212400	13.18227884	13.11982028	13.06951939	12.99017194	12.89324664	12.83934895	12.78641552	12.68157826	12.61569049	12.56967684	12.50722767	12.40410713
	12.25841992	12.24233136	12.22904316	12.21666541	12.20337157	12.18586703	12.15324822	12.07821077	12.06855206	12.16846678	12.25799893	12.40283356	12.55356302	12.63062196	12.77419735	12.84208730	12.90953778	13.05306382	13.10435076	13.16722039	13.30906212	13.36484852	13.40331148	13.46938431	13.60624614	13.66542105	13.70427073	13.73939865	13.76215204	13.74373142	13.69355100	13.64192613	13.58496858	13.46495810	13.39453127	13.34214381	13.27299994	13.16146024	13.10326148	13.05554028	12.97648863	12.88763023	12.83695119	12.78601981	12.68518978	12.62529176	12.58192485	12.51724509	12.42520328
	12.29572566	12.28021086	12.26739931	12.25554476	12.24282234	12.22607920	12.19483628	12.12264593	12.11400236	12.20996151	12.29512505	12.43394066	12.57788619	12.65216268	12.78909215	12.85506313	12.91856548	13.05672491	13.10663175	13.16582785	13.30181468	13.35675859	13.39403535	13.45635680	13.58716794	13.64524386	13.68284695	13.71611286	13.73728505	13.71989841	13.67201421	13.62194133	13.56624261	13.45070085	13.38430040	13.33425534	13.26550044	13.16033136	13.10499877	13.05920935	12.98158613	12.89774511	12.84934770	12.80027057	12.70306436	12.64659120	12.60519753	12.54169637	12.45509738
	12.33082771	12.31560163	12.30303292	12.29145985	12.27909668	12.26285737	12.23263581	12.16226180	12.15366387	12.24679879	12.32909050	12.46479592	12.60410534	12.67754091	12.80998970	12.87570244	12.93633297	13.07169290	13.12133491	13.17811962	13.31085321	13.36600831	13.40293314	13.46316738	13.59042500	13.64814127	13.68517271	13.71741452	13.73767435	13.72094401	13.67440111	13.62489508	13.56901987	13.45629711	13.39224748	13.34347995	13.27400560	13.17303273	13.11942333	13.07465270	12.99698227	12.91670203	12.86976897	12.82169563	12.72644252	12.67224826	12.63209606	12.56945952	12.48595307
	12.33514544	12.32012553	12.30773603	12.29628397	12.28406010	12.26784380	12.23704776	12.16690565	12.16205259	12.25537783	12.33796713	12.46922099	12.60709582	12.67863864	12.80947800	12.87384039	12.93369279	13.06692670	13.11618674	13.17195309	13.30226234	13.35748838	13.39435147	13.45311812	13.57739386	13.63531281	13.67209459	13.70325047	13.72218959	13.70577920	13.66026394	13.61077437	13.55182577	13.44267488	13.38110079	13.33318748	13.26114640	13.16427827	13.11202846	13.06764600	12.98820027	12.91105717	12.86498831	12.81671299	12.72202268	12.67025645	12.63072213	12.56501899	12.48663346
	12.33690908	12.32214737	12.30997168	12.29868318	12.28657162	12.27039054	12.23893104	12.16908037	12.16817816	12.26173792	12.34501811	12.47141118	12.60814498	12.67727527	12.80671729	12.86911159	12.92850752	13.05922809	13.10774876	13.16268038	13.29038688	13.34515123	13.38169595	13.43903532	13.56036722	13.61814090	13.65456611	13.68473914	13.70260601	13.68650746	13.64214374	13.59303659	13.53141619	13.42608416	13.36662020	13.31954248	13.24583155	13.15252730	13.10151941	13.05756220	12.97688877	12.90266055	12.85743103	12.80905269	12.71518715	12.66566845	12.62672554	12.55831051	12.48476132
	12.37164866	12.35754326	12.34593724	12.33518033	12.32358084	12.30794811	12.27672757	12.20946819	12.21324394	12.30331797	12.38482354	12.50201358	12.63265440	12.69787203	12.82092114	12.88032991	12.93668033	13.06085987	13.10788022	13.15981603	13.28039606	13.33405144	13.36966998	13.42334416	13.53691491	13.59380792	13.62907934	13.65710171	13.67300689	13.65805132	13.61621702	13.56842089	13.50219945	13.40737768	13.35254335	13.30779958	13.23349161	13.14773192	13.09974826	13.05745401	12.97728932	12.90898665	12.86609344	12.81890121	12.72902201	12.68355943	12.64648248	12.57780631	12.51130244
	12.37775060	12.36391358	12.35252811	12.34193581	12.33051479	12.31496529	12.28297259	12.21702510	12.22457450	12.31310096	12.39554876	12.50738853	12.63577215	12.69934880	12.81983784	12.87804667	12.93328770	13.05476240	13.10138155	13.15214263	13.26954362	13.32306551	13.35860107	13.41059457	13.52018840	13.57722858	13.61227676	13.63928754	13.65403666	13.63936102	13.59860816	13.55106730	13.48094265	13.39216269	13.33973608	13.29586653	13.22031883	13.13843858	13.09182777	13.05005079	12.96945413	12.90395997	12.86192801	12.81481441	12.72654623	12.68294564	12.64650957	12.57698649	12.51395596
	12.38780997	12.37437323	12.36330169	12.35297196	12.34175747	12.32625092	12.29277629	12.22925951	12.24187829	12.32789815	12.41177972	12.51641704	12.64181263	12.70325462	12.82053027	12.87687525	12.93099862	13.04856675	13.09454482	13.14415937	13.25735268	13.31015825	13.34559841	13.39605000	13.50057870	13.55685911	13.59141202	13.61721655	13.63045616	13.61569954	13.57590753	13.52842933	13.45358726	13.37298436	13.32369630	13.28093093	13.20372665	13.12739681	13.08268648	13.04152224	12.96058391	12.89892494	12.85808290	12.81090692	12.72525740	12.68404124	12.64845498	12.57806272	12.51948156
	12.41514937	12.40142228	12.39018028	12.37974053	12.36841518	12.35258764	12.31735454	12.25300298	12.27193915	12.35737590	12.44384126	12.54651466	12.67309447	12.73505278	12.85216647	12.90979174	12.96329927	13.08117090	13.12912564	13.17816393	13.28988178	13.34577440	13.38275604	13.43211090	13.53220075	13.59296670	13.62908026	13.65462223	13.66677493	13.65194588	13.61186929	13.56152234	13.47661138	13.40405389	13.35696097	13.31357764	13.23043209	13.15884265	13.11479114	13.07255033	12.98771408	12.92866554	12.88767756	12.83777666	12.75293827	12.71295238	12.67719838	12.60416142	12.54744398
	12.42492259	12.41031949	12.39839843	12.38743564	12.37554271	12.35892514	12.32141017	12.25354813	12.27594117	12.36479650	12.45635206	12.56339778	12.69652304	12.76198309	12.88434830	12.94564066	13.00129143	13.12488221	13.17617234	13.22726725	13.34361341	13.40370112	13.44303656	13.49412014	13.59582985	13.66285953	13.70139331	13.72817141	13.74059529	13.72504261	13.68266325	13.62827954	13.53546802	13.46265713	13.41418526	13.36827943	13.27849062	13.20571204	13.15990827	13.11513819	13.02439834	12.96384070	12.92086446	12.86565142	12.77890561	12.73761981	12.70015071	12.62276178	12.56386093
	12.42893126	12.41426218	12.40228463	12.39130149	12.37930458	12.36221073	12.32098690	12.25545975	12.28393873	12.37132791	12.46868861	12.57065233	12.70497031	12.76995858	12.89312980	12.95362758	13.01019198	13.13336680	13.18467892	13.23613116	13.35191690	13.41199478	13.45153336	13.50213586	13.60051659	13.67013689	13.70881040	13.73526400	13.74705077	13.73120075	13.68861059	13.63286341	13.53746668	13.46778077	13.42013764	13.37381833	13.28201312	13.21124457	13.16577937	13.12044722	13.02819031	12.96869274	12.92551432	12.86544039	12.78268545	12.74196871	12.70422782	12.62509816	12.56768840
	12.46306694	12.44742340	12.43471279	12.42308872	12.41050978	12.39248813	12.34825668	12.27928960	12.31319624	12.40294226	12.50573159	12.61220817	12.75345543	12.82249726	12.95065350	13.01568896	13.07447404	13.20338529	13.25871398	13.31245967	13.43171625	13.49763981	13.53976531	13.59235403	13.69124255	13.76898036	13.81004279	13.83760028	13.84953959	13.83224006	13.78608957	13.72444059	13.62089533	13.55220827	13.50324274	13.45376772	13.35419346	13.28371279	13.23670821	13.18827355	13.08918020	13.02903820	12.98384171	12.91481787	12.83329721	12.79165151	12.75216906	12.66793515	12.60885201
	12.50224189	12.48566271	12.47224048	12.45999639	12.44680164	12.42765205	12.37838232	12.30806304	12.34916300	12.44037660	12.54947557	12.65939140	12.80780027	12.88074784	13.01400542	13.08316411	13.14422469	13.27881993	13.33779320	13.39369352	13.51668220	13.58834095	13.63286179	13.68764331	13.78899174	13.87372716	13.91663648	13.94506482	13.95660024	13.93684177	13.88609922	13.81472438	13.70645425	13.63917853	13.58905922	13.53583673	13.42849006	13.35958186	13.31133306	13.25944180	13.15356233	13.09353681	13.04639884	12.96752103	12.88846377	12.84613875	12.80491036	12.71529284	12.65503336
	12.48181359	12.46551263	12.45230495	12.44018249	12.42711940	12.40772257	12.35417774	12.28915065	12.33646025	12.42361799	12.53708333	12.63981211	12.78696298	12.85789622	12.98981846	13.05674116	13.11739555	13.24965597	13.30728751	13.36209871	13.48209234	13.55325895	13.59686568	13.64984485	13.74620676	13.83260838	13.87511915	13.90273500	13.91338998	13.89340684	13.84311957	13.76818092	13.66531839	13.60093302	13.55197752	13.49882346	13.39242138	13.32628189	13.27910344	13.22727853	13.12236565	13.06423111	13.01765567	12.93717354	12.86187151	12.82060855	12.77977551	12.69037791	12.63219679
	12.56225101	12.54538968	12.53189347	12.51967266	12.50652653	12.48709561	12.43321567	12.36664436	12.41689193	12.50268164	12.61412341	12.72022416	12.86859980	12.94126999	13.07264700	13.14226942	13.20202359	13.33561591	13.39521569	13.44937828	13.56633491	13.64500762	13.68919838	13.74245904	13.84109298	13.93114462	13.97419826	14.00163835	14.01166674	13.98997523	13.93675802	13.85127592	13.75122643	13.68772861	13.63843426	13.58269638	13.47428445	13.41129893	13.36455949	13.31091554	13.20386459	13.14787046	13.10127933	13.01606771	12.94438637	12.90386542	12.86310186	12.77279721	12.71445712
	12.50617734	12.48845933	12.47431507	12.46146223	12.44760959	12.42674131	12.36549104	12.29992125	12.35780521	12.44546641	12.56676330	12.67397764	12.83018892	12.90592562	13.04421760	13.11664175	13.17958165	13.31993516	13.38221756	13.43890341	13.56196440	13.64469597	13.69086728	13.74641563	13.84954620	13.94488467	13.99014494	14.01859449	14.02859900	14.00546283	13.94937599	13.85736620	13.75332450	13.68704860	13.63533865	13.57492022	13.46209184	13.39703454	13.34818358	13.29002264	13.17841450	13.12038370	13.07137747	12.97986107	12.90665351	12.86448310	12.82152703	12.72580543	12.66564280
	12.46287922	12.44455682	12.42992557	12.41658953	12.40220539	12.38020852	12.31324763	12.24867950	12.31235158	12.40137592	12.53029987	12.63823392	12.80029769	12.87831692	13.02185100	13.09638984	13.16176019	13.30728413	13.37157895	13.43022405	13.55807542	13.64369859	13.69139975	13.74872132	13.85530926	13.95449096	14.00145023	14.03072962	14.04077994	14.01665452	13.95852815	13.86227713	13.75468305	13.68611625	13.63253332	13.56835062	13.45244193	13.38561050	13.33509013	13.27309805	13.15845821	13.09879643	13.04792360	12.95168427	12.87725305	12.83380175	12.78913500	12.68924493	12.62778332
	12.44467586	12.42662086	12.41214939	12.39893670	12.38461506	12.36251063	12.29347160	12.23227743	12.29798084	12.38496558	12.51625984	12.62017309	12.78116019	12.85801906	13.00088887	13.07399278	13.13936457	13.28357418	13.34684875	13.40527704	13.53281775	13.61614655	13.66340451	13.72025166	13.82535805	13.92332161	13.96977684	13.99869782	14.00853010	13.98455141	13.92706259	13.83172811	13.72606320	13.65837208	13.60529768	13.54220010	13.42685032	13.36039432	13.31020207	13.24895550	13.13495694	13.07565291	13.02501221	12.92933816	12.85566199	12.81252159	12.76800308	12.66852363	12.60802475
	12.43734862	12.41896286	12.40421209	12.39075138	12.37612999	12.35332347	12.28077091	12.22062736	12.29058583	12.37745801	12.51263464	12.61716157	12.78119057	12.85923066	13.00470177	13.07909177	13.14552589	13.29264276	13.35712462	13.41637311	13.54586061	13.63186361	13.68000146	13.73760393	13.84444723	13.94517829	13.99271042	14.02211118	14.03192882	14.00732596	13.94863584	13.85038229	13.74257914	13.67365541	13.61953991	13.55298954	13.43693659	13.36986935	13.31882167	13.25368689	13.13945729	13.07964224	13.02798248	12.92921571	12.85552196	12.81184362	12.76636872	12.66448096	12.60353994
	12.43466256	12.41534592	12.39987882	12.38579052	12.37052261	12.34646609	12.26917479	12.20744743	12.28333763	12.37246589	12.51317575	12.62279192	12.79401296	12.87560082	13.02699405	13.10540039	13.17399165	13.32822941	13.39615248	13.45730622	13.59116224	13.68458895	13.73491336	13.79453081	13.90634167	14.01368100	14.06385210	14.09457650	14.10459951	14.07866963	14.01702592	13.91226813	13.79815768	13.72585810	13.66915990	13.59494647	13.47673819	13.40795267	13.35484762	13.28167286	13.16598448	13.10466414	13.05074816	12.94539396	12.87070388	12.82558828	12.77807390	12.67100047	12.60812993
	12.41577630	12.39551012	12.37929617	12.36454651	12.34851615	12.32304358	12.23923991	12.17714702	12.25992285	12.35140409	12.50010545	12.61322809	12.79255446	12.87771003	13.03596968	13.11834416	13.18940883	13.35158325	13.42308951	13.48632041	13.62487286	13.72596775	13.77872302	13.84021130	13.95519126	14.07043275	14.12367904	14.15590927	14.16588174	14.13840050	14.07359387	13.96027219	13.84141857	13.76636442	13.70720666	13.62483157	13.50431452	13.43358769	13.37823692	13.29656005	13.17921518	13.11613124	13.05965385	12.94751993	12.87141525	12.82464872	12.77483623	12.66203770	12.59716436
	12.39230519	12.37088750	12.35376183	12.33820512	12.32118577	12.29383987	12.20127596	12.13962452	12.23171545	12.32558944	12.48452386	12.60179657	12.79120832	12.88069570	13.04756488	13.13469280	13.20896716	13.38097745	13.45681562	13.52269141	13.66718797	13.77747064	13.83326150	13.89708016	14.01573526	14.14074952	14.19780304	14.23188946	14.24174143	14.21225196	14.14345995	14.01926337	13.89504744	13.81675267	13.75458504	13.66199235	13.53869367	13.46553605	13.40737273	13.31490664	13.19571427	13.13044633	13.07070864	12.95017573	12.87233102	12.82349921	12.77075750	12.65079581	12.58352527
	12.38217519	12.35992316	12.34215269	12.32603832	12.30839949	12.27990621	12.18267304	12.11997525	12.21706238	12.31335263	12.47805477	12.59930211	12.79552245	12.88810933	13.06066343	13.15123559	13.22747827	13.40607328	13.48495835	13.55255449	13.70072050	13.81771557	13.87553822	13.94108943	14.06334920	14.19465220	14.25421655	14.28957729	14.29956981	14.26880620	14.19726567	14.06647511	13.93762730	13.85669367	13.79232869	13.69276538	13.56777055	13.49292479	13.43285992	13.33343231	13.21281468	13.14601118	13.08414376	12.95827772	12.87893332	12.82864899	12.77403122	12.64957845	12.58031853
	12.37501807	12.35241674	12.33437559	12.31802504	12.30013869	12.27119603	12.17223358	12.10888219	12.20780389	12.30524024	12.47249363	12.59526190	12.79438097	12.88823101	13.06334929	13.15512469	13.23218662	13.41348567	13.49356618	13.56189411	13.71166685	13.83134372	13.88993321	13.95622081	14.08023699	14.21411167	14.27463555	14.31050981	14.32061745	14.28942502	14.21688305	14.08366397	13.95256195	13.87040731	13.80510104	13.70289735	13.57705216	13.50142303	13.44053759	13.33855265	13.21714246	13.14963249	13.08688477	12.95898768	12.87883943	12.82790896	12.77253149	12.64633160	12.57612192
	12.34368106	12.32035201	12.30172105	12.28481128	12.26629166	12.23617934	12.13247356	12.06859917	12.17225324	12.27211164	12.44604402	12.57178906	12.77766977	12.87439107	13.05563639	13.15004401	13.22945977	13.41692388	13.49968867	13.57000965	13.72379812	13.84880886	13.90931353	13.97742862	14.10455247	14.24419958	14.30689500	14.34394457	14.35415453	14.32188786	14.24698880	14.10783417	13.97296452	13.88841666	13.82096104	13.71364206	13.58494715	13.50727579	13.44433497	13.33720436	13.21321835	13.14382770	13.07890449	12.94627733	12.86410075	12.81158426	12.75427206	12.62367804	12.55145663
	12.22361434	12.19828680	12.17798545	12.15942422	12.13886531	12.10434575	11.98160567	11.92221165	12.04539387	12.14957769	12.34586636	12.47886618	12.70444108	12.80932059	13.00771346	13.11067083	13.19826461	13.40340404	13.49408056	13.57086977	13.73580061	13.87509491	13.94200897	14.01598871	14.15041672	14.30545668	14.37522504	14.41584861	14.42631792	14.39001074	14.30667981	14.15042976	14.00832170	13.91734199	13.84327233	13.72100461	13.58346427	13.49964396	13.43042164	13.30732700	13.17549684	13.10038447	13.02852930	12.88088910	12.79349518	12.73625349	12.67267692	12.52820606	12.45095668
	12.07877780	12.05082556	12.02834434	12.00765017	11.98442327	11.94390663	11.79616005	11.74335122	11.89100721	12.00151635	12.22584547	12.36888672	12.61986072	12.73509294	12.95555411	13.06964468	13.16676672	13.39456813	13.49619744	13.58050856	13.75588085	13.91790123	13.99344675	14.07442769	14.21639020	14.39321705	14.47276804	14.51804918	14.52847552	14.48653495	14.39146772	14.21140591	14.06196287	13.96354136	13.88082286	13.73644936	13.59032892	13.49941606	13.42200804	13.27633608	13.13640452	13.05442591	12.97349604	12.80640592	12.71273436	12.64945910	12.57772879	12.41536589	12.33166915
	12.00185453	11.97225292	11.94842055	11.92643185	11.90157684	11.85729325	11.69440417	11.64565778	11.80722592	11.92232509	12.16267925	12.31252937	12.57886167	12.70032180	12.93396375	13.05512876	13.15708772	13.39861437	13.50759265	13.59572085	13.77416395	13.95370848	14.03480228	14.11949517	14.26426076	14.45602903	14.54215051	14.59035246	14.60045419	14.55475325	14.45184426	14.25566891	14.10333798	14.00111420	13.91311294	13.75287302	13.60393118	13.50947550	13.42711196	13.26598898	13.12287957	13.03721441	12.95075542	12.77176131	12.67470798	12.60787658	12.53122167	12.35805704	12.27045219
	11.98921464	11.95965401	11.93576755	11.91366365	11.88853360	11.84317337	11.67637544	11.63211188	11.79679559	11.91163235	12.15513319	12.30442065	12.57172212	12.69332026	12.92862926	13.04912710	13.15233797	13.39474813	13.50357090	13.59243535	13.77242588	13.95125315	14.03263078	14.11785378	14.26319370	14.45534613	14.54170981	14.59003401	14.59997214	14.55382723	14.45042941	14.25351133	14.10135232	13.99883004	13.91031102	13.74885216	13.59940793	13.50457244	13.42155011	13.25837802	13.11553366	13.02953586	12.94223100	12.76184414	12.66509016	12.59794044	12.52046353	12.34605277	12.25879322
	11.87671546	11.84459695	11.81857104	11.79441147	11.76651504	11.71415066	11.52305483	11.48776996	11.67369437	11.79693516	12.06589538	12.22622775	12.51739238	12.64890918	12.90530130	13.03681503	13.14798744	13.41272274	13.53281432	13.62788935	13.81379718	14.01938126	14.10943728	14.20061219	14.35041513	14.56568412	14.66273764	14.71587734	14.72528914	14.67305964	14.55732634	14.33671133	14.17859719	14.06948675	13.97225654	13.78632290	13.63147784	13.53076507	13.43950946	13.25184455	13.10367763	13.01169073	12.91511186	12.71613668	12.61415995	12.54132168	12.45579274	12.26454402	12.17117703
	11.86015484	11.82784221	11.80162117	11.77726073	11.74906652	11.69592082	11.50216981	11.46834213	11.65659288	11.78062345	12.05249859	12.21378130	12.50717930	12.63963493	12.89824507	13.03039995	13.14276115	13.40942828	13.53026755	13.62623719	13.81357156	14.02053317	14.11123742	14.20315805	14.35399886	14.57112846	14.66888597	14.72237231	14.73180421	14.67920269	14.56265689	14.34040901	14.18140190	14.07149134	13.97346359	13.78599403	13.62983933	13.52822906	13.43609314	13.24664212	13.09746346	13.00469031	12.90712229	12.70638871	12.60374123	12.53025396	12.44381709	12.25088736	12.15696832
	11.80063560	11.76725185	11.74008117	11.71467297	11.68486766	11.62650967	11.41796952	11.39497515	11.59571706	11.72317717	12.00951157	12.17515470	12.48004967	12.61677057	12.88672172	13.02256774	13.13981399	13.41784651	13.54288428	13.64240517	13.83589615	14.05270748	14.14727557	14.24260457	14.39794755	14.62512830	14.72738262	14.78292470	14.79166021	14.73538848	14.61267128	14.37986237	14.21688946	14.10323229	14.00022220	13.80057092	13.64193955	13.53744690	13.44063527	13.23833377	13.08738589	12.99164541	12.88864934	12.67889928	12.57441674	12.49804815	12.40706632	12.20576914	12.10957795
	11.79012133	11.75654087	11.72916037	11.70340415	11.67281921	11.61070864	11.39233111	11.38146818	11.58955917	11.71674545	12.00946759	12.17448820	12.48269586	12.61958274	12.89358445	13.02978456	13.14775092	13.43029499	13.55668973	13.65627005	13.84787343	14.07158578	14.16799505	14.26353367	14.41675319	14.64809017	14.75321620	14.80980192	14.81761547	14.75896647	14.63308360	14.39478958	14.23337290	14.11953515	14.01407755	13.80575689	13.65070124	13.54696342	13.44821075	13.23678358	13.08954693	12.99397806	12.88839751	12.67512538	12.57233412	12.49539948	12.40249468	12.19834507	12.10275943
	11.86010224	11.82819929	11.80216793	11.77758896	11.74822064	11.68728954	11.47563789	11.47164366	11.67243968	11.79288228	12.07316726	12.22921356	12.52267435	12.65232299	12.91417449	13.04329803	13.15532657	13.42567972	13.54605200	13.64030199	13.82047687	14.03598574	14.12844754	14.21897154	14.36245735	14.58279564	14.68427728	14.73872208	14.74595504	14.68944523	14.56898536	14.34081217	14.18846276	14.08043285	13.97913668	13.77757985	13.63212834	13.53422285	13.43968005	13.23474640	13.09698259	13.00654679	12.90520268	12.70147689	12.60501852	12.53187737	12.44289830	12.24811270	12.15798178
	11.88909055	11.85875690	11.83390997	11.81025242	11.78162693	11.72013361	11.51426341	11.51947919	11.71482953	11.82994433	12.10068808	12.25028281	12.53005394	12.65423264	12.90571790	13.02758834	13.13678745	13.39546216	13.50938618	13.60042549	13.77510049	13.97901306	14.06717916	14.15444574	14.29329707	14.50453877	14.60102861	14.65267688	14.65918280	14.60464871	14.48904391	14.27131540	14.12560022	14.02182463	13.92414093	13.73004902	13.59070064	13.49657739	13.40486613	13.20688511	13.07618569	12.98927969	12.89066539	12.69539699	12.60383127	12.53341739	12.44688318	12.25995928	12.17448068
	12.03954805	12.01255850	11.99042289	11.96932089	11.94362134	11.88730750	11.70268108	11.71097934	11.88597632	11.98829231	12.22939592	12.36224240	12.61119362	12.72131830	12.94488705	13.05374784	13.14974386	13.38050055	13.48274879	13.56255028	13.71394027	13.90052973	13.97969406	14.05656871	14.17766042	14.36827659	14.45541344	14.50149136	14.50659889	14.45694334	14.35204445	14.15519569	14.02798768	13.93656812	13.84872894	13.67160953	13.55190984	13.46958932	13.38744860	13.20755467	13.09461369	13.01806236	12.92918304	12.75555903	12.67548365	12.61301864	12.53448874	12.36912007	12.29364448
	12.12291433	12.09819448	12.07783797	12.05830611	12.03423425	11.97988169	11.80702392	11.82150743	11.98525617	12.07940341	12.30314085	12.42531361	12.65406815	12.75525170	12.96214361	13.06145370	13.15062120	13.36388592	13.45758902	13.53119409	13.67017063	13.84240786	13.91563379	13.98660817	14.09778365	14.27321327	14.35404233	14.39663118	14.40128248	14.35527378	14.25814553	14.07663833	13.95995539	13.87563551	13.79385035	13.62875602	13.51919535	13.44349353	13.36689168	13.19862425	13.09610193	13.02562378	12.94233265	12.78217215	12.70941464	12.65171907	12.57762682	12.42558168	12.35691999
	12.24325897	12.22199944	12.20436529	12.18736193	12.16611714	12.11670287	11.96527460	11.98349889	12.12721838	12.20898130	12.40414889	12.51033024	12.70762755	12.79533956	12.97495869	13.06017823	13.13845974	13.32300686	13.40374369	13.46783687	13.58798255	13.73672529	13.80029405	13.86192393	13.95802547	14.10985535	14.17994197	14.21682267	14.22078444	14.18087225	14.09673164	13.94035559	13.83991493	13.76692000	13.69553577	13.55197098	13.45691879	13.39100758	13.32376844	13.17683290	13.08864521	13.02730501	12.95350219	12.81505825	12.75247673	12.70215384	12.63653359	12.50482632	12.44594910
	12.36085756	12.34262972	12.32743204	12.31267792	12.29385726	12.24771725	12.11589054	12.13887611	12.26460697	12.33532399	12.50426023	12.59602298	12.76509188	12.84049202	12.99601534	13.06887735	13.13676476	13.29671048	13.36625232	13.42131463	13.52365357	13.65346473	13.70875902	13.76176812	13.84330114	13.97415118	14.03559955	14.06775996	14.07121228	14.03659896	13.96256402	13.82873952	13.74240241	13.67939414	13.61676714	13.49057738	13.40974416	13.35314428	13.29394059	13.16437978	13.09034231	13.03757683	12.96923704	12.85305993	12.80027679	12.75672058	12.69581286	12.58526567	12.53540213
	12.37739496	12.35981446	12.34512702	12.33077981	12.31224071	12.26527271	12.13763515	12.16400291	12.28651715	12.35535345	12.51906439	12.60839304	12.77110857	12.84411075	12.99476572	13.06486491	13.13101006	13.28585252	13.35296444	13.40626438	13.50480741	13.63085629	13.68449237	13.73581805	13.81440979	13.94126757	14.00096569	14.03206324	14.03519488	14.00132063	13.92813437	13.79987821	13.71684979	13.65591674	13.59474613	13.47148854	13.39397040	13.33926197	13.28122307	13.15460856	13.08401496	13.03293342	12.96378235	12.85357983	12.80304753	12.76072776	12.69820006	12.59404736	12.54622068
	12.34118330	12.32345527	12.30853991	12.29383123	12.27451571	12.22349579	12.09495574	12.12632246	12.25165387	12.32286048	12.48944029	12.58186726	12.74551068	12.82017586	12.97348418	13.04389439	13.11260427	13.26922833	13.33673347	13.39156067	13.49201013	13.61832096	13.67278805	13.72539667	13.80570360	13.93402200	13.99441127	14.02589255	14.02864667	13.99377701	13.91745655	13.79071522	13.70739218	13.64554089	13.58308820	13.45807146	13.37862408	13.32237712	13.26249936	13.13378924	13.06203487	13.00956871	12.93680158	12.82626779	12.77496016	12.73144810	12.66367133	12.56078242	12.51249488
	12.32328591	12.30603554	12.29141090	12.27680721	12.25722975	12.20246766	12.07799282	12.11490544	12.23896126	12.31037188	12.47391249	12.56629118	12.72489671	12.79846595	12.94908011	13.01744130	13.08612363	13.23928507	13.30512405	13.35931531	13.45723002	13.58065259	13.63429133	13.68610744	13.76424393	13.88956889	13.94949747	13.98060340	13.98301241	13.94844979	13.87108753	13.75089732	13.67015235	13.60941126	13.54733100	13.42424967	13.34609498	13.29034356	13.23025844	13.10329915	13.03344320	12.98142524	12.90534051	12.80026503	12.75025403	12.70700498	12.63512216	12.53807251	12.49112956
	12.32786707	12.31126305	12.29712325	12.28290100	12.26346874	12.20397991	12.08845079	12.12848905	12.24871612	12.31913317	12.47647978	12.56694769	12.71871170	12.78981874	12.93538102	13.00121531	13.06782622	13.21583511	13.27949160	13.33164189	13.42485639	13.54530376	13.59742844	13.64729304	13.72149796	13.84119810	13.90154668	13.93195289	13.93413494	13.90054209	13.82370495	13.70989958	13.63250911	13.57378933	13.51291139	13.39273200	13.31807379	13.26422519	13.20513548	13.08131847	13.01494704	12.96453362	12.88662498	12.78866602	12.74087526	12.69880352	12.62572169	12.53476266	12.48975540
	12.33137089	12.31485721	12.30074400	12.28645323	12.26666841	12.20148959	12.08984976	12.13374420	12.25419361	12.32493798	12.48170444	12.57180527	12.72299981	12.79357500	12.93904904	13.00495589	13.07104500	13.21946114	13.28357473	13.33528304	13.42663076	13.54905249	13.60182268	13.65161287	13.72488595	13.84428760	13.90571488	13.93673742	13.93868831	13.90468391	13.82629048	13.71326497	13.63615197	13.57736127	13.51532737	13.39344563	13.32021408	13.26668525	13.20637206	13.08107026	13.01655703	12.96627941	12.88315548	12.79014744	12.74332983	12.70122262	12.62408097	12.53689418	12.49254744
	12.29899371	12.28254029	12.26835164	12.25389640	12.23352656	12.16026313	12.05510110	12.10262405	12.22367612	12.29660576	12.45292358	12.54531152	12.69492168	12.76619356	12.91245684	12.97813905	13.04549258	13.19453014	13.25846605	13.31068540	13.40261881	13.52474108	13.57772277	13.62765011	13.70005414	13.81608525	13.88094368	13.91253754	13.91477515	13.88121486	13.80403592	13.69153191	13.61399870	13.55469817	13.49215826	13.36987189	13.29527945	13.24101547	13.17982187	13.05366890	12.98864895	12.93768132	12.85205419	12.76004722	12.71308725	12.67038342	12.58977568	12.50452341	12.46028521
	12.24927216	12.23297853	12.21872464	12.20391873	12.18190753	12.08844930	12.00170744	12.05874617	12.17929966	12.25799539	12.41113713	12.50891155	12.65371751	12.72614494	12.87285554	12.93776820	13.00712119	13.15605580	13.21944402	13.27236362	13.36353276	13.48555696	13.53903155	13.58945924	13.66150139	13.77294745	13.84263489	13.87457020	13.87589910	13.84079227	13.75853537	13.65189931	13.57599465	13.51637382	13.45166563	13.32790218	13.25404452	13.19909697	13.13440574	13.00771978	12.94396794	12.89189087	12.79887244	12.71228542	12.66580619	12.62198182	12.53379296	12.45383517	12.41014779
	12.23117857	12.21516832	12.20099841	12.18610233	12.16285101	12.05473601	11.98378830	12.04864017	12.16640711	12.24955911	12.39678197	12.49697025	12.63638739	12.70831885	12.85347084	12.91770086	12.98686719	13.13461631	13.19776800	13.25017734	13.33905784	13.46140652	13.51528644	13.56570750	13.63686447	13.74560394	13.81727825	13.84958460	13.85039805	13.81440686	13.73068553	13.62708560	13.55172532	13.49171934	13.42334343	13.30021948	13.22876644	13.17417819	13.10276284	12.98041782	12.91957952	12.86739868	12.76847554	12.68898717	12.64391779	12.59983763	12.50701941	12.43244114	12.38983145
	12.21971135	12.20439708	12.19074979	12.17617210	12.15248670	12.03864993	11.98107813	12.04966111	12.16085573	12.24670185	12.38351456	12.48420404	12.61378161	12.68372402	12.82326584	12.88459307	12.95209109	13.09409811	13.15443469	13.20501937	13.28955456	13.40723434	13.45945274	13.50797955	13.57527733	13.67566833	13.74861074	13.77992496	13.78025041	13.74516463	13.66299679	13.56663382	13.49486375	13.43691606	13.36800085	13.25047289	13.18244192	13.12953890	13.05560076	12.94102084	12.88337334	12.83246708	12.73379908	12.66033420	12.61729088	12.57416465	12.48112446	12.41220067	12.37149843
	12.20438227	12.18979628	12.17655419	12.16212385	12.13722595	12.01678649	11.97422582	12.04842366	12.15213279	12.24391812	12.36836150	12.47141368	12.59027448	12.65886503	12.79344504	12.85216142	12.91862231	13.05556883	13.11331328	13.16238346	13.24305032	13.35626393	13.40714903	13.45400308	13.51704104	13.60847676	13.68347501	13.71407084	13.71407339	13.68028718	13.60061305	13.51093434	13.44238140	13.38596969	13.31611609	13.20349378	13.13826171	13.08656041	13.00910205	12.90212020	12.84720323	12.79694467	12.69795928	12.63030540	12.58891565	12.54623354	12.45218025	12.38886400	12.34986857
	12.22213670	12.20828915	12.19556945	12.18157637	12.15626457	12.03625459	12.00282214	12.07924507	12.17505268	12.26964064	12.38229047	12.48419252	12.59402711	12.66006280	12.78847752	12.84459513	12.90845788	13.03942251	13.09471540	13.14156096	13.21743366	13.32649898	13.37559611	13.42053450	13.48001111	13.56526173	13.63903663	13.66842568	13.66809617	13.63549812	13.55819032	13.47422800	13.40911587	13.35468835	13.28517466	13.17785453	13.11651592	13.06682727	12.98589552	12.88863014	12.83701924	12.78828845	12.69103861	12.62904768	12.58975482	12.54833151	12.45597074	12.39747174	12.36036893
	12.22935897	12.21607943	12.20374488	12.18989222	12.16344427	12.04274957	12.01907411	12.09977444	12.18759817	12.28766594	12.38847912	12.49149287	12.59260278	12.65721255	12.78095213	12.83502249	12.89755392	13.02404105	13.07731569	13.12259862	13.19516101	13.30083213	13.34870156	13.39230621	13.44892890	13.52903991	13.60193460	13.63022311	13.62951020	13.59760133	13.52216660	13.44300019	13.38049698	13.32734720	13.25542713	13.15442623	13.09596120	13.04734708	12.96292517	12.87337155	12.82421309	12.77600226	12.67959400	12.62234001	12.58457723	12.54361699	12.45141367	12.39737253	12.36177993
	12.22623550	12.21328974	12.20108532	12.18696946	12.15814798	12.03519710	12.02273660	12.11151551	12.19023009	12.29986383	12.38828253	12.49507629	12.58840237	12.65273057	12.77416269	12.82699615	12.88904220	13.01352683	13.06559656	13.10983259	13.17920036	13.28382407	13.33160299	13.37423290	13.42798319	13.50188420	13.57618854	13.60429592	13.60286275	13.57113142	13.49578150	13.42193741	13.36171706	13.30897105	13.23145962	13.13667945	13.08058428	13.03207179	12.94166070	12.85927680	12.81187205	12.76291548	12.66575399	12.61245683	12.57544011	12.53389515	12.44006028	12.38976781	12.35502727
	12.22915910	12.21654015	12.20458296	12.19054624	12.16082750	12.03965711	12.03249091	12.12463502	12.19676384	12.30959469	12.39014940	12.49695883	12.58496406	12.64790513	12.76622419	12.81777874	12.87823799	12.99954325	13.05052580	13.09335810	13.15921884	13.26171347	13.30905543	13.35045348	13.40148239	13.47043590	13.54441169	13.57248916	13.57096074	13.53986795	13.46674561	13.39692223	13.33886834	13.28705413	13.20801717	13.11780064	13.06376512	13.01600818	12.92419197	12.84662827	12.80083617	12.75224613	12.65660606	12.60596133	12.56987654	12.52870307	12.43602336	12.38816027	12.35432988
	12.23963256	12.22755696	12.21601629	12.20226663	12.17194627	12.05507604	12.05285732	12.14567292	12.21124027	12.32405697	12.39683439	12.50098761	12.58324396	12.64372996	12.75713173	12.80664252	12.86453006	12.98075441	13.02985423	13.07058429	13.13195024	13.23041816	13.27656950	13.31614832	13.36375894	13.42682012	13.49814071	13.52606137	13.52463156	13.49416358	13.42562284	13.36106671	13.30607482	13.25596130	13.17732225	13.09268725	13.04143869	12.99511722	12.90394172	12.83195741	12.78834518	12.74081844	12.64843333	12.60104971	12.56637628	12.52621351	12.43628937	12.39146377	12.35903210
	12.26695057	12.25579607	12.24488382	12.23156344	12.19994756	12.09105173	12.09586789	12.18718301	12.24475773	12.35415350	12.41818666	12.51923207	12.59151961	12.64886837	12.75413093	12.80024440	12.85505174	12.96304029	13.00867381	13.04656622	13.10305062	13.19444618	13.23795364	13.27487919	13.31840312	13.37556845	13.44073858	13.46808876	13.46649136	13.43587902	13.37526084	13.31653721	13.26539655	13.21814422	13.14189813	13.06451519	13.01714542	12.97304825	12.88425345	12.81996167	12.77944304	12.73353721	12.64674064	12.60408575	12.57160867	12.53306814	12.44777663	12.40744234	12.37719097
	12.29534034	12.28450258	12.27371757	12.26028663	12.22638370	12.12091574	12.13093017	12.22288936	12.27707434	12.38705795	12.44648245	12.54786762	12.61523261	12.67176492	12.77420118	12.81915201	12.87288734	12.97799568	13.02241627	13.05923557	13.11323798	13.20212078	13.24503853	13.28099095	13.32255754	13.37649347	13.43756173	13.46684606	13.46521321	13.43372332	13.37736090	13.32172555	13.27219083	13.22575311	13.14888788	13.07498039	13.02911197	12.98526647	12.89605310	12.83548663	12.79598629	12.74979649	12.66492399	12.62440960	12.59256119	12.55400448	12.46987657	12.43155090	12.40201613
	12.31944725	12.30858902	12.29768928	12.28396170	12.24800933	12.14327710	12.15621734	12.24960559	12.30313003	12.41429882	12.47269422	12.57463240	12.64146128	12.69804047	12.80069803	12.84592027	12.89938767	13.00462715	13.04943677	13.08602676	13.13870713	13.22766336	13.27141578	13.30740086	13.34827407	13.40054429	13.45994684	13.49122677	13.48934784	13.45663968	13.40213141	13.34821674	13.29907431	13.25235044	13.17295150	13.10069510	13.05522599	13.01075474	12.91941110	12.86048892	12.82106537	12.77383075	12.68876421	12.64899581	12.61701229	12.57773230	12.49298694	12.45524425	12.42565505
	12.34656426	12.33532455	12.32403112	12.30972575	12.27177080	12.16420742	12.17859576	12.27539853	12.33036049	12.44506765	12.50516426	12.60930706	12.67945389	12.73711263	12.84360563	12.89070710	12.94493669	13.05380635	13.10079520	13.13814994	13.19073891	13.28249515	13.32889890	13.36607034	13.40748909	13.45955997	13.51831840	13.55321138	13.55093788	13.51545495	13.46204668	13.40849169	13.35825938	13.30984443	13.22581446	13.15290878	13.10647503	13.06024629	12.96447119	12.90500088	12.86449187	12.81517591	12.72735828	12.68686174	12.65384093	12.61284167	12.52528948	12.48657945	12.45607767
	12.36474065	12.35293919	12.34093044	12.32546969	12.28265135	12.17141674	12.18961647	12.29270911	12.35001860	12.47143517	12.53383567	12.64367525	12.71710189	12.77765167	12.88992020	12.93975084	12.99637876	13.11083739	13.16081602	13.19977591	13.25355977	13.34881451	13.39945314	13.43862490	13.48144160	13.53465112	13.59368334	13.63162538	13.62861543	13.59102423	13.53801128	13.48359223	13.43108424	13.37980482	13.28880966	13.21394561	13.16561617	13.11618619	13.01347673	12.95266144	12.91006947	12.85427487	12.76471777	12.72290713	12.68796902	12.64034409	12.55161156	12.51150482	12.47934924
	12.36050708	12.34808552	12.33519372	12.31829654	12.26724745	12.15492277	12.17818475	12.28840823	12.34813774	12.47717541	12.54178526	12.65854527	12.73475823	12.79875960	12.91713841	12.96985148	13.02930324	13.14968819	13.20277432	13.24347429	13.29871710	13.39542988	13.45258395	13.49399902	13.53826950	13.59280461	13.65234442	13.69114556	13.68763539	13.64996490	13.59718082	13.54160833	13.48670598	13.43225828	13.33369040	13.25672801	13.20625450	13.15300606	13.04283320	12.98064834	12.93559761	12.87039045	12.78110218	12.73793002	12.70081316	12.64324994	12.55546798	12.51407826	12.48012144
	12.33974601	12.32674409	12.31295106	12.29443823	12.23107254	12.12254844	12.15244157	12.26982890	12.33145475	12.46791454	12.53382985	12.65835195	12.73548387	12.80305840	12.92683182	12.98197188	13.04420469	13.16987321	13.22551726	13.26767547	13.32408520	13.42124045	13.48497062	13.52834229	13.57382808	13.62938851	13.68911030	13.72770039	13.72395708	13.68683745	13.63494870	13.57843580	13.52131917	13.46357425	13.35756684	13.27905456	13.22660289	13.16926264	13.05208634	12.98917365	12.94166665	12.86535943	12.77858782	12.73441132	12.69513518	12.62578550	12.54116840	12.49882524	12.46315961
	12.33055398	12.31718752	12.30288847	12.28343484	12.21255124	12.10703718	12.14030907	12.26149991	12.32431610	12.46433036	12.53130468	12.65832158	12.73770891	12.80681250	12.93370076	12.99053499	13.05383384	13.18201366	13.23975703	13.28264045	13.33907412	13.43466406	13.50351856	13.54802292	13.59396439	13.64972691	13.70909244	13.74667677	13.74314420	13.70726485	13.65684333	13.60026862	13.54227735	13.48257250	13.37238096	13.29333961	13.23992117	13.18015420	13.05926644	12.99608477	12.94722311	12.86506669	12.77954326	12.73474834	12.69424160	12.61883294	12.53577692	12.49280285	12.45615269
	12.33518650	12.32146815	12.30670506	12.28649567	12.21164523	12.10670030	12.14149989	12.26544376	12.32949127	12.47172540	12.54028366	12.66719378	12.75110441	12.82057089	12.95071319	13.00954216	13.07282377	13.20326229	13.26372359	13.30704406	13.36262015	13.45469904	13.53057356	13.57622483	13.62239076	13.67777244	13.73578084	13.77168236	13.76836768	13.73447651	13.68644246	13.63067120	13.57227483	13.51084757	13.39652288	13.31768151	13.26365666	13.20181633	13.07767269	13.01449308	12.96464080	12.87794547	12.79313434	12.74780533	12.70632234	12.62711209	12.54429489	12.50060753	12.46317310
	12.26976073	12.25490372	12.23864449	12.21586983	12.12559271	12.02243356	12.06393093	12.19872026	12.26732065	12.42110989	12.49404708	12.63152103	12.72109799	12.79611115	12.93651930	13.00004058	13.06790909	13.20777935	13.27329062	13.31954268	13.37793317	13.47226333	13.55760461	13.60673020	13.65549404	13.71373236	13.77408649	13.81069388	13.80779926	13.77409961	13.72538896	13.66672539	13.60452341	13.53748268	13.41267267	13.32969479	13.27170217	13.20320314	13.06897233	13.00244772	12.94826839	12.84990953	12.76259915	12.71429133	12.66899651	12.57763864	12.49334627	12.44693535	12.40650627
	12.24759161	12.23241086	12.21556999	12.19161967	12.09377762	11.99514425	12.04009141	12.17819035	12.24797240	12.40475905	12.47858908	12.61887765	12.70974319	12.78639955	12.92938075	12.99416974	13.06318530	13.20513425	13.27211927	13.31899511	13.37752967	13.47072141	13.55973437	13.60980605	13.65888135	13.71742824	13.77757110	13.81362625	13.81095529	13.77821784	13.73034899	13.67140381	13.60837851	13.53940940	13.41104786	13.32794816	13.26900093	13.19783149	13.06089176	12.99422783	12.93868134	12.83515306	12.74904846	12.70022007	12.65364262	12.55673981	12.47414381	12.42729160	12.38604256
	12.28168434	12.26673082	12.25007792	12.22630579	12.12942914	12.03431914	12.07843511	12.21369558	12.28190830	12.43398202	12.50694676	12.63920140	12.73339144	12.80713151	12.94747571	13.01235806	13.07830281	13.21419243	13.28400504	13.32971552	13.38473564	13.47076140	13.56219179	13.61194256	13.65923042	13.71566478	13.77301093	13.80663082	13.80375879	13.77341426	13.72919329	13.67337845	13.61251810	13.54414188	13.41680473	13.33777185	13.28074519	13.20806219	13.07545359	13.01182391	12.95751438	12.85365127	12.77182367	12.72443341	12.67877834	12.58226015	12.50319039	12.45754547	12.41733463
	12.32219097	12.30749428	12.29108690	12.26770189	12.17296356	12.08059267	12.12301741	12.25474456	12.32092008	12.46723640	12.53960359	12.66058969	12.76092153	12.83082913	12.96834666	13.03383078	13.09585705	13.22352591	13.29821686	13.34270326	13.39347283	13.47089034	13.56513829	13.61475746	13.65997551	13.71393578	13.76837857	13.79928118	13.79624268	13.76865177	13.72876502	13.67686088	13.61857342	13.55044853	13.42481262	13.35038706	13.29555404	13.21888931	13.09372073	13.03348609	12.98067701	12.87701462	12.79957868	12.75379076	12.70930085	12.61406529	12.53841217	12.49404379	12.45508679
	12.33341210	12.31899528	12.30275335	12.27936741	12.18432754	12.09834988	12.13992616	12.26772587	12.33170263	12.47172157	12.54359531	12.65268014	12.75906696	12.82580220	12.95950217	13.02549606	13.08415943	13.20084698	13.28165847	13.32510028	13.37206725	13.44166202	13.53584862	13.58550637	13.62852283	13.67996324	13.73164885	13.76025353	13.75754052	13.73291287	13.69710597	13.64909653	13.59341738	13.52404034	13.40258556	13.33255610	13.27962057	13.19683464	13.08169005	13.02468361	12.97306703	12.86915281	12.79665687	12.75254952	12.70891999	12.61362108	12.54272589	12.49984163	12.46209346
	12.33554181	12.32138865	12.30532989	12.28191196	12.18638250	12.10593481	12.14738744	12.27212441	12.33452611	12.46979955	12.54095135	12.64463460	12.75115508	12.81622367	12.94610725	13.01185806	13.06869112	13.17861061	13.26122377	13.30394986	13.34900455	13.41480039	13.50622449	13.55614260	13.59776557	13.64760365	13.69774550	13.72521073	13.72254226	13.69937235	13.66543451	13.61954534	13.56553948	13.49421354	13.37805747	13.31074238	13.25906368	13.17324862	13.06488146	13.01001753	12.95927763	12.85579953	12.78689208	12.74405646	12.70111037	12.60590286	12.53876486	12.49716667	12.46035476
	12.36026039	12.34657715	12.33103835	12.30830736	12.21641603	12.13985709	12.17890871	12.29768041	12.35814695	12.48371492	12.55549458	12.64882087	12.75687365	12.81896816	12.94171887	13.00820688	13.06191087	13.16055048	13.24645251	13.28830173	13.33049712	13.39065210	13.47552208	13.52775191	13.56731829	13.61446800	13.66223686	13.68813017	13.68539343	13.66395049	13.63285021	13.59041970	13.53927737	13.46627618	13.35826666	13.29502847	13.24564503	13.15868162	13.05851149	13.00678417	12.95804706	12.85735026	12.79259088	12.75171924	12.71044682	12.61826057	12.55494858	12.51521220	12.48005922
	12.36057193	12.34725245	12.33203575	12.30976509	12.22096984	12.14777111	12.18428825	12.29740248	12.35683239	12.47154450	12.54613969	12.62816779	12.73976709	12.79944066	12.91464227	12.98353896	13.03441222	13.12087621	13.21128887	13.25289727	13.29228472	13.34627125	13.42252397	13.47919036	13.51675625	13.56087099	13.60603258	13.63055976	13.62840764	13.60936212	13.58188745	13.54349346	13.49526309	13.42032137	13.32001303	13.26061080	13.21321781	13.12486695	13.03220027	12.98321147	12.93612518	12.83793730	12.77668639	12.73740997	12.69755210	12.60849279	12.54840139	12.51009942	12.47634929
	12.39362634	12.38061817	12.36588069	12.34449042	12.26171566	12.18785672	12.21960456	12.32577045	12.38621212	12.48329087	12.56836817	12.63952262	12.75506147	12.81353519	12.91791984	12.99419807	13.04289701	13.11886381	13.21364324	13.25598416	13.29317009	13.34257545	13.41316192	13.47344727	13.50980957	13.55096786	13.59448191	13.61838779	13.61533815	13.59629061	13.57103247	13.53630473	13.49075410	13.41448289	13.32034863	13.26414240	13.21856934	13.12984139	13.04269615	12.99609301	12.95074378	12.85501996	12.79616699	12.75826638	12.71985302	12.63401540	12.57590091	12.53866457	12.50612059
	12.39312255	12.38007436	12.36532112	12.34389363	12.26196979	12.18807609	12.21857240	12.32311600	12.38460876	12.47561790	12.56586238	12.63403888	12.75185284	12.81058830	12.91233509	12.99155787	13.03992551	13.11297589	13.20968989	13.25272389	13.28938511	13.33742837	13.40669953	13.46858975	13.50478506	13.54488408	13.58775373	13.61139013	13.60784442	13.58864979	13.56424908	13.53082392	13.48598033	13.40817709	13.31564077	13.26023436	13.21484703	13.12471230	13.03939804	12.99332095	12.94810036	12.85236326	12.79403686	12.75629297	12.71802020	12.63267453	12.57500165	12.53781550	12.50541591
	12.37371147	12.36052609	12.34555966	12.32357928	12.23984116	12.16831202	12.19896111	12.30288768	12.36523544	12.45314472	12.54665262	12.61403708	12.73317711	12.79264669	12.89446899	12.97434746	13.02295155	13.09565746	13.19241153	13.23574861	13.27228562	13.31988978	13.38906931	13.45075832	13.48697470	13.52667979	13.56925843	13.59282166	13.58920318	13.56997225	13.54590984	13.51291234	13.46826050	13.39002068	13.29757819	13.24221076	13.19652437	13.10534530	13.02076777	12.97465828	12.92907111	12.83280284	12.77476979	12.73686201	12.69826504	12.61240832	12.55546568	12.51820791	12.48572103
	12.43267826	12.41936356	12.40414329	12.38168514	12.29810816	12.22701447	12.25645547	12.35828471	12.42359681	12.50583885	12.60477832	12.67034738	12.79116663	12.85212226	12.95070834	13.03506404	13.08418974	13.15514861	13.25337374	13.29819871	13.33505491	13.38244165	13.45268331	13.51533754	13.55248127	13.59268438	13.63664337	13.66134530	13.65593466	13.63371461	13.60858330	13.57551200	13.53051703	13.44988698	13.35768720	13.30239914	13.25607323	13.16092463	13.07932084	13.03358460	12.98733942	12.88945646	12.83295241	12.79510535	12.75610362	12.66891349	12.61359561	12.57657501	12.54417742
	12.45764871	12.44383972	12.42790779	12.40444696	12.31947704	12.24640874	12.27434274	12.37475548	12.44669923	12.52337637	12.63243545	12.69795522	12.82404991	12.88921317	12.98689621	13.07823582	13.12931815	13.19977354	13.30151355	13.34900388	13.38682618	13.43418674	13.50520019	13.57147623	13.60946840	13.64945494	13.69340615	13.71821707	13.71121280	13.68753234	13.66327615	13.63109941	13.58537899	13.49949006	13.40763984	13.35168624	13.30370682	13.20355476	13.12229683	13.07562086	13.02767389	12.92656551	12.86903771	12.82994544	12.78958093	12.70041136	12.64425409	12.60615383	12.57305127
	12.48321005	12.46930236	12.45320256	12.42956219	12.34561589	12.27199266	12.29824940	12.39483189	12.47102151	12.54336010	12.65627238	12.72115715	12.84799038	12.91546587	13.01111835	13.10557450	13.15743233	13.22709090	13.32935170	13.37792257	13.41617296	13.46372397	13.53616723	13.60277050	13.64109154	13.68119845	13.72579449	13.75091019	13.74136167	13.71480125	13.69026582	13.65852917	13.61272244	13.52439491	13.43410904	13.37862250	13.33027333	13.22755602	13.14829095	13.10193987	13.05358525	12.95147826	12.89472253	12.85563367	12.81507979	12.72529634	12.66986103	12.63187232	12.59893672
	12.50924417	12.49527264	12.47902911	12.45515423	12.37186629	12.29841154	12.32322967	12.41600813	12.49598565	12.56511566	12.68038363	12.74505292	12.87172206	12.94153717	13.03555464	13.13231927	13.18500662	13.25425870	13.35668618	13.40619010	13.44493843	13.49297138	13.56734061	13.63357079	13.67240817	13.71317714	13.75944589	13.78623098	13.77424118	13.74372220	13.71801502	13.68615487	13.64014147	13.55019001	13.46050763	13.40519954	13.35644319	13.25149166	13.17394086	13.12783115	13.07899834	12.97593026	12.92008897	12.88102157	12.84021558	12.74952212	12.69514273	12.65738825	12.62463961
	12.57128137	12.55715961	12.54069164	12.51638421	12.43489561	12.36113194	12.38296408	12.46845201	12.55578258	12.62010301	12.73892096	12.80402824	12.93003018	13.00462156	13.09624222	13.19672312	13.25109908	13.31986868	13.42265919	13.47391632	13.51368452	13.56273310	13.64119738	13.70708096	13.74724657	13.78955267	13.83950489	13.86982427	13.85190024	13.81278491	13.78479738	13.75264954	13.70612169	13.61249087	13.52405606	13.46907489	13.41943106	13.31006792	13.23584126	13.19015231	13.14029921	13.03528305	12.98119175	12.94215758	12.90059280	12.80808733	12.75560433	12.71823790	12.68556996
	12.58755919	12.57333854	12.55675713	12.53242491	12.45354333	12.37928378	12.39797233	12.47763221	12.56989282	12.63141772	12.75162163	12.81817456	12.94297161	13.02143042	13.11193192	13.21295079	13.26800020	13.33575695	13.43738802	13.48924275	13.52902785	13.57729546	13.65510244	13.72257673	13.76275892	13.80424080	13.85310211	13.88242982	13.86032275	13.81837243	13.79216422	13.76204709	13.71619647	13.61962312	13.53504549	13.48133097	13.43143538	13.32041760	13.24924561	13.20424616	13.15419623	13.04933899	12.99610311	12.95724046	12.91563460	12.82419166	12.77207247	12.73476645	12.70248168
	12.59830221	12.58421750	12.56763455	12.54312400	12.46606395	12.39525607	12.41207051	12.48668970	12.58000388	12.63901845	12.75757133	12.82451408	12.94618056	13.02626896	13.11529775	13.21416707	13.26906614	13.33565973	13.43422057	13.48537304	13.52470162	13.57216197	13.64964772	13.71520345	13.75476400	13.79552023	13.84367726	13.87318931	13.84832703	13.80415231	13.77895382	13.75014543	13.70528268	13.60847183	13.52694857	13.47471911	13.42508377	13.31390085	13.24637537	13.20244603	13.15252126	13.04886843	12.99784611	12.95967364	12.91801165	12.82815799	12.77826420	12.74189265	12.71063859
	12.63051064	12.61688774	12.60078085	12.57692344	12.50403529	12.43717168	12.45161411	12.52041272	12.61168844	12.66757293	12.78096368	12.84684870	12.96258967	13.04191056	13.12745671	13.22186072	13.27490533	13.33862820	13.43239158	13.48160960	13.51938237	13.56468047	13.63888442	13.70207885	13.74013074	13.77926478	13.82599162	13.85485725	13.82936066	13.78446977	13.76020341	13.73320112	13.69031431	13.59619098	13.51890619	13.46916111	13.42120588	13.31341630	13.25030223	13.20835733	13.15959791	13.06040029	13.01230097	12.97569105	12.93445788	12.84936373	12.80222991	12.76751354	12.73747184
	12.64501918	12.63129246	12.61504293	12.59095030	12.52022378	12.45372004	12.46534305	12.53009499	12.62404164	12.67888363	12.79172217	12.86011859	12.97502301	13.05772843	13.14403333	13.23756420	13.29107307	13.35495475	13.44763479	13.49672598	13.53445605	13.57937593	13.65414565	13.71683221	13.75511998	13.79415484	13.84142723	13.87287505	13.84481689	13.79466375	13.77037361	13.74443337	13.70202050	13.60643169	13.52995329	13.48064421	13.43239959	13.32356389	13.26200830	13.22027212	13.16839058	13.07181943	13.02453099	12.98798942	12.94297317	12.86173619	12.81540279	12.78088234	12.75085093
	12.70551537	12.69218884	12.67634869	12.65289750	12.58682065	12.52397163	12.53254268	12.59186268	12.68324753	12.73576415	12.84298497	12.91241548	13.02308554	13.10550165	13.19111248	13.27846175	13.33022886	13.39254782	13.48043787	13.52715959	13.56336823	13.60635205	13.67933569	13.73864689	13.77584646	13.81349213	13.85993750	13.89372299	13.86477258	13.80985299	13.78554739	13.76125039	13.72072146	13.62658740	13.55360512	13.50660409	13.45971517	13.35357646	13.29620223	13.25631600	13.20153547	13.11274201	13.06827581	13.03322532	12.98575198	12.91182372	12.86800358	12.83502957	12.80573356
	12.79962628	12.78607803	12.77016894	12.74690773	12.68351472	12.61856583	12.62399131	12.68214038	12.77486472	12.82803628	12.93475682	13.00895865	13.12149340	13.20722717	13.29674663	13.38260786	13.43510777	13.49895709	13.58740293	13.63443409	13.67087845	13.71404128	13.78831558	13.84875632	13.88702433	13.92548379	13.97433252	14.01455193	13.98420137	13.91825896	13.89149307	13.86739264	13.82659737	13.72818453	13.65479441	13.60763246	13.55946845	13.45091194	13.39461138	13.35464239	13.29438092	13.20882473	13.16475023	13.12965767	13.07974179	13.00732158	12.96335347	12.93027574	12.90157689
