	0.66059946	0.64267399	0.62593107	0.61184985	0.60555974	0.60452729	0.60585647	0.60951318	0.61396525	0.64748771	0.74229582	0.91287689	1.11070462	1.34070188	1.56352539	1.79030712	2.02565320	2.26240373	2.50011303	2.75161484	3.01731393	3.29304066	3.56397235	3.83888584	4.13119984	4.29070250	4.22656941	4.04451641	3.80908248	3.55129120	3.28815275	3.03492968	2.79903365	2.57865133	2.37006682	2.17130553	1.98413515	1.81599702	1.66951399	1.54167243	1.42830885	1.33282531	1.25007774	1.17412724	1.10315158	1.03686889	0.97509607	0.91659683	0.86640207
	0.79350646	0.77051709	0.74848654	0.72868812	0.71522475	0.70710010	0.70497068	0.70439835	0.70487371	0.73498844	0.83336265	1.02713128	1.28538514	1.55027325	1.80287482	2.07032320	2.37023877	2.68945417	3.02106421	3.37320264	3.75361792	4.15244536	4.53959148	4.92702853	5.31865281	5.52418221	5.45905656	5.22567917	4.90325546	4.53831544	4.16326955	3.80499536	3.46987770	3.15776323	2.86935639	2.60953853	2.38237072	2.18560263	2.01388838	1.86452579	1.73289710	1.61557740	1.50810854	1.40845867	1.31482155	1.22679839	1.14566518	1.07317972	1.01121248
	0.84043651	0.81564693	0.79156627	0.76949810	0.75347090	0.74241923	0.73720408	0.73342834	0.73062909	0.75563965	0.84667211	1.03580279	1.29611058	1.56583269	1.82171629	2.09284222	2.39865012	2.72638080	3.06603530	3.42868712	3.82580727	4.24509428	4.65158084	5.05703137	5.46593597	5.68030237	5.61834843	5.38278992	5.05068373	4.67239188	4.28349925	3.91537489	3.57460147	3.25973707	2.96914484	2.70712078	2.47692724	2.27613049	2.10127427	1.94868035	1.81379789	1.69266420	1.58132379	1.47823309	1.38157156	1.29059510	1.20639697	1.13067861	1.06537156
	0.85735020	0.83177988	0.80682041	0.78383966	0.76699559	0.75487384	0.74868396	0.74382648	0.74009253	0.76432672	0.85475286	1.04540376	1.30930013	1.58115430	1.83727055	2.10986965	2.41857944	2.74896193	3.09175234	3.45938982	3.86652526	4.29765606	4.71557262	5.13179248	5.54971294	5.76265601	5.69740372	5.45605148	5.11631708	4.72955824	4.33303523	3.95973665	3.61593958	3.29929012	3.00723502	2.74386300	2.51254791	2.31044983	2.13401604	1.97973153	1.84317057	1.72022464	1.60711764	1.50248152	1.40447787	1.31224264	1.22675948	1.14966083	1.08284518
	0.87031771	0.84415123	0.81848049	0.79482335	0.77775168	0.76505030	0.75853732	0.75201630	0.74664794	0.76875870	0.85624305	1.04753192	1.31661280	1.59208494	1.84774368	2.12008841	2.43017694	2.76147204	3.10531825	3.47604997	3.89572122	4.34353162	4.77757255	5.20981334	5.64017252	5.85103519	5.78077436	5.53436658	5.18569614	4.79026132	4.38618680	4.00784257	3.66186630	3.34446791	3.05172994	2.78718166	2.55454736	2.35037125	2.17098449	2.01340262	1.87365871	1.74759773	1.63155334	1.52443150	1.42444055	1.33051756	1.24338704	1.16450148	1.09567531
	0.88550788	0.85896862	0.83281982	0.80874430	0.79159643	0.77816381	0.77074385	0.76290063	0.75693426	0.77860933	0.86586795	1.05896692	1.33070241	1.60611361	1.86010737	2.13218244	2.44296274	2.77447834	3.11901450	3.49186759	3.91999464	4.37807010	4.82128082	5.26255284	5.70001939	5.90993660	5.83598983	5.58841967	5.23516455	4.83501986	4.42623345	4.04485176	3.69848659	3.38195751	3.09010348	2.82599928	2.59345081	2.38858055	2.20760579	2.04796227	1.90600799	1.77771785	1.65953494	1.55053661	1.44909395	1.35395870	1.26568049	1.18558727	1.11550273
	0.88120473	0.85472046	0.82862426	0.80488379	0.78862458	0.77550961	0.76841696	0.75929921	0.75210097	0.77071454	0.85255619	1.04211790	1.31584154	1.59397334	1.84699668	2.11623759	2.42424998	2.75270474	3.09401178	3.46302739	3.89120303	4.35265059	4.80037657	5.24458413	5.68567343	5.89732393	5.82487348	5.57894404	5.22528996	4.82464581	4.41701563	4.03697438	3.69247010	3.37794704	3.08774049	2.82467403	2.59284347	2.38809388	2.20664506	2.04617520	1.90325389	1.77398915	1.65498981	1.54531505	1.44339180	1.34789002	1.25917853	1.17851025	1.10771754
	0.89344945	0.86660424	0.84003148	0.81591496	0.79906806	0.78406929	0.77417292	0.76591564	0.76050336	0.78203508	0.87101909	1.07193183	1.35341886	1.63168368	1.88487314	2.15806497	2.47030080	2.80046353	3.14395555	3.51575316	3.95067870	4.41654493	4.86633629	5.31174263	5.75536530	5.96553355	5.89565998	5.64707794	5.28382834	4.87040503	4.45131157	4.06493644	3.71944072	3.40652301	3.11833181	2.85700683	2.62642933	2.42160279	2.23891656	2.07635896	1.93096677	1.79905724	1.67729376	1.56533887	1.46175491	1.36507748	1.27546219	1.19401631	1.12237211
	0.89477698	0.86786677	0.84112007	0.81684081	0.79980308	0.78423486	0.77375233	0.76494121	0.75922580	0.77994850	0.86854691	1.07169478	1.35754513	1.63879510	1.89367373	2.16808699	2.48077908	2.80977885	3.15177324	3.52112815	3.95419753	4.41673528	4.86338216	5.30537196	5.74265236	5.95223991	5.88654795	5.64291084	5.28103168	4.86523130	4.44387443	4.05746919	3.71440815	3.40518939	3.12070503	2.86241046	2.63409300	2.43033379	2.24777590	2.08461829	1.93822661	1.80518418	1.68214296	1.56908086	1.46472095	1.36747563	1.27739687	1.19548436	1.12319815
	0.89426133	0.86741692	0.84061494	0.81627296	0.79921390	0.78323900	0.77198818	0.76252356	0.75598907	0.77500713	0.86145575	1.06588561	1.35670849	1.64095787	1.89665254	2.17102882	2.48217616	2.80762467	3.14527894	3.50984673	3.93773562	4.39358208	4.83281652	5.26746241	5.69516549	5.90000696	5.83882452	5.60381106	5.25013045	4.83888542	4.41944079	4.03603553	3.69739181	3.39339548	3.11396031	2.85980786	2.63477549	2.43309176	2.25156541	2.08865486	1.94201599	1.80847566	1.68481579	1.57105740	1.46611562	1.36840804	1.27793725	1.19551245	1.12248073
	0.90023837	0.87331996	0.84635569	0.82192871	0.80454999	0.78784222	0.77576156	0.76614923	0.76076409	0.78217719	0.87395879	1.08659867	1.38204880	1.66603929	1.92350770	2.20249351	2.51726005	2.84492932	3.18481095	3.55180020	3.98153421	4.43351863	4.86774628	5.29745789	5.71715952	5.91840018	5.86130777	5.63187452	5.28367229	4.87259243	4.44954545	4.06261787	3.72211966	3.41736149	3.13736802	2.88274401	2.65712116	2.45443992	2.27149563	2.10705155	1.95883145	1.82374040	1.69864527	1.58358009	1.47762419	1.37915574	1.28815853	1.20530933	1.13181235
	0.90216967	0.87529833	0.84831714	0.82389814	0.80635122	0.78934471	0.77678150	0.76683624	0.76144036	0.78304419	0.87617933	1.09195151	1.38963549	1.67406708	1.93263202	2.21337315	2.52903738	2.85668646	3.19624550	3.56248201	3.99122859	4.43978054	4.86929930	5.29547234	5.71057573	5.90866019	5.85344431	5.63104369	5.28987290	4.88137591	4.45856498	4.07135286	3.73077006	3.42619210	3.14638706	2.89196156	2.66638643	2.46350494	2.28007731	2.11511005	1.96629165	1.83057674	1.70487974	1.58924159	1.48276739	1.38386495	1.29249073	1.20927747	1.13535931
	0.90754089	0.88056071	0.85343662	0.82901212	0.81117998	0.79369218	0.78079083	0.77124140	0.76766018	0.79325557	0.89419948	1.11898206	1.41961120	1.70319095	1.96470541	2.25127704	2.57201090	2.90400614	3.24804577	3.61863238	4.05100953	4.49899812	4.92641172	5.35041356	5.76256636	5.95977195	5.90785050	5.68818878	5.34693977	4.93478176	4.50613987	4.11277676	3.76765531	3.45969441	3.17712621	2.92053682	2.69305327	2.48813235	2.30247445	2.13538354	1.98452454	1.84691045	1.71947774	1.60240501	1.49478397	1.39503636	1.30306189	1.21942487	1.14516761
	0.90996424	0.88296979	0.85580164	0.83140813	0.81344441	0.79570036	0.78253466	0.77307605	0.77003191	0.79661529	0.89953552	1.12711363	1.42891727	1.71246457	1.97552479	2.26464506	2.58733721	2.92093500	3.26630851	3.63818527	4.07032730	4.51676968	4.94135319	5.36232934	5.77177637	5.96821729	5.91820818	5.70330801	5.36508258	4.95221957	4.52123670	4.12590718	3.77961831	3.47117535	3.18856156	2.93212000	2.70469919	2.49952803	2.31329980	2.14556733	1.99400215	1.85566194	1.72751386	1.60981397	1.50163331	1.40141184	1.30903065	1.22502205	1.15038502
	0.91425278	0.88720707	0.85998821	0.83570282	0.81753006	0.79946203	0.78612166	0.77724994	0.77598900	0.80623774	0.91604476	1.15077055	1.45399579	1.73672814	2.00304052	2.29758210	2.62440414	2.96146553	3.30973209	3.68484100	4.11803047	4.56140786	4.98153873	5.39947602	5.80401949	6.00070686	5.95468231	5.74275491	5.40435638	4.98906375	4.55199596	4.15166178	3.80268084	3.49275212	3.20949455	2.95318579	2.72563283	2.52005487	2.33269666	2.16370395	2.01080764	1.87110184	1.74161624	1.62275888	1.51362395	1.41260444	1.31958463	1.23504598	1.15992631
	0.91756912	0.89053545	0.86334716	0.83922236	0.82087824	0.80258405	0.78909514	0.78082968	0.78119866	0.81506686	0.93181252	1.17336316	1.47799963	1.76062289	2.03065841	2.33049481	2.66074435	2.99999492	3.34983493	3.72682032	4.15916133	4.59721869	5.01156163	5.42587888	5.82401364	6.02057455	5.97759393	5.76757214	5.42973395	5.01308460	4.57094270	4.16704676	3.81689336	3.50681654	3.22422007	2.96889418	2.74212500	2.53722643	2.34939677	2.17965734	2.02585915	1.88514151	1.75460322	1.63477631	1.52483776	1.42310601	1.32948737	1.24441844	1.16879451
	0.92190009	0.89478610	0.86757907	0.84365123	0.82518548	0.80670526	0.79319748	0.78575649	0.78870738	0.82829479	0.95562066	1.20715759	1.51354425	1.79523221	2.06935096	2.37572680	2.71071259	3.05348095	3.40679844	3.78830496	4.22097400	4.65561928	5.06617330	5.47677408	5.87404024	6.07284864	6.03344777	5.82225393	5.47746918	5.05428084	4.60349453	4.19390637	3.84083962	3.52909678	3.24583008	2.99011238	2.76310099	2.55824364	2.36931733	2.19825599	2.04309645	1.90099975	1.76911009	1.64807770	1.53719771	1.43469430	1.34048448	1.25497808	1.17902748
	0.92437819	0.89737364	0.87030001	0.84663237	0.82811666	0.80956998	0.79594535	0.78887271	0.79272373	0.83469992	0.96706261	1.22400884	1.53191803	1.81434607	2.09215325	2.40287160	2.73992249	3.08363549	3.43764455	3.81868139	4.24848650	4.67727350	5.08210308	5.48568590	5.87813493	6.07482471	6.03725815	5.82963424	5.48688086	5.06258533	4.60918400	4.19803475	3.84627682	3.53631445	3.25557024	3.00219647	2.77703022	2.57326188	2.38472775	2.21340482	2.05773984	1.91494167	1.78224440	1.66035751	1.54869509	1.44544817	1.35049370	1.26425227	1.18753656
	0.92749381	0.90051134	0.87351327	0.85008822	0.83147246	0.81285732	0.79921810	0.79264130	0.79802974	0.84380881	0.98345689	1.24714277	1.55634621	1.83922483	2.12146161	2.43774919	2.77789764	3.12431344	3.48117396	3.86317974	4.29155104	4.71490331	5.11490202	5.51416160	5.90243910	6.09856519	6.06283964	5.85666616	5.51174011	5.08348090	4.62610351	4.21179033	3.85965696	3.55002643	3.27033485	3.01814401	2.79381098	2.58957672	2.40140230	2.22937255	2.07284358	1.92906985	1.79534911	1.67249738	1.56001437	1.45611220	1.36054336	1.27375099	1.19650246
	0.92966844	0.90276537	0.87587714	0.85267805	0.83398987	0.81538089	0.80170325	0.79532565	0.80154541	0.84965192	0.99417451	1.26269960	1.57283266	1.85628669	2.14242625	2.46322213	2.80561213	3.15389975	3.51256809	3.89486158	4.32016203	4.73769654	5.13201966	5.52712391	5.90895374	6.10236704	6.06735247	5.86384516	5.52012815	5.09121097	4.63317019	4.21837152	3.86702041	3.55900204	3.28097293	3.03059184	2.80716675	2.60267794	2.41525647	2.24284666	2.08573011	1.94122999	1.80671507	1.68306880	1.56987005	1.46538386	1.36922666	1.28185609	1.20401198
	0.93389374	0.90690707	0.88003645	0.85702653	0.83813572	0.81941542	0.80563584	0.80022693	0.80941331	0.86392047	1.01890733	1.29493565	1.60505277	1.88888494	2.18075681	2.50830596	2.85467573	3.20810680	3.57088489	3.95614049	4.38000057	4.79236700	5.18229105	5.57545609	5.95545046	6.14805178	6.11242013	5.90974226	5.56331815	5.12846450	4.66528614	4.24686094	3.89339524	3.58448453	3.30565099	3.05448118	2.83013367	2.62392007	2.43545866	2.26156589	2.10290953	1.95688998	1.82091349	1.69603108	1.58191273	1.47681216	1.38020097	1.29248545	1.21439821
	0.93743183	0.91042968	0.88367103	0.86089373	0.84183845	0.82307809	0.80927747	0.80482905	0.81684948	0.87758588	1.04263211	1.32549334	1.63595491	1.92150235	2.22011607	2.55440593	2.90461626	3.26303509	3.62873301	4.01515820	4.43583589	4.84136759	5.22612270	5.61262925	5.99035479	6.17914915	6.14388710	5.94328254	5.59598788	5.15847560	4.69197982	4.27204812	3.91759611	3.60817234	3.32931255	3.07786817	2.85316926	2.64552630	2.45553019	2.28044935	2.12028429	1.97277311	1.83531927	1.70918098	1.59409087	1.48828593	1.39117371	1.30303666	1.22458921
	0.94131381	0.91426933	0.88764211	0.86512313	0.84592406	0.82717019	0.81338128	0.81010445	0.82565420	0.89401840	1.07106624	1.36163220	1.67228507	1.95982258	2.26590056	2.60716347	2.96184261	3.32543714	3.69464954	4.08240838	4.49950827	4.89762980	5.27862948	5.65606785	6.03288444	6.21915466	6.18423694	5.98527835	5.63537510	5.19455507	4.72438508	4.30315917	3.94706189	3.63634561	3.35681038	3.10467700	2.87887650	2.66954143	2.47694947	2.30077866	2.13885818	1.98965042	1.85054173	1.72301554	1.60685124	1.50025748	1.40262372	1.31406337	1.23528697
	0.94371688	0.91672473	0.89025235	0.86792795	0.84869137	0.82996577	0.81606801	0.81286854	0.82912187	0.89973936	1.08121988	1.37468527	1.68520754	1.97448120	2.28531027	2.63042459	2.98740828	3.35302583	3.72311430	4.10960242	4.52104415	4.91271468	5.28745254	5.65780480	6.02730037	6.20987028	6.17656736	5.98148280	5.63542126	5.19834797	4.72994963	4.31175589	3.95710413	3.64836187	3.37030633	3.11931454	2.89422778	2.68495748	2.49046049	2.31456822	2.15192759	2.00188414	1.86189586	1.73352266	1.61660420	1.50935259	1.41116652	1.32204134	1.24267300
	0.94850145	0.92137643	0.89498548	0.87276234	0.85332959	0.83450991	0.82041857	0.81826977	0.83820191	0.91675281	1.10970945	1.40885464	1.71888346	2.01096657	2.32907755	2.68046514	3.04143389	3.41143919	3.78433685	4.16997240	4.57740211	4.96234455	5.33481932	5.69949286	6.06398011	6.24549064	6.21435806	6.02129220	5.67498834	5.23492450	4.76362412	4.34402214	3.98687809	3.67663795	3.39762229	3.14512744	2.91810742	2.70694360	2.50973277	2.33230531	2.16801845	2.01629175	1.87475212	1.74517076	1.62744344	1.51970936	1.42132813	1.33216355	1.25284060
	0.95257130	0.92544739	0.89925589	0.87718915	0.85760398	0.83864383	0.82432519	0.82260781	0.84456153	0.92863622	1.13050709	1.43437606	1.74498000	2.04115999	2.36713076	2.72488652	3.08890045	3.46219711	3.83617279	4.21919589	4.62042890	4.99453382	5.36273310	5.71921569	6.07521389	6.25387694	6.22569615	6.03847011	5.69748499	5.25792071	4.78795742	4.36853441	4.01108144	3.70033643	3.42186456	3.16990266	2.94190683	2.72892293	2.52995368	2.35061334	2.18520065	2.03195981	1.88894899	1.75812866	1.63947302	1.53107972	1.43224901	1.34275814	1.26309485
	0.95590856	0.92878335	0.90276926	0.88081614	0.86112736	0.84206171	0.82756379	0.82649851	0.85122307	0.94204615	1.15341317	1.46193228	1.77279952	2.07252021	2.40458541	2.76717030	3.13385886	3.50945056	3.88384041	4.26414117	4.65744894	5.02445075	5.38605761	5.73528533	6.08349962	6.25937118	6.23345604	6.05103839	5.71420059	5.27520730	4.80646783	4.38633795	4.02930959	3.71824886	3.43931193	3.18757682	2.95908592	2.74475887	2.54429441	2.36311911	2.19713352	2.04277958	1.89867008	1.76698240	1.64776693	1.53905466	1.44008848	1.35057874	1.27092681
	0.95995296	0.93274671	0.90683360	0.88489140	0.86503722	0.84580361	0.83097704	0.83076147	0.85903613	0.95791395	1.17970291	1.49265154	1.80350108	2.10688642	2.44450895	2.81173641	3.18050734	3.55843301	3.93271105	4.31104101	4.69939273	5.06122293	5.41723361	5.76084986	6.10302262	6.27762739	6.25471332	6.07626749	5.74380003	5.30490626	4.83545527	4.41322463	4.05443505	3.74206231	3.46130195	3.20737943	2.97778485	2.76115269	2.55889997	2.37518014	2.20844775	2.05278099	1.90743273	1.77487435	1.65521337	1.54634825	1.44744200	1.35811734	1.27874969
	0.96318103	0.93595731	0.91016810	0.88822157	0.86813853	0.84858950	0.83337228	0.83336853	0.86341307	0.96768413	1.19665356	1.51175783	1.82226668	2.12921370	2.47191173	2.84236823	3.21219009	3.59106518	3.96335793	4.33920872	4.71881063	5.07524015	5.42362429	5.76008523	6.09335922	6.26573740	6.24760620	6.07639228	5.75349568	5.31927983	4.85190060	4.43109868	4.07168681	3.75869554	3.47784069	3.22272237	2.99234296	2.77506420	2.57155914	2.38571018	2.21860636	2.06202176	1.91570389	1.78240696	1.66232052	1.55326146	1.45428544	1.36494593	1.28560020
	0.96678016	0.93946399	0.91374108	0.89166977	0.87129207	0.85141079	0.83583618	0.83673057	0.87102319	0.98531155	1.22588916	1.54465268	1.85502791	2.16611339	2.51362709	2.88693089	3.25589590	3.63506639	4.00498514	4.37536847	4.74444973	5.09536822	5.43552236	5.76495627	6.08916849	6.26086225	6.24813990	6.08471203	5.77095792	5.34050968	4.87285674	4.45216804	4.09072062	3.77518877	3.49306122	3.23657357	3.00402188	2.78554503	2.58057250	2.39319422	2.22478521	2.06734621	1.92015252	1.78630665	1.66613297	1.55733101	1.45879280	1.37001133	1.29130032
	0.96951580	0.94211593	0.91639503	0.89413513	0.87342414	0.85320551	0.83730060	0.83869518	0.87553356	0.99621505	1.24402699	1.56551886	1.87715756	2.19208505	2.54334370	2.91867946	3.28759004	3.66600826	4.03556901	4.40242582	4.76376967	5.10846542	5.44203989	5.76581752	6.08295324	6.25381844	6.24596382	6.09048398	5.78356617	5.35756415	4.88939590	4.46880244	4.10571944	3.78910577	3.50465443	3.24747581	3.01328383	2.79400890	2.58745785	2.39884308	2.22925086	2.07117833	1.92331992	1.78905260	1.66881773	1.56022155	1.46201416	1.37363393	1.29535355
	0.97150198	0.94403386	0.91825586	0.89578068	0.87479178	0.85431923	0.83816328	0.83984885	0.87844815	1.00360773	1.25657055	1.58024925	1.89305133	2.21033607	2.56369428	2.93948195	3.30825913	3.68582502	4.05360564	4.41911266	4.77545681	5.11559204	5.44477469	5.76579191	6.08008859	6.24801935	6.24431743	6.09492690	5.79353608	5.37106253	4.90397902	4.48235950	4.11815419	3.80057627	3.51473874	3.25628142	3.02081541	2.80071509	2.59300377	2.40344085	2.23292104	2.07424178	1.92585821	1.79123843	1.67090750	1.56241231	1.46440595	1.37629043	1.29829369
	0.97379858	0.94622626	0.92025882	0.89734225	0.87584306	0.85492169	0.83839224	0.84001959	0.87962170	1.00862440	1.26637099	1.59180430	1.90589099	2.22524692	2.57958777	2.95438594	3.32134424	3.69649777	4.06003495	4.42132262	4.77108099	5.10345394	5.42544242	5.74337337	6.04838043	6.21454109	6.21885476	6.08096747	5.79063602	5.37538685	4.91356795	4.49146554	4.12742073	3.80986177	3.52384359	3.26381507	3.02768780	2.80673849	2.59805654	2.40765795	2.23612550	2.07680430	1.92794742	1.79299141	1.67259713	1.56426593	1.46653869	1.37875332	1.30108350
	0.97631812	0.94854200	0.92240082	0.89926827	0.87767050	0.85681879	0.84035129	0.84319640	0.88760954	1.02556723	1.29129122	1.61931955	1.93382598	2.25474815	2.61017432	2.98432325	3.35022761	3.72501748	4.08741913	4.44857503	4.79769590	5.12876588	5.44995657	5.77008318	6.07336117	6.23946035	6.24581039	6.10861537	5.81720620	5.40034880	4.93697625	4.51052461	4.14318965	3.82262261	3.53390767	3.27130562	3.03316235	2.81001871	2.60002753	2.40882111	2.23633415	2.07615634	1.92682074	1.79167330	1.67140947	1.56346588	1.46630494	1.37929666	1.30256328
	0.97773489	0.94987533	0.92361290	0.90025086	0.87842784	0.85741788	0.84085718	0.84396566	0.88977371	1.03092521	1.29972650	1.62880888	1.94386153	2.26565623	2.62117734	2.99473859	3.35951846	3.73321133	4.09342342	4.45221734	4.79897828	5.12669542	5.44485178	5.76390736	6.06247106	6.22876609	6.23858020	6.10601352	5.81951258	5.40484117	4.94353842	4.51625187	4.14857118	3.82759395	3.53875101	3.27493766	3.03638314	2.81249373	2.60194881	2.41036067	2.23730846	2.07679854	1.92724065	1.79197203	1.67175194	1.56398401	1.46707584	1.38037338	1.30397319
	0.97894976	0.95094706	0.92433912	0.90038641	0.87787479	0.85621819	0.83903829	0.84150536	0.88628173	1.02784641	1.29795667	1.62627709	1.94130628	2.26318872	2.61629266	2.98626073	3.34662870	3.71634117	4.07251171	4.42478299	4.76424494	5.08321899	5.39356614	5.71097090	5.99406748	6.16186230	6.18174557	6.06410774	5.79176295	5.38871505	4.93601339	4.51088128	4.14527689	3.82635851	3.53778664	3.27389412	3.03542330	2.81132985	2.60007568	2.40873260	2.23472150	2.07392510	1.92433976	1.78910484	1.66909806	1.56170669	1.46525037	1.37901030	1.30303917
	0.98090612	0.95273193	0.92587877	0.90155068	0.87866347	0.85677430	0.83952000	0.84259877	0.88998762	1.03704770	1.31118359	1.63993994	1.95532192	2.27797669	2.63009596	2.99769058	3.35513661	3.72258780	4.07655385	4.42649871	4.76081419	5.07537771	5.38173538	5.69749597	5.97309601	6.14358232	6.16989509	6.06009446	5.79301331	5.39398224	4.94346032	4.51725966	4.15059108	3.83136863	3.54070489	3.27602450	3.03593892	2.81094793	2.59888609	2.40738843	2.23248942	2.07126015	1.92150482	1.78628667	1.66655784	1.55965513	1.46382493	1.37833387	1.30318049
	0.98313719	0.95477235	0.92769842	0.90307392	0.87994118	0.85795613	0.84070753	0.84459817	0.89551722	1.04948653	1.32871832	1.65875276	1.97493399	2.29860571	2.65100829	3.01696964	3.37255787	3.73867760	4.09065341	4.43952272	4.77015384	5.08207721	5.38590493	5.70102478	5.97337548	6.14446969	6.17516561	6.07020589	5.80560414	5.40811943	4.95771106	4.52965202	4.16090572	3.84000125	3.54680612	3.28062486	3.03881818	2.81219047	2.59932941	2.40708697	2.23132903	2.06953635	1.91947369	1.78417610	1.66462853	1.55813493	1.46286926	1.37810648	1.30378877
	0.98489636	0.95637337	0.92902759	0.90402827	0.88052481	0.85827534	0.84094220	0.84531669	0.89814028	1.05628847	1.33864064	1.66923111	1.98625454	2.31058914	2.66150700	3.02505014	3.37757204	3.74109262	4.08899451	4.43365231	4.76129681	5.06617029	5.36493197	5.67343861	5.94428678	6.11410125	6.14946911	6.05198339	5.79732192	5.40778470	4.96139637	4.53437388	4.16522093	3.84382835	3.54892187	3.28191513	3.03930047	2.81118241	2.59825349	2.40522320	2.22879792	2.06661476	1.91638309	1.78105584	1.66165371	1.55551941	1.46075591	1.37661536	1.30298842
	0.98642685	0.95774386	0.93014706	0.90482009	0.88101634	0.85859542	0.84129156	0.84631889	0.90150113	1.06431693	1.34979630	1.68094066	1.99864972	2.32354526	2.67347161	3.03463002	3.38459359	3.74567511	4.09100782	4.43213051	4.75562120	5.05572932	5.35041829	5.65532500	5.92358338	6.09286743	6.13288546	6.04218505	5.79486061	5.41115751	4.96760080	4.54101262	4.17130706	3.84844636	3.55186953	3.28395291	3.03999689	2.81038073	2.59717210	2.40322679	2.22620936	2.06364821	1.91323731	1.77786842	1.65858345	1.55274778	1.45841981	1.37483750	1.30184603
	0.98657562	0.95781463	0.92994149	0.90416934	0.87986232	0.85697120	0.83930699	0.84422768	0.89918263	1.06234297	1.34743967	1.67653159	1.99325682	2.31696289	2.66323455	3.01980482	3.36493851	3.72069942	4.06003464	4.39515283	4.71410997	5.00372704	5.29082914	5.58723515	5.85186349	6.01662045	6.06197721	5.98169413	5.75060308	5.38274367	4.94848509	4.52619358	4.15940461	3.83629629	3.54049182	3.27397838	3.03005585	2.80060266	2.58834327	2.39441602	2.21764185	2.05542589	1.90546778	1.77054875	1.65173904	1.54649481	1.45280845	1.36986492	1.29747139
	0.98914150	0.96014913	0.93200542	0.90590344	0.88138338	0.85854343	0.84124420	0.84796736	0.90887171	1.08150252	1.37202986	1.70206484	2.01913533	2.34334238	2.68852378	3.04233982	3.38481750	3.73789958	4.07473760	4.40688587	4.72261811	5.00888667	5.29300923	5.58719937	5.85042544	6.01493117	6.06434103	5.98881032	5.76189704	5.39632554	4.96231838	4.53773221	4.16879729	3.84183504	3.54354487	3.27557307	3.02901166	2.79800834	2.58493903	2.39016602	2.21284694	2.05026242	1.90017565	1.76539555	1.64700971	1.54244244	1.44962566	1.36775935	1.29658921
	0.99165710	0.96244434	0.93408322	0.90773978	0.88311344	0.86042783	0.84354665	0.85205922	0.91892008	1.10064224	1.39612238	1.72729017	2.04482894	2.36952350	2.71464359	3.06671055	3.40780192	3.76013896	4.09595412	4.42664740	4.74004332	5.02618207	5.30939758	5.60307339	5.86705434	6.03319767	6.08501601	6.01187888	5.78526082	5.41727222	4.98059117	4.55272609	4.18095398	3.85000722	3.54922041	3.27927966	3.03015470	2.79767550	2.58339520	2.38782878	2.20992477	2.04688737	1.89656291	1.76182622	1.64376615	1.53974517	1.44764785	1.36669625	1.29658849
	0.99221091	0.96292073	0.93439132	0.90778630	0.88287396	0.85995857	0.84296909	0.85175157	0.91950275	1.10258694	1.39793586	1.72802047	2.04503399	2.36897120	2.71201718	3.06140160	3.39973868	3.74907698	4.08187923	4.40903021	4.72010331	5.00132411	5.28061021	5.56964437	5.83314496	5.99775581	6.05150717	5.98244185	5.76295703	5.40142615	4.96927650	4.54307933	4.17261824	3.84132092	3.54148265	3.27169293	3.02264975	2.79087945	2.57683509	2.38162489	2.20404484	2.04133392	1.89138840	1.75703944	1.63938902	1.53583725	1.44425032	1.36382264	1.29423924
	0.99413769	0.96467551	0.93595013	0.90911342	0.88403274	0.86114090	0.84448573	0.85457446	0.92624656	1.11525146	1.41360266	1.74449634	2.06207102	2.38637507	2.72867973	3.07621811	3.41277401	3.76026150	4.09121315	4.41642834	4.72489758	5.00402293	5.28109523	5.56824011	5.83186696	5.99574676	6.04996991	5.98270470	5.76619714	5.40713689	4.97568545	4.54819448	4.17639474	3.84306897	3.54242094	3.27111849	3.02095564	2.78842082	2.57374776	2.37821590	2.20040655	2.03754852	1.88759213	1.75336914	1.63598947	1.53285737	1.44182878	1.36209841	1.29332339
	0.99724237	0.96744710	0.93826857	0.91085878	0.88526695	0.86223893	0.84616260	0.85858845	0.93679062	1.13503942	1.43674784	1.76773072	2.08591375	2.41063341	2.74975305	3.09248148	3.42518434	3.76813698	4.09520622	4.41549128	4.71649085	4.98830948	5.25901481	5.53719013	5.80129446	5.96243214	6.02376594	5.96623788	5.75956920	5.40725621	4.97977112	4.55213743	4.17857659	3.84140426	3.53989573	3.26617375	3.01426476	2.78049431	2.56468526	2.36865148	2.19052532	2.02752247	1.87767003	1.74377246	1.62697457	1.52469623	1.43478202	1.35639071	1.28910894
	0.99972614	0.96972018	0.94033841	0.91272614	0.88705438	0.86425678	0.84894776	0.86369372	0.94781897	1.15384486	1.45942213	1.79188582	2.11085293	2.43647626	2.77520237	3.11633304	3.44790397	3.78941637	4.11527226	4.43426817	4.73441535	5.00493596	5.27451837	5.55232398	5.81669213	5.97761191	6.03991989	5.98366601	5.77793687	5.42527574	4.99650952	4.56587147	4.18944855	3.84917696	3.54579309	3.26956667	3.01567593	2.78030465	2.56340916	2.36665902	2.18800623	2.02462672	1.87456852	1.74067290	1.62409596	1.52222528	1.43291601	1.35532559	1.28899568
	1.00157604	0.97137569	0.94169931	0.91370432	0.88769930	0.86482220	0.84997774	0.86652083	0.95509710	1.16632886	1.47348062	1.80601945	2.12531488	2.45077469	2.78681436	3.12417061	3.45272501	3.78963414	4.11161544	4.42575427	4.72193707	4.98615448	5.25011593	5.52385621	5.78727541	5.94497203	6.00947279	5.95950903	5.76217090	5.41841848	4.99497462	4.56708939	4.18915571	3.84685022	3.54299226	3.26536837	3.01072531	2.77434475	2.55699029	2.36000838	2.18122451	2.01779908	1.86785342	1.73419353	1.61794838	1.51654818	1.42787930	1.35106055	1.28560457
	1.00329746	0.97289182	0.94292341	0.91456050	0.88825658	0.86538421	0.85117001	0.86970232	0.96280127	1.17876633	1.48691563	1.81929442	2.13878194	2.46388156	2.79758218	3.13131316	3.45636539	3.78967772	4.10741739	4.41675040	4.70904026	4.96820413	5.22703190	5.49625707	5.75872020	5.91373359	5.98003683	5.93522523	5.74499921	5.40928881	4.99087943	4.56526548	4.18632396	3.84268777	3.53836840	3.25964054	3.00435056	2.76711370	2.54951309	2.35249924	2.17375962	2.01045954	1.86077488	1.72744268	1.61162031	1.51076634	1.42279098	1.34679325	1.28223988
	1.00487239	0.97426592	0.94398698	0.91521456	0.88854669	0.86559511	0.85192850	0.87228817	0.96948465	1.18953656	1.49802700	1.82960275	2.14895023	2.47306900	2.80373076	3.13319193	3.45388392	3.78328123	4.09624523	4.39975257	4.68670365	4.94017960	5.19275531	5.45662515	5.71830921	5.86947748	5.93781965	5.89877558	5.71724598	5.39204260	4.97974808	4.55834089	4.17870285	3.83449457	3.53022557	3.25079507	2.99524188	2.75749408	2.53998154	2.34320753	2.16473579	2.00175191	1.85249765	1.71962347	1.60431819	1.50407720	1.41684096	1.34168950	1.27804409
	1.00542755	0.97476844	0.94444995	0.91565449	0.88901049	0.86619127	0.85284388	0.87398601	0.97295426	1.19490557	1.50428953	1.83633090	2.15590577	2.48025760	2.81117090	3.14057708	3.46130106	3.79097730	4.10442721	4.40814331	4.69528496	4.94898054	5.20200815	5.46594157	5.72886784	5.88023117	5.94932421	5.91011170	5.72781672	5.40045761	4.98671968	4.56424369	4.18355910	3.83841236	3.53324990	3.25314774	2.99680706	2.75851263	2.54061103	2.34356825	2.16490071	2.00176905	1.85240545	1.71946287	1.60413570	1.50392748	1.41678130	1.34177187	1.27830671
	1.00819781	0.97721210	0.94647671	0.91719115	0.89023476	0.86773436	0.85598344	0.88160349	0.98991809	1.22048897	1.53192476	1.86391023	2.18358014	2.50724822	2.83486166	3.15881617	3.47442841	3.79882042	4.10810146	4.40566860	4.68682621	4.93482476	5.18138800	5.43808435	5.70185847	5.84983144	5.92282283	5.88968439	5.71583061	5.39664166	4.98740374	4.56790583	4.18384649	3.83665400	3.52889048	3.24710492	2.98845303	2.74868282	2.53018350	2.33298084	2.15433503	1.99135837	1.84232771	1.70980609	1.59499481	1.49553731	1.40942011	1.33568257	1.27362018
	1.00909299	0.97797402	0.94703266	0.91747232	0.89029272	0.86784094	0.85672973	0.88424612	0.99630087	1.22986668	1.54131604	1.87254063	2.19184124	2.51454959	2.83953160	3.15989632	3.47243309	3.79292405	4.09877541	4.39209244	4.66928346	4.91308612	5.15510099	5.40750777	5.66892315	5.81654688	5.89061105	5.86075115	5.69431722	5.38342390	4.97854668	4.56201023	4.17740750	3.83055104	3.52185943	3.24012013	2.98094031	2.74105003	2.52272796	2.32581733	2.14747913	1.98482006	1.83615413	1.70398224	1.58949137	1.49042839	1.40480569	1.33164633	1.27018826
	1.01103909	0.97958302	0.94823150	0.91823304	0.89084153	0.86891159	0.85979835	0.89231121	1.01373236	1.25441058	1.56695067	1.89778564	2.21686483	2.53907800	2.86089421	3.17719486	3.48479058	3.80280793	4.10488101	4.39432862	4.66748672	4.90582866	5.14343983	5.39258748	5.65367278	5.80130330	5.87971581	5.85660399	5.69578272	5.38937818	4.98728394	4.57175312	4.18372201	3.83474786	3.52252110	3.23861441	2.97708081	2.73543805	2.51607806	2.31857581	2.13988263	1.97705519	1.82843668	1.69642510	1.58216495	1.48351553	1.39855720	1.32626049	1.26577102
	1.01268665	0.98093226	0.94913519	0.91860604	0.89088130	0.86936808	0.86222710	0.89955157	1.02891784	1.27394028	1.58512127	1.91406154	2.23260494	2.55252813	2.86890127	3.17853698	3.47986929	3.79114515	4.08650521	4.36765287	4.63234646	4.86562020	5.09354647	5.33532805	5.58693806	5.73408409	5.81588235	5.80071223	5.65144232	5.35827714	4.96770483	4.55879099	4.17041680	3.82205426	3.50807316	3.22392456	2.96185198	2.72004854	2.50106151	2.30414300	2.12606437	1.96390064	1.81604421	1.68472335	1.57099365	1.47295950	1.38884938	1.31755070	1.25810077
	1.01468952	0.98266897	0.95054121	0.91967445	0.89183143	0.87087507	0.86561829	0.90727254	1.04362048	1.29266473	1.60409193	1.93292058	2.25187817	2.57117392	2.88505707	3.19175664	3.48950709	3.79817102	4.09057555	4.36697351	4.62947664	4.85873100	5.08273722	5.32143369	5.57085295	5.71990503	5.80198132	5.79028517	5.64685579	5.36075249	4.97297322	4.56542844	4.17534624	3.82538739	3.50914101	3.22357132	2.96001654	2.71701540	2.49726068	2.29986052	2.12144983	1.95908919	1.81117543	1.67981815	1.56600921	1.46800693	1.38415793	1.31328861	1.25437002
	1.01719493	0.98482137	0.95223174	0.92087327	0.89286274	0.87274352	0.87027628	0.91809127	1.06322003	1.31602347	1.62611511	1.95292199	2.27183959	2.58890149	2.89811485	3.19975095	3.49259519	3.79642959	4.08332905	4.35440632	4.61184228	4.83522689	5.05335405	5.28664352	5.52858536	5.67880854	5.76411461	5.76033011	5.62636446	5.34778591	4.96978599	4.56701903	4.17622099	3.82516024	3.50678453	3.21949510	2.95442012	2.71021805	2.48981322	2.29211070	2.11355349	1.95122159	1.80347607	1.67230031	1.55855591	1.46070132	1.37724145	1.30694006	1.24867888
	1.01832171	0.98576370	0.95287876	0.92116168	0.89293747	0.87315049	0.87214913	0.92311894	1.07204841	1.32529295	1.63318217	1.95784311	2.27593682	2.59098064	2.89669726	3.19367025	3.48278524	3.78119545	4.06379097	4.32891989	4.58109177	4.80156746	5.01295660	5.24061377	5.47596414	5.62849600	5.71292374	5.71357822	5.59019411	5.32354635	4.95353824	4.55683746	4.16756924	3.81750554	3.49910827	3.21177459	2.94670616	2.70260179	2.48245790	2.28509327	2.10685368	1.94486673	1.79748776	1.66659387	1.55294107	1.45514973	1.37183907	1.30174144	1.24370704
	1.02100114	0.98801913	0.95468217	0.92260102	0.89449743	0.87603078	0.87841384	0.93596575	1.09342065	1.34992786	1.65665907	1.97964248	2.29797432	2.61145637	2.91440932	3.20810597	3.49394172	3.78971495	4.06998088	4.33133827	4.58096907	4.80018021	5.00728431	5.23222551	5.46368106	5.62042846	5.70831942	5.71425926	5.59604549	5.33259099	4.96289467	4.56705943	4.17627480	3.82426905	3.50333720	3.21371095	2.94657940	2.70080019	2.47955810	2.28149350	2.10276394	1.94049572	1.79298754	1.66203716	1.54831465	1.45058388	1.36754548	1.29789030	1.24040420
	1.02225345	0.98904370	0.95536256	0.92290606	0.89470260	0.87696108	0.88162817	0.94356219	1.10521950	1.36087011	1.66376344	1.98350827	2.30017541	2.61070378	2.90835574	3.19694780	3.47753489	3.76754065	4.04096049	4.29656946	4.53862851	4.75405916	4.95453428	5.17048932	5.39021904	5.54823885	5.63701913	5.64997089	5.54221317	5.29074196	4.93514832	4.54874103	4.16174313	3.81165785	3.49128775	3.20220183	2.93568391	2.69053797	2.46996103	2.27254662	2.09437699	1.93263408	1.78561791	1.65504286	1.54142165	1.44371926	1.36077105	1.29126107	1.23393620
	1.02260996	0.98930784	0.95537824	0.92255569	0.89403462	0.87641055	0.88221840	0.94637429	1.10945136	1.36257734	1.66076004	1.97677326	2.29134848	2.59903178	2.89219219	3.17615301	3.45109372	3.73573407	4.00447614	4.25330092	4.48718057	4.69899874	4.89460701	5.10124310	5.31161496	5.47499496	5.56299835	5.57991704	5.48362589	5.24994353	4.90369121	4.52590027	4.14595879	3.79786774	3.47933599	3.19181401	2.92668707	2.68275349	2.46307168	2.26635369	2.08869226	1.92734475	1.78070564	1.65037926	1.53668891	1.43873992	1.35551183	1.28571395	1.22807753
	1.02404995	0.99050986	0.95635522	0.92342643	0.89517723	0.87863653	0.88681421	0.95524293	1.12311609	1.37777736	1.67542840	1.99032933	2.30496913	2.61139286	2.90336493	3.18629287	3.46067876	3.74364629	4.01229689	4.25987040	4.49330905	4.70426646	4.90005765	5.10614879	5.31565932	5.48049097	5.56922881	5.58775509	5.49350208	5.26159117	4.91659454	4.53757115	4.15611691	3.80600082	3.48554180	3.19646729	2.92990108	2.68475360	2.46415710	2.26676212	2.08858581	1.92686950	1.77997212	1.64946051	1.53560251	1.43756355	1.35434640	1.28464873	1.22716587
	1.02573071	0.99189819	0.95741378	0.92425205	0.89621423	0.88091305	0.89201116	0.96531792	1.13782126	1.39272557	1.68821452	2.00095755	2.31471756	2.61889334	2.90875609	3.18840558	3.45980741	3.74062156	4.00602542	4.25002396	4.48015854	4.68917638	4.88172397	5.08564012	5.28976993	5.45470277	5.54685937	5.56881122	5.47930433	5.25081543	4.91158529	4.53696778	4.15830792	3.80715196	3.48602715	3.19630285	2.92909563	2.68343418	2.46251117	2.26491079	2.08658967	1.92477835	1.77787578	1.64729807	1.53325020	1.43500848	1.35165926	1.28189966	1.22440521
	1.02859036	0.99433430	0.95943426	0.92608425	0.89858721	0.88534715	0.90083329	0.98133984	1.16044829	1.41629515	1.70983878	2.02038848	2.33298741	2.63471648	2.92212839	3.19804334	3.46708253	3.74554249	4.00695679	4.24880527	4.47546626	4.68285966	4.87306719	5.07538070	5.27638090	5.44336005	5.53647016	5.56005704	5.47504064	5.25299203	4.91826415	4.54599659	4.16884620	3.81531391	3.49227912	3.20086905	2.93208517	2.68514573	2.46331458	2.26505923	2.08626262	1.92412341	1.77704488	1.64626627	1.53191972	1.43339704	1.34987658	1.28004578	1.22254870
	1.02942790	0.99506041	0.95992449	0.92628689	0.89864971	0.88586328	0.90297611	0.98593746	1.16563465	1.41812556	1.70679408	2.01340742	2.32303663	2.62166677	2.90458474	3.17620020	3.43986783	3.71298273	3.96851692	4.20389907	4.42368031	4.62710745	4.81210632	5.00707589	5.19961397	5.36657840	5.46087200	5.48862978	5.41465780	5.20827186	4.88811079	4.52637826	4.15704869	3.80569480	3.48415668	3.19383952	2.92615802	2.68026109	2.45921237	2.26151197	2.08311397	1.92127666	1.77450994	1.64384411	1.52924369	1.43020624	1.34607438	1.27560156	1.21742898
	1.03083745	0.99626249	0.96091599	0.92718659	0.89983628	0.88814138	0.90757523	0.99418515	1.17669700	1.42862068	1.71515602	2.01971502	2.32806827	2.62480020	2.90575952	3.17542346	3.43738020	3.70832771	3.96139578	4.19469381	4.41274129	4.61479579	4.79775526	4.99206938	5.18264748	5.34898223	5.44473018	5.47472923	5.40451931	5.20331100	4.88744899	4.52816921	4.16054030	3.80863412	3.48633189	3.19529260	2.92701525	2.68071647	2.45941100	2.26152287	2.08298535	1.92108094	1.77430643	1.64358869	1.52882653	1.42956106	1.34520543	1.27453319	1.21616879
	1.03268812	0.99778974	0.96213443	0.92833149	0.90158172	0.89182774	0.91514736	1.00749790	1.19353491	1.44369458	1.72624529	2.02705954	2.33299168	2.62622467	2.90325830	3.16965136	3.42828404	3.69593708	3.94574091	4.17439057	4.38950999	4.58853012	4.76919558	4.96016877	5.14770548	5.31203497	5.40961875	5.44420416	5.38031434	5.18752456	4.88116101	4.52728124	4.16295924	3.81081662	3.48766327	3.19575725	2.92682150	2.68013544	2.45863783	2.26060706	2.08197281	1.92007771	1.77339103	1.64265497	1.52767079	1.42805055	1.34332073	1.27228921	1.21355570
	1.03295375	0.99800618	0.96221420	0.92822148	0.90133125	0.89172656	0.91577927	1.00912212	1.19479951	1.44202307	1.72058149	2.01817236	2.32197193	2.61273462	2.88692659	3.15076605	3.40609118	3.67050056	3.91675705	4.14265062	4.35389131	4.54839094	4.72658136	4.91427535	5.09824056	5.25896870	5.35927670	5.39780119	5.34026961	5.15567977	4.85838875	4.51154096	4.15230354	3.80246501	3.48059164	3.18971122	2.92182998	2.67614840	2.45544795	2.25801282	2.07982044	1.91830012	1.77194638	1.64138649	1.52632832	1.42643621	1.34133318	1.26988702	1.21069724
	1.03254357	0.99764419	0.96179438	0.92762551	0.90047254	0.89064765	0.91475846	1.00803395	1.19232328	1.43612645	1.71038906	2.00461432	2.30560167	2.59376707	2.86457806	3.12500783	3.37670327	3.63701407	3.87943106	4.10141201	4.30744564	4.49811562	4.67193014	4.85595208	5.03477268	5.19092965	5.29238177	5.33453658	5.28351079	5.10799192	4.82266905	4.48460529	4.13169602	3.78571368	3.46636398	3.17764035	2.91180460	2.66802382	2.44889093	2.25267890	2.07544270	1.91472016	1.76903833	1.63892809	1.52401358	1.42400332	1.33862551	1.26682346	1.20721093
	1.03364900	0.99847680	0.96239485	0.92824920	0.90177145	0.89383938	0.92149770	1.01965920	1.20620165	1.44748585	1.71762555	2.00811763	2.30676071	2.59126217	2.85989807	3.11734021	3.36578035	3.62348999	3.86388891	4.08284032	4.28555732	4.47450926	4.64587792	4.82810432	5.00530996	5.15789882	5.26273429	5.30817573	5.26236745	5.09336611	4.81420937	4.48136434	4.13170034	3.78638041	3.46639014	3.17705023	2.91078047	2.66688537	2.44780795	2.25164235	2.07445322	1.91385609	1.76830735	1.63820269	1.52309217	1.42274241	1.33697707	1.26479617	1.20478249
	1.03484358	0.99937238	0.96308026	0.92903741	0.90338395	0.89753874	0.92893732	1.03223434	1.22152779	1.46146618	1.72894215	2.01670465	2.31332610	2.59494332	2.86128891	3.11666012	3.36291400	3.61848361	3.85780941	4.07317857	4.27394749	4.46315409	4.63344976	4.81333255	4.98849061	5.14125904	5.24730130	5.29523005	5.25285555	5.08725674	4.81268373	4.48303068	4.13512195	3.78971528	3.46879999	3.17848204	2.91133161	2.66693013	2.44763238	2.25130381	2.07402157	1.91344128	1.76793272	1.63777192	1.52247558	1.42185302	1.33580058	1.26335138	1.20306792
	1.03580203	0.99999632	0.96349416	0.92967346	0.90518053	0.90209564	0.93835914	1.04798905	1.23937853	1.47544719	1.73700585	2.01884232	2.31050918	2.58716211	2.84856609	3.09892270	3.34156048	3.59205737	3.82779093	4.03793688	4.23407517	4.42023256	4.58762688	4.76446623	4.93467075	5.08733422	5.19477431	5.24524046	5.21031113	5.05678101	4.79344608	4.47053782	4.12789483	3.78464304	3.46408516	3.17378061	2.90661075	2.66265334	2.44397189	2.24812273	2.07128760	1.91118068	1.76609786	1.63613041	1.52074375	1.41978340	1.33326346	1.26028163	1.19940500
	1.03659505	1.00050326	0.96392617	0.93054766	0.90741832	0.90708852	0.94775711	1.06281898	1.25554744	1.48849984	1.74563847	2.02301360	2.31099231	2.58407392	2.84304406	3.09056558	3.33051703	3.57881790	3.81202805	4.02064329	4.21454951	4.39827096	4.56561199	4.74027778	4.90869564	5.06031948	5.17021892	5.22404109	5.19416945	5.04629292	4.78823973	4.47033911	4.12943650	3.78644266	3.46523257	3.17414891	2.90629035	2.66209276	2.44336767	2.24746264	2.07062729	1.91060105	1.76561701	1.63565852	1.52016276	1.41898522	1.33218104	1.25886882	1.19760917
	1.03749908	1.00102490	0.96440224	0.93175979	0.91071046	0.91439106	0.96123553	1.08332180	1.27711101	1.50555364	1.75673205	2.02814498	2.31086406	2.57913602	2.83453867	3.07841054	3.31565508	3.56005732	3.79106684	3.99644853	4.18530698	4.36794054	4.53302016	4.70526124	4.87233068	5.02076970	5.13256720	5.18939018	5.16527324	5.02463948	4.77452070	4.46279001	4.12490355	3.78318293	3.46201973	3.17061058	2.90245594	2.65853145	2.44034067	2.24488346	2.06847371	1.90888511	1.76428011	1.63455301	1.51910343	1.41781023	1.33076396	1.25710980	1.19540703
	1.03884171	1.00190814	0.96519633	0.93337980	0.91465634	0.92295488	0.97709123	1.10702404	1.30017812	1.52019506	1.76111834	2.02266420	2.29620167	2.55662560	2.80495331	3.04142438	3.27242903	3.50789154	3.73479956	3.93043039	4.11050565	4.28634377	4.44567009	4.61197277	4.77182788	4.91359057	5.02678339	5.08852389	5.07566142	4.95377435	4.72465212	4.43097305	4.10371430	3.76793857	3.44926698	3.15898175	2.89199624	2.65003121	2.43381164	2.23983917	2.06459499	1.90599082	1.76218366	1.63291350	1.51745851	1.41570216	1.32786953	1.25320655	1.19031417
	1.03921409	1.00208898	0.96530507	0.93377566	0.91591961	0.92601742	0.98305796	1.11581401	1.30786893	1.52332805	1.75886237	2.01542400	2.28341903	2.54011241	2.78394410	3.01687155	3.24330186	3.47428763	3.69771824	3.88839565	4.06471910	4.23528932	4.39152150	4.55309810	4.70780481	4.84639772	4.96004255	5.02362114	5.01678780	4.90479311	4.68843816	4.40601875	4.08573402	3.75429578	3.43776377	3.14867683	2.88301190	2.64273347	2.42809938	2.23539257	2.06117646	1.90341918	1.76030824	1.63147624	1.51616952	1.41425695	1.32605382	1.25086357	1.18732941
	1.04082649	1.00326555	0.96648449	0.93584116	0.92024791	0.93444366	0.99743700	1.13577760	1.32764271	1.53956089	1.77123850	2.02349216	2.28738799	2.54097129	2.78229905	3.01376315	3.23828865	3.46773986	3.69000370	3.87966914	4.05385007	4.22267094	4.37865773	4.53773957	4.69164191	4.82949920	4.94433137	5.00933017	5.00595416	4.89909483	4.68906362	4.41085347	4.09185885	3.76071103	3.44334239	3.15271052	2.88578402	2.64496541	2.43013070	2.23725384	2.06289163	1.90505080	1.76186843	1.63289760	1.51738428	1.41517667	1.32659666	1.25093925	1.18686128
	1.04020616	1.00243663	0.96571975	0.93578047	0.92185925	0.93906030	1.00642123	1.14826559	1.33772143	1.54272954	1.76659249	2.01120208	2.26751362	2.51445311	2.74959999	2.97627592	3.19443713	3.41827890	3.63477256	3.81981190	3.98804248	4.14974986	4.30201438	4.45322034	4.60045269	4.73572198	4.84932636	4.91611532	4.91870742	4.82518540	4.63203719	4.36734457	4.05790324	3.73343520	3.41988289	3.13150074	2.86719321	2.62964487	2.41797799	2.22768895	2.05540173	1.89922818	1.75737507	1.62932831	1.51431472	1.41218433	1.32333256	1.24715324	1.18234136
	1.03914389	1.00108817	0.96442795	0.93540182	0.92374210	0.94497256	1.01791750	1.16350915	1.34971156	1.54681239	1.76201395	1.99847732	2.24626468	2.48594904	2.71444123	2.93559187	3.14716905	3.36444230	3.57408576	3.75287771	3.91432132	4.06797619	4.21382326	4.35737497	4.49426770	4.62495455	4.73681441	4.80446895	4.81355810	4.73246810	4.55829479	4.30820750	4.01042890	3.69453367	3.38636816	3.10142317	2.84084400	2.60769347	2.40034930	2.21371868	2.04444058	1.89070586	1.75081481	1.62418200	1.51007586	1.40834858	1.31947726	1.24293808	1.17749473
	1.04036559	1.00191839	0.96537224	0.93738607	0.92817596	0.95351023	1.03195881	1.18191758	1.36792560	1.56303701	1.77649630	2.01041877	2.25577196	2.49359500	2.72046623	2.94128956	3.15202706	3.36929087	3.57854501	3.75590164	3.91658605	4.07069879	4.21575368	4.35770294	4.49235207	4.62363095	4.73664738	4.80524420	4.81553563	4.73483932	4.56219251	4.31310508	4.01662320	3.70056993	3.39167075	3.10530837	2.84356205	2.60991864	2.40245324	2.21574192	2.04636623	1.89254221	1.75253979	1.62575025	1.51148831	1.40960063	1.32053529	1.24374569	1.17799103
	1.03824763	0.99972209	0.96329424	0.93596780	0.92813661	0.95572774	1.03687377	1.18730070	1.36912187	1.55674885	1.76173798	1.98797568	2.22488199	2.45505456	2.67465269	2.88923576	3.09256857	3.30131735	3.50308578	3.67267928	3.82466801	3.97096456	4.10658934	4.23879748	4.36472686	4.48957959	4.59958167	4.67108106	4.68750237	4.62071275	4.46686286	4.23477289	3.95179344	3.64705088	3.34532076	3.06424482	2.80806519	2.58049989	2.37884598	2.19706771	2.03174056	1.88118844	1.74381488	1.61898214	1.50606285	1.40489562	1.31601966	1.23900849	1.17270083
	1.03877436	0.99998611	0.96376558	0.93745807	0.93185295	0.96296396	1.04849985	1.20176329	1.38301858	1.56891137	1.77233453	1.99635407	2.23125825	2.45935913	2.67819075	2.89196496	3.09506198	3.30261685	3.50415578	3.67359872	3.82417265	3.96986227	4.10509686	4.23568404	4.36154055	4.48554868	4.59535688	4.66717663	4.68393361	4.61812892	4.46547308	4.23566819	3.95303519	3.64827697	3.34620378	3.06422244	2.80735818	2.57967457	2.37825033	2.19673748	2.03166735	1.88134610	1.74413326	1.61940235	1.50656921	1.40545403	1.31656669	1.23947731	1.17301402
	1.03917890	1.00021436	0.96416312	0.93860614	0.93462685	0.96825757	1.05690617	1.21217776	1.39323750	1.57828283	1.78099699	2.00371014	2.23745255	2.46429804	2.68288086	2.89622620	3.09938245	3.30641907	3.50799947	3.67755483	3.82737238	3.97295655	4.10836371	4.23824362	4.36442715	4.48804651	4.59769222	4.66938146	4.68586577	4.62028564	4.46756218	4.23865865	3.95579949	3.65044542	3.34791740	3.06514396	2.80760852	2.57963843	2.37819611	2.19673520	2.03175353	1.88153194	1.74438768	1.61970443	1.50692985	1.40587140	1.31701290	1.23991534	1.17339952
	1.03986100	1.00078316	0.96480794	0.93960075	0.93641886	0.97126585	1.06147197	1.21792371	1.39943168	1.58499134	1.78854705	2.01156131	2.24603445	2.47336303	2.69262168	2.90674277	3.11098924	3.31901324	3.52162411	3.69223369	3.84327144	3.99008316	4.12654396	4.25780363	4.38543519	4.50984937	4.61992961	4.69076017	4.70650201	4.63949837	4.48446941	4.25298714	3.96793683	3.66049188	3.35644584	3.07242004	2.81366633	2.58458942	2.38220034	2.19994546	2.03431176	1.88356886	1.74599946	1.62099134	1.50799923	1.40682766	1.31793214	1.24084148	1.17435976
	1.03976092	1.00058906	0.96475284	0.94008699	0.93803976	0.97455513	1.06672318	1.22425132	1.40533111	1.58996605	1.79256403	2.01419788	2.24703789	2.47297471	2.69126981	2.90448193	3.10782533	3.31475297	3.51642389	3.68583436	3.83541652	3.98120105	4.11716257	4.24729270	4.37377088	4.49732755	4.60674583	4.67771764	4.69368543	4.62823572	4.47507184	4.24527702	3.96157675	3.65479236	3.35136651	3.06761942	2.80918553	2.58067230	2.37894747	2.19730407	2.03221271	1.88193412	1.74473611	1.62001514	1.50725493	1.40625771	1.31747211	1.24042060	1.17392033
	1.03896733	0.99972667	0.96407524	0.94008374	0.93939189	0.97787931	1.07226632	1.23077007	1.41069988	1.59318488	1.79325747	2.01204292	2.24130607	2.46422504	2.68016882	2.89104034	3.09184544	3.29585478	3.49502877	3.66141701	3.80730780	3.95018918	4.08421010	4.21098701	4.33422582	4.45552447	4.56337660	4.63524721	4.65233887	4.59085135	4.44302199	4.21870108	3.93940094	3.63569666	3.33472943	3.05255061	2.79573681	2.56920435	2.36951793	2.18968899	2.02616667	1.87719983	1.74105851	1.61715130	1.50500720	1.40442644	1.31586996	1.23887904	1.17231075
	1.03817569	0.99885684	0.96339806	0.94008240	0.94076241	0.98124230	1.07784250	1.23734044	1.41629154	1.59708775	1.79532030	2.01185395	2.23857490	2.45930861	2.67330936	2.88255151	3.08143791	3.28336164	3.48044688	3.64457864	3.78798529	3.92851522	4.06087073	4.18537666	4.30620145	4.42540559	4.53194082	4.60320480	4.62125972	4.56246872	4.41839162	4.19795255	3.92188481	3.62054858	3.32153642	3.04072105	2.78519936	2.56015378	2.36197828	2.18348220	2.02113197	1.87314227	1.73779000	1.61450602	1.50286679	1.40267982	1.31439621	1.23754693	1.17102110
	1.03727806	0.99784573	0.96264316	0.94022744	0.94274886	0.98588821	1.08543035	1.24623721	1.42401382	1.60283763	1.79898725	2.01291101	2.23660154	2.45483474	2.66659017	2.87388316	3.07059034	3.27010585	3.46469605	3.62614409	3.76675942	3.90448232	4.03496797	4.15698923	4.27498564	4.39162350	4.49655648	4.56702042	4.58596779	4.53010262	4.39032519	4.17415763	3.90167150	3.60292441	3.30615380	3.02693522	2.77290096	2.54955744	2.35310837	2.17613478	2.01512749	1.86826022	1.73381420	1.61125394	1.50021739	1.40052363	1.31260126	1.23596061	1.16952382
	1.03661102	0.99713949	0.96205564	0.94005888	0.94342044	0.98774460	1.08851092	1.24968859	1.42650043	1.60376042	1.79815476	2.01015361	2.23160238	2.44795430	2.65792484	2.86364517	3.05857498	3.25604068	3.44863404	3.60792834	3.74623746	3.88167422	4.01021981	4.12986772	4.24575106	4.36055313	4.46459396	4.53535786	4.55557255	4.50208525	4.36677160	4.15441859	3.88520428	3.58877666	3.29393734	3.01604063	2.76330795	2.54142118	2.34641508	2.17070218	2.01077580	1.86479844	1.73106365	1.60905671	1.49843779	1.39903513	1.31128113	1.23469099	1.16821884
	1.03642929	0.99694515	0.96188708	0.93999625	0.94357506	0.98820208	1.08926254	1.25049644	1.42694393	1.60360651	1.79732899	2.00861716	2.22930497	2.44499103	2.65428884	2.85948112	3.05376199	3.25049787	3.44235421	3.60087317	3.73837240	3.87295824	4.00069627	4.11937012	4.23450293	4.34866129	4.45248754	4.52351030	4.54438440	4.49179103	4.35840357	4.14751319	3.87956133	3.58400307	3.28986313	3.01240991	2.76012695	2.53875080	2.34425464	2.16898579	2.00943746	1.86376368	1.73026822	1.60844300	1.49794915	1.39861639	1.31088571	1.23427575	1.16775524
	1.03631119	0.99679966	0.96178574	0.94006641	0.94400067	0.98911794	1.09072296	1.25217696	1.42837085	1.60461364	1.79790011	2.00863376	2.22884005	2.44400967	2.65275076	2.85765819	3.05141405	3.24778587	3.43904240	3.59697479	3.73389176	3.86798586	3.99518964	4.11329423	4.22758686	4.34127758	4.44478117	4.51546324	4.53658947	4.48461122	4.35219563	4.14225621	3.87508973	3.58032928	3.28675199	3.00968949	2.75774308	2.53672100	2.34258211	2.16762758	2.00836236	1.86291497	1.72959765	1.60790827	1.49752277	1.39826800	1.31058776	1.23399590	1.16747393
	1.03759367	0.99778232	0.96319751	0.94303188	0.95025570	1.00005273	1.10711337	1.27179920	1.44824680	1.62431549	1.81769647	2.02703616	2.24622972	2.46011643	2.66863419	2.87318462	3.06753836	3.26367583	3.45545540	3.61343480	3.75070809	3.88495037	4.01237104	4.13123313	4.24590416	4.36010928	4.46289193	4.53231426	4.55130018	4.49677103	4.36341065	4.15164774	3.88284025	3.58652563	3.29205571	3.01381091	2.76057804	2.53867431	2.34401067	2.16870752	2.00922115	1.86365402	1.73021666	1.60846251	1.49813202	1.39904349	1.31154048	1.23509542	1.16868563
	1.03892424	0.99874801	0.96473233	0.94659080	0.95798328	1.01348225	1.12702821	1.29515298	1.47135177	1.64653511	1.83926561	2.04633393	2.26345833	2.47496899	2.68254176	2.88586506	3.07985103	3.27479589	3.46562794	3.62269585	3.75871826	3.89191135	4.01804050	4.13676734	4.25030990	4.36391728	4.46530009	4.53325596	4.55051980	4.49447017	4.36200735	4.15047830	3.88168765	3.58541114	3.29122043	3.01269267	2.75898099	2.53698934	2.34250348	2.16743014	2.00820098	1.86289983	1.72963025	1.60803365	1.49795602	1.39920473	1.31199606	1.23576330	1.16948244
	1.03925318	0.99889005	0.96523022	0.94830618	0.96210517	1.02071578	1.13763731	1.30715673	1.48261990	1.65657017	1.84807383	2.05317579	2.26821038	2.47753620	2.68377017	2.88555457	3.07812265	3.27136239	3.46004772	3.61553290	3.74907305	3.88032782	4.00422795	4.12164973	4.23289677	4.34492492	4.44493814	4.51208983	4.52926946	4.47409473	4.34440988	4.13567954	3.86911025	3.57498519	3.28246034	3.00502641	2.75221877	2.53125765	2.33779151	2.16359849	2.00512882	1.86046537	1.72767229	1.60645553	1.49674476	1.39834361	1.31139467	1.23532304	1.16911250
	1.03999024	0.99950949	0.96601689	0.94970574	0.96476246	1.02506650	1.14403570	1.31466897	1.49040201	1.66465355	1.85667124	2.06193505	2.27702829	2.48616725	2.69298962	2.89500144	3.08802934	3.28166900	3.47093314	3.62697953	3.76047807	3.89285738	4.01793354	4.13582752	4.24780685	4.36100664	4.46082518	4.52777335	4.54384146	4.48698758	4.35511931	4.14434639	3.87597403	3.58056379	3.28714988	3.00896180	2.75538017	2.53376842	2.33978134	2.16518001	2.00638806	1.86147448	1.72846904	1.60709787	1.49731590	1.39891736	1.31201308	1.23600223	1.16986105
	1.04106073	1.00031887	0.96745228	0.95319662	0.97217650	1.03739602	1.16171184	1.33435584	1.50908616	1.68163100	1.87155144	2.07449733	2.28616530	2.49209101	2.69741851	2.89766601	3.08825520	3.27966649	3.46650817	3.62069235	3.75051907	3.88034022	4.00326211	4.11959219	4.22942005	4.33995352	4.43730281	4.50327867	4.51926942	4.46363852	4.33360961	4.12663383	3.86164143	3.56849312	3.27711117	3.00006464	2.74732056	2.52683911	2.33406148	2.16058543	2.00279608	1.85873681	1.72637660	1.60554341	1.49630733	1.39842475	1.31189491	1.23610474	1.17004342
	1.04153347	1.00073921	0.96791189	0.95384380	0.97322761	1.03900055	1.16401330	1.33708716	1.51202135	1.68478662	1.87496575	2.07815626	2.28995004	2.49594596	2.70167576	2.90215485	3.09306802	3.28484864	3.47209622	3.62677643	3.75670358	3.88711009	4.01040094	4.12721079	4.23763098	4.34840437	4.44569745	4.51162347	4.52725216	4.47087439	4.33978283	4.13185681	3.86617280	3.57231677	3.28042536	3.00293700	2.74974847	2.52885942	2.33572693	2.16195583	2.00392478	1.85966955	1.72714464	1.60618542	1.49686509	1.39893461	1.31238234	1.23658518	1.17052570
	1.04318668	1.00216363	0.96992304	0.95774496	0.98063811	1.05072325	1.18058526	1.35552507	1.53004261	1.70206500	1.89127746	2.09381013	2.30394520	2.50807661	2.71328406	2.91359561	3.10341440	3.29461674	3.48168946	3.63471158	3.76477323	3.89449025	4.01847543	4.13513923	4.24466552	4.35524091	4.45139240	4.51607654	4.53108004	4.47387449	4.34104974	4.13297024	3.86678564	3.57200662	3.28016635	3.00238776	2.74879594	2.52783813	2.33483420	2.16129560	2.00350360	1.85947045	1.72708224	1.60627795	1.49719993	1.39954692	1.31322370	1.23757714	1.17159974
	1.04386086	1.00265153	0.97113047	0.96111869	0.98792744	1.06268262	1.19759672	1.37411513	1.54738503	1.71764047	1.90461373	2.10519678	2.31222467	2.51317599	2.71647001	2.91539469	3.10267101	3.29168091	3.47674855	3.62694321	3.75558994	3.88258094	4.00550482	4.12045237	4.22757509	4.33660325	4.43157435	4.49499313	4.51046339	4.45441702	4.32278051	4.11752770	3.85341826	3.55965656	3.26948115	2.99260819	2.73972612	2.51985472	2.32810102	2.15578453	1.99907190	1.85596602	1.72429386	1.60410844	1.49565479	1.39856720	1.31266284	1.23727655	1.17142643
	1.04366536	1.00240801	0.97127758	0.96236299	0.99104818	1.06793772	1.20508794	1.38209712	1.55449692	1.72367863	1.90930259	2.10851939	2.31368223	2.51291336	2.71465918	2.91258729	3.09833481	3.28585723	3.46911529	3.61786993	3.74587835	3.87102909	3.99266880	4.10644209	4.21225478	4.32046033	4.41552307	4.47845395	4.49438004	4.43953383	4.30945999	4.10592563	3.84323522	3.55039381	3.26126055	2.98508350	2.73280511	2.51373169	2.32287133	2.15139997	1.99542187	1.85294899	1.72179024	1.60204617	1.49401667	1.39729703	1.31167013	1.23646946	1.17072385
	1.04650815	1.00500782	0.97433047	0.96702488	0.99857660	1.07903043	1.22038743	1.39916337	1.57209222	1.74183739	1.92835665	2.12787642	2.33309759	2.53274255	2.73463997	2.93404401	3.12061020	3.30946374	3.49370090	3.64249556	3.77352144	3.90057362	4.02397636	4.13959690	4.24605836	4.35634239	4.45180141	4.51358857	4.52664645	4.46920413	4.33484595	4.12679387	3.85991688	3.56435051	3.27287902	2.99501564	2.74105766	2.52056339	2.32852917	2.15609468	1.99932661	1.85620820	1.72449693	1.60437190	1.49614468	1.39937019	1.31376528	1.23861430	1.17292059
	1.04712230	1.00550943	0.97533028	0.96950527	1.00342800	1.08664238	1.23082698	1.40988522	1.58142375	1.74915859	1.93444033	2.13159542	2.33434542	2.53183660	2.73158121	2.92945839	3.11399569	3.30052535	3.48204129	3.62864877	3.75722815	3.88185024	4.00376778	4.11703660	4.22098606	4.32936305	4.42415754	4.48570800	4.49909186	4.44338660	4.31192486	4.10699777	3.84326000	3.55020545	3.26005596	2.98382121	2.73125961	2.51230522	2.32178029	2.15066847	1.99503398	1.85284671	1.72186189	1.60233993	1.49466050	1.39832575	1.31301299	1.23802223	1.17237053
	1.04841484	1.00667419	0.97688098	0.97229210	1.00830249	1.09403096	1.24107430	1.42106584	1.59242507	1.75981593	1.94534771	2.14203021	2.34389457	2.54103275	2.74029735	2.93828901	3.12293400	3.30938562	3.49066256	3.63726684	3.76657730	3.89185258	4.01376590	4.12731022	4.23235398	4.34146326	4.43626394	4.49784785	4.50974879	4.45301103	4.31977068	4.11283519	3.84786623	3.55386725	3.26261045	2.98576776	2.73256116	2.51315927	2.32237678	2.15110208	1.99535760	1.85309834	1.72205301	1.60252865	1.49492799	1.39871377	1.31352804	1.23864762	1.17307591
	1.05034573	1.00845432	0.97902578	0.97564884	1.01369476	1.10190109	1.25177025	1.43282566	1.60440065	1.77186648	1.95813779	2.15448632	2.35606302	2.55317447	2.75218696	2.95049615	3.13558843	3.32245376	3.50401615	3.65153742	3.78165383	3.90793524	4.03059057	4.14492452	4.25055654	4.36059819	4.45601280	4.51680435	4.52761012	4.46867209	4.33349178	4.12410655	3.85717290	3.56171684	3.26886277	2.99113234	2.73684224	2.51657184	2.32514317	2.15335242	1.99722339	1.85465942	1.72335529	1.60368350	1.49605355	1.39987232	1.31474745	1.23993702	1.17442275
	1.05266055	1.01060223	0.98208985	0.98133839	1.02335879	1.11620565	1.27084385	1.45262085	1.62291280	1.78842674	1.97416820	2.16787180	2.36607324	2.56170301	2.75904619	2.95569893	3.13934622	3.32489457	3.50440603	3.65113141	3.77983772	3.90636068	4.02573998	4.13913163	4.24584394	4.35591598	4.45055019	4.51183541	4.52265947	4.46228657	4.32824029	4.11917576	3.85232703	3.55733553	3.26397312	2.98621797	2.73176883	2.51180639	2.32100886	2.14988039	1.99441755	1.85243720	1.72158676	1.60240177	1.49531132	1.39960279	1.31482923	1.24024328	1.17482705
	1.05484582	1.01264499	0.98462151	0.98537827	1.02969021	1.12535379	1.28298571	1.46544830	1.63549006	1.80047405	1.98682185	2.17995247	2.37691242	2.57246396	2.76995552	2.96638585	3.15007786	3.33581443	3.51512149	3.66213325	3.79126968	3.91900403	4.03725885	4.15091836	4.25967805	4.37007694	4.46379558	4.52519281	4.53507215	4.47238705	4.33693391	4.12620021	3.85771585	3.56174981	3.26732495	2.98885243	2.73373636	2.51331959	2.32221718	2.15086193	1.99525728	1.85317519	1.72221982	1.60301807	1.49600211	1.40040422	1.31573295	1.24121703	1.17584463
	1.05903719	1.01658805	0.98890085	0.99099694	1.03742125	1.13605364	1.29714861	1.48115048	1.65227933	1.81946516	2.00820130	2.20290821	2.40157811	2.59856919	2.79901909	2.99668293	3.18373271	3.37176913	3.55376328	3.70401725	3.83811210	3.96879583	4.08957738	4.20664295	4.32072194	4.43190676	4.52489097	4.58475471	4.59141165	4.52246673	4.37947172	4.16127587	3.88645839	3.58607911	3.28816604	3.00697032	2.74928144	2.52639472	2.33298828	2.15964254	2.00240447	1.85899239	1.72695116	1.60694523	1.49939286	1.40350736	1.31872639	1.24420193	1.17891756
	1.06431756	1.02157382	0.99451823	0.99875583	1.04837509	1.15125307	1.31706565	1.50267156	1.67424865	1.84352394	2.03379641	2.22903619	2.42843395	2.62578646	2.82879916	3.02668929	3.21649814	3.40646108	3.58989200	3.74340893	3.88169924	4.01519726	4.13703524	4.25750286	4.37602228	4.48757890	4.58005923	4.63803144	4.64220452	4.56699024	4.41731090	4.19242349	3.91159992	3.60756127	3.30627551	3.02249632	2.76235548	2.53726880	2.34192070	2.16694100	2.00840348	1.86393792	1.73102345	1.61041888	1.50253204	1.40650514	1.32170213	1.24720483	1.18199465
	1.06811465	1.02519164	0.99875868	1.00486069	1.05710717	1.16340712	1.33269839	1.51898215	1.69004168	1.86042602	2.05054469	2.24510306	2.44443689	2.64089290	2.84385830	3.04210714	3.23239246	3.42303792	3.60635178	3.76106766	3.90040929	4.03537587	4.15575671	4.27878734	4.39849715	4.50908982	4.60055491	4.65692478	4.66012103	4.58231731	4.42962429	4.20211412	3.91910436	3.61417103	3.31154253	3.02675891	2.76571580	2.53996330	2.34411065	2.16874398	2.00995042	1.86528350	1.73219025	1.61152402	1.50369841	1.40778017	1.32307923	1.24865340	1.18349199
	1.06975772	1.02674646	1.00108880	1.00919865	1.06407953	1.17350127	1.34574623	1.53155157	1.70020917	1.86937082	2.05699947	2.24819967	2.44478642	2.63828948	2.83966478	3.03526446	3.22405438	3.41251766	3.59195141	3.74538816	3.88328943	4.01729120	4.13452554	4.25559654	4.37465279	4.48412596	4.57602363	4.63264683	4.63746003	4.56115631	4.41044158	4.18479817	3.90333357	3.60062853	3.29923780	3.01544931	2.75531805	2.53080029	2.33630854	2.16221230	2.00457300	1.86088675	1.72858971	1.60865809	1.50149110	1.40605065	1.32168524	1.24741684	1.18228302
	1.07292175	1.02977856	1.00455355	1.01400517	1.07081483	1.18293430	1.35797278	1.54478549	1.71433407	1.88559799	2.07463260	2.26638489	2.46423039	2.65838683	2.85996280	3.05802757	3.24780001	3.43835120	3.62044340	3.77744185	3.91725071	4.05246795	4.17216702	4.29708545	4.41918623	4.52979110	4.61959432	4.67478626	4.67668002	4.59593673	4.43945398	4.20826874	3.92274553	3.61700250	3.31288495	3.02687628	2.76467117	2.53829600	2.34222042	2.16683454	2.00820115	1.86374455	1.73083883	1.61050304	1.50313176	1.40764546	1.32334498	1.24918660	1.18421282
	1.08135844	1.03781376	1.01395318	1.02736952	1.08966453	1.20968198	1.39225458	1.57947844	1.75043403	1.92324893	2.11290355	2.30587206	2.50327063	2.69816439	2.90031015	3.10026200	3.29333940	3.48533266	3.67005457	3.83078382	3.97463741	4.11167488	4.23306053	4.36499067	4.49165890	4.60156458	4.68826948	4.73974987	4.73586417	4.64725147	4.47922184	4.23835849	3.94656201	3.63680497	3.32963613	3.04092746	2.77621530	2.54767730	2.34970879	2.17279479	2.01304933	1.86771913	1.73410268	1.61338462	1.50594733	1.41057146	1.32642966	1.25242915	1.18762188
	1.08888801	1.04504808	1.02278740	1.04022099	1.10773928	1.23515860	1.42423029	1.60889839	1.78119788	1.95153645	2.13862670	2.32964529	2.52292465	2.71667003	2.91554568	3.11495377	3.30836774	3.49863465	3.68244926	3.84424863	3.98658750	4.12302773	4.24528030	4.37887441	4.50662597	4.61673417	4.70083658	4.75168789	4.74352715	4.65309809	4.47960531	4.23638697	3.94399078	3.63279273	3.32593504	3.03700650	2.77203355	2.54371026	2.34615918	2.16974637	2.01058151	1.86578541	1.73264079	1.61251653	1.50569367	1.41083373	1.32699586	1.25310092	1.18826002
	1.09574438	1.05170143	1.03054068	1.05066957	1.12183450	1.25478272	1.44810429	1.63189973	1.80555328	1.97597017	2.16359734	2.35514184	2.54691407	2.74174352	2.94053171	3.14044564	3.33561345	3.52463865	3.71246540	3.87571436	4.01850455	4.15602579	4.28214328	4.41792299	4.54763792	4.65862332	4.73946656	4.78713196	4.77391349	4.67921726	4.49899086	4.25149717	3.95577072	3.64196209	3.33364317	3.04351357	2.77739625	2.54808974	2.34960473	2.17242983	2.01271877	1.86751174	1.73404969	1.61382533	1.50706173	1.41234117	1.32863106	1.25483802	1.19007667
	1.10444695	1.06019015	1.04046338	1.06400738	1.13995717	1.28040293	1.47780868	1.66327536	1.83782619	2.00840320	2.19848810	2.38906534	2.58169782	2.77558208	2.97811315	3.17767586	3.37464433	3.56551207	3.75922060	3.92271460	4.06689653	4.20666732	4.34027867	4.47831666	4.61204393	4.72433780	4.79739780	4.84115203	4.82121443	4.71875623	4.52911621	4.27445043	3.97413861	3.65698832	3.34588926	3.05377064	2.78576496	2.55477504	2.35467836	2.17621810	2.01559611	1.86973081	1.73577676	1.61537407	1.50864508	1.41406826	1.33052488	1.25688322	1.19226965
	1.10968907	1.06531835	1.04654281	1.07229010	1.15145503	1.29711377	1.49637139	1.68298902	1.85754918	2.02767338	2.21842679	2.40611729	2.59935631	2.79028346	2.99499040	3.19469183	3.39102145	3.58141525	3.77774778	3.93972845	4.08539617	4.22549517	4.36235779	4.50056620	4.63638955	4.74931771	4.81702941	4.85945032	4.83479146	4.72670188	4.53363068	4.27599676	3.97524773	3.65738710	3.34555497	3.05329226	2.78495788	2.55377663	2.35348714	2.17497047	2.01444631	1.86872635	1.73494178	1.61481826	1.50837176	1.41402944	1.33064190	1.25707449	1.19248927
	1.11515681	1.07057177	1.05251580	1.08020409	1.16261009	1.31383249	1.51561129	1.70187955	1.87658254	2.04744396	2.23787080	2.42369150	2.61731347	2.80593090	3.01157006	3.21158455	3.40776260	3.59663835	3.79573453	3.95641081	4.10284197	4.24397623	4.38351939	4.52242867	4.66105048	4.77340324	4.83646864	4.87627900	4.84676862	4.73186650	4.53676465	4.27584697	3.97485093	3.65655346	3.34389092	3.05175720	2.78325551	2.55189176	2.35131978	2.17269436	2.01224619	1.86666861	1.73308248	1.61322544	1.50705980	1.41297264	1.32976891	1.25632192	1.19181372
	1.12192718	1.07681297	1.05908414	1.08855877	1.17478964	1.33314538	1.53791445	1.72426720	1.89722064	2.06933402	2.25928309	2.44384982	2.63762787	2.82359568	3.02902181	3.22887730	3.42361095	3.61146812	3.81076976	3.96992037	4.11655014	4.25997835	4.39868018	4.53819729	4.67959447	4.79087151	4.84605889	4.88233201	4.84739055	4.72755521	4.52872672	4.26669675	3.96720609	3.65023558	3.33876859	3.04675513	2.77879056	2.54755918	2.34683412	2.16828316	2.00809906	1.86283326	1.72963784	1.61015422	1.50433673	1.41052172	1.32749634	1.25413245	1.18964522
	1.12516035	1.07969252	1.06197662	1.09221455	1.18042772	1.34258688	1.54871857	1.73558570	1.90715395	2.08040186	2.26840596	2.45277410	2.64607608	2.83053592	3.03467090	3.23394510	3.42757982	3.61419006	3.81279642	3.97100169	4.11715892	4.26013279	4.39850537	4.53849906	4.68125175	4.79029254	4.84265715	4.87770399	4.84061918	4.71946346	4.51934285	4.25879162	3.96091095	3.64533656	3.33482949	3.04301479	2.77544297	2.54436591	2.34364742	2.16522208	2.00524373	1.86018944	1.72726316	1.60800270	1.50236271	1.40866420	1.32568223	1.25229497	1.18773971
	1.12880007	1.08295092	1.06526876	1.09641927	1.18696150	1.35341820	1.56112928	1.74895345	1.91979710	2.09438698	2.28072982	2.46552768	2.65831762	2.84232318	3.04585341	3.24531504	3.43862082	3.62427890	3.82348825	3.98185003	4.12795923	4.27278250	4.41064367	4.55245137	4.69692880	4.80398383	4.85473097	4.88590690	4.84552906	4.72081943	4.51947298	4.25866080	3.96155973	3.64679974	3.33575767	3.04323908	2.77526184	2.54369709	2.34252070	2.16387988	2.00384702	1.85881574	1.72600928	1.60686283	1.50129011	1.40762241	1.32461348	1.25115116	1.18649514
	1.13388232	1.08754783	1.07012728	1.10305748	1.19774852	1.37114443	1.58078798	1.77006956	1.94034561	2.11741950	2.30205207	2.48719377	2.67852873	2.86388623	3.06666190	3.26682758	3.46021885	3.64623468	3.84530325	4.00323286	4.15059694	4.29991752	4.43809798	4.58296294	4.72909004	4.83277686	4.88124719	4.90529539	4.86023908	4.72865090	4.52580975	4.26243660	3.96534649	3.65023430	3.33721350	3.04334271	2.77464023	2.54227823	2.34045949	2.16155264	2.00149775	1.85656650	1.72399020	1.60507898	1.49970154	1.40620499	1.32331051	1.24990871	1.18528572
	1.13746004	1.09076303	1.07359076	1.10801600	1.20615260	1.38497771	1.59580786	1.78600943	1.95561074	2.13435369	2.31707286	2.50287028	2.69266374	2.87918807	3.08101401	3.28004706	3.47452461	3.66017915	3.85900530	4.01652689	4.16541951	4.31658826	4.45390053	4.60083135	4.74811883	4.84829662	4.89393262	4.91503381	4.86638136	4.73093084	4.52682672	4.26364095	3.96714642	3.65106889	3.33709535	3.04249335	2.77344617	2.54061080	2.33839090	2.15933710	1.99929757	1.85446171	1.72206176	1.60333398	1.49810765	1.40473136	1.32192048	1.24856317	1.18395642
	1.13952385	1.09255890	1.07547259	1.11075839	1.21104703	1.39320325	1.60456500	1.79506185	1.96384046	2.14249495	2.32381224	2.50900480	2.69733719	2.88419337	3.08419525	3.28258079	3.47629992	3.66104348	3.85856168	4.01574587	4.16468746	4.31495102	4.45072477	4.59786526	4.74479678	4.84359893	4.88669662	4.90568898	4.85557195	4.71924315	4.51636366	4.25567439	3.96114384	3.64595185	3.33230388	3.03797223	2.76932321	2.53677014	2.33479435	2.15606168	1.99635687	1.85184745	1.71978575	1.60134785	1.49632234	1.40305689	1.32028627	1.24690829	1.18223191
	1.14064262	1.09341455	1.07611811	1.11147290	1.21247662	1.39590555	1.60726817	1.79722613	1.96460992	2.14187452	2.32120033	2.50424560	2.69118827	2.87759348	3.07398072	3.27196133	3.46255930	3.64528936	3.83968852	3.99642215	4.14369481	4.29180191	4.42177610	4.56650508	4.71116924	4.80962013	4.85228998	4.86951108	4.82079170	4.68727939	4.48964108	4.23515781	3.94520703	3.63355489	3.32200677	3.02918171	2.76185310	2.53046813	2.32945919	2.15156896	1.99257216	1.84866331	1.71714768	1.59911985	1.49432574	1.40111820	1.31827716	1.24473120	1.17980832
	1.14196371	1.09442931	1.07717861	1.11339368	1.21672679	1.40347128	1.61531234	1.80535616	1.97172374	2.14820669	2.32580772	2.50753453	2.69264698	2.87647605	3.07220723	3.26939975	3.45808542	3.63870255	3.83095015	3.98618890	4.13197120	4.27764975	4.40622193	4.54941244	4.69269801	4.79062300	4.83026126	4.84615952	4.79563584	4.66350626	4.46872615	4.21936072	3.93288902	3.62376556	3.31349357	3.02152977	2.75507762	2.52441939	2.32407056	2.14685552	1.98846890	1.84510698	1.71410953	1.59649137	1.49194303	1.39883547	1.31598655	1.24235139	1.17728339
	1.14301969	1.09519734	1.07823821	1.11595055	1.22274143	1.41375675	1.62593835	1.81614784	1.98152738	2.15779929	2.33376912	2.51463067	2.69786337	2.88015156	3.07500277	3.27089157	3.45868167	3.63674689	3.82775473	3.98139983	4.12554850	4.27036762	4.39830550	4.54010828	4.68354849	4.77914464	4.81653213	4.83038921	4.77842900	4.64654049	4.45316218	4.20773910	3.92368244	3.61576067	3.30603798	3.01450302	2.74865178	2.51841914	2.31851784	2.14185298	1.98400196	1.84114485	1.71063517	1.59341626	1.48913542	1.39617706	1.31339498	1.23975026	1.17463533
	1.14477335	1.09659136	1.08012239	1.12003589	1.23177663	1.42843384	1.64145668	1.83245984	1.99697949	2.17353318	2.34779927	2.52832560	2.70900522	2.89056732	3.08524391	3.27875753	3.46750784	3.64436947	3.83386164	3.98557351	4.12957343	4.27324760	4.40188721	4.54377305	4.68730464	4.78164606	4.81356549	4.82492636	4.76998082	4.63643650	4.44391781	4.20155603	3.91948291	3.61138484	3.30154443	3.00966247	2.74379085	2.51350128	2.31371486	2.13741918	1.97999905	1.83759181	1.70755297	1.59073088	1.48669739	1.39386954	1.31112280	1.23744665	1.17225983
	1.14556396	1.09716196	1.08092115	1.12201448	1.23650968	1.43580060	1.64965727	1.84112984	2.00531395	2.18162527	2.35488719	2.53468837	2.71392228	2.89393901	3.08898343	3.28179313	3.47020375	3.64637019	3.83437584	3.98523212	4.12801726	4.27293598	4.39998942	4.54056061	4.68315766	4.77704888	4.80511797	4.81474051	4.75781807	4.62406987	4.43371026	4.19422962	3.91442940	3.60691644	3.29768411	3.00591571	2.74028081	2.51015633	2.31058312	2.13459223	1.97747774	1.83538779	1.70567591	1.58912289	1.48523025	1.39244082	1.30965401	1.23589138	1.17057799
	1.14540795	1.09678959	1.08043397	1.12182886	1.23747088	1.43748933	1.65131292	1.84215458	2.00493712	2.17939627	2.35069593	2.52807891	2.70611617	2.88360923	3.07604077	3.26836457	3.45326571	3.62686992	3.81113189	3.96088055	4.09993170	4.24420807	4.36554127	4.50204491	4.64107502	4.73485861	4.76240586	4.77103484	4.71455347	4.58493819	4.40145728	4.16924207	3.89523706	3.59137516	3.28507109	2.99522378	2.73129489	2.50259267	2.30419275	2.12919478	1.97288829	1.83150479	1.70243026	1.58636447	1.48272495	1.38999079	1.30711177	1.23315151	1.16755470
	1.14610595	1.09729086	1.08165740	1.12555808	1.24626649	1.45035014	1.66534242	1.85691136	2.01931581	2.19441159	2.36498543	2.54247947	2.71833179	2.89541921	3.08940301	3.28039880	3.46702454	3.64047430	3.82414762	3.97482472	4.11267596	4.25745494	4.37962925	4.51882481	4.65806899	4.75091531	4.77195238	4.77929127	4.71902865	4.58758200	4.40398628	4.17215017	3.89801209	3.59313222	3.28529838	2.99438602	2.72981433	2.50051181	2.30174005	2.12666412	1.97040208	1.82915760	1.70032321	1.58449795	1.48103316	1.38842228	1.30563130	1.23171676	1.16613484
	1.14630825	1.09735659	1.08222756	1.12787634	1.25211413	1.45891865	1.67461075	1.86655071	2.02892549	2.20390448	2.37418556	2.55145267	2.72621422	2.90318288	3.09713463	3.28774595	3.47467123	3.64759254	3.83063567	3.98128491	4.11799994	4.26271193	4.38540720	4.52649816	4.66591947	4.75691269	4.77459235	4.78128132	4.71808808	4.58530865	4.40191803	4.17085653	3.89713033	3.59205842	3.28364945	2.99225791	2.72752606	2.49808520	2.29931437	2.12439443	1.96832977	1.82730991	1.69873676	1.58313851	1.47983147	1.38732065	1.30458549	1.23069675	1.16511698
	1.14480026	1.09565625	1.08023673	1.12576516	1.25036194	1.45709076	1.67212320	1.86242111	2.02306397	2.19470172	2.36285148	2.53662513	2.71027768	2.88388518	3.07331734	3.26284164	3.44468968	3.61539951	3.79074769	3.93936784	4.07281656	4.21184702	4.33152949	4.46256614	4.59602969	4.68571683	4.70625035	4.71150743	4.65027529	4.52348457	4.34967722	4.12883717	3.86384485	3.56568801	3.26209534	2.97401719	2.71242687	2.48560024	2.28895577	2.11576414	1.96110388	1.82125975	1.69372260	1.57890772	1.47606351	1.38374397	1.30099284	1.22694594	1.16107599
	1.14291831	1.09348087	1.07743119	1.12225749	1.24635592	1.45211723	1.66622672	1.85408647	2.01171256	2.17877980	2.34389828	2.51284887	2.68558707	2.85384824	3.03765035	3.22549626	3.40063517	3.56820639	3.73295914	3.87872502	4.00729193	4.13768475	4.25475644	4.36989385	4.49472601	4.58390785	4.60950647	4.61377190	4.55586526	4.43916794	4.27894386	4.07244157	3.81970003	3.53129794	3.23404477	2.95050749	2.69308718	2.46970142	2.27580421	2.10481301	1.95195128	1.81361823	1.68741369	1.57359085	1.47130520	1.37917994	1.29634499	1.22201353	1.15568494
	1.14127003	1.09148898	1.07524314	1.12066949	1.24640263	1.45243398	1.66591299	1.85127644	2.00627543	2.16925440	2.33228566	2.49755254	2.66911088	2.83391160	3.01332533	3.20046873	3.37014947	3.53549658	3.69080091	3.83390427	3.96046894	4.08447478	4.19954737	4.30434128	4.42403123	4.50958172	4.54104259	4.54283926	4.48615033	4.37763067	4.22755837	4.03155390	3.78830592	3.50636107	3.21280150	2.93216915	2.67749540	2.45639210	2.26443202	2.09512241	1.94375596	1.80673419	1.68174474	1.56885622	1.46713051	1.37523106	1.29238146	1.21785237	1.15117967
	1.14019094	1.09026999	1.07422158	1.12069511	1.24838867	1.45520346	1.66857625	1.85284107	2.00670733	2.16794931	2.33006390	2.49410717	2.66432003	2.82826012	3.00581036	3.19202410	3.36010736	3.52353382	3.67538034	3.81770764	3.94312032	4.06510685	4.17839523	4.28203739	4.40034887	4.48267849	4.51472738	4.51646923	4.45997275	4.35355229	4.20737964	4.01501717	3.77581978	3.49555753	3.20305565	2.92345046	2.66981152	2.44957156	2.25839788	2.08985773	1.93922039	1.80285493	1.67849834	1.56611694	1.46473956	1.37303930	1.29027967	1.21576023	1.14903222
	1.13809720	1.08804625	1.07175410	1.11804875	1.24542764	1.45099359	1.66374952	1.84539793	1.99747701	2.15473621	2.31545855	2.47652732	2.64488881	2.80649813	2.98055082	3.16307679	3.33002000	3.48843376	3.63424771	3.77328103	3.89496797	4.01247851	4.12361493	4.22466580	4.33436465	4.41286644	4.44736345	4.44983042	4.39643380	4.29570789	4.15891410	3.97626655	3.74542503	3.47088695	3.18251268	2.90620356	2.65542215	2.43749896	2.24816535	2.08115783	1.93181305	1.79655225	1.67319544	1.56159820	1.46074043	1.36932210	1.28664586	1.21207268	1.14517036
	1.13595484	1.08568129	1.06919496	1.11563923	1.24297215	1.44696801	1.65965704	1.83858818	1.98896482	2.14193387	2.30139706	2.45918344	2.62596143	2.78552787	2.95606289	3.13591748	3.30106515	3.45554426	3.59538598	3.73058215	3.84890418	3.96209286	4.07007422	4.17091204	4.27092838	4.34528264	4.38237808	4.38429799	4.33387771	4.23917921	4.11261555	3.94262308	3.72100108	3.45210614	3.16701602	2.89312622	2.64453584	2.42831112	2.24024652	2.07429042	1.92583878	1.79137404	1.66878575	1.55777949	1.45723994	1.36590329	1.28309980	1.20826098	1.14097398
	1.13194854	1.08156080	1.06415198	1.10845411	1.23161764	1.43074973	1.64155212	1.81444765	1.96201385	2.10744559	2.26486343	2.41759213	2.57976649	2.73627384	2.90159751	3.07403017	3.23452480	3.38362209	3.51291040	3.63955237	3.74990943	3.85476703	3.95629937	4.05473602	4.14176203	4.20790807	4.25011030	4.25532821	4.21136860	4.12844337	4.01815283	3.86666586	3.66094397	3.40508263	3.12929567	2.86228793	2.61937324	2.40761911	2.22298454	2.05971912	1.91342152	1.78075183	1.65972908	1.54995428	1.45022355	1.35931137	1.27661202	1.20163556	1.13401676
	1.13062167	1.08008609	1.06238318	1.10622371	1.22825039	1.42540199	1.63534627	1.80592802	1.95256517	2.09500717	2.25182470	2.40320603	2.56319791	2.71918105	2.88252328	3.05223944	3.21157814	3.35839765	3.48373938	3.60782839	3.71529977	3.81698919	3.91542921	4.01274985	4.09624399	4.15836621	4.20291084	4.20877633	4.16672586	4.08856940	3.98532470	3.84212141	3.64307151	3.39197737	3.11849122	2.85345782	2.61227463	2.40180054	2.21813182	2.05561280	1.90988887	1.77769271	1.65709326	1.54761989	1.44803031	1.35711021	1.27428110	1.19908608	1.13118550
	1.12938408	1.07870716	1.06128764	1.10617801	1.22934974	1.42584408	1.63559339	1.80487898	1.95106326	2.09200019	2.24870141	2.39967052	2.55882870	2.71485755	2.87852529	3.04709450	3.20688445	3.35393798	3.47665687	3.60074962	3.70761023	3.80837168	3.90584516	4.00358521	4.08781238	4.14772395	4.19440307	4.19929130	4.15710827	4.08050500	3.98073239	3.84178101	3.64475144	3.39399460	3.12020072	2.85455251	2.61285010	2.40180379	2.21766840	2.05480075	1.90878549	1.77639307	1.65571046	1.54616956	1.44648120	1.35542195	1.27241483	1.19701208	1.12889239
	1.12594432	1.07524752	1.05780781	1.10254931	1.22446203	1.41826901	1.62618141	1.79240387	1.93798355	2.07508498	2.22851395	2.37716404	2.53220245	2.68743879	2.84698173	3.01022871	3.16543488	3.31046784	3.43177908	3.54640338	3.64898971	3.74540665	3.83813002	3.93151441	4.01398917	4.07222110	4.11903220	4.12377375	4.08565004	4.01445972	3.92341195	3.79472776	3.60644572	3.36265462	3.09368033	2.83211414	2.59386997	2.38552889	2.20364269	2.04263047	1.89815970	1.76711596	1.64767837	1.53917572	1.44027782	1.34977028	1.26710170	1.19185963	1.12376108
	1.12283255	1.07197563	1.05427751	1.09814169	1.21738662	1.40742180	1.61338324	1.77578179	1.92086558	2.05367465	2.20594277	2.35171211	2.50381634	2.65961211	2.81811766	2.97605188	3.13002926	3.27344592	3.39075224	3.49830362	3.59540620	3.68770448	3.77646248	3.86537606	3.94812436	4.00182870	4.04956003	4.05463088	4.01914658	3.95610224	3.87582428	3.76001335	3.58219986	3.34543941	3.07972158	2.82074149	2.58458444	2.37768040	2.19681970	2.03653105	1.89253508	1.76188016	1.64285175	1.53465576	1.43591736	1.34542168	1.26262275	1.18714130	1.11872166
	1.11931190	1.06851384	1.05068773	1.09365935	1.21068424	1.39758529	1.60179229	1.76212925	1.90632948	2.03656752	2.18557709	2.32990493	2.47866873	2.63372379	2.78941198	2.94285390	3.09421650	3.23475219	3.35187036	3.45188810	3.54450839	3.63312628	3.71810246	3.80286090	3.88315186	3.93455712	3.98091671	3.98660192	3.95378203	3.89720556	3.82530836	3.71852484	3.54917546	3.31853791	3.05728238	2.80209243	2.56909514	2.36472372	2.18589878	2.02724093	1.88453768	1.75496115	1.63686922	1.52942652	1.43125523	1.34115306	1.25859533	1.18323198	1.11484323
	1.11543333	1.06475506	1.04694869	1.08930127	1.20458139	1.38870910	1.59103902	1.74988680	1.89297455	2.02116206	2.16666685	2.30987142	2.45532416	2.60927702	2.76236577	2.91182287	3.06045007	3.19773267	3.31507122	3.40957054	3.49745840	3.58261189	3.66439180	3.74577974	3.82332916	3.87404998	3.91855183	3.92508415	3.89445858	3.84323940	3.77853352	3.67927776	3.51682648	3.29118517	3.03395444	2.78229607	2.55230315	2.35039160	2.17358598	2.01660112	1.87528706	1.74690433	1.62987047	1.52330974	1.42584247	1.33627279	1.25409496	1.17898667	1.11076464
	1.10752605	1.05714237	1.03909431	1.07940497	1.19037064	1.36886530	1.56648918	1.72279761	1.86283859	1.98715063	2.12599105	2.26657978	2.40563376	2.55676855	2.70451040	2.84650865	2.98856137	3.11797439	3.23355195	3.31956006	3.39708898	3.47430302	3.54886764	3.62321931	3.69399074	3.74607332	3.78550492	3.79424886	3.76875260	3.72772096	3.67818849	3.59440241	3.44517526	3.23010537	2.98209759	2.73844056	2.51522996	2.31891991	2.14671834	1.99352759	1.85536635	1.72966854	1.61494967	1.51030839	1.41437774	1.32598442	1.24466454	1.17016477	1.10236802
	1.10299987	1.05260519	1.03386942	1.07158834	1.17796100	1.35113693	1.54414781	1.69920781	1.83668621	1.95903184	2.09451714	2.23467221	2.37166724	2.52106642	2.66661716	2.80466068	2.94335139	3.06813723	3.18139082	3.26214822	3.33455656	3.40596981	3.47474876	3.54380994	3.61020946	3.66356353	3.70112822	3.71137540	3.69040017	3.65783189	3.62097500	3.55083960	3.41255768	3.20505679	2.96231592	2.72265500	2.50258896	2.30873431	2.13845942	1.98669262	1.84955747	1.72463161	1.61051190	1.50629528	1.41062337	1.32231570	1.24092780	1.16624702	1.09821712
	1.09823367	1.04799596	1.02911460	1.06552901	1.16936697	1.33884195	1.52793256	1.68190314	1.81752359	1.93840719	2.07034867	2.21161835	2.34585080	2.49261294	2.63806621	2.77348713	2.90819236	3.02981138	3.14045927	3.22002906	3.28798663	3.35597499	3.42264733	3.48914127	3.55322069	3.60654178	3.64234142	3.65363772	3.63594486	3.60958885	3.58216230	3.52130749	3.38925139	3.18565420	2.94546626	2.70835778	2.49016998	2.29765897	2.12885715	1.97832204	1.84219050	1.71812571	1.60475786	1.50118024	1.40602363	1.31808715	1.23692514	1.16236986	1.09440429
	1.09332829	1.04328795	1.02412671	1.05897983	1.16004389	1.32597286	1.51118312	1.66471656	1.79848257	1.91830819	2.04693589	2.18731450	2.32068241	2.46464903	2.60889431	2.74191245	2.87264997	2.99102726	3.09917174	3.17811655	3.24214669	3.30673722	3.37072475	3.43466795	3.49644812	3.54880716	3.58462198	3.59709882	3.58237025	3.56122264	3.54173353	3.48837444	3.36200718	3.16242321	2.92562007	2.69114725	2.47549910	2.28541298	2.11830418	1.96912000	1.83407690	1.71093647	1.59836147	1.49545007	1.40084194	1.31333026	1.23246393	1.15810691	1.09027879
	1.08611816	1.03635707	1.01647487	1.04820382	1.14401319	1.30375538	1.48350086	1.63705048	1.76681062	1.88505484	2.00897165	2.14576457	2.27819485	2.41878176	2.55951023	2.69024385	2.81653917	2.92910462	3.03319752	3.11066646	3.16777509	3.22678918	3.28525611	3.34388836	3.40103396	3.45208018	3.48882874	3.50070394	3.49092702	3.47850523	3.47212475	3.43240942	3.31747143	3.12602791	2.89557217	2.66586830	2.45407828	2.26719908	2.10269078	1.95553902	1.82211440	1.70032240	1.58888396	1.48691711	1.39307218	1.30614153	1.22566872	1.15155075	1.08385723
	1.07721724	1.02782764	1.00729953	1.03595493	1.12659514	1.27940940	1.45402456	1.60536807	1.73130854	1.84742796	1.96717950	2.09960638	2.23133011	2.36739184	2.50435679	2.63245458	2.75382992	2.86126742	2.96027048	3.03464394	3.08511378	3.13899604	3.19159657	3.24384649	3.29576837	3.34499998	3.38187701	3.39266754	3.38777625	3.38571202	3.39353437	3.36876394	3.26588833	3.08313613	2.85966231	2.63554758	2.42834638	2.24531251	2.08394084	1.93931586	1.80794984	1.68791089	1.57797871	1.47727744	1.38446866	1.29833940	1.21842137	1.14464818	1.07714308
	1.06716091	1.01820691	0.99634409	1.02015882	1.10296070	1.24625852	1.41359139	1.56280581	1.68413503	1.79635238	1.90976031	2.03624747	2.16526585	2.29533727	2.42592929	2.54958494	2.66335437	2.76413614	2.85546795	2.92395471	2.96741277	3.01253816	3.05721124	3.10030301	3.14317160	3.18958732	3.22744358	3.23952798	3.24149066	3.25162458	3.27544570	3.26849833	3.18246740	3.01421265	2.80287554	2.58846195	2.38917689	2.21266901	2.05645475	1.91591864	1.78785887	1.67060016	1.56304377	1.46432265	1.37313200	1.28826353	1.20926875	1.13612982	1.06902611
