	-2786.96288743	-2786.88129641	-2786.76699145	-2786.62959020	-2786.48528683	-2786.35502639	-2786.24984201	-2786.16825934	-2786.10259371	-2786.04627688	-2785.99652136	2.45526245	2.51161034	2.56709368	2.62287723	2.68469864	2.76336920	2.86055141	2.97059055	3.08246158	3.18618920	3.26406489	3.30770571	3.32494104	3.32738128	3.32278044	3.31416335	3.30225246	3.28564681	3.26272043	3.23231111	3.19503917	3.15230252	3.10474163	3.05378480	2.99989963	2.94363582	2.88726131	2.83121135	2.77554392	2.72061025	-2785.71933772	-2785.75409663	-2785.78797156	-2785.82198172	-2785.85409785	-2785.88459382	-2785.91353942	-2785.94008396
	1.39781504	1.50065680	1.65396455	1.84783424	2.05964166	2.25828627	2.42322950	2.55367521	2.65956492	2.74955702	2.82774742	2.89818520	2.96568957	3.03484868	3.10732875	3.19029729	3.29870368	3.43678913	3.59329209	3.75312830	3.90060206	4.01142750	4.07311323	4.09779831	4.10168874	4.09504142	4.08242250	4.06487564	4.04062833	4.00753866	3.96429367	3.91161267	3.85163020	3.78393393	3.71140143	3.63512363	3.55736108	3.47779528	3.40824989	3.33402230	3.26863969	3.20624250	3.15485107	3.09977886	3.04683567	2.99572698	2.94616343	2.89868615	2.85515778
	1.33558843	1.43722004	1.59162347	1.79083900	2.01335555	2.22617851	2.40532406	2.54774399	2.66249917	2.75829563	2.83975364	2.91201635	2.98118633	3.05246930	3.12755654	3.21361133	3.32734769	3.47375963	3.64068306	3.81183198	3.97062183	4.09098055	4.15996197	4.19069153	4.19978788	4.19735065	4.18784373	4.17233047	4.14938809	4.11693716	4.07382706	4.02072214	3.96009776	3.89310174	3.82209967	3.74759070	3.67067069	3.59655730	3.53128399	3.46861783	3.41168542	3.36004511	3.31735372	3.27187031	3.22413638	3.17668023	3.13192559	3.08873081	3.04871741
	1.28772218	1.38956859	1.54583061	1.75001844	1.98110561	2.20452394	2.39413748	2.54546862	2.66687759	2.76666428	2.84980949	2.92254593	2.99188277	3.06362435	3.13942221	3.22707791	3.34477955	3.49731261	3.67124071	3.84942436	4.01441372	4.13839997	4.20902667	4.24095377	4.25130013	4.24993939	4.24121278	4.22610654	4.20324374	4.17051182	4.12677116	4.07272863	4.01092905	3.94303520	3.87094494	3.79568591	3.71796980	3.64315224	3.57845737	3.51922455	3.46510476	3.41681784	3.37664074	3.33442257	3.28741113	3.24027621	3.19525658	3.15252585	3.11258587
	1.15876270	1.26061126	1.41991552	1.63369627	1.88305670	2.13063561	2.34461379	2.51667199	2.65365646	2.76323614	2.85105723	2.92558885	2.99584699	3.06881190	3.14600029	3.23627746	3.36081394	3.52443145	3.71131607	3.90247613	4.07912926	4.21000574	4.28329476	4.31679119	4.32860487	4.32846889	4.32065756	4.30604022	4.28325590	4.25010964	4.20533997	4.14966132	4.08568156	4.01567726	3.94111778	3.86358457	3.78335211	3.70734120	3.64238353	3.58529871	3.53508757	3.49129862	3.45454748	3.41416620	3.36742620	3.31941031	3.27248332	3.22768103	3.18605835
	1.13714805	1.23772267	1.39612015	1.61168980	1.86750260	2.12559198	2.35108588	2.53314463	2.67732615	2.79059014	2.87909485	2.95275236	3.02171997	3.09347775	3.16963751	3.26025728	3.38805146	3.55692740	3.74947366	3.94577717	4.12645921	4.25846055	4.33168234	4.36614305	4.37963931	4.38142732	4.37543132	4.36229994	4.34071879	4.30852154	4.26458396	4.20979130	4.14680276	4.07809003	4.00501321	3.92915285	3.85046027	3.77906179	3.71922189	3.66756245	3.62383704	3.58802150	3.55882188	3.52308582	3.48000524	3.43353352	3.38993445	3.34756790	3.30789078
	1.28541773	1.37659484	1.52232700	1.72379911	1.96753762	2.21834936	2.44113273	2.62249743	2.76596168	2.87704518	2.96177667	3.03065108	3.09432937	3.16039519	3.23041728	3.31449126	3.43546619	3.59689652	3.78146196	3.96950911	4.14273801	4.26819796	4.33630709	4.36739822	4.37891449	4.37963646	4.37332603	4.36052286	4.34001866	4.30967836	4.26846079	4.21682352	4.15712418	4.09189520	4.02250202	3.95003723	3.87506888	3.80775245	3.75119970	3.70205030	3.66072046	3.62763492	3.60022434	3.56664222	3.52606702	3.48134153	3.43927070	3.39734737	3.35880722
	1.40470922	1.49241808	1.63284977	1.82952759	2.07116314	2.32339475	2.55013359	2.73597037	2.88196781	2.99210799	3.07348570	3.13848825	3.19821913	3.26058355	3.32682147	3.41004838	3.53387489	3.69866108	3.88500497	4.07246845	4.24241092	4.36094023	4.42241770	4.44956935	4.45932674	4.45971568	4.45368222	4.44142325	4.42166381	4.39233760	4.35250270	4.30300884	4.24618077	4.18424360	4.11844582	4.05031596	3.98206564	3.92120989	3.87299826	3.83270389	3.79972986	3.77655091	3.75851580	3.73041044	3.69437002	3.65494153	3.61562151	3.57671332	3.54249689
	1.45675213	1.54025208	1.67525573	1.86694725	2.10635701	2.36079450	2.59331794	2.78555471	2.93570147	3.04665292	3.12636283	3.18869559	3.24534562	3.30483617	3.36866304	3.45125454	3.57633230	3.74299329	3.93064831	4.11807105	4.28630612	4.40110588	4.45864768	4.48263883	4.49019454	4.48935979	4.48263790	4.47016702	4.45051858	4.42165219	4.38254900	4.33427366	4.27844752	4.21842017	4.15552879	4.09064920	4.02550105	3.96839748	3.92259831	3.88646986	3.85706339	3.83771294	3.82133706	3.79951900	3.76585758	3.72678249	3.68858158	3.65215503	3.61943328
	1.61492363	1.68969372	1.81249772	1.98969036	2.21532426	2.46111395	2.69106209	2.88308486	3.03146344	3.13805453	3.21199193	3.26824677	3.31863742	3.37197479	3.43026445	3.50819424	3.62870027	3.78955731	3.96991228	4.14896778	4.30746041	4.41347956	4.46499618	4.48519049	4.49077695	4.48915000	4.48242953	4.47069757	4.45228866	4.42532261	4.38875862	4.34350819	4.29143840	4.23536271	4.17871529	4.11946071	4.06021186	4.00815721	3.96681995	3.93361663	3.91119276	3.89379226	3.88160971	3.86217508	3.83333406	3.79781844	3.76337131	3.72937900	3.70064351
	1.73890745	1.81127940	1.93071010	2.10361708	2.32446491	2.56678945	2.79504648	2.98513537	3.12925947	3.22983753	3.29770830	3.34860881	3.39395840	3.44312186	3.49906771	3.57723590	3.69911418	3.85978151	4.03792436	4.21264318	4.36378794	4.46215997	4.50860617	4.52642370	4.53145310	4.52994663	4.52377870	4.51290305	4.49538503	4.46926617	4.43338437	4.39014436	4.34078114	4.28790935	4.23459474	4.17997096	4.12498697	4.07637478	4.03998360	4.01055054	3.99137809	3.97862109	3.97222962	3.95571582	3.93177150	3.90049343	3.86865060	3.83871681	3.81171395
	1.76561000	1.83725334	1.95581376	2.12789638	2.34858372	2.59266916	2.82431862	3.01724438	3.16197298	3.26120908	3.32696846	3.37564793	3.41866009	3.46589179	3.52093034	3.59980146	3.72332368	3.88522685	4.06386514	4.23796397	4.38689198	4.48248334	4.52676212	4.54346501	4.54806363	4.54634717	4.54000522	4.52928910	4.51200625	4.48605585	4.45080876	4.40796538	4.35973479	4.30859960	4.25661690	4.20356344	4.14963799	4.10256529	4.06749625	4.04039384	4.02269231	4.01159364	4.00699426	3.99147245	3.96968277	3.94059095	3.90992975	3.88151717	3.85612656
	1.75256646	1.82724962	1.95063242	2.12892043	2.35660308	2.60876956	2.84851379	3.04719576	3.19403260	3.29311351	3.35821785	3.40642613	3.44896545	3.49641122	3.55381941	3.63870078	3.77081256	3.94142352	4.12765322	4.30727050	4.45772910	4.55175672	4.59377831	4.60907886	4.61283551	4.61049974	4.60347477	4.59224127	4.57427451	4.54738248	4.51113548	4.46759905	4.41903003	4.36827357	4.31650461	4.26259349	4.20906049	4.16256489	4.12875723	4.10310835	4.08799512	4.07928067	4.07553484	4.06351720	4.04287905	4.01431470	3.98433053	3.95696111	3.93282194
	1.73679363	1.81279675	1.93849973	2.11967764	2.35101022	2.60850151	2.85440469	3.05776838	3.20634270	3.30506296	3.36913946	3.41627841	3.45771845	3.50462843	3.56302137	3.65108355	3.78775226	3.96313449	4.15357437	4.33610921	4.48709421	4.58010577	4.62061029	4.63511767	4.63833604	4.63557607	4.62845636	4.61702090	4.59864774	4.57150267	4.53485778	4.49115829	4.44320617	4.39312134	4.34154621	4.28747159	4.23465877	4.18876654	4.15583438	4.13181491	4.11916301	4.11122852	4.10920762	4.10089184	4.07965000	4.05281499	4.02393430	3.99703034	3.97371539
	1.73463392	1.81340762	1.94337188	2.12931613	2.36547170	2.62929827	2.88223979	3.09031004	3.23963848	3.33704730	3.39967655	3.44569732	3.48606923	3.53288190	3.59347275	3.68719105	3.83141578	4.01366801	4.20968342	4.39591460	4.54666614	4.63707398	4.67513783	4.68802329	4.68992500	4.68624586	4.67884124	4.66685035	4.64783000	4.62013202	4.58269284	4.53896480	4.49124569	4.44188900	4.39025695	4.33693645	4.28474154	4.23973758	4.20855171	4.18706136	4.17606824	4.17107375	4.17100151	4.16827953	4.14609116	4.12051869	4.09285263	4.06681870	4.04389910
	1.75467150	1.83546715	1.96841885	2.15719172	2.39551415	2.66297093	2.92103483	3.13244537	3.28129809	3.37655499	3.43729817	3.48190979	3.52092547	3.56727498	3.62955409	3.72795135	3.87805180	4.06507235	4.26471991	4.45258809	4.60136178	4.68782011	4.72311590	4.73397106	4.73419303	4.72926389	4.72113827	4.70845786	4.68899795	4.66082769	4.62291443	4.57936341	4.53216305	4.48358388	4.43285222	4.38078157	4.32940831	4.28623988	4.25655036	4.23734401	4.22745891	4.22468290	4.22626045	4.22840260	4.20593206	4.18112516	4.15461290	4.12994537	4.10780969
	1.74608105	1.83098368	1.96998800	2.16556051	2.41061857	2.68566304	2.95151272	3.16796116	3.31745332	3.41180647	3.47208791	3.51684855	3.55605330	3.60351654	3.66935127	3.77503598	3.93396380	4.12908152	4.33641782	4.52923243	4.67899912	4.76279004	4.79533222	4.80400047	4.80259597	4.79625685	4.78694552	4.77313224	4.75271386	4.72327320	4.68363966	4.63900594	4.59131510	4.54185790	4.49113109	4.43916173	4.38724684	4.34489370	4.31597272	4.29848317	4.28927596	4.28822521	4.29136821	4.29761629	4.27430825	4.25015722	4.22423214	4.20014545	4.17829694
	1.73539721	1.82263791	1.96546696	2.16489176	2.41441507	2.69677954	2.97251816	3.19638779	3.34748718	3.44054304	3.49926946	3.54272786	3.58053370	3.62765729	3.69559847	3.80652412	3.97166792	4.17336829	4.38691808	4.58316768	4.73264574	4.81338043	4.84290635	4.84916926	4.84604961	4.83810104	4.82753390	4.81274199	4.79143703	4.76094850	4.72032333	4.67524856	4.62807420	4.57946192	4.52927287	4.47730801	4.42632009	4.38547559	4.35742868	4.34058638	4.33362558	4.33338267	4.33680825	4.34605366	4.32493206	4.30205318	4.27737916	4.25428867	4.23325893
	1.71812686	1.80896562	1.95765323	2.16348953	2.42025813	2.71167538	2.99778198	3.22849801	3.38030375	3.47157441	3.52859054	3.57084604	3.60751394	3.65499201	3.72616921	3.84349455	4.01705949	4.22726457	4.44880371	4.64958215	4.79924337	4.87700694	4.90345474	4.90738444	4.90227132	4.89256689	4.88065717	4.86472213	4.84220084	4.81013392	4.76823151	4.72211008	4.67510665	4.62651720	4.57665329	4.52409226	4.47325192	4.43285899	4.40581578	4.38992383	4.38311352	4.38484705	4.38930535	4.39914937	4.38178955	4.36002290	4.33648497	4.31430730	4.29403264
	1.69534088	1.78941138	1.94333121	2.15472631	2.41814898	2.71855113	3.01573588	3.25404255	3.40684131	3.49612673	3.55098587	3.59160190	3.62670512	3.67412199	3.74808703	3.87118344	4.05320328	4.27152375	4.49979977	4.70478048	4.85438398	4.92948829	4.95311905	4.95482271	4.94788266	4.93665388	4.92362306	4.90681296	4.88330279	4.85009213	4.80725311	4.76027912	4.71295089	4.66471542	4.61467352	4.56233721	4.51141674	4.47121160	4.44464099	4.43007846	4.42388330	4.42620992	4.43288809	4.44382567	4.42901633	4.40841385	4.38605333	4.36485264	4.34529124
	1.67305631	1.77223656	1.93383977	2.15339197	2.42638469	2.73784975	3.04633740	3.29087557	3.44339105	3.53025974	3.58325801	3.62289120	3.65724408	3.70597217	3.78484323	3.91673742	4.11058650	4.33918999	4.57626636	4.78701771	4.93654045	5.00897515	5.02954062	5.02898334	5.02013392	5.00748656	4.99319111	4.97511185	4.95005904	4.91497650	4.86995493	4.82107626	4.77325181	4.72358960	4.67267625	4.62016756	4.56761619	4.52742637	4.50161750	4.48639471	4.48281219	4.48515270	4.49335255	4.50486311	4.49325556	4.47371712	4.45228390	4.43159519	4.41232403
	1.69779400	1.80012203	1.96607080	2.18934461	2.46647686	2.78422523	3.10052074	3.34906893	3.49917451	3.58157398	3.63088134	3.66807482	3.70036152	3.74930112	3.83128750	3.97128299	4.17365384	4.40845805	4.65004178	4.86304207	5.00909843	5.07620123	5.09340545	5.09028384	5.07923883	5.06526476	5.05008138	5.03098877	5.00490064	4.96867508	4.92239400	4.87317085	4.82465877	4.77504971	4.72415084	4.67078509	4.61932530	4.57886956	4.55381393	4.53889827	4.53508145	4.53857683	4.54786378	4.55629968	4.55113965	4.53284447	4.51232470	4.49269134	4.47411637
	1.73625450	1.84177280	2.01168526	2.23799443	2.51850503	2.84203251	3.16499829	3.41728068	3.56452460	3.64217976	3.68762484	3.72244026	3.75274912	3.80210768	3.88745578	4.03653073	4.24695616	4.48734803	4.73283423	4.94732413	5.08917200	5.15035646	5.16384689	5.15792109	5.14443094	5.12928858	5.11314139	5.09294604	5.06579753	5.02839486	4.98078943	4.93139875	4.88193693	4.83286947	4.78079128	4.72767287	4.67607616	4.63571835	4.60957121	4.59569095	4.59159387	4.59574995	4.60577945	4.60793878	4.61165408	4.59424806	4.57456894	4.55589681	4.53807616
	1.76006227	1.86725327	2.03874287	2.26559706	2.54729919	2.87484962	3.20321013	3.45947243	3.60517428	3.67937668	3.72107245	3.75322162	3.78115102	3.82956285	3.91710390	4.07178116	4.28543873	4.52834520	4.77597869	4.99019844	5.12803686	5.18520981	5.19633444	5.18895087	5.17434945	5.15811103	5.14133968	5.12108662	5.09394534	5.05631339	5.00856128	4.95946091	4.91127658	4.86247043	4.81115169	4.75885607	4.70658283	4.66791698	4.64180608	4.62830968	4.62574764	4.63103367	4.64217151	4.64587973	4.65030115	4.63404271	4.61594606	4.59842395	4.58157750
	1.73030125	1.84348629	2.02292724	2.25865608	2.55150442	2.89232635	3.23527570	3.49947084	3.64587714	3.71755196	3.75693880	3.78826102	3.81531107	3.86513795	3.96055087	4.12714593	4.35226586	4.60617552	4.86399558	5.08473070	5.22149757	5.27524060	5.28364949	5.27463380	5.25824866	5.24047172	5.22197790	5.20024535	5.17164344	5.13169341	5.08164743	5.03037173	4.98080726	4.93010328	4.87779418	4.82238802	4.76952889	4.72892053	4.70305719	4.68948080	4.68716911	4.69346117	4.70581565	4.70957040	4.71572801	4.70022910	4.68276720	4.66551376	4.64878042
	1.74970788	1.86606698	2.04929238	2.28808241	2.58550913	2.93336955	3.28788924	3.55945232	3.70603325	3.77272142	3.80734916	3.83589397	3.86056974	3.91059856	4.01288128	4.18751074	4.42010759	4.68009029	4.94460202	5.16705269	5.29853380	5.34702962	5.35190094	5.34094548	5.32321017	5.30422382	5.28477565	5.26169029	5.23154718	5.19073711	5.13932593	5.08740298	5.03741448	4.98684282	4.93299945	4.87787670	4.82434257	4.78366424	4.75729633	4.74549324	4.74412001	4.75155179	4.76483946	4.76947920	4.77683036	4.76280138	4.74674694	4.73057621	4.71476359
	1.80336798	1.92105990	2.10514707	2.34320196	2.64023709	2.99065638	3.34918925	3.62248634	3.76715439	3.82958291	3.86036146	3.88477945	3.90740905	3.95774479	4.06545313	4.24491074	4.48246152	4.74409786	5.00976856	5.22954095	5.35363649	5.39682738	5.39872478	5.38629164	5.36744559	5.34718714	5.32693930	5.30359487	5.27317472	5.23215614	5.18029427	5.12848922	5.07727267	5.02732575	4.97336978	4.91714708	4.86338343	4.82434766	4.79800687	4.78657482	4.78586989	4.79371712	4.80701453	4.81195648	4.81978205	4.80707349	4.79226656	4.77718191	4.76233497
	1.84441656	1.96411148	2.14978266	2.38837072	2.68510334	3.04010037	3.40174682	3.67821612	3.82257238	3.88255911	3.91056717	3.93198721	3.95300827	4.00544618	4.11873320	4.30364581	4.54540082	4.81152426	5.07901208	5.29764209	5.41635627	5.45493368	5.45546049	5.44125528	5.42031806	5.39880368	5.37854985	5.35412727	5.32246178	5.28075213	5.22867890	5.17542253	5.12433147	5.07391884	5.01764151	4.96103238	4.90876140	4.86694157	4.84177758	4.83031176	4.82984270	4.83752751	4.85058659	4.85551543	4.86348470	4.85156006	4.83755352	4.82319121	4.80893583
	1.90641980	2.02602203	2.21024354	2.44589370	2.73850590	3.09177049	3.45205258	3.72867352	3.87199891	3.92979683	3.95456408	3.97283653	3.99129686	4.04426931	4.16059576	4.34831406	4.59035999	4.85527810	5.12156789	5.33465339	5.44560735	5.47939301	5.47947009	5.46431771	5.44178107	5.41874085	5.39847842	5.37441097	5.34256013	5.30101520	5.24886378	5.19642894	5.14658189	5.09558038	5.03988468	4.98578173	4.93389992	4.89206045	4.86810378	4.85742803	4.85778710	4.86566504	4.87894105	4.88422279	4.89276715	4.88212687	4.86953852	4.85653681	4.84347737
	1.96227344	2.08165150	2.26468502	2.49840337	2.78961608	3.14104747	3.50153173	3.77747599	3.92091905	3.97808106	4.00063030	4.01783290	4.03400748	4.08808191	4.20846328	4.40133824	4.64679034	4.91228674	5.17768082	5.38536935	5.48672353	5.51543038	5.51378518	5.49778314	5.47411185	5.44962649	5.42636898	5.40131230	5.37003081	5.32829547	5.27608948	5.22351417	5.17345247	5.12188626	5.06879306	5.01266592	4.95993568	4.92029169	4.89661073	4.88617488	4.88651723	4.89429823	4.90726026	4.91241811	4.92100851	4.91157881	4.90041780	4.88870870	4.87678574
	1.97948997	2.09890176	2.28157194	2.51460743	2.80654545	3.15894882	3.52313876	3.80451209	3.95149844	4.00922951	4.03159066	4.04799237	4.06337952	4.11905108	4.24352397	4.44256847	4.69203165	4.96175551	5.22974946	5.43447795	5.53079611	5.55737564	5.55297307	5.53544670	5.50996649	5.48459597	5.45993276	5.43414631	5.40041422	5.35698748	5.30591005	5.25096268	5.20143736	5.15187283	5.09677125	5.04006076	4.98749282	4.94797814	4.92422489	4.91345036	4.91362852	4.92129096	4.93386052	4.93878052	4.94711737	4.93866598	4.92845991	4.91760643	4.90639532
	1.96048268	2.08090595	2.26489749	2.49998029	2.79558279	3.15152099	3.52235941	3.81066905	3.96370905	4.02450804	4.04844291	4.06502956	4.08054935	4.13833360	4.26722946	4.47238135	4.72826957	5.00359099	5.27519976	5.48028498	5.57584540	5.60148043	5.59548181	5.57641814	5.54882894	5.52248011	5.49674537	5.46972071	5.43508408	5.39026672	5.33712459	5.28195998	5.23183235	5.18078039	5.12447027	5.06684931	5.01342512	4.97324163	4.94878823	4.93745244	4.93719910	4.94454332	4.95672616	4.96147981	4.96751778	4.96171775	4.95195751	4.94151498	4.93070739
	1.92370774	2.04432301	2.22886464	2.46584884	2.76403096	3.12408086	3.50271791	3.80041598	3.96297738	4.03040242	4.05845515	4.07588091	4.09216710	4.15254148	4.28701711	4.49976658	4.76276198	5.04398734	5.31912425	5.52402170	5.61866064	5.64369091	5.63650506	5.61579027	5.58649732	5.55742657	5.53068452	5.50256368	5.46641325	5.42075052	5.36581813	5.31044986	5.25915573	5.20637240	5.14908309	5.08998661	5.03570274	4.99479426	4.96971221	4.95781437	4.95719234	4.96425563	4.97603943	4.98066084	4.98432705	4.98164971	4.97269844	4.96291356	4.95268578
	1.90947163	2.03237397	2.22006736	2.46126506	2.76497581	3.13025575	3.51251589	3.81332946	3.97763888	4.04733950	4.07731482	4.09652764	4.11432732	4.17688810	4.31626514	4.53558074	4.80303827	5.09122134	5.36978165	5.57632428	5.67068440	5.69476373	5.68660864	5.66472536	5.63455773	5.60384201	5.57576650	5.54691115	5.50942544	5.46231180	5.40574945	5.34804737	5.29520566	5.24013655	5.18053841	5.11945171	5.06309870	5.02038546	4.99362494	4.98010490	4.97799906	4.98371422	4.99427484	4.99784165	4.99779850	4.99747070	4.98845597	4.97838703	4.96773415
	1.88701969	2.01052305	2.19922017	2.44233500	2.74847544	3.11659734	3.50331906	3.80853934	3.97730502	4.05028521	4.08246032	4.10230023	4.12092498	4.18514958	4.32793933	4.55158510	4.82366284	5.11491554	5.39593740	5.60302025	5.69692577	5.72079144	5.71206633	5.68940822	5.65861699	5.62625209	5.59787706	5.56798289	5.52992615	5.48245463	5.42452414	5.36665416	5.31251632	5.25608034	5.19586323	5.13360687	5.07643608	5.03307912	5.00573246	4.99171532	4.98914327	4.99450517	5.00468342	5.00801151	5.00665918	5.00783075	4.99912349	4.98928513	4.97880006
	1.83584193	1.95785898	2.14508851	2.38780347	2.69250859	3.06260859	3.45250520	3.76621855	3.94493916	4.02728435	4.06621078	4.08961893	4.11079841	4.17669002	4.32367244	4.55324512	4.82984626	5.12309963	5.40506880	5.61121051	5.70454653	5.72895457	5.72094319	5.69863289	5.66671888	5.63262685	5.60280518	5.57264897	5.53458541	5.48753677	5.42862796	5.37001846	5.31507818	5.25844038	5.19688189	5.13423356	5.07551404	5.03145401	5.00375494	4.98935502	4.98646474	4.99160716	5.00182908	5.00505670	5.00238556	5.00520868	4.99728357	4.98821849	4.97808627
	1.80434131	1.92676939	2.11499450	2.35983359	2.66738071	3.03993348	3.43364950	3.75159294	3.93608106	4.02374886	4.06697537	4.09294232	4.11633862	4.18425461	4.33629907	4.57188528	4.85287253	5.14939704	5.43462477	5.64062807	5.73324113	5.75837493	5.74964905	5.72618883	5.69271202	5.65795735	5.62664953	5.59497721	5.55690091	5.50905329	5.44832242	5.38906364	5.33246572	5.27378688	5.21111415	5.14742395	5.08721905	5.04180952	5.01292030	4.99743303	4.99354912	4.99777035	5.00723277	5.00990229	5.00664963	5.01013290	5.00233120	4.99367997	4.98366310
	1.78358987	1.90693270	2.09668648	2.34418943	2.65491709	3.03073636	3.42793536	3.74917980	3.93767048	4.02941506	4.07666354	4.10533761	4.13070007	4.20098040	4.35789123	4.59874652	4.88492950	5.18567174	5.47332461	5.68040099	5.77270320	5.79715588	5.78858789	5.76363690	5.72935368	5.69337933	5.66053117	5.62749710	5.58793472	5.53987570	5.47785772	5.41718798	5.35881166	5.29774281	5.23351633	5.16844557	5.10669118	5.05961540	5.02928592	5.01233556	5.00707059	5.00996487	5.01819023	5.01997476	5.01603235	5.01983179	5.01195089	5.00346864	4.99341176
	1.78511256	1.90670357	2.09388189	2.33895521	2.64704944	3.02019965	3.41418013	3.73813117	3.93167657	4.02897262	4.08097344	4.11325770	4.14103567	4.21312379	4.37249596	4.61573322	4.90214233	5.20175971	5.48927737	5.69380547	5.78519756	5.80979480	5.80003690	5.77306567	5.73868165	5.70229728	5.66837816	5.63437157	5.59488821	5.54585009	5.48380481	5.42251610	5.36466055	5.30274482	5.23779720	5.17139275	5.10943988	5.06136527	5.02995739	5.01184280	5.00528600	5.00672946	5.01337448	5.01425296	5.00985651	5.01414968	5.00588770	4.99797371	4.98717681
	1.78840104	1.90860901	2.09374344	2.33683169	2.64267711	3.01410145	3.40541553	3.73116235	3.92902170	4.03128446	4.08832462	4.12383977	4.15390309	4.22776477	4.38953860	4.63530663	4.92270620	5.22145632	5.50756281	5.71096091	5.80077971	5.82532019	5.81568297	5.78746647	5.75239945	5.71556324	5.68125803	5.64596367	5.60607280	5.55703792	5.49443535	5.43279554	5.37484366	5.31227641	5.24588845	5.17840634	5.11585187	5.06697229	5.03401748	5.01469800	5.00685444	5.00677812	5.01181551	5.01162728	5.00662688	5.00930377	5.00250437	4.99491142	4.98227443
	1.75436470	1.87184481	2.05313864	2.29285941	2.59504844	2.96208506	3.35218267	3.68226977	3.88788629	3.99791290	4.06110814	4.10163263	4.13493719	4.21149901	4.37569908	4.62379199	4.91143019	5.20889773	5.49411655	5.69610392	5.78540864	5.81000364	5.79918208	5.77001177	5.73446919	5.69759438	5.66267179	5.62789728	5.58715368	5.53721665	5.47436276	5.41251437	5.35454380	5.29285435	5.22673947	5.15931237	5.09699794	5.04725332	5.01393739	4.99378360	4.98560276	4.98498470	4.98939497	4.98898402	4.98403340	4.98714130	4.98032532	4.97228646	4.95919731
	1.75246579	1.87002115	2.05144520	2.29208027	2.59540152	2.96275639	3.35265800	3.68349043	3.89179605	4.00593218	4.07320936	4.11762241	4.15367422	4.23349289	4.40302013	4.65560321	4.94587109	5.24471990	5.53004289	5.73103716	5.81974437	5.84294626	5.83083595	5.80126754	5.76459873	5.72715847	5.69177455	5.65591652	5.61359763	5.56211440	5.49820568	5.43501950	5.37535072	5.31248185	5.24390952	5.17527643	5.11160178	5.06015648	5.02480331	5.00262193	4.99266148	4.99028267	4.99284027	4.99111207	4.98533635	4.98526961	4.98085521	4.97265393	4.95794777
	1.73432384	1.85337727	2.03714643	2.28132469	2.58887293	2.96005131	3.35334982	3.68654688	3.89735650	4.01507062	4.08609521	4.13396634	4.17250751	4.25602252	4.43197447	4.69040717	4.98612323	5.28910961	5.57705134	5.77984230	5.86857102	5.88988722	5.87751154	5.84792986	5.80995346	5.77143845	5.73536020	5.69819143	5.65415816	5.60170823	5.53592180	5.47099815	5.40912895	5.34379956	5.27236738	5.20216931	5.13654634	5.08283361	5.04551699	5.02116224	5.00937487	5.00545838	5.00648129	5.00360315	4.99706592	4.99400593	4.99139021	4.98252549	4.96816995
	1.69362282	1.81237929	1.99602008	2.24106457	2.54971121	2.92126754	3.31706534	3.65422685	3.86970487	3.99208188	4.06660972	4.11773413	4.15893597	4.24509400	4.42451113	4.68668407	4.98432499	5.28903733	5.57878670	5.78209573	5.87098239	5.89223397	5.87859573	5.84872477	5.81041628	5.77166953	5.73524820	5.69808896	5.65383835	5.59996016	5.53342022	5.46764495	5.40504057	5.33897194	5.26755223	5.19673050	5.13062440	5.07589441	5.03813310	5.01305573	5.00055471	4.99629786	4.99708853	4.99407996	4.98758103	4.98363642	4.98133409	4.97226219	4.95894408
	1.67494839	1.79445295	1.97943536	2.22680698	2.53825377	2.91208005	3.30985387	3.64912107	3.86728647	3.99282777	4.07063679	4.12465857	4.16856755	4.25769559	4.44181041	4.70828727	5.00884523	5.31581795	5.60707475	5.81137749	5.90011811	5.91975887	5.90550019	5.87504327	5.83626159	5.79686180	5.76001516	5.72220696	5.67685228	5.62190535	5.55430366	5.48711732	5.42296290	5.35527450	5.28237405	5.21005902	5.14249434	5.08688221	5.04709012	5.02072210	5.00642009	5.00071865	5.00019883	4.99617195	4.98889492	4.98264115	4.98204373	4.97250202	4.95925474
	1.62139757	1.74123155	1.92735033	2.17803505	2.49350980	2.87141162	3.27194595	3.61847033	3.84532510	3.97970244	4.06674379	4.12759467	4.17769855	4.27384943	4.46773193	4.74265729	5.04949927	5.35968081	5.65297239	5.85839929	5.94718900	5.96543296	5.95096620	5.92019900	5.87950553	5.83889709	5.80138979	5.76164304	5.71469267	5.65867527	5.58842430	5.51831890	5.45156625	5.38085449	5.30594376	5.23086437	5.15991035	5.10206615	5.05948069	5.02996430	5.01232311	5.00383765	5.00069304	4.99473388	4.98597708	4.97880417	4.97698128	4.96779287	4.95492998
	1.61232200	1.73359851	1.92188081	2.17567394	2.49476793	2.87551677	3.27898409	3.62693323	3.85594081	3.99292533	4.08263042	4.14665514	4.20016703	4.29972852	4.49920011	4.77936696	5.08914215	5.40198819	5.69759130	5.90395974	5.99198079	6.00974184	5.99358463	5.96180523	5.92163451	5.88034531	5.84199781	5.80135504	5.75302997	5.69519316	5.62430550	5.55229972	5.48340047	5.41038637	5.33335088	5.25584411	5.18282603	5.12365737	5.07891376	5.04742391	5.02762028	5.01697516	5.01188451	5.00433105	4.99455866	4.98674627	4.98394697	4.97464849	4.96179592
	1.60394772	1.72354314	1.90959829	2.16122648	2.47821199	2.85501306	3.25682062	3.60536177	3.83888776	3.98227730	4.07812821	4.14840560	4.20736018	4.31140568	4.51549809	4.79742087	5.10807102	5.41939909	5.71220379	5.91727750	6.00393479	6.02187013	6.00679250	5.97416560	5.93394344	5.89220579	5.85365122	5.81184584	5.76373169	5.70514501	5.63369644	5.56081479	5.49062143	5.41609125	5.33753893	5.25920140	5.18570244	5.12545367	5.07852557	5.04532405	5.02356095	5.01035872	5.00315407	4.99337830	4.98292943	4.97486014	4.97092615	4.96208625	4.94943055
	1.61123640	1.72861131	1.91174935	2.16048272	2.47391026	2.84546125	3.24256443	3.58908803	3.82447843	3.97218992	4.07280094	4.14864804	4.21175801	4.31931757	4.52630106	4.80851327	5.11691227	5.42506744	5.71428210	5.91675050	6.00146015	6.01914591	6.00419799	5.97175527	5.93180277	5.89017316	5.85149914	5.80950372	5.76137672	5.70252459	5.63107244	5.55796098	5.48705824	5.41159056	5.33199224	5.25341467	5.17983579	5.11917430	5.07109106	5.03625086	5.01280381	4.99789197	4.98830711	4.97696299	4.96598611	4.95766689	4.95271162	4.94469412	4.93216662
	1.61479918	1.72938911	1.90890393	2.15391548	2.46303083	2.82852556	3.21950721	3.56357684	3.80113820	3.95352291	4.05964035	4.14150498	4.20872958	4.32001196	4.52950181	4.81126719	5.11682382	5.42060803	5.70572401	5.90502862	5.98774957	6.00517768	5.99021543	5.95884762	5.91889735	5.87765552	5.83893120	5.79702826	5.74905083	5.69042203	5.61884701	5.54579817	5.47447842	5.39834638	5.31790012	5.23944841	5.16564262	5.10518218	5.05673453	5.01998592	4.99527097	4.97897930	4.96667942	4.95394614	4.94262260	4.93417377	4.92836113	4.92138714	4.90900642
	1.61562960	1.73077269	1.91107796	2.15712533	2.46720998	2.83384717	3.22529037	3.56977975	3.80757745	3.96031816	4.06691780	4.14934290	4.21705865	4.32913342	4.53993840	4.82288188	5.12904562	5.43370548	5.71972814	5.91940117	6.00223793	6.01920963	6.00383953	5.97286630	5.93292900	5.89138880	5.85245731	5.81027272	5.76180702	5.70316639	5.63130404	5.55782835	5.48597542	5.40922161	5.32811462	5.24894654	5.17452004	5.11342996	5.06460483	5.02728405	5.00216041	4.98538339	4.97255779	4.95940264	4.94781978	4.93921319	4.93284347	4.92617458	4.91368369
	1.62786876	1.74102748	1.91888683	2.16245512	2.46954343	2.83084854	3.21575036	3.55703144	3.79688706	3.95510461	4.06861301	4.15777008	4.23158577	4.35006356	4.56602208	4.84970910	5.15337013	5.45403328	5.73700567	5.93295995	6.01361733	6.02936795	6.01333319	5.98293585	5.94414432	5.90284525	5.86343139	5.82073782	5.77137174	5.71245162	5.64071114	5.56639807	5.49296896	5.41413457	5.33093559	5.24990465	5.17379599	5.11099472	5.06158453	5.02202782	4.99447968	4.97477072	4.95868450	4.94336902	4.93031512	4.92053652	4.91308993	4.90716561	4.89458002
	1.62886242	1.74033850	1.91613972	2.15724678	2.46210465	2.81903632	3.20017141	3.53938246	3.78037756	3.94166629	4.05905723	4.15172186	4.22908743	4.35050111	4.56821419	4.85116889	5.15287732	5.44994590	5.73065841	5.92364293	6.00312472	6.01829161	6.00324519	5.97267647	5.93462335	5.89352696	5.85417367	5.81126637	5.76215666	5.70295461	5.63171642	5.55730493	5.48347346	5.40398173	5.32020286	5.23867694	5.16213255	5.09895377	5.04919239	5.00995333	4.98153651	4.96068764	4.94395087	4.92720691	4.91354774	4.90298531	4.89621768	4.88981845	4.87725991
	1.65674151	1.76614175	1.93893993	2.17636993	2.47652949	2.82600004	3.19984745	3.53449184	3.77713723	3.94401635	4.06841814	4.16857260	4.25280835	4.37864294	4.60018128	4.88300390	5.18058582	5.47432970	5.75126874	5.94089973	6.01812644	6.03381637	6.01797176	5.98959753	5.95261762	5.91209018	5.87238941	5.82991921	5.77943609	5.72136142	5.64978150	5.57496602	5.50009061	5.41856942	5.33300143	5.24991247	5.17184008	5.10716385	5.05594157	5.01552991	4.98518207	4.96231278	4.94367188	4.92360855	4.90913755	4.89616514	4.88754722	4.88164449	4.86920065
	1.66820757	1.77418637	1.94273037	2.17505914	2.46979124	2.80973108	3.17404781	3.50320093	3.74693425	3.91929154	4.05068866	4.15843093	4.25000789	4.38126362	4.60516065	4.88474792	5.17678491	5.46388523	5.73421288	5.91825033	5.99298372	6.00828212	5.99439968	5.96591530	5.93098138	5.89141709	5.85211051	5.80962891	5.75989403	5.70135329	5.63135448	5.55686473	5.48164362	5.39879954	5.31227656	5.22842017	5.14984404	5.08425144	5.03204604	4.99110847	4.95908322	4.93421295	4.91380508	4.89340253	4.87808420	4.86351809	4.85463123	4.84691456	4.83463008
	1.67706590	1.78200248	1.94903463	2.17934706	2.47196771	2.80828544	3.16873829	3.49623268	3.74198331	3.91907177	4.05608493	4.16978544	4.26697113	4.40305436	4.63011258	4.91003612	5.20006857	5.48555324	5.75397657	5.93598500	6.01018583	6.02547116	6.01162949	5.98354193	5.94995143	5.91072113	5.87139238	5.82859352	5.77805073	5.71951037	5.65010455	5.57525189	5.49900196	5.41442399	5.32628311	5.24077370	5.16090917	5.09369503	5.04005163	4.99741182	4.96353372	4.93659925	4.91409784	4.89285367	4.87635789	4.86165096	4.85214382	4.84077137	4.82978619
	1.68557727	1.78827858	1.95194397	2.17828648	2.46636051	2.79644074	3.14971895	3.47405641	3.72274921	3.90671238	4.05194125	4.17423306	4.27931289	4.42262660	4.65311435	4.93175229	5.21957723	5.50094432	5.76571613	5.94468731	6.01805543	6.03362009	6.02096554	5.99313027	5.96171425	5.92376974	5.88487037	5.84182085	5.79204492	5.73220734	5.66387954	5.58915412	5.51155417	5.42511136	5.33512344	5.24763416	5.16620617	5.09727909	5.04202554	4.99741039	4.96130352	4.93181027	4.90667110	4.88381455	4.86594767	4.85170078	4.84133717	4.82654228	4.81585609
	1.68749279	1.78765222	1.94761140	2.16963965	2.45306563	2.77724017	3.12433717	3.44547575	3.69621240	3.88477860	4.03540122	4.16346425	4.27388899	4.42104743	4.65210771	4.92812441	5.21245900	5.48922388	5.75003384	5.92576575	5.99805144	6.01449768	6.00243542	5.97692731	5.94595986	5.90916743	5.87066768	5.82820335	5.77868690	5.72043980	5.65218076	5.57813765	5.50047710	5.41363113	5.32327835	5.23525602	5.15350367	5.08429533	5.02866279	4.98338658	4.94645427	4.91575468	4.88939739	4.86577675	4.84733473	4.83393491	4.82312603	4.80688963	4.79536843
	1.67385638	1.77399561	1.93434944	2.15760697	2.44200269	2.76553329	3.11053117	3.43260145	3.68749001	3.88233598	4.04037698	4.17589838	4.29363547	4.44814816	4.68433200	4.96240598	5.24801560	5.52442849	5.78514729	5.96082965	6.03323161	6.05055934	6.03896004	6.01324900	5.98393582	5.94818686	5.90993150	5.86680054	5.81681095	5.75695115	5.68905543	5.61386167	5.53416987	5.44467033	5.35172410	5.26095576	5.17670282	5.10518106	5.04720990	4.99953516	4.96025006	4.92688963	4.89787027	4.87232426	4.85274716	4.83882816	4.82706078	4.81106303	4.79755323
	1.64619002	1.74415527	1.90173802	2.12237028	2.40372528	2.72426336	3.06382206	3.38497102	3.64382497	3.84521941	4.01070413	4.15405251	4.27859266	4.43927301	4.67818520	4.95500048	5.23833571	5.51159447	5.76912442	5.94212445	6.01410153	6.03244876	6.02133276	5.99816563	5.96883822	5.93482199	5.89715913	5.85420894	5.80411032	5.74523878	5.67671219	5.60163990	5.52237000	5.43194527	5.33815371	5.24610984	5.16099442	5.08841767	5.02937593	4.98057301	4.94007391	4.90537735	4.87493403	4.84846809	4.82828829	4.81425530	4.80191050	4.78585998	4.77161487
	1.64246961	1.73651755	1.88792228	2.10138793	2.37556721	2.68946984	3.02036633	3.33684578	3.59734960	3.80391397	3.97559226	4.12552549	4.25702082	4.42167567	4.65930926	4.93271632	5.21104541	5.48006319	5.73256412	5.90150063	5.97257269	5.99193691	5.98256604	5.96056049	5.93431087	5.90105520	5.86456941	5.82221352	5.77319173	5.71545710	5.64906850	5.57563141	5.49627939	5.40681155	5.31353324	5.22192640	5.13699984	5.06489588	5.00619011	4.95760438	4.91719739	4.88234178	4.85159529	4.82478839	4.80446820	4.79032960	4.77775472	4.76177555	4.74661740
	1.65180721	1.74572105	1.89680459	2.10979645	2.38311362	2.69542048	3.02474577	3.34010780	3.60183712	3.81128321	3.98647889	4.14008890	4.27468838	4.44329954	4.68328394	4.95682203	5.23538998	5.50288811	5.75528667	5.92472422	5.99607818	6.01582449	6.00676954	5.98542402	5.95868019	5.92689742	5.89092587	5.84850780	5.79912983	5.74120997	5.67370700	5.60096599	5.52034286	5.42958579	5.33497507	5.24204902	5.15583862	5.08247119	5.02250667	4.97270833	4.93106458	4.89495588	4.86291109	4.83492114	4.81393190	4.79935086	4.78624420	4.76985358	4.75421509
	1.65295248	1.74562245	1.89509057	2.10666592	2.37808319	2.68784992	3.01373464	3.32648294	3.58981245	3.80316492	3.98317793	4.14200527	4.28160364	4.45469942	4.69616846	4.96837591	5.24507102	5.50936544	5.75972826	5.92756761	5.99860607	6.01840166	6.01055509	5.99000190	5.96412376	5.93435043	5.89923019	5.85735032	5.80838380	5.75056816	5.68305397	5.61137742	5.53016882	5.43874956	5.34308193	5.24952429	5.16229436	5.08788519	5.02670636	4.97572236	4.93282426	4.89522863	4.86169432	4.83259882	4.81096781	4.79585187	4.78215620	4.76531480	4.74894857
	1.64097998	1.73352945	1.88280841	2.09429936	2.36557979	2.67469053	2.99944266	3.31195993	3.57938931	3.79954372	3.98711499	4.15343447	4.30102962	4.48107495	4.72645422	4.99992539	5.27700018	5.54025496	5.79061577	5.95838710	6.03044788	6.05097308	6.04411571	6.02478671	5.99959921	5.97085523	5.93719320	5.89569677	5.84664683	5.78858386	5.72015793	5.64809492	5.56489216	5.47202650	5.37392457	5.27826945	5.18846084	5.11168662	5.04816096	4.99478835	4.94952047	4.90939937	4.87332990	4.84222057	4.81921277	4.80318170	4.78845212	4.77070749	4.75324519
	1.62860594	1.71776054	1.86160747	2.06602788	2.33092229	2.63503925	2.95317970	3.26318137	3.53384094	3.76032962	3.95501608	4.12894861	4.28388304	4.46778365	4.71233870	4.98198992	5.25485211	5.51409666	5.75968804	5.92404024	5.99579444	6.01755067	6.01257530	5.99545378	5.97355574	5.94640793	5.91356861	5.87311672	5.82558440	5.76878019	5.70253007	5.63174950	5.54932167	5.45654884	5.35886924	5.26363569	5.17358092	5.09679119	5.03303411	4.97926168	4.93351744	4.89279707	4.85612585	4.82423305	4.80055855	4.78403490	4.76861897	4.75030930	4.73190279
	1.63905732	1.72707034	1.86894154	2.07070016	2.33279555	2.63375928	2.94865166	3.25650065	3.52798555	3.75723551	3.95557781	4.13319378	4.29209162	4.47885375	4.72342364	4.99112688	5.26203165	5.51887243	5.76218223	5.92526238	5.99723969	6.01958386	6.01564625	5.99947288	5.97868980	5.95282182	5.92091513	5.88115560	5.83421407	5.77776250	5.71211470	5.64163114	5.55904727	5.46601870	5.36804459	5.27243896	5.18171238	5.10432911	5.03981995	4.98518160	4.93851960	4.89688120	4.85925868	4.82651024	4.80222638	4.78528435	4.76936343	4.75051063	4.73173770
	1.64925254	1.73517372	1.87363803	2.07117779	2.32884254	2.62508355	2.93475638	3.23936092	3.51243423	3.74674193	3.95109536	4.13500785	4.30061009	4.49204977	4.73611401	5.00112723	5.26885134	5.52169569	5.76108288	5.92230104	5.99443831	6.01745756	6.01539403	6.00137322	5.98191664	5.95758387	5.92809434	5.88980605	5.84385749	5.78843966	5.72345213	5.65291229	5.57087202	5.47765494	5.37915852	5.28305574	5.19139669	5.11320441	5.04753368	4.99153094	4.94334953	4.90026588	4.86120591	4.82723638	4.80204008	4.78440193	4.76769315	4.74804177	4.72843692
	1.64498503	1.72838730	1.86287980	2.05579159	2.30929563	2.60175262	2.90727760	3.20902552	3.48276279	3.71965055	3.92738934	4.11509255	4.28390075	4.47735015	4.71999248	4.98193852	5.24638592	5.49666874	5.73257549	5.89179605	5.96354952	5.98695025	5.98633427	5.97371694	5.95507871	5.93257392	5.90405406	5.86681995	5.82167449	5.76728508	5.70320443	5.63403867	5.55326574	5.46037724	5.36258553	5.26709459	5.17585634	5.09806266	5.03265588	4.97665897	4.92846604	4.88539699	4.84637826	4.81242706	4.78717589	4.76948699	4.75269264	4.73299754	4.71307610
	1.63426886	1.71499689	1.84518160	2.03327253	2.28224655	2.57070702	2.87255251	3.17087153	3.44464996	3.68308562	3.89316536	4.08342816	4.25504084	4.44937996	4.68940348	4.94780133	5.20796348	5.45533564	5.68720907	5.84336115	5.91427439	5.93810705	5.93858441	5.92743813	5.91039632	5.88888956	5.86129607	5.82514605	5.78118301	5.72784921	5.66558034	5.59755899	5.51789646	5.42641965	5.32985474	5.23550019	5.14535067	5.06846476	5.00387239	4.94841093	4.90062904	4.85804426	4.81953700	4.78599550	4.76096966	4.74343024	4.72671034	4.70715081	4.68717269
	1.63178173	1.71090984	1.83859728	2.02424087	2.27060506	2.55604641	2.85525171	3.15153157	3.42749176	3.67004854	3.88545210	4.08135740	4.25832818	4.45711830	4.69765028	4.95418437	5.21233324	5.45694461	5.68673760	5.84161559	5.91285509	5.93799241	5.93993641	5.93053690	5.91413543	5.89496358	5.86877192	5.83393261	5.79074722	5.73825259	5.67591001	5.60906077	5.52908821	5.43734529	5.34017588	5.24534709	5.15434243	5.07661306	5.01096041	4.95422793	4.90513989	4.86124468	4.82150532	4.78682781	4.76099582	4.74289155	4.72550287	4.70519954	4.68455767
	1.63098331	1.70932651	1.83589707	2.02066814	2.26564866	2.54929654	2.84688274	3.14241113	3.42012114	3.66647287	3.88638094	4.08712891	4.26929343	4.47197352	4.71307075	4.96830278	5.22504364	5.46782493	5.69575512	5.84993924	5.92146441	5.94749315	5.95063963	5.94250824	5.92764893	5.90956141	5.88472360	5.85096061	5.80894484	5.75722084	5.69553499	5.62861477	5.54785928	5.45581939	5.35777249	5.26223885	5.17018371	5.09146025	5.02455024	4.96635714	4.91588091	4.87032636	4.82913085	4.79311975	4.76630904	4.74741976	4.72922960	4.70807747	4.68670316
	1.63182912	1.70766170	1.83011550	2.01019903	2.25032868	2.52891148	2.82156498	3.11411157	3.39255446	3.64400766	3.86989938	4.07758271	4.26755806	4.47521504	4.71510015	4.96634156	5.21847428	5.45709838	5.68032757	5.83247507	5.90470163	5.93295617	5.93834336	5.93234244	5.92131843	5.90482913	5.88237518	5.85072965	5.81071639	5.76075247	5.70073263	5.63475187	5.55337370	5.46232334	5.36415765	5.26841352	5.17608511	5.09679155	5.02906458	4.96966831	4.91780264	4.87097652	4.82841950	4.79107363	4.76310861	4.74307808	4.72382543	4.70161027	4.67905285
	1.63607704	1.71042200	1.83042607	2.00784768	2.24517453	2.52038978	2.80982589	3.10044158	3.37982926	3.63539799	3.86613926	4.07910305	4.27561973	4.48707894	4.72674596	4.97606790	5.22562800	5.46198706	5.68293073	5.83375558	5.90739985	5.93727681	5.94429275	5.94048089	5.93129344	5.91592732	5.89485807	5.86607979	5.82759370	5.77897005	5.71962996	5.65376851	5.57223015	5.48004328	5.38222403	5.28637493	5.19333246	5.11330280	5.04472945	4.98424927	4.93131750	4.88330585	4.83958093	4.80113059	4.77222224	4.75125434	4.73110779	4.70791874	4.68433233
	1.66673757	1.73843185	1.85426793	2.02711394	2.25944015	2.52811732	2.81049643	3.09591027	3.37295667	3.62985369	3.86416563	4.08140200	4.28363624	4.49722358	4.73383893	4.97763015	5.22185389	5.45114153	5.66726963	5.81557442	5.88863023	5.91971946	5.92918586	5.92811853	5.92156172	5.90796518	5.88949855	5.86370126	5.82778207	5.78194647	5.72502051	5.65922118	5.57906410	5.48709068	5.39105712	5.29546832	5.20310068	5.12338971	5.05448552	4.99334711	4.93963137	4.89076373	4.84615315	4.80678287	4.77706023	4.75515304	4.73412452	4.70997419	4.68535988
	1.68742964	1.75407768	1.86095875	2.02203498	2.24360058	2.50209702	2.77475336	3.05321135	3.32904288	3.59094624	3.83317111	4.05943562	4.27272263	4.49090451	4.72303867	4.95858280	5.19444231	5.41517603	5.62272809	5.76657861	5.83961038	5.87281683	5.88660332	5.88993224	5.88801245	5.87917403	5.86422672	5.84369875	5.81296843	5.77103088	5.71989912	5.65684929	5.57815523	5.48857226	5.39384265	5.30157256	5.20951011	5.13138645	5.06271279	5.00083607	4.94602652	4.89601366	4.85013626	4.80926146	4.77764812	4.75363959	4.73071365	4.70471343	4.67797273
	1.68618135	1.75020313	1.85232989	2.00674428	2.22266466	2.47666078	2.74536165	3.02118215	3.29699234	3.56143349	3.80732493	4.03802275	4.25653184	4.47667704	4.70609055	4.93807451	5.16958286	5.38608107	5.59016916	5.73095059	5.80367209	5.83780823	5.85310404	5.85883675	5.85927580	5.85339968	5.83987164	5.82121307	5.79438046	5.75537021	5.70683197	5.64550287	5.56835370	5.47993843	5.38573750	5.29527996	5.20534115	5.12769787	5.05953507	4.99740576	4.94215225	4.89168010	4.84521188	4.80344619	4.77070428	4.74550981	4.72158502	4.69465519	4.66683882
	1.69334362	1.75610786	1.85622829	2.00840760	2.22217496	2.47358126	2.74005084	3.01538886	3.29262291	3.56094602	3.81191968	4.04840437	4.27320281	4.49702606	4.72656783	4.95688088	5.18709885	5.40029549	5.60310225	5.74497389	5.81953899	5.85421781	5.87126682	5.87934096	5.88208843	5.87833943	5.86681785	5.84964439	5.82441370	5.78715456	5.74196806	5.68170649	5.60406435	5.51510187	5.42086527	5.32879450	5.23832620	5.15915711	5.08995045	5.02626858	4.96917122	4.91689426	4.86856148	4.82707925	4.79262328	4.76574876	4.74035488	4.71209861	4.68300873
	1.66446310	1.72423357	1.81906684	1.96330297	2.16986433	2.41673595	2.68000014	2.95370342	3.23237195	3.50510232	3.76270035	4.00666427	4.23940189	4.46803986	4.69640173	4.92321835	5.14902235	5.35928078	5.55719357	5.69834886	5.77373588	5.81061887	5.82998028	5.84168681	5.84714495	5.84597202	5.83797082	5.82365426	5.80050400	5.76758333	5.72533727	5.66847346	5.59348113	5.50654675	5.41418554	5.32241493	5.23268973	5.15427003	5.08562800	5.02190017	4.96403061	4.91081442	4.86149041	4.81780680	4.78143326	4.75380150	4.72675505	4.69714681	4.66694223
	1.64718797	1.70302746	1.79155162	1.92689028	2.12592114	2.36746713	2.62548047	2.89515209	3.17242066	3.44664739	3.70880594	3.95858285	4.19786446	4.42927100	4.65443504	4.87515151	5.09348953	5.29825814	5.49027689	5.62720045	5.70253647	5.74116354	5.76303939	5.77739164	5.78637196	5.78857050	5.78391841	5.77261029	5.75372967	5.72455838	5.68645337	5.63311858	5.56172952	5.47933704	5.39044515	5.30114840	5.21314862	5.13681065	5.06963564	5.00601123	4.94887602	4.89576937	4.84608057	4.80000070	4.76193543	4.73379042	4.70516589	4.67433174	4.64454679
	1.66164880	1.71700439	1.80490693	1.93956072	2.13749815	2.37735713	2.63360429	2.90262863	3.18079021	3.45719397	3.72198547	3.97547914	4.21806821	4.45194196	4.67755300	4.89657851	5.11382556	5.31805465	5.50817971	5.64455185	5.72194203	5.76196467	5.78519756	5.80071152	5.81143088	5.81564478	5.81277461	5.80293974	5.78522340	5.75748804	5.71940334	5.66580850	5.59411511	5.51253540	5.42467135	5.33623457	5.24803159	5.17161754	5.10401108	5.03913649	4.98001076	4.92549385	4.87477497	4.82718768	4.78760213	4.75745328	4.72759513	4.69650215	4.66659419
	1.63858640	1.68944150	1.77007239	1.89335312	2.08062095	2.31439095	2.56536289	2.82995674	3.10579696	3.38221290	3.64993935	3.90654802	4.15375480	4.38845410	4.61002516	4.82176413	5.03150263	5.23091228	5.41357390	5.54540800	5.62246557	5.66407693	5.68917061	5.70686804	5.72061112	5.72914025	5.72959854	5.72328179	5.70915513	5.68615352	5.65264209	5.60254104	5.53329811	5.45559718	5.37255781	5.29031494	5.20575609	5.13246131	5.06778743	5.00437002	4.94662526	4.89258222	4.84257481	4.79495068	4.75432299	4.72155778	4.69133289	4.65953164	4.62984576
	1.63842995	1.68898746	1.76933576	1.89243347	2.07929913	2.31241652	2.56273863	2.82762439	3.10466796	3.38375062	3.65397255	3.91367223	4.16443344	4.40070577	4.62295789	4.83462336	5.04386506	5.24378973	5.42548130	5.55751482	5.63476192	5.67734733	5.70355832	5.72234850	5.73732421	5.74722962	5.74955025	5.74439493	5.73139429	5.70983046	5.67722832	5.62738870	5.55772280	5.47904204	5.39530728	5.31440013	5.23045876	5.15710152	5.09201641	5.02770794	4.96899032	4.91390287	4.86260454	4.81379741	4.77182233	4.73778506	4.70615202	4.67334192	4.64344942
	1.63661839	1.68724072	1.76785560	1.89152951	2.07875059	2.31180579	2.56205176	2.82751307	3.10568242	3.38680832	3.65876450	3.92054209	4.17385109	4.41107125	4.63389137	4.84623334	5.05553029	5.25594754	5.43755169	5.56994544	5.64727687	5.69042504	5.71733178	5.73677812	5.75246401	5.76289918	5.76638970	5.76192567	5.74968383	5.72892948	5.69670335	5.64694552	5.57735024	5.49750435	5.41291853	5.33216332	5.24860710	5.17529994	5.10973629	5.04475182	4.98528612	4.92943906	4.87714976	4.82744640	4.78466262	4.75000026	4.71728102	4.68387058	4.65340053
	1.64450666	1.69575468	1.77741519	1.90291631	2.09193575	2.32567238	2.57621873	2.84215739	3.12098158	3.40272388	3.67513314	3.93713286	4.19081171	4.42852951	4.65160812	4.86532225	5.07570191	5.27670817	5.45814788	5.59207524	5.66958093	5.71278436	5.73971994	5.75918975	5.77489864	5.78533248	5.78811512	5.78358998	5.77120917	5.75030945	5.71789379	5.66786943	5.59759573	5.51684479	5.43175940	5.34974883	5.26516211	5.19205034	5.12588099	5.06031883	5.00040802	4.94397192	4.89113714	4.84099628	4.79796642	4.76299582	4.73004209	4.69630915	4.66578828
	1.63787999	1.68887240	1.77026775	1.89536273	2.08379636	2.31702189	2.56728854	2.83337257	3.11293265	3.39577553	3.66949642	3.93257674	4.18780772	4.42629001	4.64893069	4.86227183	5.07219356	5.27271660	5.45383640	5.58758779	5.66528975	5.70889470	5.73641253	5.75642670	5.77272816	5.78349317	5.78677193	5.78294616	5.77128026	5.75086547	5.71911337	5.66983796	5.59996213	5.51952748	5.43469721	5.35214687	5.26786833	5.19535729	5.12926900	5.06365601	5.00360617	4.94688260	4.89380208	4.84314016	4.79956668	4.76406436	4.73071735	4.69705483	4.66561809
	1.61810900	1.66809279	1.74809892	1.87082562	2.05652253	2.28822452	2.53777889	2.80381093	3.08419634	3.36869819	3.64448959	3.90957286	4.16753203	4.40689951	4.62865853	4.84036164	5.04854873	5.24789960	5.42852792	5.56062637	5.63854118	5.68288103	5.71143871	5.73242313	5.74978894	5.76103717	5.76607324	5.76356523	5.75335084	5.73409052	5.70368071	5.65596433	5.58732393	5.50812070	5.42422526	5.34177482	5.25921848	5.18758164	5.12205194	5.05679632	4.99683328	4.94007020	4.88693569	4.83568976	4.79128121	4.75506034	4.72118329	4.68792434	4.65475649
	1.60881988	1.65806066	1.73708547	1.85833510	2.04240669	2.27292204	2.52146073	2.78689701	3.06731312	3.35216109	3.62882067	3.89473506	4.15397128	4.39346723	4.61374936	4.82425360	5.03065021	5.22887293	5.40766346	5.53938854	5.61718771	5.66183541	5.69103583	5.71263827	5.73071595	5.74256590	5.74802552	5.74654435	5.73741461	5.71907798	5.68995537	5.64342732	5.57570789	5.49772644	5.41506002	5.33307649	5.25143907	5.18097518	5.11591697	5.05116743	4.99152581	4.93492332	4.88191826	4.83068210	4.78593098	4.74937225	4.71549980	4.68211373	4.64808732
	1.59922221	1.64767309	1.72571650	1.84556940	2.02812485	2.25735893	2.50462538	2.76927078	3.04962374	3.33474709	3.61231165	3.87890858	4.13933977	4.37901154	4.59748507	4.80617334	5.01048052	5.20708041	5.38386748	5.51526039	5.59281896	5.63772083	5.66765705	5.68998589	5.70889107	5.72168367	5.72742403	5.72718195	5.71928122	5.70180877	5.67424660	5.62896892	5.56228119	5.48595802	5.40464451	5.32359547	5.24261850	5.17352901	5.10901317	5.04490691	4.98563050	4.92923007	4.87638244	4.82520899	4.78021575	4.74331079	4.70941758	4.67570528	4.64092632
	1.58140887	1.62921327	1.70628256	1.82451275	2.00549780	2.23408294	2.48108460	2.74591815	3.02703664	3.31344843	3.59260487	3.86073836	4.12284021	4.36318102	4.58125461	4.78884710	4.99242051	5.18829103	5.36438936	5.49537010	5.57309035	5.61846873	5.64911370	5.67209030	5.69166641	5.70516390	5.71160644	5.71224237	5.70524783	5.68856741	5.66203839	5.61757282	5.55120766	5.47629684	5.39595456	5.31567223	5.23527284	5.16754577	5.10251961	5.03876279	4.97961388	4.92327471	4.87019005	4.81877909	4.77363682	4.73623273	4.70208860	4.66833781	4.63263588
	1.57256587	1.62013362	1.69680681	1.81433877	1.99469561	2.22313956	2.47021853	2.73533784	3.01702391	3.30426723	3.58430374	3.85340062	4.11635497	4.35717315	4.57539567	4.78273325	4.98625723	5.18208310	5.35805890	5.48898730	5.56688132	5.61250924	5.64347313	5.66671899	5.68656161	5.70034731	5.70714605	5.70810836	5.70144847	5.68512713	5.65895349	5.61467558	5.54825629	5.47393523	5.39397138	5.31392351	5.23368445	5.16663483	5.10110788	5.03741439	4.97822742	4.92183630	4.86852017	4.81694511	4.77171812	4.73397765	4.69967962	4.66598537	4.62981305
	1.57198598	1.61935158	1.69574105	1.81287625	1.99282294	2.22084479	2.46751823	2.73227604	3.01379016	3.30099990	3.58104401	3.85030306	4.11333305	4.35388505	4.57180666	4.77864105	4.98131919	5.17710048	5.35235252	5.48310628	5.56085582	5.60648149	5.63755268	5.66087021	5.68084997	5.69479232	5.70177757	5.70295727	5.69655095	5.68050276	5.65464878	5.61053884	5.54443293	5.47037023	5.39099778	5.31131961	5.23130496	5.16456730	5.09924516	5.03575911	4.97668985	4.92041819	4.86723079	4.81576262	4.77036663	4.73261444	4.69823297	4.66488054	4.62834575
	1.57594660	1.62437355	1.70278131	1.82323888	2.00552364	2.23379171	2.48041444	2.74610511	3.02901118	3.31897919	3.60042034	3.87113527	4.13536035	4.37684928	4.59567172	4.80245585	5.00620360	5.20177162	5.37892146	5.50955992	5.58745359	5.63316292	5.66487206	5.68881802	5.70938923	5.72400703	5.73161473	5.73343354	5.72751093	5.71180815	5.68627726	5.64085486	5.57418133	5.49957069	5.42044873	5.33990001	5.25901460	5.19181185	5.12570115	5.06142991	5.00090209	4.94358309	4.88925132	4.83664723	4.79029622	4.75214291	4.71631802	4.68246471	4.64502202
	1.57900471	1.62827654	1.70842728	1.83168527	2.01566967	2.24349535	2.48931243	2.75528128	3.03908153	3.33182768	3.61459632	3.88669078	4.15189753	4.39346772	4.61253658	4.81814027	5.02232116	5.21757621	5.39383119	5.52406135	5.60154084	5.64770173	5.67988919	5.70496100	5.72619008	5.74189350	5.75051418	5.75341000	5.74842169	5.73354626	5.70889611	5.66298324	5.59626932	5.52130019	5.44279082	5.36216706	5.28240013	5.21449638	5.14794657	5.08340896	5.02202173	4.96410354	4.90900800	4.85533250	4.80807969	4.76924696	4.73277262	4.69798908	4.65929853
	1.57773029	1.62694335	1.70721634	1.83062744	2.01422738	2.24099776	2.48562040	2.75089957	3.03441780	3.32798661	3.61111908	3.88367848	4.14895645	4.38961151	4.60795896	4.81182250	5.01520321	5.21003459	5.38303311	5.51254544	5.58929680	5.63596276	5.66819912	5.69422982	5.71579557	5.73234804	5.74180954	5.74562703	5.74153986	5.72757466	5.70394546	5.65877727	5.59273547	5.51802342	5.44033660	5.36073482	5.28353194	5.21526223	5.14902935	5.08504092	5.02402659	4.96644515	4.91155170	4.85765238	4.81010655	4.77081250	4.73492109	4.69944198	4.65987070
	1.58386583	1.63373547	1.71523674	1.84058371	2.02575627	2.25296476	2.49775422	2.76338705	3.04740878	3.34104244	3.62429205	3.89731231	4.16199697	4.40263880	4.62145774	4.82573668	5.02976764	5.22441196	5.39725663	5.52698221	5.60355043	5.65024741	5.68250226	5.70856509	5.73026718	5.74687295	5.75634108	5.76013892	5.75595326	5.74181621	5.71797269	5.67241982	5.60592319	5.53042892	5.45203312	5.37260342	5.29496924	5.22635748	5.15949168	5.09509847	5.03362563	4.97559600	4.92025045	4.86604270	4.81803519	4.77838083	4.74255623	4.70745310	4.66719763
	1.58852213	1.63855095	1.72078825	1.84664305	2.03098485	2.25632657	2.49911999	2.76364157	3.04742201	3.34104381	3.62419206	3.89752099	4.16188759	4.40224825	4.61936582	4.82216479	5.02516615	5.21876298	5.38639640	5.51454155	5.59017130	5.63699569	5.66998610	5.69694953	5.71990788	5.73759049	5.74823474	5.75327727	5.75028195	5.73734051	5.71480815	5.67000217	5.60428909	5.53002403	5.45231098	5.37402439	5.29908893	5.23045568	5.16366222	5.09980109	5.03857879	4.98077840	4.92543231	4.87105064	4.82270573	4.78222055	4.74690674	4.71025717	4.66900596
	1.59160794	1.64195887	1.72475852	1.85138824	2.03633699	2.26187902	2.50477973	2.76948993	3.05356829	3.34737244	3.63064923	3.90414865	4.16861385	4.40921677	4.62660732	4.82960036	5.03289630	5.22649526	5.39429224	5.52261046	5.59824379	5.64501461	5.67805602	5.70499955	5.72803052	5.74572248	5.75635605	5.76136768	5.75830430	5.74525615	5.72262024	5.67765631	5.61169764	5.53719281	5.45915443	5.38045294	5.30534144	5.23666535	5.16959430	5.10552544	5.04408632	4.98606007	4.93047829	4.87591649	4.82744177	4.78672264	4.75126658	4.71469910	4.67328955
	1.60433794	1.65539401	1.73990044	1.86854433	2.05451645	2.27934229	2.52103123	2.78523896	3.06936202	3.36303427	3.64573894	3.91863528	4.18206298	4.42274267	4.63785840	4.84155330	5.04420057	5.23778427	5.40209366	5.52952846	5.60459112	5.65106306	5.68492233	5.71194835	5.73608134	5.75412931	5.76520522	5.77067925	5.76797488	5.75526692	5.73303778	5.68813015	5.62218422	5.54785252	5.47015695	5.39156688	5.31735188	5.24811804	5.18038538	5.11611201	5.05435080	4.99601636	4.93999324	4.88500214	4.83618535	4.79508923	4.76014859	4.72218164	4.68026212
	1.61053260	1.66169705	1.74695158	1.87614268	2.06162718	2.28477553	2.52455154	2.78766465	3.07121379	3.36459812	3.64638759	3.91801400	4.18050285	4.42047189	4.63234565	4.83612471	5.03765071	5.23104445	5.39023272	5.51608852	5.59036841	5.63679124	5.67163521	5.69909272	5.72451440	5.74320083	5.75507178	5.76147279	5.75965659	5.74786660	5.72627592	5.68178152	5.61660037	5.54327214	5.46691855	5.39080063	5.31698478	5.24754750	5.17976663	5.11586074	5.05429306	4.99618724	4.94018125	4.88503663	4.83604389	4.79552624	4.76031885	4.72060195	4.67818551
	1.60860276	1.65973214	1.74506527	1.87414492	2.05907396	2.28131739	2.52034820	2.78300095	3.06635385	3.35980430	3.64108462	3.91175489	4.17379694	4.41341584	4.62365620	4.82775379	5.02907671	5.22193065	5.37936223	5.50449509	5.57841337	5.62511087	5.66036005	5.68818738	5.71408325	5.73309212	5.74537519	5.75230305	5.75100220	5.73972121	5.71825649	5.67367066	5.60899886	5.53625711	5.46073935	5.38737806	5.31223850	5.24286527	5.17520991	5.11157652	5.05021166	4.99233545	4.93643481	4.88126662	4.83222434	4.79283162	4.75637489	4.71598717	4.67343053
	1.62139181	1.67417522	1.76232619	1.89509030	2.08281337	2.30572434	2.54518381	2.80847285	3.09352916	3.38763359	3.66902334	3.94027186	4.20047311	4.44245874	4.65197969	4.85825156	5.05981569	5.25174177	5.41004284	5.53557957	5.60924767	5.65606250	5.69149801	5.71934550	5.74554102	5.76452323	5.77679669	5.78362232	5.78199348	5.77024568	5.74890708	5.70326607	5.63764561	5.56390804	5.48730505	5.41219116	5.33722693	5.26670494	5.19762837	5.13301750	5.07067264	5.01176796	4.95480370	4.89879986	4.84906473	4.80884808	4.77274972	4.73154402	4.68861793
	1.61786339	1.67053479	1.75863755	1.89081289	2.07758572	2.29935567	2.53745621	2.80001140	3.08448852	3.37831319	3.65920123	3.93047017	4.18962426	4.43099110	4.63894218	4.84351320	5.04321788	5.23635840	5.38890752	5.51302338	5.58585069	5.63283299	5.66877675	5.69710362	5.72403495	5.74358314	5.75651125	5.76412774	5.76328610	5.75238600	5.73168410	5.68719181	5.62251762	5.54987733	5.47463319	5.40025386	5.32883983	5.25687716	5.18850961	5.12453371	5.06270212	5.00429050	4.94768863	4.89182293	4.84228020	4.80234799	4.76716578	4.72364804	4.68068365
	1.61873044	1.67240979	1.76203968	1.89617001	2.08439483	2.30649757	2.54498555	2.80809847	3.09372917	3.38820583	3.66928688	3.94093697	4.19923185	4.44153817	4.64976465	4.85526258	5.05557797	5.24774425	5.40103334	5.52535857	5.59783652	5.64499384	5.68118314	5.70966044	5.73689173	5.75671266	5.76975654	5.77750636	5.77667556	5.76566066	5.74487068	5.69942881	5.63430683	5.56124707	5.48566888	5.41211741	5.33920565	5.26658655	5.19756575	5.13310299	5.07077787	5.01185263	4.95466069	4.89829070	4.84852940	4.80865350	4.77272418	4.72855619	4.68534081
	1.62654825	1.68146069	1.77303420	1.90955090	2.09938373	2.32171954	2.56046249	2.82396888	3.11057761	3.40563468	3.68704144	3.95857898	4.21690655	4.45994432	4.66851674	4.87475728	5.07487702	5.26741209	5.42039273	5.54495014	5.61793632	5.66515730	5.70171501	5.73015816	5.75786858	5.77681430	5.78994641	5.79767250	5.79670323	5.78543544	5.76420672	5.71895027	5.65327957	5.57964170	5.50344536	5.42883623	5.35558735	5.28255448	5.21283903	5.14781342	5.08493124	5.02535813	4.96748745	4.91055173	4.86041476	4.82044515	4.78372738	4.73911609	4.69560481
	1.63489878	1.69070372	1.78351973	1.92127413	2.11121542	2.33207363	2.56949243	2.83190317	3.11894076	3.41347831	3.69336672	3.96482778	4.22268469	4.46479894	4.67278657	4.87818572	5.07721507	5.26851520	5.41925410	5.54317991	5.61551952	5.66383784	5.70047459	5.73010939	5.75832741	5.77756821	5.79133944	5.79971961	5.79921621	5.78832851	5.76715186	5.72192562	5.65646781	5.58324836	5.50771885	5.43545972	5.36042402	5.28713938	5.21751022	5.15247461	5.08951335	5.02976009	4.97156894	4.91420509	4.86391230	4.82559646	4.78587135	4.74033169	4.69656351
	1.64650457	1.70326978	1.79749140	1.93699704	2.12790946	2.34838219	2.58532422	2.84730733	3.13485314	3.42880664	3.70759243	3.97930127	4.23637901	4.47779331	4.68582998	4.89120035	5.08978104	5.28040973	5.43024328	5.55394442	5.62532972	5.67403068	5.71023255	5.74049958	5.76855085	5.78844132	5.80230108	5.81077891	5.81020553	5.79920099	5.77777930	5.73219110	5.66646511	5.59303320	5.51743312	5.44504838	5.37014879	5.29609624	5.22619452	5.16091251	5.09766149	5.03755300	4.97897039	4.92129503	4.87084717	4.83317927	4.79262033	4.74636384	4.70251479
	1.66591501	1.72519889	1.82317089	1.96805275	2.16300739	2.38509482	2.62370690	2.88718990	3.17626248	3.47036058	3.74922390	4.02095279	4.27775029	4.51957635	4.72959875	4.93716768	5.13733653	5.32576727	5.47893919	5.60363182	5.67419952	5.72181827	5.75764173	5.78733690	5.81509875	5.83542962	5.84863073	5.85635959	5.85473086	5.84250106	5.81991996	5.77265437	5.70515603	5.62986609	5.55238302	5.47710168	5.40237285	5.32637376	5.25489810	5.18830179	5.12377841	5.06226690	5.00235955	4.94386219	4.89337749	4.85394954	4.81482926	4.76791933	4.72391621
	1.68631334	1.74828316	1.85024650	2.00063697	2.19924971	2.42239284	2.66229257	2.92716245	3.21792736	3.51224603	3.79074859	4.06299873	4.31986160	4.56254020	4.77345057	4.98304962	5.18485171	5.37058199	5.52619781	5.65154170	5.72135117	5.76809035	5.80386011	5.83323309	5.86124838	5.88195541	5.89472150	5.90200360	5.89952981	5.88625076	5.86265793	5.81388510	5.74475750	5.66781643	5.58882532	5.51403764	5.43580753	5.35836604	5.28551981	5.21768782	5.15191156	5.08896846	5.02766952	4.96819541	4.91707877	4.87773665	4.83771087	4.79026083	4.74593682
	1.69499670	1.75851446	1.86280420	2.01601447	2.21597823	2.43940509	2.67967842	2.94563329	3.23746102	3.53195930	3.81032339	4.08156427	4.34018973	4.58255209	4.79348737	5.00392447	5.20831128	5.39032124	5.54599497	5.67143646	5.74087691	5.78731288	5.82323406	5.85265454	5.88103680	5.90182034	5.91450452	5.92180167	5.91909555	5.90545131	5.88159457	5.83212653	5.76232947	5.68480895	5.60539072	5.53129761	5.45159159	5.37318339	5.29989570	5.23155029	5.16518744	5.10152172	5.03949717	4.97946873	4.92771702	4.88977505	4.84792846	4.79990709	4.75532953
	1.69476385	1.75831880	1.86246626	2.01537761	2.21433236	2.43586836	2.67454264	2.93889561	3.23008329	3.52338373	3.80007860	4.07023160	4.32905422	4.57123898	4.77964998	4.98856052	5.19218480	5.37199226	5.52519400	5.64930994	5.71793169	5.76499480	5.80154922	5.83182950	5.86117378	5.88269954	5.89592233	5.90402247	5.90184470	5.88866485	5.86533936	5.81576735	5.74683452	5.67043462	5.59271476	5.52148644	5.43931748	5.36188046	5.28964266	5.22192326	5.15611120	5.09291623	5.03128754	4.97131942	4.91999528	4.88242365	4.83810725	4.79043600	4.74568594
	1.70355052	1.76932482	1.87690835	2.03380308	2.23509924	2.45846034	2.69860747	2.96587893	3.25925845	3.55324450	3.83009443	4.09940434	4.36021343	4.60176970	4.81237442	5.02356063	5.23012368	5.40760105	5.56324974	5.68875734	5.75755495	5.80443562	5.84063304	5.87061431	5.89973420	5.92075673	5.93345466	5.94095793	5.93795561	5.92375442	5.89919976	5.84814569	5.77759840	5.69953923	5.62018613	5.54689536	5.46518516	5.38534637	5.31183412	5.24296820	5.17601734	5.11155736	5.04869602	4.98788880	4.93640926	4.89855670	4.85361877	4.80545925	4.76041552
	1.71256556	1.78296565	1.89740494	2.06271159	2.26916066	2.49481513	2.73748422	3.00947952	3.30550586	3.59961152	3.87851480	4.14406637	4.40757428	4.64783275	4.86150753	5.07656932	5.29023578	5.45830759	5.61628852	5.74292724	5.81173315	5.85836451	5.89457078	5.92440483	5.95322834	5.97320319	5.98467627	5.99135040	5.98695901	5.97106703	5.94514528	5.89105799	5.81820193	5.73818961	5.65720595	5.57901220	5.49809113	5.41615586	5.34116270	5.27063792	5.20190867	5.13535231	5.07050685	5.00846416	4.95687198	4.92016622	4.87171772	4.82345407	4.77790355
	1.72878620	1.80144486	1.91905605	2.08718806	2.29319108	2.51682649	2.75756512	3.03070960	3.32513908	3.61522377	3.89374884	4.15475477	4.41688783	4.65580214	4.86683507	5.08217480	5.29525341	5.45681082	5.61337483	5.73796253	5.80652477	5.85466090	5.89166247	5.92221467	5.95134589	5.97099950	5.98161235	5.98850498	5.98345745	5.96649616	5.94022960	5.88425458	5.81164223	5.73247410	5.65557907	5.57648817	5.49235874	5.41087176	5.33667360	5.26624916	5.19738678	5.13048913	5.06529929	5.00309404	4.95428622	4.91609935	4.86404357	4.81633765	4.77063023
	1.72645665	1.80259745	1.92534327	2.09905587	2.30733078	2.53274144	2.77543007	3.05203715	3.34846253	3.63798217	3.91894156	4.17871179	4.44088739	4.68099677	4.89319545	5.11396090	5.32461171	5.48514369	5.64238032	5.76744402	5.83812391	5.88736953	5.92414488	5.95488878	5.98339951	6.00052810	6.00969719	6.01618133	6.00993992	5.99119311	5.96357854	5.90583012	5.83181766	5.75165039	5.67825280	5.60109090	5.50783020	5.42531648	5.35037162	5.27891931	5.20888153	5.14065737	5.07418172	5.01127166	4.96427535	4.92370334	4.87051898	4.82288359	4.77689435
	1.74589803	1.82689891	1.95627944	2.13670674	2.34577230	2.57167661	2.81702168	3.09472364	3.39285790	3.67889683	3.95999977	4.21665196	4.47846204	4.71553893	4.93021772	5.15848269	5.36184672	5.51987888	5.67828951	5.80623598	5.87684507	5.92656314	5.96211409	5.99166229	6.01837271	6.03571733	6.04048985	6.04348237	6.03492192	6.01566700	5.98613830	5.92711727	5.85117562	5.76972905	5.70423800	5.61805608	5.52230099	5.43906014	5.36350015	5.29110219	5.21992248	5.15032112	5.08245202	5.01891509	4.97286607	4.93008179	4.87734592	4.83015704	4.78421186
	1.74239332	1.82691259	1.96038296	2.14443740	2.35338007	2.57945838	2.82747159	3.10632625	3.40540159	3.68924620	3.96937277	4.22507771	4.48757167	4.72328307	4.94198659	5.16921528	5.37126228	5.52736091	5.68903384	5.81540279	5.88446942	5.93285571	5.96760096	5.99925858	6.02688182	6.04757541	6.04735768	6.04914043	6.03902444	6.01852648	5.98791245	5.92789173	5.85101768	5.76889694	5.70864949	5.61276411	5.51983401	5.43699970	5.36131160	5.28847297	5.21674551	5.14642950	5.07777240	5.01356575	4.96826694	4.92252357	4.87121164	4.82413004	4.77811170
	1.74297210	1.83146532	1.96959289	2.15619682	2.36533668	2.59140624	2.84160056	3.12058754	3.41895020	3.70077193	3.97659765	4.23142877	4.49150738	4.72728950	4.95017060	5.17279699	5.37309563	5.53174551	5.69352018	5.81402547	5.88445244	5.92921220	5.96339266	5.99517395	6.02516684	6.04602232	6.05099925	6.05006210	6.03501517	6.01291231	5.98061403	5.91863472	5.84084668	5.75964529	5.68871298	5.60030431	5.50844340	5.42625369	5.35067214	5.27761317	5.20561981	5.13489112	5.06577281	5.00179487	4.95581575	4.91029365	4.85908453	4.81232663	4.76657070
	1.73561408	1.82932278	1.97292243	2.16240834	2.37096971	2.59651995	2.84900603	3.12806354	3.42324692	3.69976571	3.97309862	4.22345457	4.48051075	4.71452218	4.94384056	5.15758153	5.35445075	5.51566758	5.67160071	5.79377804	5.85725255	5.89996103	5.93348145	5.96499883	5.99479776	6.01601953	6.02743766	6.02700270	6.00727691	5.98238874	5.94788500	5.88336482	5.80498429	5.72846237	5.65379399	5.56383178	5.47352892	5.39291964	5.31811575	5.24547857	5.17375933	5.10298792	5.03369445	4.97003222	4.92739894	4.87809646	4.82802020	4.78187527	4.73669591
	1.72490098	1.82161558	1.96759607	2.15784818	2.36593945	2.59175938	2.84511011	3.12433272	3.41697452	3.69200198	3.96238856	4.21158419	4.46856833	4.70114091	4.93128865	5.14124278	5.33656771	5.50092717	5.65378386	5.77288583	5.83381793	5.87638483	5.90983611	5.94143270	5.97131640	5.99291063	6.00548938	6.00745316	5.98815103	5.95993291	5.92396722	5.85872956	5.78042374	5.70373263	5.62806683	5.53853121	5.44991316	5.37048874	5.29629411	5.22397835	5.15249748	5.08182778	5.01256439	4.95142310	4.90790675	4.85621285	4.80684238	4.76087428	4.71592123
	1.73751946	1.83708927	1.98479887	2.17464767	2.38128777	2.60612443	2.85967187	3.13745200	3.42654817	3.69805400	3.96345139	4.21080317	4.46562970	4.69469763	4.92462850	5.13186743	5.32499846	5.49288693	5.64020010	5.75644268	5.81627193	5.85684528	5.88994782	5.92114088	5.95081365	5.97228330	5.98442468	5.98794295	5.97322839	5.94169295	5.90203689	5.83603982	5.75808206	5.68271929	5.60321011	5.51578806	5.42894361	5.35077189	5.27740257	5.20561866	5.13453190	5.06408876	4.99487759	4.93262767	4.88991940	4.83822298	4.78955376	4.74390239	4.69928608
	1.72266679	1.82831884	1.98137080	2.17357524	2.38125676	2.60909522	2.86650774	3.14539363	3.43296846	3.70335085	3.96440094	4.21166620	4.46575866	4.69289735	4.92256092	5.12956664	5.32208888	5.48576240	5.63243539	5.74935023	5.80799008	5.84780868	5.88047486	5.91123863	5.94079269	5.96077972	5.97230804	5.97504688	5.96294998	5.93172809	5.88982968	5.81990551	5.74136317	5.66856856	5.58128137	5.49580776	5.40939849	5.33151514	5.25811191	5.18580255	5.11421240	5.04313136	4.97300662	4.91310052	4.86699377	4.81483607	4.76654885	4.72097963	4.67650023
	1.72167890	1.83141964	1.98720222	2.18028574	2.38798637	2.61707196	2.87581887	3.15493774	3.43994153	3.70715259	3.96549897	4.21151927	4.46331163	4.68825006	4.91666894	5.12303636	5.31402860	5.47838081	5.62030353	5.73493940	5.79307240	5.83251135	5.86471949	5.89508864	5.92494647	5.94377118	5.95625141	5.95810274	5.94462726	5.91146040	5.86922568	5.79976013	5.72132618	5.64805620	5.56004005	5.47428208	5.38914189	5.31199969	5.23896983	5.16677066	5.09534416	5.02416305	4.95366999	4.89731108	4.84768303	4.79531214	4.74751854	4.70221392	4.65806546
	1.71654214	1.82857378	1.98529478	2.17798381	2.38496460	2.61393088	2.87282760	3.15136390	3.43410888	3.69890765	3.95530218	4.20038964	4.45063281	4.67456251	4.90078477	5.10634237	5.29567055	5.46132065	5.60231382	5.71141187	5.76874396	5.80810531	5.84030707	5.87058813	5.90080178	5.92055563	5.93283746	5.93443944	5.92022215	5.88845807	5.84402766	5.77498556	5.69764277	5.62737078	5.53773310	5.45017488	5.36680174	5.29069613	5.21834024	5.14661789	5.07567202	5.00477581	4.93438760	4.88020561	4.82874060	4.77595899	4.72852908	4.68342904	4.63951883
	1.71079251	1.82279174	1.97808975	2.16824416	2.37300635	2.59912379	2.85566641	3.13204090	3.41187794	3.67386630	3.92879540	4.17216134	4.42236187	4.64319215	4.86647150	5.06971273	5.25645428	5.42499560	5.56345062	5.66561108	5.72211688	5.76186453	5.79413431	5.82452011	5.85570980	5.87552228	5.88950199	5.89158092	5.87742371	5.84913747	5.80289037	5.73353291	5.65833098	5.59618997	5.49928192	5.41389965	5.33263630	5.25833636	5.18744093	5.11695022	5.04718185	4.97731649	4.90782062	4.85533252	4.80168220	4.74991655	4.70287146	4.65803900	4.61439590
	1.69036740	1.80502790	1.96147432	2.15072523	2.35533474	2.58138586	2.83837641	3.11460641	3.39374728	3.65375860	3.90760974	4.15073946	4.40078216	4.62022568	4.84136203	5.04366624	5.22894926	5.40215459	5.53722962	5.63168361	5.68871106	5.72872149	5.76128539	5.79178380	5.82359442	5.84341536	5.85735140	5.85974094	5.84468961	5.81898716	5.77052990	5.70254803	5.63092366	5.56644037	5.46894705	5.38448155	5.30463782	5.23147557	5.16143439	5.09151266	5.02212632	4.95254308	4.88334417	4.83483298	4.77600836	4.72466479	4.67774517	4.63293433	4.58936017
	1.67946012	1.79743420	1.95551737	2.14328871	2.34730685	2.57412075	2.83165018	3.10715118	3.38372641	3.64050155	3.89204960	4.13437140	4.38415723	4.60092395	4.81906152	5.01987572	5.20297175	5.37523139	5.51301997	5.59530645	5.65492593	5.69503913	5.72780856	5.75848174	5.79053548	5.81025013	5.82426626	5.82656323	5.80996932	5.78310948	5.73867721	5.66980517	5.60093514	5.52322524	5.43597774	5.35250554	5.27419256	5.20221136	5.13321632	5.06397102	4.99500881	4.92581891	4.85707390	4.80936281	4.74914430	4.69832364	4.65178859	4.60725717	4.56401497
	1.67062786	1.79326335	1.95353529	2.14049787	2.34426007	2.57255176	2.83127690	3.10651850	3.38008748	3.63248211	3.88159597	4.12299680	4.37100970	4.58706030	4.80246757	5.00201299	5.18312535	5.35398509	5.49145807	5.56575335	5.62546776	5.66624872	5.69891658	5.72999569	5.76178334	5.78103116	5.79534457	5.79677456	5.77725277	5.74844499	5.70307513	5.63951685	5.57976036	5.48901605	5.40519643	5.32214161	5.24529861	5.17432290	5.10581940	5.03698271	4.96808566	4.89898729	4.83072877	4.77973963	4.72150915	4.67111485	4.62485742	4.58052872	4.53752282
	1.66987910	1.79454587	1.95515499	2.14056366	2.34329132	2.57163400	2.82971386	3.10363080	3.37491176	3.62522168	3.87203282	4.11157533	4.35602917	4.57490032	4.78669045	4.98502186	5.16430711	5.33287196	5.47114708	5.54834522	5.59928866	5.63940851	5.67278698	5.70443070	5.73640616	5.75541852	5.76980369	5.77076061	5.75027351	5.71819839	5.67507828	5.61746659	5.55271214	5.46226742	5.37896232	5.29842457	5.22283486	5.15273638	5.08492329	5.01665363	4.94804508	4.87932493	4.81403620	4.75927763	4.70185281	4.65182109	4.60584181	4.56174599	4.51897067
	1.66660805	1.79071997	1.94884178	2.13058322	2.33044028	2.55602922	2.81058933	3.08148589	3.34923630	3.59701072	3.84197229	4.07923954	4.32037325	4.53952051	4.74591704	4.94109011	5.11719752	5.28464157	5.42463230	5.50164555	5.54348160	5.58080299	5.61491671	5.64858343	5.68217125	5.70238502	5.71566626	5.71680144	5.69737871	5.66439962	5.62463189	5.57160493	5.50017455	5.41565047	5.33375002	5.25501569	5.18168667	5.11348873	5.04732745	4.98050644	4.91322263	4.84593223	4.78457014	4.72534296	4.67020909	4.62093840	4.57554975	4.53199174	4.48971780
	1.67698340	1.80380105	1.96268358	2.14366915	2.34363728	2.57036357	2.82596738	3.09500361	3.35928468	3.60366495	3.84532107	4.07934921	4.31752672	4.53620091	4.74094737	4.93506267	5.11011832	5.27265561	5.41410196	5.49222606	5.52992766	5.56315515	5.59497029	5.63346999	5.66554797	5.68573473	5.69819761	5.69835075	5.67801277	5.64405892	5.60662663	5.55056064	5.47472478	5.39142944	5.31223901	5.23536091	5.16352918	5.09604134	5.03020047	4.96358056	4.89621190	4.82917501	4.76876325	4.70748359	4.65292668	4.60396461	4.55878270	4.51539266	4.47324017
	1.68252515	1.81102637	1.97005001	2.15062671	2.35066779	2.57781869	2.83337875	3.10118082	3.36309756	3.60558507	3.84507007	4.07799573	4.31434486	4.53176221	4.73358345	4.92698251	5.10140174	5.26250055	5.40511723	5.48334802	5.51728488	5.54740950	5.57901027	5.61764359	5.64762890	5.66911153	5.68167787	5.68122024	5.65983133	5.62867988	5.59057918	5.53395416	5.45671917	5.37407680	5.29544680	5.21933764	5.14838011	5.08149506	5.01595840	4.94951125	4.88218276	4.81500913	4.75775861	4.69318557	4.63896682	4.59024450	4.54520991	4.50194378	4.45987969
	1.66380321	1.79078124	1.94618725	2.12279226	2.31977888	2.54329237	2.79518730	3.05920959	3.31691124	3.55701294	3.79460047	4.02448790	4.25946566	4.47728726	4.67065571	4.86069606	5.03196205	5.19039299	5.33184235	5.41347713	5.45113941	5.47792330	5.50869964	5.53859199	5.56803466	5.58969206	5.60526583	5.60473361	5.58496440	5.56164422	5.52688669	5.46768450	5.38736745	5.30767030	5.23165490	5.15823007	5.08962038	5.02492563	4.96143504	4.89683500	4.83147331	4.76786059	4.70993955	4.64579118	4.59266531	4.54499810	4.50084019	4.45840678	4.41707208
	1.64180386	1.76598478	1.91571977	2.08656936	2.27862045	2.49631215	2.74204862	2.99979169	3.25214832	3.48887166	3.72361435	3.94927769	4.18248526	4.40033545	4.58438077	4.76809139	4.93430528	5.08712782	5.22532215	5.31185667	5.35440593	5.37883410	5.40779629	5.43168764	5.46183291	5.48201763	5.49886646	5.49887987	5.48258975	5.46632838	5.43533235	5.36857013	5.28932477	5.21353989	5.14120176	5.07149047	5.00750853	4.94644508	4.88577831	4.82399711	4.76160609	4.70284589	4.64112947	4.58077272	4.52920642	4.48301290	4.44009499	4.39884187	4.35852415
	1.65120437	1.77289858	1.91688739	2.08218269	2.26890419	2.48024960	2.71849356	2.96816513	3.21228652	3.44380293	3.67265748	3.89383018	4.12123859	4.33793536	4.51269179	4.68833378	4.85025773	4.99740151	5.13103926	5.21606074	5.26395695	5.29542306	5.31738559	5.34016231	5.37030088	5.38554411	5.40201742	5.40202774	5.39143057	5.37544373	5.33863643	5.27160454	5.19825543	5.12572761	5.05671498	4.99087537	4.93055986	4.87266941	4.81450273	4.75578444	4.69738417	4.64084066	4.57763949	4.51995728	4.46998965	4.42525577	4.38354682	4.34341674	4.30400572
	1.66382930	1.78502748	1.92651207	2.08932292	2.27374323	2.48251660	2.71663693	2.96252813	3.20163604	3.42911003	3.65309404	3.87264309	4.09471341	4.30910877	4.48267951	4.65190850	4.81191482	4.95600176	5.08715662	5.17038499	5.21744366	5.25070901	5.27255968	5.30342584	5.33168450	5.34292494	5.35927928	5.35856609	5.35173034	5.32833300	5.28882778	5.22478445	5.15355463	5.08231104	5.01478220	4.95012233	4.89149288	4.83510737	4.77799229	4.72100913	4.66627054	4.60718413	4.54496412	4.48840847	4.43933413	4.39539219	4.35433881	4.31479619	4.27587483
	1.66567744	1.78525218	1.92217908	2.08043665	2.26031884	2.46401488	2.69149344	2.93134948	3.16533323	3.38819697	3.60579077	3.82467245	4.04031957	4.25123441	4.42575215	4.58307887	4.73975792	4.87981014	5.00790589	5.08913671	5.13558163	5.16890369	5.19550037	5.22943854	5.25372325	5.26631583	5.28270220	5.28175413	5.27858382	5.25087080	5.21012589	5.14819638	5.07784522	5.00855564	4.94356382	4.88304192	4.82715522	4.77354339	4.71808540	4.66568490	4.61242173	4.55235607	4.49219833	4.43740516	4.38987497	4.34725546	4.30734420	4.26886393	4.23086178
	1.67540278	1.79318789	1.92515532	2.07814071	2.25277481	2.45072971	2.67098235	2.90345383	3.13049500	3.34761197	3.55922678	3.77592527	3.98596145	4.19219754	4.36729405	4.51675182	4.66512630	4.80112231	4.92550150	5.00473704	5.05041948	5.08490599	5.11521251	5.15003308	5.17391401	5.19305378	5.21011948	5.20769327	5.19766908	5.16630634	5.12487651	5.06780295	4.99879848	4.93236870	4.86921011	4.81281990	4.75984827	4.71037764	4.65611806	4.60910939	4.55440240	4.49438638	4.43651992	4.38345997	4.33751584	4.29619879	4.25736303	4.21983397	4.18266300
	1.67739666	1.79369400	1.91786819	2.06087579	2.22544780	2.41322950	2.62045000	2.84243527	3.05885828	3.26623039	3.46972825	3.67936826	3.88089931	4.07925575	4.25196209	4.39584275	4.52719858	4.65506457	4.77417050	4.85002546	4.89431786	4.92882377	4.95946956	4.99351591	5.02528303	5.04639754	5.06240439	5.06098428	5.04740709	5.02018213	4.97893384	4.92354845	4.86065368	4.79861609	4.73941631	4.68884938	4.64391752	4.59866202	4.54804861	4.50217262	4.44739441	4.39350799	4.33963319	4.28996845	4.24706393	4.20830771	4.17178752	4.13645333	4.10160030
	1.67356342	1.79026798	1.91189827	2.05146021	2.21237572	2.39677556	2.59909451	2.81662473	3.02892671	3.23289356	3.43307613	3.64069322	3.83891124	4.03471886	4.20836899	4.34879468	4.47575245	4.59923106	4.71629288	4.79095420	4.83458290	4.86939291	4.90049087	4.93465263	4.96821909	4.99004745	5.00511861	5.00371485	4.98963037	4.96374123	4.92257124	4.86706168	4.80598112	4.74535575	4.68879163	4.64111500	4.59945023	4.55575789	4.50588411	4.45856412	4.40533386	4.35298965	4.30028262	4.25186011	4.21005361	4.17218741	4.13644629	4.10177381	4.06806684
	1.67043805	1.78832687	1.90908748	2.04825271	2.20831021	2.39167908	2.59212661	2.80680246	3.01655025	3.21877873	3.41675060	3.62401948	3.82134448	4.01598297	4.19232473	4.33062883	4.45474975	4.57594562	4.69237479	4.76691168	4.81046144	4.84581520	4.87750517	4.91232453	4.94664050	4.96897958	4.98263934	4.97960693	4.96473457	4.93879508	4.89767055	4.83944648	4.77852944	4.71841583	4.66430249	4.61734627	4.57640256	4.53576489	4.48421570	4.43543615	4.38315570	4.33105509	4.27885960	4.23070915	4.18916250	4.15148631	4.11578917	4.08125836	4.04790902
	1.62330200	1.74379543	1.86503444	2.00177261	2.16027781	2.34080641	2.53882368	2.74964124	2.95556343	3.15470764	3.35044242	3.55365140	3.74996660	3.94066455	4.11608331	4.25595336	4.37217396	4.48913951	4.60258968	4.67612177	4.71880943	4.75541043	4.78773841	4.82344926	4.85849306	4.88021147	4.89396310	4.89095431	4.87586156	4.84936579	4.81103349	4.75026371	4.69058121	4.63505450	4.58294607	4.54160924	4.49816743	4.46231792	4.41025155	4.36241607	4.31119418	4.26007183	4.20837053	4.16125844	4.12103429	4.08430181	4.04952699	4.01610847	3.98611336
	1.63052743	1.75175313	1.86883134	2.00031044	2.15405763	2.32779105	2.51733806	2.71970696	2.91780825	3.10973940	3.30083828	3.49675630	3.68973207	3.87549221	4.04587250	4.18646511	4.29346639	4.40451510	4.50788284	4.58151409	4.62210920	4.66001693	4.69302938	4.72912467	4.76523632	4.78940243	4.80380602	4.80228443	4.78693445	4.75935154	4.72055040	4.65947621	4.60345863	4.55304878	4.50320202	4.46695096	4.42428203	4.38494950	4.33857128	4.29221726	4.24293933	4.19298696	4.14439417	4.09972130	4.06122215	4.02607962	3.99237332	3.96097527	3.93511358
	1.60626684	1.72844892	1.84492065	1.97365649	2.12479958	2.29499346	2.48057288	2.67806455	2.87228605	3.06104300	3.24979945	3.44141761	3.63396897	3.81511127	3.98270480	4.12201999	4.23050686	4.33805659	4.43232304	4.50355430	4.54327699	4.58299041	4.61614453	4.65243083	4.68925184	4.71468455	4.72951256	4.72837062	4.71326216	4.68529637	4.64652714	4.58741263	4.53377480	4.48922887	4.44051253	4.40483245	4.36396677	4.32438930	4.27986478	4.23456911	4.18656168	4.13722668	4.09021904	4.04692983	4.00976332	3.97586999	3.94377831	3.91424874	3.88817926
	1.57675915	1.69909125	1.81567288	1.94267932	2.09196269	2.25946566	2.44211518	2.63557482	2.82688642	3.01367057	3.20051984	3.38944264	3.58137677	3.75904272	3.92410337	4.06134402	4.17209523	4.27642920	4.36572446	4.43533251	4.47305096	4.51319774	4.54628921	4.58311296	4.62034854	4.64598006	4.66116909	4.66033846	4.64531285	4.61715655	4.57768232	4.52272384	4.47075027	4.42894479	4.38135236	4.34538067	4.30627338	4.26734508	4.22377183	4.17935044	4.13222123	4.08367735	4.03794681	3.99589483	3.96029959	3.92721737	3.89649406	3.86794656	3.84113631
	1.51091602	1.63318526	1.74993334	1.87300781	2.01834288	2.18084777	2.35809520	2.54473661	2.73104724	2.91514393	3.09738691	3.28407954	3.47387064	3.64644056	3.80443853	3.93671010	4.04904678	4.14883951	4.23835651	4.30386064	4.33495222	4.37122249	4.40464352	4.44320213	4.48035538	4.50574661	4.52206293	4.52221795	4.50776309	4.48096076	4.44051112	4.39608981	4.34942097	4.30630958	4.26306984	4.22654875	4.19151125	4.15469938	4.11113740	4.06859914	4.02336097	3.97672873	3.93354177	3.89396866	3.86187235	3.83191763	3.80313597	3.77472563	3.74695592
	1.46074720	1.58481644	1.70161910	1.82142012	1.96384816	2.12305511	2.29710138	2.47927373	2.66362391	2.84677125	3.02725964	3.21424304	3.40409793	3.57640352	3.73258942	3.86128891	3.97273531	4.07372123	4.16357645	4.22642198	4.25947003	4.29658299	4.32860702	4.36660544	4.40412551	4.42631903	4.44353036	4.44395050	4.43002201	4.40403714	4.36794845	4.32528416	4.28188492	4.23823481	4.19841708	4.16242450	4.12915551	4.09319200	4.04948448	4.00773706	3.96156227	3.91670010	3.87581787	3.83831881	3.80480352	3.77815913	3.74932396	3.72165836	3.69386899
	1.39395618	1.51883327	1.63700276	1.75723201	1.90031034	2.05942703	2.23371724	2.41564916	2.60175450	2.78530615	2.96657381	3.15637343	3.34694618	3.52134490	3.67762868	3.80548761	3.91660277	4.01817605	4.11005355	4.17292452	4.21030899	4.24704734	4.27567380	4.31256482	4.35301312	4.37607796	4.39336701	4.39342740	4.37883038	4.35101484	4.31960333	4.27660362	4.23014673	4.18526683	4.14704272	4.11167049	4.07902397	4.04332546	3.99973533	3.95785731	3.91044221	3.86602500	3.82701638	3.79045854	3.75807011	3.73032563	3.70144900	3.67334892	3.64568323
	1.34843783	1.47150270	1.59054488	1.71068205	1.85265839	2.01064258	2.18380862	2.36421292	2.55016244	2.73277088	2.91366713	3.10305760	3.29234216	3.46775625	3.62208960	3.74827847	3.85860716	3.95827056	4.05115160	4.11453218	4.15420706	4.19130006	4.21834268	4.25469264	4.29572648	4.32003065	4.33684088	4.33715364	4.32356217	4.29654828	4.26704640	4.22372935	4.17316477	4.12894811	4.09152570	4.05718164	4.02505150	3.98919957	3.94750637	3.90580910	3.85853819	3.81583486	3.77905701	3.74349726	3.71128061	3.68228558	3.65415457	3.62603599	3.59873057
	1.28271803	1.40379743	1.52288803	1.64145275	1.78066517	1.93697307	2.10786455	2.28610071	2.47140259	2.65142920	2.83119847	3.01835845	3.20687026	3.38376062	3.53521190	3.66041066	3.76717479	3.86330284	3.95632810	4.02085614	4.06043913	4.09680864	4.12902544	4.16731892	4.20505717	4.23380967	4.25164079	4.25103158	4.23629257	4.21311748	4.18171127	4.13727810	4.08742951	4.04442163	4.00887449	3.97648979	3.94539308	3.90926702	3.86843904	3.82687403	3.78261357	3.74420132	3.70833077	3.67333078	3.64131246	3.61244564	3.58494925	3.55841556	3.53174785
	1.23014399	1.34737084	1.46427762	1.58146653	1.71733929	1.87102585	2.03850784	2.21343394	2.39593259	2.57192933	2.74808335	2.93181307	3.12054841	3.29333659	3.44299420	3.56278573	3.66531229	3.75663650	3.84720422	3.91008507	3.95051550	3.98841347	4.02626037	4.06506959	4.10082640	4.13263137	4.15104653	4.14990391	4.13314878	4.11350759	4.07996512	4.03532787	3.98823931	3.94794732	3.91475790	3.88504000	3.85570525	3.81979264	3.78118305	3.74682643	3.70480922	3.66379691	3.62904397	3.59438463	3.56361179	3.53626664	3.50993995	3.48510417	3.46034371
	1.18389593	1.29422192	1.40694968	1.52102874	1.64965480	1.79705011	1.95748740	2.12727213	2.30102108	2.47161128	2.64081953	2.81757747	2.99942575	3.16608011	3.30990341	3.42332418	3.52007295	3.60782698	3.69470012	3.75580853	3.79488779	3.83241871	3.87017631	3.90785268	3.94601592	3.97869418	3.99827722	3.99882590	3.98430931	3.96484063	3.93521535	3.89441751	3.85334722	3.81775893	3.78839290	3.76191059	3.73560166	3.70322443	3.66929527	3.63792029	3.59870544	3.55854913	3.52491131	3.49239854	3.46433363	3.43961254	3.41563162	3.39411800	3.37234028
