	12.72026104	12.70918920	12.62047622	12.60873333	12.53099279	12.52729912	12.54843187	12.51483847	12.51610947	12.55772784	12.60969290	12.65607811	12.70452036	12.75583474	12.78711008	12.81977608	12.86220404	12.89529448	12.92614438	12.96045769	12.97631138	12.98181453	12.91742853	12.91861903	12.91871499	12.91851414	12.91842771	12.98263705	12.98522276	12.98859081	12.92738980	12.92900658	12.99745305	13.00295610	12.94197764	12.94805078	12.95386982	12.96187690	12.96599445	12.96652975	12.96668792	12.96742751	12.96874107	12.97046564	12.96374527	12.95283551	12.94980791	12.94153724	12.93316587
	13.69362581	13.69857599	13.69964400	13.69865719	13.69440382	13.68592435	13.34779545	13.21945613	13.22070142	13.29533878	13.38230464	13.45236333	13.53797596	13.60276581	13.67350515	13.71740866	13.79403788	13.83646267	13.88019246	13.94836878	13.97459504	13.98198113	13.98352174	13.98217935	13.97902756	13.97542572	13.97235451	13.97232064	13.97555060	13.98048619	13.98626078	13.98931738	13.99659787	14.00683045	14.01684800	14.02549335	14.03528731	14.05048146	14.05748312	14.05733592	14.05499736	14.05247010	14.05038660	14.04797061	14.03571822	14.01939415	14.00299132	13.98588332	13.96681228
	13.95003063	13.95640344	13.95812511	13.95676928	13.95249962	13.94429718	13.53711530	13.36109185	13.36365242	13.45313378	13.55377736	13.64017083	13.74521516	13.81562237	13.90904685	13.95932205	14.04484816	14.10810473	14.15466460	14.22679437	14.26926573	14.27994219	14.28116101	14.27844015	14.27293334	14.26491849	14.25939422	14.25950042	14.26459579	14.27223744	14.27999111	14.28454795	14.29577408	14.31049639	14.32407617	14.33491844	14.34690267	14.36309531	14.36979937	14.36899267	14.36596258	14.36257472	14.35943532	14.35551989	14.34185586	14.32378979	14.30334906	14.28001164	14.24791411
	14.01910132	14.02519911	14.02633782	14.02426939	14.01964523	14.01134331	13.74660160	13.42755637	13.43423540	13.52073655	13.61922721	13.69719755	13.80153657	13.86303797	13.95976511	14.00769489	14.07885346	14.15484958	14.19772269	14.25584585	14.29847802	14.31170292	14.31252678	14.30816177	14.30065002	14.29000912	14.28436963	14.28533757	14.29157636	14.30135602	14.31186353	14.31898864	14.33481761	14.35159595	14.36659015	14.37726713	14.38923570	14.40373852	14.40900100	14.40775391	14.40467872	14.40115214	14.39789746	14.39345435	14.38020371	14.36261004	14.34010977	14.30752603	14.26990130
	14.06677146	14.07431917	14.07582305	14.07344293	14.06827682	14.05989348	14.05110777	13.40059897	13.41439319	13.50663050	13.59727458	13.68906321	13.79218219	13.85973746	13.94577501	14.01931627	14.07175226	14.15572449	14.22082993	14.26435767	14.29267325	14.30321531	14.30282017	14.29728703	14.28949465	14.28044534	14.27679146	14.27791978	14.28423053	14.29278591	14.30447515	14.31179845	14.32857937	14.35138796	14.37722859	14.39866168	14.41757011	14.43771926	14.44369410	14.44162007	14.43745389	14.43025742	14.42485338	14.41718281	14.39721726	14.36321633	14.32849339	14.29321826	14.26418310
	14.02668057	14.03541807	14.03765428	14.03566514	14.03072179	14.02285891	14.00725386	13.32616888	13.34583720	13.44107408	13.52393540	13.62509488	13.71578998	13.79734071	13.86628226	13.95759278	14.00658491	14.07446109	14.16035797	14.20401852	14.22391052	14.22984936	14.22855631	14.22385507	14.21758171	14.20925481	14.20521481	14.20661058	14.21267948	14.21976894	14.22888729	14.23451099	14.24769760	14.27017876	14.29317515	14.31676303	14.34210166	14.37448979	14.38376700	14.38103969	14.37349806	14.35874846	14.35014727	14.33694868	14.30957711	14.27467363	14.24175348	14.21590242	14.19270050
	14.13256990	14.14312067	14.14563430	14.14311695	14.13711722	14.12806207	14.11375018	13.32779898	13.35150003	13.45071414	13.53376166	13.65771467	13.73591852	13.84870377	13.90479304	14.00753142	14.07829616	14.13006602	14.22710162	14.29650984	14.31739027	14.32200116	14.32008346	14.31537461	14.30728684	14.29672488	14.29139755	14.29308583	14.30082712	14.31048438	14.32164823	14.32683257	14.33930893	14.35672643	14.37264846	14.39138761	14.41510952	14.45314986	14.46612069	14.46076376	14.44933974	14.43058343	14.41978779	14.40572026	14.37995640	14.35541586	14.33051201	14.30551421	14.27871578
	14.16553933	14.17937651	14.18364648	14.18166498	14.17556592	14.16615094	14.15213639	13.22862028	13.27764808	13.38245756	13.47534453	13.60898420	13.68668053	13.81282736	13.87960406	13.95521898	14.06587258	14.12404238	14.19021949	14.28696013	14.32365222	14.32852748	14.32323040	14.31162961	14.29237266	14.27163020	14.26042336	14.26513786	14.28114899	14.29679594	14.31627796	14.32848040	14.34988100	14.37055597	14.38721493	14.40410368	14.42080038	14.44607045	14.45289928	14.44836764	14.43925868	14.42575061	14.41620367	14.40463835	14.38401037	14.36073063	14.33053408	14.28776567	14.23230039
	14.15945673	14.17867073	14.18529116	14.18342076	14.17612895	14.16476144	14.14850066	12.96224476	13.03768310	13.15465516	13.27998162	13.42882298	13.53611740	13.66582852	13.77444816	13.84553816	13.96814033	14.07156694	14.13793307	14.22980894	14.27900737	14.28625441	14.27572005	14.25549723	14.22588779	14.20197727	14.19274422	14.19986945	14.21970487	14.24088623	14.26796257	14.28614299	14.32715709	14.36406054	14.39182239	14.41462597	14.43668998	14.46079594	14.46535631	14.46111135	14.45110252	14.43454186	14.42285230	14.40862957	14.38181217	14.33851769	14.28271696	14.21806194	14.16748685
	14.18897659	14.21210679	14.22062682	14.21917326	14.21145308	14.19946701	14.18307282	12.83639877	12.94522859	13.04454920	13.20237051	13.32262109	13.47260646	13.56589075	13.70910350	13.79236564	13.87429533	14.00565909	14.10302054	14.16779337	14.20087115	14.20412168	14.19481431	14.17765383	14.15858296	14.14336230	14.13694222	14.14386316	14.16002635	14.17558708	14.19591607	14.20996570	14.25103042	14.29496367	14.33200587	14.37234786	14.41631009	14.44443479	14.44782876	14.44340348	14.42961303	14.40240493	14.38125197	14.35208678	14.30509366	14.25071421	14.19677934	14.15559574	14.11966350
	14.28535567	14.31476995	14.32665443	14.32634720	14.31826685	14.30508711	14.28723299	12.68398492	12.82319700	12.93101326	13.11709341	13.23261794	13.42187243	13.51843890	13.65533973	13.78745158	13.86280104	13.97682581	14.13295980	14.20720956	14.23262511	14.23288637	14.22386593	14.20782254	14.18623225	14.16767137	14.16114837	14.17177211	14.19016448	14.21091523	14.23282439	14.24836397	14.27899070	14.31483740	14.35444242	14.39734861	14.46223827	14.50829530	14.51617579	14.50019090	14.47367687	14.42375671	14.38943636	14.35430629	14.30499275	14.25911811	14.21808460	14.17739802	14.12966892
	14.35988183	14.39344174	14.40745667	14.40775225	14.39935117	14.38536356	14.36677943	12.59198231	12.74692561	12.86044352	13.06511917	13.17968200	13.38769562	13.49579369	13.61320324	13.78416341	13.86511511	13.95669716	14.13834035	14.23660415	14.26127478	14.26082757	14.25045629	14.23282599	14.20646421	14.17900877	14.17244962	14.18498479	14.21013613	14.23639927	14.26165102	14.27801803	14.30725661	14.33617996	14.36706566	14.40582972	14.46636276	14.52179914	14.53232795	14.50834138	14.47149005	14.42435498	14.39165827	14.36009111	14.32261979	14.28249376	14.24192256	14.19412193	14.12532444
	14.36132856	14.39891896	14.41565818	14.41748060	14.40953183	14.39532259	14.37598117	12.48184020	12.64978603	12.77050231	12.98069957	13.10747048	13.31474722	13.43788843	13.56318601	13.73083104	13.82905640	13.92834981	14.10409164	14.21650478	14.24473189	14.24286823	14.22961428	14.20448687	14.16960181	14.13737673	14.13075352	14.14894448	14.17932795	14.21503848	14.24533975	14.26678175	14.30150730	14.33440624	14.36939095	14.41174215	14.46143150	14.52370049	14.53004713	14.50206761	14.45750568	14.41499000	14.38167114	14.34766301	14.30718873	14.26144425	14.21309036	14.14914142	14.06731767
	14.41127632	14.45167035	14.47025417	14.47315204	14.46558123	14.45136041	14.43182056	12.44287541	12.63223507	12.75856401	12.97341394	13.10347441	13.31014872	13.44468765	13.55960375	13.73754162	13.84578478	13.93941623	14.09919538	14.23315651	14.26538387	14.26153942	14.24432287	14.21359316	14.17420614	14.13253254	14.12507678	14.15061844	14.18707819	14.22809269	14.26388541	14.29155516	14.32764244	14.36120723	14.39555154	14.43117493	14.47641546	14.53181629	14.53568000	14.51040550	14.46978816	14.43154474	14.40040518	14.36888549	14.32828251	14.27833880	14.22329911	14.14175297	14.05513160
	14.49354241	14.53821511	14.55980490	14.56453842	14.55777627	14.54358039	14.52356556	12.42355212	12.62227084	12.74669973	12.97810567	13.10611026	13.32828721	13.46510936	13.57734554	13.77277466	13.88604431	13.97539136	14.12748478	14.28307457	14.31455921	14.30703565	14.28551113	14.25042133	14.19980658	14.14982906	14.14687250	14.17947017	14.23037914	14.27818334	14.31901391	14.35328917	14.39032140	14.42637566	14.45878427	14.49296807	14.53251909	14.58505856	14.58698912	14.56241339	14.52156615	14.48407255	14.45420028	14.42256950	14.37773661	14.32234833	14.25259853	14.14942646	14.05726040
	14.54335040	14.59096817	14.61479031	14.62102675	14.61512476	14.60125069	14.58130055	12.43520805	12.62460825	12.75194638	12.98295978	13.11405356	13.33278549	13.47780500	13.58381336	13.77958012	13.90452348	13.99229083	14.12715690	14.28880374	14.32374178	14.31216470	14.28319690	14.24348092	14.18299784	14.13577198	14.13788946	14.17310095	14.23632821	14.28839633	14.33759967	14.38077149	14.42065764	14.45889292	14.48931766	14.52053528	14.55455462	14.59827127	14.60002107	14.57731163	14.54159428	14.50630508	14.47724357	14.44483099	14.39267941	14.32900758	14.23626214	14.12986715	14.04839043
	14.60053585	14.64634975	14.67003852	14.67722862	14.67282086	14.66054495	14.64257784	12.63855246	12.81836749	12.93701097	13.15011676	13.27039788	13.46928312	13.60436405	13.71096011	13.88182598	14.00142900	14.08986364	14.21266849	14.34987197	14.37594148	14.36414057	14.33924906	14.30521755	14.25186828	14.21436316	14.21699212	14.25042577	14.30914285	14.35583713	14.40241721	14.44773643	14.48779440	14.52772823	14.55616775	14.58700981	14.62375049	14.65960121	14.66183287	14.64102157	14.60835674	14.57105736	14.54021150	14.50441871	14.44070220	14.37725885	14.29291331	14.20328987	14.13213502
	14.60545670	14.64915968	14.67229097	14.68000041	14.67680792	14.66616568	14.66597146	12.80257078	12.95967086	13.06613940	13.25662247	13.36872135	13.52981438	13.67343224	13.75701709	13.89728695	14.03068661	14.10570557	14.19864142	14.31306765	14.34083734	14.32841080	14.30046177	14.26782441	14.22495696	14.19398529	14.19826414	14.23030903	14.28053989	14.32217121	14.37120660	14.42534138	14.46996765	14.50856993	14.52969101	14.55231401	14.58027403	14.60865524	14.60978961	14.59235657	14.56602629	14.53900345	14.51295374	14.47948219	14.40816296	14.33668107	14.25370448	14.18146113	14.12904873
	14.60016401	14.63845674	14.65923516	14.66684508	14.66497853	14.65660562	14.67808401	13.07858569	13.21055146	13.29817750	13.45476045	13.55116233	13.67216066	13.80535727	13.87280239	13.97214010	14.10150906	14.16645243	14.23455638	14.31404365	14.33707877	14.32592609	14.30123761	14.27548847	14.24808579	14.22818875	14.23260666	14.25585344	14.28808210	14.32741065	14.37451627	14.42538266	14.47281064	14.50242278	14.52211514	14.54025680	14.56104908	14.58291991	14.58345645	14.56968412	14.54920932	14.52772112	14.50525867	14.47228670	14.40371630	14.33102284	14.26794497	14.21814926	14.18008300
	14.55432351	14.58831683	14.60710690	14.61445681	14.61348644	14.60680775	14.48707814	13.24286250	13.36005419	13.43190214	13.56328649	13.64734805	13.73865181	13.86022188	13.91664743	13.98573714	14.10177655	14.16478421	14.21555230	14.26846639	14.28601483	14.27642609	14.25647917	14.23823043	14.22120826	14.20861780	14.21193956	14.22734418	14.24946527	14.28157391	14.32473613	14.36813297	14.41778203	14.44366723	14.46482740	14.48048788	14.49776569	14.51392072	14.51356746	14.50194160	14.48517870	14.46558498	14.44364945	14.40267780	14.34142749	14.27803297	14.23471736	14.20229060	14.17178701
	14.41855212	14.44603961	14.46161498	14.46820076	14.46806573	14.46328231	14.07840627	13.40662619	13.49166343	13.55070099	13.65026408	13.71354414	13.78977734	13.87915826	13.92276043	13.97894277	14.05805912	14.11386883	14.15464170	14.19723763	14.20802688	14.20078712	14.18642095	14.17143863	14.15775719	14.14803866	14.15137581	14.16621549	14.18676642	14.21113163	14.24213001	14.27188493	14.30909318	14.33603619	14.35429616	14.36855221	14.38276906	14.39471665	14.39213051	14.38159270	14.36751584	14.35005565	14.32567451	14.28744561	14.24281135	14.20028902	14.16470076	14.13844067	14.11453422
	14.26474091	14.28769819	14.30097365	14.30692118	14.30724607	14.30374838	13.66855304	13.45527418	13.51421516	13.56533875	13.64364250	13.69408723	13.75939015	13.82314465	13.86131822	13.90591121	13.96521685	14.01078211	14.04502853	14.07644624	14.08439683	14.07782314	14.06667431	14.05564728	14.04537453	14.03792179	14.04182104	14.05422996	14.07118312	14.09319635	14.11875124	14.14331134	14.16839887	14.18802160	14.20253860	14.21678076	14.23000247	14.24041715	14.23740848	14.22594096	14.21083877	14.19447236	14.17437384	14.14650892	14.11020030	14.07620689	14.04981868	14.02878369	14.00623569
	14.09945644	14.11817776	14.12927718	14.13450320	14.13522257	14.13273019	13.50198596	13.47078540	13.51368602	13.55488805	13.61707516	13.65270883	13.70624118	13.75420392	13.78263182	13.81788761	13.86411962	13.89737075	13.92420513	13.94726424	13.95296286	13.94756378	13.93886317	13.93048564	13.92290725	13.91783577	13.92203704	13.93272288	13.94689531	13.96581066	13.98531321	14.00693307	14.02704100	14.04138141	14.05350166	14.06380241	14.07407312	14.08146556	14.07815453	14.06730975	14.05494534	14.04151424	14.02496951	14.00107533	13.97117678	13.94548077	13.92508819	13.90850414	13.88886727
	14.07140099	14.09002106	14.10116089	14.10664126	14.10766661	14.10500390	13.49683155	13.46225055	13.50346661	13.54039559	13.60180978	13.63490337	13.68185682	13.73198086	13.75843265	13.78429427	13.82687978	13.86601852	13.89059712	13.90745190	13.91071801	13.90659709	13.90033189	13.89400738	13.88770210	13.88366320	13.88810494	13.89788506	13.90932115	13.92386179	13.94364383	13.96460376	13.98395205	14.00300976	14.01665679	14.02696185	14.03689387	14.04327146	14.03939088	14.02850850	14.01492078	13.99627620	13.97446022	13.94937735	13.92231202	13.90373098	13.88853243	13.87283894	13.85003971
	13.95542741	13.97305176	13.98380472	13.98933485	13.99064795	13.98387127	13.36893628	13.39780498	13.43138542	13.46820039	13.52334808	13.55181122	13.59591953	13.64222569	13.66482642	13.68835714	13.72601589	13.76365888	13.78568964	13.80040038	13.80302820	13.79921722	13.79391371	13.78839811	13.78297037	13.78023691	13.78469806	13.79445646	13.80577019	13.82006068	13.83866707	13.85814513	13.87875032	13.89652919	13.90772642	13.91769062	13.92720600	13.93196829	13.92798757	13.91678463	13.90261528	13.88432506	13.85946581	13.83404943	13.81205995	13.79553241	13.78212521	13.76628941	13.74446555
	13.89444302	13.91074293	13.92092714	13.92637248	13.92796228	13.91774011	13.37211378	13.39666399	13.42505397	13.45657596	13.50393518	13.53127327	13.56588481	13.60687554	13.63020634	13.64933313	13.67587406	13.70863720	13.73472184	13.74783416	13.74974090	13.74622854	13.74154359	13.73636354	13.72933791	13.72645532	13.73416435	13.74440011	13.75483278	13.76641922	13.78005862	13.79577669	13.81363520	13.82805032	13.83839505	13.84958189	13.86248661	13.86685808	13.86072756	13.84457387	13.82855418	13.81022027	13.78993418	13.77192504	13.75609477	13.74157533	13.72547065	13.70631813	13.68464789
	13.81885655	13.83657080	13.84784589	13.85405396	13.85613022	13.69407794	13.27054830	13.29246621	13.32219971	13.35771904	13.40571249	13.43304400	13.46858879	13.51109267	13.53581636	13.55463656	13.58045427	13.61382857	13.64309036	13.65673852	13.65821680	13.65454755	13.64984832	13.64422530	13.63525955	13.63239746	13.64301397	13.65531542	13.66592106	13.67975547	13.69563731	13.70959461	13.72633796	13.74215692	13.75351915	13.76554022	13.78129862	13.78567869	13.77693420	13.75725903	13.73984788	13.71757493	13.69831403	13.68027931	13.66307471	13.64816230	13.62811146	13.60830987	13.58306989
	13.72478128	13.74419277	13.75677419	13.76394217	13.76657709	13.27882096	13.13978382	13.16350417	13.18864895	13.22712508	13.28114054	13.30595609	13.34366359	13.39439480	13.41670675	13.43366332	13.45831640	13.49800862	13.53058141	13.54426943	13.54555621	13.54209422	13.53769980	13.53220729	13.52513824	13.52277730	13.53242303	13.54486502	13.55516401	13.56785350	13.58250596	13.60018148	13.62297149	13.64037059	13.65460626	13.67104136	13.68310786	13.68690505	13.67856741	13.65691160	13.63293268	13.60504623	13.58096605	13.56434454	13.54956562	13.53470819	13.51259955	13.48719847	13.45751377
	13.69747363	13.71806747	13.73155895	13.73951227	13.74271403	13.12894587	13.08762533	13.11151346	13.13888386	13.17309100	13.22972087	13.25832989	13.28901310	13.34300666	13.37036587	13.38686737	13.40591076	13.43657981	13.47483117	13.49274530	13.49392382	13.48928921	13.48376815	13.47693649	13.46718293	13.46518720	13.47957085	13.49504153	13.50923869	13.52254533	13.53514493	13.54863035	13.56500898	13.58210547	13.59887969	13.62164395	13.63515127	13.63909261	13.62811660	13.59776876	13.56988533	13.54683760	13.52960085	13.51495794	13.49655919	13.47723933	13.44810649	13.42118175	13.40055508
	13.61488447	13.63765413	13.65275218	13.66194738	13.66598759	12.94022101	12.95406621	12.97381648	13.00812857	13.04504418	13.09959786	13.13662792	13.16971257	13.21850604	13.25362316	13.27390191	13.29473467	13.31957559	13.35663014	13.37705521	13.37838299	13.37332599	13.36684494	13.35969705	13.34892484	13.34774884	13.36431512	13.38302757	13.40273727	13.42096320	13.43690072	13.45334162	13.46610572	13.47924914	13.49574320	13.51758950	13.53294353	13.53694514	13.52315081	13.49118794	13.46584341	13.44705601	13.42598041	13.40627382	13.38045196	13.35805044	13.32713682	13.30559053	13.28548534
	13.55017190	13.57454367	13.59093885	13.60114974	13.60594820	12.82726207	12.85119358	12.87123537	12.90767076	12.94245864	13.00125442	13.04173912	13.07239881	13.12246698	13.16286873	13.18466554	13.20358124	13.22676224	13.26156363	13.28604865	13.28737286	13.28230470	13.27423004	13.26549830	13.25580455	13.25508622	13.27276932	13.29465767	13.31705705	13.33800371	13.35338069	13.36813431	13.38115778	13.39467833	13.41145856	13.43190925	13.45166467	13.45575791	13.43794767	13.40424011	13.37928195	13.35944590	13.34035668	13.31658883	13.28925443	13.26182759	13.23242075	13.21046260	13.19254611
	13.49942539	13.52505607	13.54247658	13.55350119	13.55887484	12.83524603	12.77251727	12.79232229	12.82806727	12.86155905	12.92484146	12.96670468	12.99551764	13.04677261	13.08845215	13.11362538	13.13237822	13.15301470	13.18597115	13.21309198	13.21527020	13.20922081	13.19995504	13.19082447	13.18124788	13.18072931	13.19972196	13.22608383	13.24838239	13.26929794	13.28631465	13.30005885	13.31259108	13.32623477	13.34319575	13.36400982	13.38930928	13.39409778	13.37106819	13.33421646	13.30916972	13.29058220	13.26901279	13.24432789	13.21825375	13.18510228	13.15639170	13.13595836	13.11895985
	13.45932475	13.48722371	13.50636976	13.51872239	13.52504278	13.09405728	12.66945846	12.68782952	12.73362647	12.76783862	12.82476534	12.88037058	12.91052042	12.95147440	12.99537896	13.03331266	13.05551625	13.07435034	13.09876235	13.12265894	13.12500567	13.11867179	13.11013550	13.10251019	13.09536380	13.09532776	13.11146195	13.13857877	13.16341281	13.18826987	13.21465724	13.23081534	13.24278433	13.25446595	13.26772571	13.28357805	13.30772877	13.31258509	13.28881234	13.25830477	13.23710804	13.21756963	13.18344804	13.15488585	13.12677231	13.09536123	13.07359749	13.05547903	13.03534241
	13.36380008	13.39049803	13.40895353	13.42104782	13.42739409	13.06429577	12.61496563	12.63402438	12.67000901	12.70293647	12.76519142	12.81060280	12.83987299	12.88491621	12.92687851	12.95905519	12.97917666	12.99859094	13.02517632	13.05127595	13.05430110	13.04834967	13.03962692	13.03132467	13.02361990	13.02365373	13.04174851	13.07072548	13.09478895	13.11546541	13.13761717	13.15256638	13.16464958	13.17682941	13.19131682	13.20885431	13.23502442	13.23993922	13.21499476	13.18140572	13.15869582	13.13956148	13.11023152	13.08543275	13.05669056	13.02327272	12.99946194	12.98077115	12.96276991
	13.33430485	13.36197630	13.38120285	13.39388571	13.40068419	13.17779904	12.55638490	12.57413644	12.61587116	12.65007294	12.70785890	12.76058759	12.79062868	12.83101711	12.87372540	12.91212872	12.93402629	12.95284412	12.97740246	13.00006193	13.00293810	12.99734702	12.99014124	12.98374889	12.97757190	12.97791294	12.99325610	13.02031729	13.04574315	13.06892695	13.09597888	13.11255576	13.12519063	13.13692205	13.15097664	13.16597941	13.18746157	13.19200580	13.16948967	13.14079653	13.11778924	13.09725880	13.06178789	13.03460269	13.00414045	12.97554962	12.95325533	12.93484629	12.91484481
	13.28843767	13.31735541	13.33754484	13.35113806	13.35867637	13.36159732	12.46621517	12.48276902	12.52885519	12.56886552	12.61486651	12.67407732	12.71273096	12.74360264	12.78076047	12.82225844	12.85124160	12.87575748	12.89566414	12.91108218	12.91278444	12.90865232	12.90367110	12.89895661	12.89446186	12.89507789	12.90746657	12.92828456	12.95204355	12.97658743	13.00782729	13.02626065	13.04084342	13.05573205	13.06769093	13.07972106	13.09503111	13.09808329	13.08047583	13.05749367	13.02935599	13.00379708	12.96562190	12.93805231	12.91039309	12.88991243	12.87150008	12.84716750	12.82023210
	13.23475541	13.26348279	13.28368275	13.29748934	13.30535759	13.25408053	12.41824179	12.43322959	12.48024974	12.52104344	12.55999234	12.62178348	12.66255105	12.69200119	12.72281162	12.76390326	12.79925031	12.82264500	12.84217175	12.85613816	12.85747485	12.85423683	12.85052917	12.84684508	12.84263467	12.84364559	12.85483083	12.87081212	12.89169060	12.91794222	12.94941153	12.97298161	12.98849862	13.00280452	13.01567465	13.02654437	13.03886341	13.04110631	13.02655153	13.00431790	12.97589846	12.94186104	12.90412225	12.87512387	12.85456075	12.83657443	12.81796989	12.79250893	12.75944506
	13.17252538	13.20039365	13.22015414	13.23387767	13.24190247	13.23539191	12.36942957	12.39815997	12.44486502	12.47795113	12.51617680	12.58144806	12.61610413	12.64199333	12.67415733	12.71519925	12.75279538	12.77147814	12.78810636	12.80019333	12.80177329	12.79880372	12.79554366	12.79223680	12.78893345	12.78990686	12.80028274	12.81646740	12.83931461	12.86802552	12.89926095	12.92405473	12.93727755	12.94756232	12.95772484	12.96755875	12.97943113	12.98188277	12.96732197	12.94793525	12.92584589	12.88834708	12.85103967	12.81933784	12.79877111	12.78259426	12.76728554	12.74641724	12.71022228
	13.15334463	13.18036252	13.19961548	13.21314232	13.22125943	13.21624450	12.53909144	12.40430878	12.44341932	12.48182863	12.51759765	12.57179869	12.61239752	12.63849662	12.66711037	12.69867708	12.73528140	12.75812620	12.77769156	12.78950286	12.79119788	12.78855682	12.78554953	12.78235852	12.77912751	12.78038666	12.79072515	12.80598784	12.82645125	12.84933515	12.87396437	12.89907020	12.91311132	12.92533378	12.93832853	12.94913285	12.96070982	12.96305572	12.94837267	12.92420254	12.89960992	12.86260742	12.83373535	12.80712257	12.78785810	12.77137252	12.75097925	12.72799415	12.69422028
	13.15235500	13.17919379	13.19844852	13.21209495	13.22042785	13.22731460	12.74680955	12.40394650	12.44639157	12.48548218	12.51461172	12.57094428	12.61433194	12.63676134	12.65987175	12.68984073	12.73163408	12.75718673	12.77553523	12.78551435	12.78706187	12.78502635	12.78251677	12.77981263	12.77719326	12.77848604	12.78736305	12.80024466	12.81723997	12.83823627	12.86706240	12.89439271	12.90892907	12.92189344	12.93426012	12.94397219	12.95391909	12.95574086	12.94265248	12.91984623	12.89302029	12.85127389	12.82069756	12.79959838	12.78380339	12.76896463	12.74840343	12.72346144	12.68428553
	13.17779922	13.20585454	13.22602773	13.24044943	13.24942433	13.25320875	13.07659374	12.39677942	12.42891600	12.47508525	12.50936685	12.55403768	12.60113949	12.63486993	12.65634863	12.68028669	12.71256940	12.74221893	12.76948524	12.78460186	12.78689311	12.78362454	12.77956706	12.77543261	12.77158953	12.77381346	12.78745496	12.80133448	12.81661603	12.83402343	12.85733907	12.87855874	12.89319731	12.90867673	12.92563097	12.93867818	12.95089036	12.95266469	12.93568549	12.90483371	12.87472686	12.84268542	12.81772967	12.79879221	12.77889613	12.75741321	12.72950960	12.70445446	12.67400587
	13.15965723	13.18773237	13.20811686	13.22284758	13.23222703	13.23675429	13.24168157	12.38320181	12.41256933	12.45701084	12.49197430	12.53704858	12.58250035	12.61545774	12.63915970	12.66488949	12.69534639	12.72384560	12.75140834	12.76555137	12.76807691	12.76558740	12.76213263	12.75873013	12.75548281	12.75776815	12.77059477	12.78672196	12.80353043	12.82305290	12.84616555	12.86609230	12.88049541	12.89504677	12.91203080	12.92582311	12.93761162	12.93953110	12.92284824	12.89070923	12.86118555	12.83038578	12.80347305	12.78221620	12.76153634	12.74043076	12.71255207	12.68808086	12.65913272
	13.12421927	13.15104649	13.17070342	13.18506020	13.19438816	13.19903933	13.21093551	12.38414161	12.41755546	12.45593962	12.48577111	12.53516260	12.57787591	12.60554884	12.62807226	12.65829696	12.68981083	12.71687932	12.74059764	12.75282538	12.75525810	12.75379407	12.75141543	12.74896678	12.74654092	12.74856277	12.75866752	12.77252796	12.79101186	12.81453400	12.83886843	12.86090988	12.87532819	12.88706835	12.90068549	12.91293032	12.92316141	12.92498378	12.91050823	12.88300401	12.85555929	12.82194718	12.79094617	12.76827965	12.75141843	12.73299850	12.70984141	12.68532997	12.65512286
	13.13684921	13.16195844	13.18040547	13.19399946	13.20293745	13.20750391	13.19649417	12.44503743	12.46908862	12.50754008	12.53847517	12.57605317	12.61702788	12.64858190	12.67021513	12.69520224	12.71882037	12.74546494	12.76956652	12.78525814	12.78793556	12.78657946	12.78419324	12.78107694	12.77793319	12.78058599	12.79207545	12.80566908	12.82229458	12.84204614	12.85961152	12.87843543	12.89249759	12.90421128	12.91741384	12.93030244	12.94275526	12.94532859	12.92681390	12.89955585	12.87307934	12.84620319	12.82136765	12.80090339	12.78272810	12.76135967	12.73872059	12.71542676	12.69311224
	13.12472384	13.14741316	13.16421750	13.17670690	13.18503724	13.18942228	13.15227685	12.49185998	12.52214477	12.55362042	12.58403359	12.61780720	12.65086814	12.68191794	12.70341179	12.72625650	12.74706152	12.76915080	12.78854064	12.80581882	12.80875836	12.80759034	12.80549362	12.80254725	12.79958965	12.80224274	12.81375265	12.82747665	12.84332681	12.86166358	12.87761904	12.89459057	12.90676426	12.91626799	12.92573492	12.93812171	12.95082996	12.95364494	12.93448663	12.91168532	12.88946729	12.86485676	12.84202785	12.82252121	12.80383752	12.78222062	12.76537178	12.74526266	12.72530212
	13.11103117	13.13068919	13.14540039	13.15647610	13.16403725	13.16823976	13.18002956	12.56524403	12.59291711	12.61944016	12.63769764	12.66818110	12.70324253	12.72510301	12.73881720	12.75537472	12.77897750	12.80347023	12.82057438	12.83178098	12.83389516	12.83326571	12.83233434	12.83123499	12.83008191	12.83166764	12.83882582	12.84802985	12.85896973	12.87389400	12.89338336	12.91155249	12.92488359	12.93362013	12.94150669	12.95108251	12.95801726	12.95912615	12.94858822	12.92858845	12.90404873	12.87639216	12.85591608	12.84241237	12.83115207	12.81558708	12.79852457	12.77610608	12.75303162
	13.09426721	13.11241272	13.12607887	13.13643365	13.14360566	13.14766743	13.15058343	12.59750073	12.61876434	12.64123578	12.66022738	12.68993546	12.71789230	12.73879782	12.75310171	12.77078247	12.79050362	12.81006884	12.82597867	12.83685143	12.83919008	12.83875814	12.83804486	12.83717803	12.83626790	12.83796168	12.84532292	12.85516195	12.86737122	12.88302175	12.89985552	12.91337173	12.92470364	12.93303818	12.94069709	12.95016930	12.95754421	12.95860940	12.94775470	12.92801204	12.90628131	12.88445495	12.86351847	12.84868980	12.83682859	12.82158562	12.80536603	12.78737424	12.76805646
	13.11332647	13.13085519	13.14417283	13.15436248	13.16154879	13.16570248	13.16936422	12.88552204	12.65444926	12.67412388	12.69289819	12.71748926	12.74652071	12.76710997	12.78098136	12.79621781	12.81237725	12.83226596	12.84830009	12.85813029	12.86151471	12.86135257	12.86050486	12.85952735	12.85862543	12.86095046	12.86997946	12.87955221	12.89078960	12.90430616	12.91877612	12.93266287	12.94604600	12.95413311	12.96049486	12.96794299	12.97632256	12.97804774	12.96473059	12.94885326	12.92381069	12.90369385	12.88608128	12.87223757	12.85795169	12.84493780	12.82771628	12.80920690	12.79344357
	13.12855348	13.14558355	13.15865942	13.16875337	13.17595150	13.18022159	13.18424476	12.97751225	12.67982399	12.69874445	12.71746618	12.73914762	12.76690280	12.78699739	12.80178997	12.81500586	12.82980701	12.84874751	12.86490967	12.87495691	12.87850168	12.87862998	12.87801384	12.87725023	12.87655937	12.87894632	12.88800254	12.89821705	12.90867436	12.92101268	12.93490175	12.94779364	12.96056603	12.96859144	12.97509937	12.98258721	12.99034182	12.99151088	12.97895854	12.96283196	12.93853570	12.91887813	12.90315169	12.88925955	12.87513401	12.86204515	12.84517683	12.82732432	12.81265796
	13.14348660	13.16005364	13.17290859	13.18293633	13.19018703	13.19459953	13.19868134	13.10038357	12.70099997	12.72086244	12.73980942	12.75930227	12.78214449	12.80383228	12.82042479	12.83161220	12.84562592	12.86054661	12.87602896	12.88788783	12.89234948	12.89280406	12.89243977	12.89191268	12.89144338	12.89402319	12.90342753	12.91458607	12.92393055	12.93507958	12.94892816	12.95934492	12.96949844	12.97744861	12.98509139	12.99407833	13.00137706	13.00182748	12.98952856	12.97073377	12.95060129	12.93218738	12.91759283	12.90350995	12.88847014	12.87352966	12.85859220	12.84384409	12.82928467
	13.13473550	13.15135730	13.16425203	13.17432754	13.18163800	13.18608879	13.18807153	13.07826784	12.69305527	12.71332004	12.73068203	12.75029195	12.77374545	12.79668572	12.81173449	12.82297177	12.83693710	12.85212533	12.86833780	12.88127257	12.88586365	12.88636933	12.88606886	12.88559347	12.88519262	12.88771202	12.89624992	12.90637861	12.91573011	12.92703829	12.94114649	12.95216805	12.96275838	12.97178995	12.97966102	12.98867574	12.99561631	12.99604765	12.98423813	12.96398976	12.94278397	12.92409817	12.90941751	12.89642786	12.88220055	12.86602246	12.85016840	12.83516049	12.82068036
	13.12390226	13.14035374	13.15319486	13.16337135	13.17088181	13.17559635	13.17795566	13.07747775	12.68627613	12.70701370	12.72336183	12.74117010	12.76091187	12.78540531	12.80068742	12.81274009	12.82503671	12.83782737	12.85301786	12.86753843	12.87253581	12.87352597	12.87366362	12.87355664	12.87362112	12.87663284	12.88576309	12.89564483	12.90600144	12.91748728	12.92974407	12.93996351	12.94914336	12.95971004	12.96803821	12.97724956	12.98476771	12.98508086	12.97223328	12.94936399	12.92962611	12.91327680	12.89749272	12.88411845	12.86955547	12.85171207	12.83659888	12.82410867	12.81027987
	13.12633566	13.14285973	13.15583646	13.16617566	13.17385518	13.17874929	13.18120405	13.09042800	12.68379100	12.70320915	12.72240753	12.73944044	12.75693170	12.77829365	12.79922102	12.81114587	12.82269628	12.83431754	12.84744180	12.85941661	12.86396916	12.86529801	12.86566994	12.86575753	12.86607726	12.86987393	12.88269952	12.89546338	12.90539554	12.91686828	12.92800386	12.93746580	12.94567426	12.95484794	12.96224793	12.97061797	12.98022043	12.98069043	12.96504609	12.94528001	12.92716365	12.91206861	12.89663842	12.87880177	12.86160040	12.84670273	12.83332265	12.82208509	12.80879917
	13.14536914	13.16166198	13.17449735	13.18476766	13.19250293	13.19744715	13.19988214	13.19609127	12.70691764	12.73296790	12.74636253	12.76003584	12.78137370	12.80449443	12.82241534	12.83202178	12.84115788	12.85309479	12.86946489	12.88223697	12.88785092	12.88997106	12.89103784	12.89178389	12.89276761	12.89787592	12.90895717	12.91784176	12.92621094	12.93596698	12.94828006	12.96169481	12.97198496	12.98108243	12.98960834	12.99912144	13.00773790	13.00819093	12.99298693	12.97058701	12.94659607	12.93021325	12.91799596	12.90492689	12.88638269	12.87039945	12.85274449	12.83981002	12.82947906
	13.16128294	13.17653089	13.18868150	13.19846748	13.20592679	13.21075577	13.21321519	13.21936606	12.85710758	12.76866635	12.78351795	12.79553107	12.81097783	12.83184449	12.84935243	12.86131477	12.86973455	12.87920256	12.88924727	12.89965069	12.90647568	12.90935605	12.91082740	12.91206142	12.91342778	12.91870247	12.92903340	12.94071402	12.95049115	12.95982100	12.97066310	12.98053518	12.98869103	12.99682863	13.00477117	13.01384287	13.02131181	13.02147708	13.00781567	12.98626683	12.96817877	12.95293220	12.93844923	12.92331745	12.90584806	12.88996582	12.87867389	12.86774715	12.85671991
	13.15366512	13.16943878	13.18207943	13.19232115	13.20018887	13.20536473	13.20807367	13.20611718	12.85553681	12.75021063	12.76350378	12.77432305	12.78940795	12.81344517	12.83075101	12.84244808	12.85028329	12.85838987	12.86802041	12.87902911	12.88682113	12.89070632	12.89311046	12.89538315	12.89779743	12.90342807	12.91354897	12.92646096	12.93539316	12.94429310	12.95446860	12.96549497	12.97512187	12.98524129	12.99477032	13.00326348	13.01008815	13.01005087	12.99721713	12.97193141	12.95116722	12.93718540	12.92298293	12.90646780	12.88738266	12.86930406	12.85778509	12.84830328	12.83826692
	13.15583221	13.17235516	13.18573624	13.19661688	13.20503841	13.21070111	13.21381367	13.21538423	12.95161263	12.73223307	12.74503506	12.75673075	12.77302239	12.79730888	12.81191362	12.82201048	12.83230485	12.84107786	12.85053831	12.86107264	12.86825248	12.87256095	12.87574621	12.87890509	12.88233808	12.88860218	12.89942414	12.90990602	12.92176640	12.93372937	12.94581898	12.95806363	12.96831903	12.97922402	12.99010808	12.99708493	13.00284829	13.00270909	12.99183925	12.96421509	12.94059755	12.92223116	12.90574383	12.88931442	12.86979610	12.85246050	12.83987388	12.82680518	12.81514695
	13.20802891	13.22697932	13.24245286	13.25508163	13.26491073	13.27162817	13.27536210	13.27709566	13.09820116	12.71724369	12.73374449	12.74652774	12.76237123	12.78605692	12.80367537	12.81819415	12.83070002	12.83986466	12.84826051	12.85749973	12.86368786	12.86832454	12.87234720	12.87637539	12.88066241	12.88819864	12.90170353	12.91677805	12.93429817	12.94756391	12.96014742	12.97254397	12.98273309	12.99353918	13.00540755	13.01378561	13.02111800	13.02110234	13.00747355	12.97774603	12.95377540	12.93389667	12.90910958	12.88757315	12.86521447	12.84963416	12.83735267	12.82349054	12.80527508
	13.21417401	13.23447102	13.25118662	13.26480541	13.27544478	13.28284625	13.28707170	13.28913867	13.16411080	12.68599839	12.70556194	12.71809393	12.73383579	12.75649979	12.77854196	12.79627015	12.80708612	12.81528447	12.82232996	12.83069855	12.83648543	12.84140522	12.84595432	12.85062548	12.85538123	12.86369117	12.88055404	12.90436404	12.92063106	12.93365447	12.94684235	12.95994728	12.97073213	12.98174279	12.99330770	13.00408033	13.01494325	13.01553308	12.99627933	12.96502105	12.93990742	12.91972035	12.89087082	12.86155963	12.83882925	12.82384169	12.81181517	12.79849478	12.77642262
	13.28460568	13.30467005	13.32130032	13.33483583	13.34550759	13.35300256	13.35741360	13.35972735	13.35160274	12.88494963	12.77766945	12.79138876	12.80584458	12.82175975	12.84146681	12.85932104	12.86962460	12.87904052	12.88650202	12.89368458	12.89847275	12.90287573	12.90712977	12.91158499	12.91654929	12.92357518	12.93842596	12.96440782	12.98171717	12.99906830	13.01301697	13.02598986	13.03629909	13.04415172	13.05251999	13.06227607	13.07356668	13.07453571	13.05478508	13.03004073	13.00483479	12.97909171	12.94743987	12.91998006	12.90097088	12.88752527	12.87237270	12.85753877	12.83432339
	13.31555475	13.33643086	13.35380279	13.36806646	13.37932809	13.38732769	13.39208692	13.39466148	13.39496856	13.05111060	12.78415892	12.79732372	12.80887636	12.82194713	12.83936624	12.85535433	12.86464393	12.87305143	12.88123496	12.89237671	12.89916864	12.90369128	12.90782229	12.91191400	12.91620860	12.92329798	12.93788592	12.96221164	12.98092967	13.00238131	13.02064123	13.03267994	13.04100440	13.04882950	13.05684706	13.06608215	13.07689383	13.07761454	13.05826425	13.03396214	13.00707633	12.97535753	12.94391698	12.91785765	12.90124592	12.88291213	12.86573841	12.85066264	12.82911177
	13.30943663	13.33063573	13.34827957	13.36267162	13.37400228	13.38213104	13.38708370	13.38985139	13.39439899	13.06463481	12.77077752	12.78456140	12.79689601	12.81275397	12.82896519	12.84270660	12.85195224	12.86081977	12.86939922	12.88121578	12.88831904	12.89335228	12.89798183	12.90277820	12.90800537	12.91708970	12.93248046	12.95278073	12.97210810	12.99497109	13.01357704	13.02717909	13.03722187	13.04769337	13.05602630	13.06436900	13.07374935	13.07416596	13.05699295	13.02877628	12.99972510	12.96596872	12.93671024	12.91105843	12.89203872	12.87289232	12.85429947	12.83835807	12.82002703
	13.32098022	13.34026594	13.35633135	13.36942326	13.37972119	13.38716878	13.39180971	13.39453058	13.39574742	13.23595958	12.86685625	12.83907644	12.84943309	12.86041545	12.87232271	12.88327804	12.89312421	12.90258402	12.90967226	12.91921613	12.92461583	12.92958274	12.93460108	12.93930921	12.94427882	12.95239969	12.96581399	12.98364720	13.00598464	13.02702928	13.04337858	13.05598107	13.06471836	13.07264086	13.07962090	13.08689767	13.09527107	13.09546999	13.07991780	13.05634219	13.02990413	12.99800611	12.96789934	12.94520503	12.92873924	12.91420242	12.89779890	12.87975869	12.86237800
	13.33266153	13.34979375	13.36403978	13.37552554	13.38460223	13.39121981	13.39546138	13.39820108	13.39958577	13.33486347	12.93840130	12.90482474	12.91394479	12.92117902	12.92898190	12.93685127	12.94494881	12.95287814	12.95827585	12.96598164	12.97182288	12.97765338	12.98411693	12.98953244	12.99436974	13.00072385	13.01129198	13.02606283	13.04805930	13.06498105	13.08362663	13.09707170	13.10380006	13.10920783	13.11479738	13.12105047	13.12841771	13.12875049	13.11484095	13.09635559	13.06770728	13.03875755	13.01092586	12.99359687	12.97786342	12.96344306	12.94989202	12.93294785	12.91861128
	13.35455342	13.37072387	13.38428072	13.39530179	13.40409283	13.41050122	13.41461762	13.41731445	13.41882374	13.41940276	13.08047249	12.94933408	12.95540629	12.95899956	12.96302020	12.96687592	12.97054945	12.97550247	12.98053700	12.98816437	12.99428884	13.00044400	13.00647481	13.01142683	13.01633639	13.02389413	13.03519593	13.04798559	13.06592106	13.08426794	13.10291234	13.11686173	13.12291771	13.12812246	13.13348071	13.13949329	13.14664339	13.14725430	13.13344536	13.11398435	13.08407959	13.05431607	13.03061799	13.01351300	12.99954496	12.98550561	12.97263301	12.95951542	12.94744924
	13.34854028	13.36435378	13.37758106	13.38834120	13.39688000	13.40312366	13.40722941	13.40998213	13.41158701	13.41212349	13.16297388	12.94646802	12.95900545	12.96186960	12.96446351	12.96732939	12.97001820	12.97461081	12.97984282	12.98725634	12.99295094	12.99842951	13.00309822	13.00779475	13.01296008	13.02143895	13.03491658	13.04796591	13.06425871	13.08148642	13.09766139	13.11353666	13.12076073	13.12620548	13.13176160	13.13777080	13.14459865	13.14511146	13.13113777	13.10904920	13.07981866	13.05207380	13.02825040	13.01029174	12.99801924	12.98553101	12.97376359	12.96154095	12.94859680
	13.34023670	13.35487951	13.36708002	13.37704969	13.38488756	13.39061924	13.39449635	13.39718256	13.39886618	13.39978086	13.23946079	12.98598823	12.97976316	12.98101985	12.98103748	12.98117419	12.98249079	12.98598503	12.99132668	12.99893316	13.00466457	13.01007420	13.01453969	13.01946936	13.02426031	13.03203845	13.04528269	13.05746700	13.07110452	13.08740241	13.10264774	13.11652588	13.12433779	13.13002659	13.13548896	13.14167204	13.14860356	13.14903845	13.13405595	13.11021003	13.08341814	13.05865529	13.03749119	13.02171405	13.01002643	12.99810573	12.98748986	12.97718773	12.96482068
	13.34893878	13.36278413	13.37429481	13.38377815	13.39122841	13.39667829	13.40039515	13.40300324	13.40469988	13.40572742	13.33896886	13.01411619	13.00511839	13.00431816	13.00208082	13.00142169	13.00268501	13.00610929	13.01136823	13.01844774	13.02376784	13.02878913	13.03336760	13.03860814	13.04324684	13.05071435	13.06438310	13.07484712	13.08631607	13.10111026	13.11644340	13.12921194	13.13724254	13.14313408	13.14765026	13.15261183	13.15835078	13.15851496	13.14453520	13.12091413	13.09603211	13.07404996	13.05515630	13.04055858	13.02882533	13.01780005	13.00825401	12.99961753	12.98796466
	13.36973728	13.38316728	13.39433608	13.40357127	13.41087919	13.41622959	13.41986313	13.42242375	13.42412000	13.42520328	13.42928585	13.11962800	13.03276349	13.02956985	13.02490400	13.02368348	13.02513909	13.02899923	13.03526621	13.04243166	13.04708363	13.05103719	13.05518690	13.06009663	13.06453961	13.07179891	13.08545645	13.09677306	13.10766901	13.11989386	13.13423264	13.14677528	13.15472130	13.16077020	13.16542303	13.17049962	13.17577766	13.17557547	13.16088246	13.13715963	13.11292296	13.09393988	13.07590779	13.06187578	13.05085776	13.04145866	13.03275854	13.02382223	13.01199221
	13.36475269	13.37795171	13.38895840	13.39804088	13.40527116	13.41056555	13.41420123	13.41681891	13.41861684	13.41984111	13.42207857	13.20447416	13.03084553	13.02491224	13.01822124	13.01694062	13.01904944	13.02378175	13.03195339	13.03991898	13.04427379	13.04751637	13.05079268	13.05457822	13.05890044	13.06632443	13.07957727	13.09282126	13.10390141	13.11450018	13.12618587	13.13863313	13.14670331	13.15317093	13.15868491	13.16441804	13.16902752	13.16820733	13.15177879	13.12729954	13.10640881	13.08808102	13.07073553	13.05669233	13.04727935	13.03881964	13.03022165	13.02010987	13.00891223
	13.35515918	13.36810432	13.37890592	13.38783582	13.39495434	13.40014834	13.40372065	13.40636219	13.40822954	13.40955128	13.41108531	13.29486710	13.02346741	13.02207635	13.01444039	13.01101245	13.01240264	13.01677460	13.02531911	13.03370898	13.03809881	13.04165633	13.04496546	13.04852254	13.05286928	13.06019341	13.07209595	13.08676846	13.09772890	13.10840522	13.11977398	13.13236234	13.14037088	13.14694746	13.15320442	13.15898877	13.16345121	13.16299954	13.14718940	13.12053143	13.09951996	13.08101030	13.06407264	13.05042938	13.04094857	13.03261340	13.02420022	13.01339647	13.00317533
	13.35945487	13.37157457	13.38165993	13.39005807	13.39675033	13.40164869	13.40500665	13.40755949	13.40945486	13.41086674	13.41258661	13.40616248	13.11682756	13.05081815	13.03260576	13.02758044	13.02995736	13.03444936	13.04189319	13.05032050	13.05453133	13.05789326	13.06127067	13.06511128	13.06964214	13.07688653	13.08693463	13.10021407	13.11123423	13.12193644	13.13398746	13.14586059	13.15272467	13.15914118	13.16510798	13.17074473	13.17603787	13.17798299	13.16117255	13.13297964	13.11185181	13.09409371	13.07783430	13.06537230	13.05661863	13.04890049	13.04060701	13.03123638	13.02228014
	13.35314413	13.36490960	13.37469452	13.38288032	13.38936382	13.39406669	13.39735019	13.39991097	13.40187896	13.40337056	13.40519646	13.40981547	13.14734999	13.05425877	13.03105043	13.02537925	13.02777421	13.03290187	13.04054939	13.05000670	13.05429566	13.05751062	13.06062364	13.06406630	13.06820523	13.07467766	13.08517354	13.09762593	13.10960612	13.12012446	13.13237941	13.14420779	13.15070670	13.15674698	13.16256085	13.16848694	13.17403769	13.17673639	13.15975466	13.13187437	13.10875865	13.09102370	13.07480484	13.06375271	13.05593688	13.04841585	13.03955210	13.03069364	13.02164828
	13.34608237	13.35734107	13.36671793	13.37459084	13.38081353	13.38529526	13.38846776	13.39101235	13.39303117	13.39466788	13.39662107	13.40108884	13.24868639	13.04316325	13.02792202	13.02538526	13.02870373	13.03466214	13.04240197	13.05228125	13.05669167	13.06003958	13.06321420	13.06671419	13.07048491	13.07625750	13.08540133	13.09699050	13.10951403	13.11964638	13.13057165	13.14035180	13.14614077	13.15087763	13.15568467	13.16147243	13.16716310	13.16807082	13.15112428	13.12840505	13.10713999	13.09033531	13.07590132	13.06578176	13.05843841	13.05120734	13.04229401	13.03347915	13.02500975
	13.38749957	13.39893720	13.40853387	13.41668972	13.42320385	13.42786855	13.43118621	13.43390586	13.43615081	13.43804167	13.44041036	13.44540744	13.46552218	13.19215919	13.03972422	13.04040449	13.04598341	13.05380636	13.06295497	13.07103916	13.07539408	13.07890705	13.08250557	13.08627767	13.09091570	13.09714773	13.10738958	13.11938619	13.12963606	13.13974535	13.15151126	13.16226556	13.16830256	13.17287251	13.17709986	13.18151985	13.18738842	13.18722154	13.16302219	13.14281772	13.12483817	13.10765380	13.09210124	13.08171863	13.07525490	13.06901564	13.06199143	13.05262660	13.04404351
	13.44058688	13.45299368	13.46343797	13.47235334	13.47955272	13.48473149	13.48839095	13.49138937	13.49387348	13.49602081	13.49888742	13.50436001	13.51519723	13.37574149	13.04753386	13.05220496	13.05916788	13.06667563	13.07418172	13.08195572	13.08720664	13.09173733	13.09667082	13.10177650	13.10799444	13.11479301	13.12465082	13.13646822	13.14737222	13.16031581	13.17489319	13.18643841	13.19253133	13.19763198	13.20208138	13.20699221	13.21330579	13.21509249	13.18868707	13.16009072	13.14007082	13.12305050	13.10546809	13.09297904	13.08550950	13.07868861	13.07183972	13.06441228	13.05648148
	13.44967275	13.46200414	13.47256097	13.48163394	13.48891039	13.49413654	13.49781996	13.50089032	13.50351486	13.50584482	13.50910035	13.51461494	13.52600098	13.43314840	13.04796968	13.06025722	13.06529388	13.07200031	13.08105669	13.09114110	13.09779191	13.10222260	13.10635971	13.11064465	13.11596294	13.12246004	13.13331789	13.14609119	13.15966345	13.17244603	13.18570925	13.19697455	13.20291987	13.20753117	13.21156450	13.21620487	13.22202022	13.22235516	13.20092361	13.17010053	13.14684707	13.12926576	13.11390659	13.10284093	13.09526257	13.08731818	13.07921789	13.07134637	13.06355272
	13.53491634	13.54831112	13.55983066	13.56994307	13.57801744	13.58387879	13.58801229	13.59138683	13.59435905	13.59697731	13.60070988	13.60648521	13.61518876	13.60264391	13.19669802	13.09291251	13.10085923	13.10944518	13.12054342	13.13235472	13.13859105	13.14271319	13.14684770	13.15142541	13.15607084	13.16229197	13.17353204	13.18649579	13.20044430	13.21252270	13.22600811	13.23727268	13.24203335	13.24456808	13.24673694	13.24933499	13.25285540	13.24683653	13.22447147	13.20150079	13.18137148	13.16457989	13.14984324	13.13854431	13.13124461	13.12421513	13.11636911	13.10819524	13.10040599
	13.62628812	13.64076682	13.65331124	13.66446229	13.67343038	13.67990031	13.68443071	13.68819061	13.69149339	13.69464373	13.69892517	13.70505516	13.71400941	13.72726757	13.37930073	13.12894441	13.13969150	13.15272686	13.16675554	13.17800675	13.18284626	13.18626909	13.18974244	13.19455266	13.19890751	13.20520060	13.21773872	13.23011760	13.24239062	13.25405806	13.26787236	13.27816607	13.28103874	13.28142285	13.28137914	13.28130833	13.28131590	13.27395936	13.25833015	13.23986193	13.22030347	13.20385484	13.18911610	13.17838223	13.17133581	13.16543701	13.15821758	13.15044225	13.14204558
	13.59093375	13.60496348	13.61737832	13.62842604	13.63731388	13.64367490	13.64811711	13.65190906	13.65524902	13.65854563	13.66278584	13.66859031	13.67695435	13.68784073	13.42340225	13.10439804	13.11920987	13.13199338	13.14465621	13.15756171	13.16341669	13.16698062	13.17049030	13.17520491	13.17921051	13.18470604	13.19478507	13.20523031	13.21638930	13.22858738	13.24301428	13.25270664	13.25501361	13.25483148	13.25412336	13.25292665	13.25205277	13.24274431	13.22772710	13.21278602	13.19676202	13.18204956	13.16664747	13.15466357	13.14776292	13.14299251	13.13784059	13.13207635	13.12483033
	13.69732565	13.71166749	13.72453845	13.73616743	13.74561730	13.75246613	13.75714945	13.76113737	13.76465326	13.76821479	13.77266968	13.77850196	13.78676537	13.79808433	13.68096546	13.18258678	13.19939286	13.21316455	13.22755993	13.24112855	13.24643962	13.24898227	13.25125761	13.25429632	13.25723645	13.26131324	13.26997039	13.28113352	13.29306799	13.30552595	13.31912884	13.32840606	13.33005407	13.32890504	13.32731214	13.32531211	13.32358090	13.31550857	13.30058606	13.28463074	13.27053718	13.25781769	13.24427535	13.23285627	13.22550053	13.22018304	13.21508103	13.20945212	13.20400839
	13.67646830	13.69179155	13.70573618	13.71838201	13.72869470	13.73611416	13.74115577	13.74551955	13.74939497	13.75333517	13.75813687	13.76424748	13.77274044	13.78436003	13.55244389	13.12817375	13.14784746	13.16264189	13.17947065	13.19398513	13.20017285	13.20336947	13.20591681	13.20895639	13.21196188	13.21611045	13.22531085	13.23716343	13.24915553	13.26119554	13.27478339	13.28459345	13.28609246	13.28444036	13.28231468	13.27996142	13.27777842	13.27079516	13.25668930	13.24040989	13.22567674	13.21168922	13.19667726	13.18512558	13.17762918	13.17231296	13.16755067	13.16195124	13.15589777
	13.65948531	13.67557676	13.69032501	13.70372572	13.71467623	13.72250878	13.72781873	13.73244354	13.73658014	13.74079059	13.74585172	13.75217827	13.76085368	13.77266466	13.42546530	13.08752301	13.10827653	13.12420935	13.14356475	13.15797833	13.16459609	13.16826983	13.17111847	13.17440397	13.17754866	13.18193131	13.19169684	13.20421105	13.21637325	13.22809762	13.24162456	13.25175950	13.25320548	13.25136175	13.24899888	13.24651847	13.24409709	13.23776784	13.22412519	13.20732230	13.19187955	13.17698835	13.16109898	13.14957449	13.14195432	13.13650183	13.13192855	13.12624014	13.11945924
	13.62990354	13.64572426	13.66032628	13.67354021	13.68433027	13.69198224	13.69716819	13.70170520	13.70580608	13.70999243	13.71500141	13.72119844	13.72964198	13.74104310	13.26907947	13.07133983	13.08851471	13.10491129	13.12754493	13.14075782	13.14612356	13.14919276	13.15185897	13.15496661	13.15802514	13.16235084	13.17231512	13.18554287	13.19895070	13.21109598	13.22389022	13.23356448	13.23513041	13.23357883	13.23145295	13.22919227	13.22689451	13.22052120	13.20573957	13.18788273	13.17208208	13.15807369	13.14444664	13.13374243	13.12582353	13.11972904	13.11487167	13.10850020	13.10097517
	13.63944023	13.65573720	13.67083296	13.68453785	13.69574026	13.70366270	13.70901187	13.71370076	13.71795297	13.72230824	13.72749036	13.73381505	13.74233146	13.75385832	13.23777230	13.06666678	13.08493282	13.10226294	13.12544765	13.13926740	13.14533374	13.14864174	13.15135947	13.15453050	13.15752948	13.16186578	13.17171670	13.18481964	13.19840585	13.21083126	13.22376211	13.23341473	13.23487353	13.23330088	13.23108022	13.22870734	13.22627033	13.21977165	13.20474103	13.18728130	13.17146984	13.15728132	13.14317550	13.13183694	13.12361632	13.11740739	13.11287144	13.10644252	13.09891463
	13.68060054	13.69811151	13.71433209	13.72918897	13.74136465	13.75000073	13.75580363	13.76087914	13.76546158	13.77017565	13.77574623	13.78245953	13.79137114	13.80338320	13.30630113	13.06655157	13.08958501	13.10840324	13.13031037	13.14606415	13.15425526	13.15853082	13.16152213	13.16497793	13.16798057	13.17249621	13.18229131	13.19493985	13.20775776	13.22019042	13.23388398	13.24388047	13.24505027	13.24325137	13.24073366	13.23801458	13.23528427	13.22874046	13.21433379	13.19813071	13.18218192	13.16666749	13.14986475	13.13683838	13.12839010	13.12251423	13.11875444	13.11277300	13.10561184
	13.70343504	13.72226941	13.73985752	13.75599296	13.76928329	13.77867309	13.78493527	13.79041304	13.79531958	13.80045174	13.80651756	13.81369721	13.82309678	13.83526133	13.36856826	13.04367186	13.06807925	13.08782667	13.11327604	13.13009698	13.13833287	13.14271087	13.14575541	13.14929281	13.15229294	13.15695349	13.16712520	13.18050883	13.19479682	13.20835119	13.22230645	13.23244755	13.23354238	13.23160001	13.22888731	13.22599787	13.22299909	13.21594700	13.19988453	13.18290416	13.16651895	13.15022880	13.13319679	13.11932717	13.10992770	13.10340597	13.09967800	13.09311574	13.08565992
	13.73124487	13.75172452	13.77104585	13.78877468	13.80345212	13.81375298	13.82055419	13.82652465	13.83183574	13.83749107	13.84418664	13.85193126	13.86189710	13.87517498	13.46058176	13.01468426	13.04172150	13.06253288	13.09156709	13.11024295	13.11907184	13.12381251	13.12712177	13.13085181	13.13390788	13.13870264	13.14898526	13.16275700	13.17899152	13.19416036	13.20870836	13.21919487	13.22020698	13.21794655	13.21482092	13.21161786	13.20816369	13.20028376	13.18204253	13.16436387	13.14803717	13.13061264	13.11254712	13.09729925	13.08655752	13.07924778	13.07546365	13.06829191	13.06100231
	13.75698588	13.77861137	13.79908867	13.81791355	13.83352798	13.84448206	13.85165993	13.85791645	13.86349147	13.86947509	13.87658401	13.88472936	13.89509534	13.90882435	13.51144140	13.00044649	13.02911573	13.05193631	13.08190966	13.10138368	13.11054923	13.11604985	13.12005742	13.12416784	13.12743491	13.13257381	13.14328648	13.15740498	13.17420761	13.18978308	13.20449667	13.21513995	13.21608210	13.21364425	13.21031988	13.20694470	13.20334512	13.19524249	13.17655936	13.15861111	13.14169914	13.12252486	13.10296073	13.08726320	13.07622061	13.06878050	13.06509909	13.05789161	13.05070050
	13.76370782	13.78581232	13.80677098	13.82605288	13.84205797	13.85328739	13.86062128	13.86698525	13.87265780	13.87877298	13.88605232	13.89437040	13.90491138	13.91884502	13.52740972	12.99098709	13.01945029	13.04353343	13.07436107	13.09370102	13.10267193	13.10847247	13.11284189	13.11712714	13.12051666	13.12584898	13.13691562	13.15144235	13.16859958	13.18435156	13.19903438	13.20970076	13.21066155	13.20819921	13.20484579	13.20143063	13.19781466	13.18962435	13.17064438	13.15231803	13.13485818	13.11496050	13.09509011	13.07944250	13.06833169	13.06079747	13.05715384	13.04986033	13.04249924
	13.75703010	13.78029639	13.80243916	13.82279520	13.83973047	13.85158024	13.85930717	13.86601348	13.87195740	13.87842603	13.88611854	13.89483596	13.90582747	13.92032766	13.48972163	12.94516058	12.97357402	13.00088408	13.03368391	13.05328814	13.06234944	13.06823041	13.07278548	13.07749927	13.08137982	13.08754253	13.09954618	13.11490845	13.13291789	13.14926974	13.16417509	13.17513190	13.17614990	13.17358743	13.17013169	13.16664166	13.16290353	13.15442964	13.13457081	13.11528623	13.09610670	13.07452980	13.05465876	13.03867149	13.02714744	13.01932394	13.01566740	13.00811274	13.00050964
	13.70783605	13.73453754	13.76022006	13.78381221	13.80346672	13.81698115	13.82569775	13.83330846	13.84013729	13.84767546	13.85650264	13.86614628	13.87788460	13.89299453	13.28351937	12.79332409	12.82529283	12.86197557	12.89814874	12.92174310	12.93350878	12.94060986	12.94646513	12.95241820	12.95782896	12.96616813	12.98076478	12.99902811	13.01904169	13.03721293	13.05422900	13.06650080	13.06774080	13.06473437	13.06045918	13.05602182	13.05148720	13.04193540	13.02065075	12.99788576	12.97440229	12.94907254	12.92601923	12.90699054	12.89391049	12.88634324	12.88298295	12.87568933	12.86705387
	13.65370412	13.68504324	13.71553369	13.74349212	13.76680282	13.78253041	13.79248064	13.80121958	13.80915714	13.81815671	13.82855026	13.83948956	13.85225874	13.86823029	12.84796719	12.59820020	12.63928258	12.68988564	12.72529941	12.75650056	12.77301026	12.78281767	12.79085210	12.79932324	12.80687591	12.81782114	12.83526686	12.85554483	12.87597794	12.89515277	12.91403307	12.92797768	12.92912202	12.92473508	12.91922937	12.91382522	12.90848180	12.89842293	12.87793161	12.85341888	12.82500374	12.79158473	12.76141611	12.73841844	12.72452787	12.71802957	12.71531312	12.70919985	12.70068647
	13.63274493	13.66704146	13.70061684	13.73136720	13.75701547	13.77415881	13.78484703	13.79424854	13.80282040	13.81275924	13.82418212	13.83600337	13.84948658	13.86611527	12.50569562	12.48473191	12.53442776	12.59400773	12.62599275	12.66377060	12.68361603	12.69560929	12.70512595	12.71568844	12.72456130	12.73679512	12.75554225	12.77586863	12.79530831	12.81432832	12.83380755	12.84875661	12.84959584	12.84377897	12.83738031	12.83151924	12.82579135	12.81594341	12.79745120	12.77370158	12.74292539	12.70279204	12.66674321	12.64107590	12.62727663	12.62177546	12.61960655	12.61462894	12.60704957
	13.62449419	13.65899981	13.69278923	13.72372708	13.74946864	13.76649926	13.77706840	13.78638961	13.79505593	13.80508766	13.81653308	13.82823351	13.84142327	13.85753477	12.47965651	12.47550426	12.52991517	12.58527751	12.61810426	12.66239868	12.68176425	12.69269664	12.70130996	12.71132699	12.71979014	12.73143595	12.74961538	12.76966541	12.78965130	12.81008529	12.83170189	12.84726381	12.84814652	12.84177532	12.83460306	12.82772401	12.82128742	12.81049853	12.79112770	12.76764353	12.73815665	12.70042850	12.66506543	12.63630219	12.62078428	12.61470323	12.61246138	12.60732203	12.59980919
	13.58867695	13.62839789	13.66738041	13.70310999	13.73289280	13.75229521	13.76385370	13.77403565	13.78377013	13.79548008	13.80860308	13.82146613	13.83535669	13.85160287	12.26990495	12.29853011	12.36756784	12.42087482	12.46675054	12.52522758	12.54708968	12.55839132	12.56673595	12.57635982	12.58512068	12.59698408	12.61774080	12.64398430	12.66913141	12.69471379	12.72188097	12.74054536	12.74111202	12.73171069	12.72201997	12.71328492	12.70502091	12.69148398	12.66711549	12.63718401	12.60611076	12.56947174	12.52478167	12.49060071	12.47244651	12.46578796	12.46433056	12.45938200	12.45135246
	13.57746076	13.61766156	13.65710728	13.69325491	13.72337250	13.74294966	13.75459341	13.76487593	13.77475064	13.78661105	13.79987024	13.81281151	13.82673066	13.84296813	12.22544352	12.27534479	12.34687285	12.39836097	12.44591918	12.50718765	12.52934939	12.54043633	12.54852475	12.55777877	12.56630818	12.57782541	12.59853866	12.62578857	12.65141481	12.67779635	12.70606820	12.72532084	12.72585230	12.71591464	12.70577460	12.69671009	12.68814996	12.67415851	12.64919702	12.61824045	12.58767795	12.55212368	12.50596267	12.47074307	12.45212053	12.44533875	12.44390516	12.43890769	12.43072215
	13.55248128	13.59543732	13.63747583	13.67602707	13.70801542	13.72826043	13.73965723	13.74975186	13.76016025	13.77299295	13.78693761	13.79987355	13.81317882	13.82922530	12.13478096	12.19884812	12.27018263	12.32111784	12.38638376	12.44784340	12.46881050	12.47924440	12.48693552	12.49560733	12.50520528	12.51910477	12.54354330	12.57721491	12.61026069	12.63963370	12.66931529	12.68838475	12.68904781	12.67956231	12.66924278	12.65967547	12.65051416	12.63488685	12.60350144	12.56498421	12.52919664	12.49424656	12.45011236	12.41592326	12.39638332	12.38884203	12.38800669	12.38322191	12.37431228
	13.55977522	13.60380363	13.64681781	13.68631641	13.71898719	13.73914709	13.74978009	13.75918968	13.76964584	13.78292066	13.79703439	13.80943960	13.82149166	13.85265104	12.12819409	12.20777093	12.27525456	12.32459965	12.40574204	12.46343471	12.48134405	12.49101131	12.49837623	12.50667172	12.51725012	12.53321739	12.56066245	12.59947899	12.63997629	12.67231825	12.70096386	12.71810988	12.71882804	12.71081725	12.70106575	12.69142373	12.68172393	12.66400365	12.62668089	12.58216142	12.54209320	12.50805512	12.47066883	12.43996466	12.41927961	12.41111429	12.41164742	12.40745187	12.39793039
	13.59440117	13.63563333	13.67585572	13.71282858	13.74326173	13.76167465	13.77084177	13.77893650	13.78854526	13.80100766	13.81404873	13.82511952	13.83539482	13.81762979	12.26778476	12.34616661	12.40524608	12.45384297	12.53444139	12.58411145	12.60013605	12.60951854	12.61677346	12.62512971	12.63582454	12.65182930	12.67878679	12.71665782	12.75724473	12.78874442	12.81369651	12.82807169	12.82858743	12.82250396	12.81411658	12.80531672	12.79605415	12.77829939	12.74163718	12.69836096	12.65892311	12.62587993	12.59627820	12.56943308	12.54934337	12.54143494	12.54279407	12.53921947	12.53012114
	13.57640161	13.61549957	13.65341649	13.68828039	13.71655576	13.73289849	13.74007500	13.74643727	13.75528266	13.76726571	13.77909659	13.78854408	13.79662741	13.52999705	12.34925815	12.42112170	12.47193038	12.53013219	12.60050508	12.64331358	12.66559053	12.67691583	12.68478089	12.69387127	12.70574648	12.72247633	12.74836059	12.78215799	12.81586628	12.84207789	12.86636639	12.88075174	12.88045412	12.87469984	12.86686070	12.85891871	12.85120320	12.83728840	12.80690215	12.76856799	12.72983869	12.69395312	12.66103242	12.63329794	12.61762362	12.61088810	12.61085627	12.60761593	12.60055518
	13.62288656	13.65638812	13.68884801	13.71884174	13.74331483	13.75751789	13.76355863	13.76887683	13.77648168	13.78687659	13.79719389	13.80550966	13.81262380	13.83486476	12.57119203	12.63333894	12.67559003	12.72911248	12.78617996	12.82167364	12.83950622	12.84991856	12.85781298	12.86682149	12.87902017	12.89455921	12.91684803	12.94336772	12.97103059	12.99373934	13.01492446	13.02668267	13.02594885	13.02042928	13.01313549	13.00587535	12.99891321	12.98694509	12.96261745	12.93272701	12.89830179	12.86331165	12.83354490	12.81132643	12.79854422	12.79349862	12.79406967	12.79165854	12.78601738
	13.64784889	13.67758794	13.70625174	13.73282888	13.75436949	13.76650378	13.77099715	13.77491174	13.78153533	13.79087027	13.79986351	13.80679095	13.81231081	13.80621005	12.72883250	12.78309434	12.81929854	12.87051774	12.91897675	12.94976426	12.96795376	12.97800244	12.98548947	12.99396692	13.00569952	13.02028476	13.04092831	13.06531442	13.08711906	13.10663951	13.12621007	13.13677742	13.13556017	13.13034351	13.12350344	13.11681896	13.11061194	13.10052529	13.08127526	13.05458866	13.02318838	12.99055084	12.96235699	12.94175060	12.93144428	12.92754566	12.92790865	12.92596850	12.92171769
	13.64455494	13.66880242	13.69200303	13.71353191	13.73075222	13.74000379	13.74282781	13.74535030	13.75064653	13.75838241	13.76555071	13.77067536	13.77432626	13.70861850	12.91476115	12.95315567	12.98388786	13.03210296	13.06417843	13.09145754	13.10958214	13.11941556	13.12690040	13.13493726	13.14516788	13.15668526	13.17184998	13.18802277	13.20427453	13.22167494	13.23993983	13.24943580	13.24768446	13.24294600	13.23644598	13.23020379	13.22455602	13.21553341	13.20171934	13.18412706	13.16025685	13.13108819	13.10428682	13.08549732	13.07695040	13.07361785	13.07333235	13.07161684	13.06827774
	13.64510517	13.66474839	13.68340007	13.70080517	13.71457729	13.72161393	13.72305879	13.72432846	13.72839512	13.73516032	13.74099575	13.74491047	13.74732381	13.68920129	13.07270115	13.09572295	13.12753765	13.16511187	13.18692001	13.21561139	13.23395339	13.24220656	13.24839682	13.25451643	13.26125790	13.26851177	13.27872065	13.29161335	13.30777211	13.32481315	13.34212630	13.35109723	13.34928604	13.34497501	13.33836616	13.33187013	13.32598189	13.31694992	13.30321162	13.28930981	13.27413258	13.25392086	13.22982461	13.21029457	13.20182331	13.19893469	13.19879102	13.19755502	13.19458450
	13.63654827	13.65533510	13.67310080	13.68973095	13.70272840	13.70907563	13.70989716	13.71062167	13.71436058	13.72117271	13.72678248	13.73041293	13.73241528	13.69584807	13.09649740	13.11624189	13.15133011	13.18351617	13.20474106	13.23644414	13.25455643	13.26180616	13.26706176	13.27206128	13.27741498	13.28400518	13.29385957	13.30769551	13.32626335	13.34354031	13.36041414	13.36944863	13.36805018	13.36403989	13.35750739	13.35082350	13.34468018	13.33527195	13.31929538	13.30436294	13.29048703	13.27407625	13.25176240	13.23143042	13.22245186	13.21959996	13.21967379	13.21865615	13.21559711
	13.61296569	13.63218930	13.65031337	13.66722018	13.68011737	13.68585403	13.68588436	13.68608499	13.68974648	13.69660236	13.70265383	13.70636981	13.70817565	13.49193655	13.06513538	13.08956641	13.12710402	13.15490540	13.18315578	13.21616895	13.23122139	13.23778878	13.24273118	13.24775520	13.25376261	13.26173054	13.27453601	13.29129314	13.31131731	13.32789743	13.34403651	13.35408248	13.35353382	13.34999692	13.34422382	13.33810694	13.33227369	13.32296002	13.30519369	13.28673704	13.26943961	13.25214722	13.23243267	13.21403060	13.20498658	13.20172981	13.20151386	13.20033595	13.19718241
	13.57836410	13.59704666	13.61464507	13.63095574	13.64307057	13.64772788	13.64669002	13.64611504	13.64949098	13.65610415	13.66251125	13.66613530	13.66759991	13.21399545	13.05239039	13.08116810	13.12005122	13.14061434	13.17677120	13.20949916	13.21942066	13.22491717	13.22955844	13.23457345	13.24108967	13.25037468	13.26629938	13.28635337	13.30668411	13.32173969	13.33588864	13.34686825	13.34750503	13.34494937	13.34045908	13.33521969	13.33000109	13.32122291	13.30253057	13.28010178	13.25928783	13.24185918	13.22653287	13.21166887	13.20287976	13.19929975	13.19871399	13.19744410	13.19439364
	13.55609346	13.57379182	13.59051400	13.60586234	13.61706988	13.62069561	13.61885121	13.61786753	13.62107090	13.62740335	13.63356661	13.63718248	13.63856295	13.18353078	13.06163714	13.09266424	13.12515826	13.14760614	13.18495446	13.21173386	13.22192606	13.22844825	13.23393470	13.23994409	13.24766696	13.25752578	13.27337538	13.29112260	13.30811456	13.32280947	13.33785641	13.34966821	13.34992643	13.34667202	13.34220958	13.33700729	13.33172848	13.32362431	13.30787222	13.28788072	13.26686146	13.24765822	13.23092175	13.21626809	13.20844250	13.20507744	13.20420094	13.20294390	13.20032688
	13.56203759	13.57970742	13.59637526	13.61170870	13.62281931	13.62613046	13.62374702	13.62247602	13.62589141	13.63262414	13.63975587	13.64392671	13.64605737	13.19410344	13.06595632	13.10100685	13.13143884	13.15255654	13.19584615	13.21859107	13.22771399	13.23399006	13.24018197	13.24734126	13.25667822	13.26837823	13.28705146	13.30447399	13.31831576	13.33156195	13.34704427	13.36037038	13.36007975	13.35670018	13.35178074	13.34624904	13.34125528	13.33434971	13.32106597	13.30072250	13.27637516	13.25482474	13.23748628	13.22453731	13.21820764	13.21525565	13.21437421	13.21331792	13.21135703
	13.52914809	13.54682406	13.56356628	13.57866437	13.58931227	13.59154183	13.58839992	13.58686335	13.59022564	13.59673924	13.60340109	13.60694950	13.60787960	13.17566510	13.03975139	13.07203868	13.10086539	13.12893391	13.16725489	13.18992547	13.20258567	13.21160113	13.21854462	13.22613578	13.23558148	13.24604738	13.26193885	13.27801836	13.29279734	13.30926154	13.32764248	13.34121686	13.34121472	13.33654194	13.33160805	13.32565697	13.31946596	13.31117044	13.29703235	13.27764695	13.25599534	13.23503681	13.21502190	13.19847202	13.19131242	13.18793699	13.18658576	13.18524847	13.18306053
	13.48056910	13.49816745	13.51494424	13.52960384	13.53920301	13.53891268	13.53399410	13.53182521	13.53511826	13.54139697	13.54764638	13.55179838	13.55267993	13.03215616	13.00200483	13.03589606	13.06037213	13.09714563	13.13155873	13.15429828	13.17146620	13.18187601	13.19138296	13.20163128	13.21136633	13.22072051	13.23286130	13.24675580	13.26434838	13.28484378	13.30620284	13.32125998	13.32097203	13.31608797	13.30972643	13.30240054	13.29490530	13.28618054	13.27056757	13.25326310	13.23455831	13.21176566	13.18735161	13.16840144	13.16010191	13.15581681	13.15369843	13.15215531	13.14964096
	13.45637699	13.47360892	13.49023816	13.50462845	13.51379288	13.51201621	13.50616646	13.50365756	13.50698206	13.51358692	13.52048726	13.52549259	13.52688613	13.24819642	12.99430029	13.02205722	13.05006676	13.09108777	13.11805633	13.14674703	13.16729737	13.17910191	13.18950988	13.19777075	13.20511978	13.21331213	13.22490976	13.24204343	13.26592526	13.28793237	13.30790550	13.32067914	13.32223558	13.31846795	13.31166838	13.30493526	13.29774351	13.28845963	13.27015991	13.24908843	13.23026696	13.21115458	13.18771946	13.16649878	13.15692469	13.15193631	13.14944852	13.14805797	13.14526529
	13.41080266	13.42695315	13.44259290	13.45586673	13.46362978	13.46022875	13.45422997	13.45168992	13.45483601	13.46116865	13.46794163	13.47281767	13.47557653	13.35783627	12.98267611	13.00428511	13.03718251	13.07391299	13.09767487	13.13156754	13.15144639	13.16205625	13.16974866	13.17655335	13.18359491	13.19214673	13.20622438	13.22751740	13.25165359	13.27062830	13.28673560	13.30001976	13.30239244	13.29877649	13.29434441	13.28803265	13.28214576	13.27337930	13.25548617	13.23303337	13.21122584	13.19315836	13.17415929	13.15398148	13.14419989	13.13911752	13.13653384	13.13531024	13.13286629
	13.36625917	13.38144734	13.39611240	13.40812146	13.41381865	13.40820000	13.40227305	13.39954732	13.40265393	13.40874904	13.41537493	13.42112182	13.42635360	13.37602079	12.96791672	12.98865323	13.02777726	13.05540041	13.08421152	13.12061782	13.13510511	13.14300739	13.14994459	13.15755701	13.16712140	13.18066309	13.19877332	13.22037383	13.23650476	13.25224019	13.27146291	13.29016578	13.29228881	13.28750665	13.28098780	13.27400481	13.26786613	13.26030853	13.24632042	13.22600796	13.20134576	13.17894096	13.15955979	13.14318287	13.13407500	13.12943873	13.12682664	13.12567283	13.12402715
	13.35073635	13.36491596	13.37856109	13.38969339	13.39434137	13.38865390	13.38303946	13.38048990	13.38381882	13.39009129	13.39730733	13.40411957	13.41169376	13.33621789	12.97971413	13.00245052	13.03885064	13.06383689	13.09472406	13.12692333	13.13947868	13.14807754	13.15670352	13.16632517	13.17617437	13.18975084	13.20729737	13.22417167	13.23881466	13.25709658	13.27822761	13.29591717	13.29802049	13.29309810	13.28664978	13.27952493	13.27283856	13.26429867	13.25068792	13.23263969	13.20982013	13.18716406	13.16713873	13.15033960	13.14138226	13.13682573	13.13400007	13.13264441	13.13115085
	13.33428163	13.34772940	13.36060477	13.37109974	13.37463908	13.36901158	13.36362188	13.36148018	13.36521548	13.37185775	13.37995654	13.38839358	13.39728980	13.29455396	12.98534177	13.01135041	13.04346629	13.06954391	13.10054319	13.12849574	13.14173063	13.15278810	13.16270478	13.17308981	13.18306397	13.19637598	13.21180567	13.22596537	13.24288278	13.26278726	13.28515668	13.30153568	13.30409013	13.30016192	13.29377212	13.28632255	13.27911492	13.26986640	13.25498464	13.23734438	13.21656555	13.19420175	13.17394071	13.15586119	13.14592275	13.14096232	13.13752309	13.13573486	13.13422016
	13.32263187	13.33575780	13.34821639	13.35834969	13.36020473	13.35415834	13.34860820	13.34701884	13.35187237	13.35940883	13.36938825	13.38050488	13.38880104	13.36907021	12.98553643	13.01495161	13.04453002	13.07207421	13.10797203	13.12955278	13.14389467	13.15774191	13.16940323	13.18255682	13.19442765	13.20498056	13.21609923	13.23070423	13.25142971	13.27629058	13.29896110	13.31122633	13.31435130	13.31202112	13.30676509	13.29930062	13.29021934	13.27951117	13.26282002	13.24436794	13.22585804	13.20404003	13.17900775	13.16080423	13.15031694	13.14501030	13.14086790	13.13880568	13.13708454
	13.30810317	13.32081833	13.33286391	13.34278127	13.34389390	13.33794134	13.33234444	13.33132800	13.33675299	13.34471288	13.35572704	13.36744017	13.37415720	13.37664033	12.98529065	13.01562094	13.04202408	13.07127496	13.10562762	13.12529997	13.14158324	13.15709094	13.16890093	13.18132281	13.19166537	13.20062026	13.21159500	13.22854797	13.25196441	13.27543539	13.29377312	13.30559715	13.30960776	13.30772943	13.30273244	13.29598418	13.28733858	13.27789759	13.26177887	13.24264944	13.22365627	13.20294158	13.17855776	13.15971927	13.14954167	13.14415267	13.13946006	13.13704407	13.13503833
	13.28795624	13.29992449	13.31129429	13.32064807	13.32113648	13.31542238	13.30988961	13.30946597	13.31516930	13.32306408	13.33427039	13.34603034	13.35122345	13.35338160	12.98752436	13.01821759	13.04026751	13.07065533	13.10183113	13.12020123	13.13874885	13.15502201	13.16708618	13.17718655	13.18525249	13.19384893	13.20606072	13.22590477	13.24985306	13.26879964	13.28406018	13.29761949	13.30273312	13.30132939	13.29630592	13.28997883	13.28313749	13.27546869	13.26008265	13.23957860	13.21966098	13.20058329	13.17864303	13.15766966	13.14762247	13.14273540	13.13797561	13.13526246	13.13309823
	13.26758875	13.27837368	13.28862801	13.29698458	13.29696593	13.29194228	13.28701535	13.28743070	13.29341299	13.30085494	13.31144917	13.32064570	13.32552268	13.32682772	13.00483752	13.02916658	13.04984010	13.08037877	13.10481998	13.12537195	13.14549002	13.15813735	13.16799730	13.17622104	13.18422640	13.19462440	13.21022254	13.23057017	13.24801409	13.26275877	13.27906305	13.29576220	13.30193174	13.30051798	13.29501085	13.28816035	13.28216798	13.27579830	13.26336001	13.24465042	13.22359388	13.20380494	13.18393575	13.16533551	13.15515887	13.15081108	13.14710429	13.14426269	13.14249016
	13.28558255	13.29601427	13.30600179	13.31419730	13.31406661	13.30945651	13.30474363	13.30578645	13.31232211	13.31992058	13.32984687	13.33759795	13.34223254	13.34304317	13.04021838	13.06115514	13.08190898	13.11310574	13.13394522	13.15735808	13.17763111	13.18878744	13.19667944	13.20427548	13.21340193	13.22665185	13.24435084	13.26205655	13.27584663	13.29004104	13.30952389	13.32808354	13.33440180	13.33279644	13.32712635	13.31972849	13.31325366	13.30666507	13.29544558	13.27987474	13.25930130	13.23654459	13.21633520	13.19908276	13.18894372	13.18401610	13.18088626	13.17805659	13.17640338
	13.31814207	13.32867097	13.33888172	13.34737328	13.34743240	13.34301173	13.33826390	13.33965073	13.34675730	13.35485153	13.36448317	13.37199690	13.37592143	13.37678487	13.07519805	13.09501414	13.11687047	13.14859933	13.16874489	13.19381489	13.21452253	13.22491084	13.23254250	13.24063365	13.25124901	13.26654029	13.28505208	13.30112475	13.31346831	13.32872742	13.35132824	13.37063746	13.37668891	13.37534376	13.36987296	13.36215779	13.35533868	13.34828209	13.33699622	13.32296756	13.30332317	13.27850308	13.25624782	13.23827706	13.22765995	13.22231074	13.21913979	13.21622007	13.21442711
	13.37838996	13.38952849	13.40047005	13.40979584	13.41022016	13.40584699	13.40081652	13.40236261	13.41023503	13.41932612	13.42934764	13.43640784	13.44020143	13.44113157	13.12255428	13.14329420	13.16501851	13.20008865	13.22049507	13.24743565	13.27012480	13.28090816	13.28900495	13.29749639	13.30917809	13.32707832	13.34750048	13.36301269	13.37569455	13.39214037	13.41783610	13.43913665	13.44519080	13.44428168	13.43899123	13.43084957	13.42325864	13.41582010	13.40388241	13.38991126	13.37051230	13.34185346	13.31681644	13.29708266	13.28538669	13.27943182	13.27612855	13.27299260	13.27100113
	13.44697816	13.45902590	13.47095309	13.48125477	13.48229217	13.47815121	13.47289389	13.47502419	13.48414445	13.49447724	13.50464571	13.51064735	13.51466275	13.51560153	13.21561414	13.19329962	13.21779452	13.25493628	13.27784143	13.30783055	13.33165610	13.34361512	13.35294469	13.36354651	13.37850815	13.39870325	13.41912206	13.43494619	13.44932261	13.46964505	13.49949148	13.52081460	13.52718438	13.52689138	13.52248769	13.51534051	13.50815570	13.50143436	13.48752974	13.47202186	13.45119310	13.42009923	13.38860151	13.36447230	13.35050533	13.34326984	13.33961471	13.33619819	13.33377910
	13.49344324	13.50642596	13.51932741	13.53026973	13.53185590	13.52821805	13.52321544	13.52657169	13.53736227	13.54909491	13.55788684	13.56305796	13.56724159	13.56795545	13.27291566	13.22168718	13.25098689	13.28928410	13.31488787	13.34912356	13.37302192	13.38607304	13.39738200	13.41159786	13.43259980	13.45254923	13.47157586	13.48804633	13.50533774	13.53367519	13.56379171	13.58433559	13.59146888	13.59210904	13.58899364	13.58355356	13.57793077	13.57411264	13.56314660	13.54677287	13.52094327	13.48813787	13.44930068	13.41662395	13.39854254	13.38864155	13.38370600	13.37978019	13.37652986
	13.51625352	13.53010678	13.54404600	13.55551021	13.55763069	13.55464654	13.55038147	13.55566314	13.56864905	13.58125710	13.58695824	13.59126876	13.59543492	13.59575334	13.35769487	13.23080575	13.26721139	13.30523314	13.33401896	13.37289521	13.39514546	13.40924818	13.42374176	13.44407290	13.46917486	13.48814157	13.50410792	13.52186893	13.54437226	13.58122939	13.60892591	13.62753600	13.63609389	13.63833577	13.63674355	13.63349818	13.63025961	13.63071425	13.62715144	13.61393053	13.58268312	13.54510073	13.50177040	13.45663571	13.43136429	13.41708165	13.41022655	13.40491482	13.40031933
	13.53128156	13.54565822	13.56025144	13.57211149	13.57473828	13.57228125	13.56886669	13.57573900	13.59038717	13.60176151	13.60607574	13.60989344	13.61401607	13.61417754	13.41467573	13.23873585	13.27997651	13.31709575	13.34820313	13.38957864	13.41078970	13.42561283	13.44229410	13.46669756	13.49181235	13.50959570	13.52511539	13.54363499	13.57086901	13.61027593	13.63556865	13.65405141	13.66373518	13.66678320	13.66575734	13.66314250	13.66068890	13.66307511	13.66340856	13.65396378	13.62235618	13.58432111	13.53716840	13.48260760	13.45365677	13.43711579	13.42848204	13.42213849	13.41714608
	13.55921435	13.57410327	13.58942360	13.60197498	13.60541117	13.60378599	13.60121473	13.60941157	13.62566640	13.63529491	13.63895857	13.64249562	13.64656246	13.64675190	13.50909331	13.25721978	13.30015338	13.33872598	13.37176996	13.41280232	13.43605996	13.45320362	13.47225294	13.49643597	13.51976237	13.53903987	13.55629747	13.57698620	13.60753288	13.64427271	13.67061001	13.69064574	13.70201598	13.70666148	13.70580438	13.70353218	13.70117911	13.70515565	13.70901438	13.70342079	13.67474879	13.63600071	13.58366041	13.51908615	13.48704882	13.46905916	13.45870139	13.45097600	13.44518925
	13.55980263	13.57652735	13.59388120	13.60767446	13.61239441	13.61119024	13.61027586	13.62162362	13.64014617	13.64792002	13.65078439	13.65314852	13.65678836	13.65618102	13.56318867	13.23618116	13.29234129	13.32756598	13.36955481	13.41332742	13.43538838	13.45668996	13.48539637	13.51358413	13.53468778	13.55133764	13.57076290	13.59858980	13.64080038	13.67390732	13.69842238	13.72231261	13.73846651	13.74606746	13.74645946	13.74477166	13.74293989	13.75028183	13.75825472	13.75479369	13.72596207	13.67833244	13.62962626	13.55684134	13.51419862	13.48873769	13.47140898	13.45869020	13.44952413
	13.55549484	13.57266796	13.59053450	13.60433081	13.60970864	13.60886522	13.60957621	13.62251525	13.64120203	13.64842133	13.65085225	13.65240871	13.65546995	13.65434107	13.59656304	13.23086244	13.28971428	13.32353585	13.37047681	13.41178684	13.43445069	13.45957943	13.49249953	13.51802043	13.53711199	13.55348524	13.57418666	13.60708129	13.65235981	13.68075257	13.70556645	13.73215400	13.75181883	13.76057621	13.76204266	13.76030128	13.75832394	13.76734843	13.77728775	13.77467166	13.74773397	13.69686757	13.64507016	13.57007028	13.52332622	13.49647089	13.47739256	13.46238719	13.45163517
	13.57711858	13.59387392	13.61144515	13.62544867	13.63168951	13.63224927	13.63384751	13.64735471	13.66323230	13.67039804	13.67279055	13.67416983	13.67697995	13.67605528	13.63383930	13.26212945	13.31665905	13.35356172	13.39818827	13.43897233	13.46158483	13.48676970	13.51651652	13.54039188	13.55993925	13.57591348	13.59692073	13.62892169	13.67144842	13.70011646	13.72468047	13.75212244	13.77345056	13.78307103	13.78629255	13.78603654	13.78568896	13.79777415	13.80892008	13.80786603	13.78751359	13.73597928	13.68262455	13.61501844	13.55561469	13.52612896	13.50669618	13.49119929	13.48047012
	13.60413150	13.62046202	13.63780120	13.65257271	13.66022804	13.66316145	13.66544663	13.67929645	13.69123620	13.69818080	13.70062189	13.70203702	13.70484887	13.70454934	13.67828075	13.35551476	13.35648233	13.39094590	13.43162882	13.47272305	13.49384305	13.51632266	13.54296457	13.56773050	13.58681684	13.60231489	13.62266317	13.65086341	13.69356988	13.72277362	13.74638216	13.77397400	13.79547488	13.80780473	13.81319723	13.81578253	13.81878631	13.83318969	13.84494416	13.84548404	13.83179345	13.78855295	13.73349446	13.67363458	13.60192485	13.56471247	13.54323810	13.52524384	13.51357334
	13.59406502	13.60990968	13.62695964	13.64208358	13.65077244	13.65561445	13.65926961	13.67193979	13.68156336	13.68835948	13.69066594	13.69171335	13.69409351	13.69399049	13.67726397	13.51609037	13.38288396	13.40459373	13.44409791	13.47746092	13.49652074	13.51913625	13.54276223	13.56460710	13.58185740	13.59633008	13.61601091	13.64642138	13.68548808	13.71258666	13.73518157	13.76436943	13.79080602	13.80628319	13.81207415	13.81631120	13.82134133	13.83452873	13.84550938	13.84525684	13.83336320	13.80751573	13.75205611	13.69472570	13.62719647	13.57901213	13.55465321	13.53578536	13.52136106
	13.57507243	13.59042387	13.60701300	13.62180566	13.63078952	13.63626799	13.64062800	13.65182503	13.66108029	13.66774893	13.66981882	13.67041135	13.67222858	13.67182553	13.65530892	13.54165556	13.40591619	13.41104284	13.44714091	13.47207526	13.48989939	13.51323004	13.53523350	13.55333417	13.56879412	13.58252696	13.60294526	13.63480920	13.67022058	13.69487390	13.71721889	13.74874133	13.77751212	13.79292036	13.79893879	13.80343156	13.80803641	13.81984141	13.83010129	13.82878796	13.81550087	13.79498105	13.74635603	13.68607820	13.62974194	13.57724047	13.55097675	13.53338032	13.51851138
	13.56641128	13.58086993	13.59656399	13.61084540	13.62034790	13.62701098	13.63206097	13.64125567	13.64979119	13.65619183	13.65820740	13.65861647	13.66008872	13.65979106	13.64494277	13.54923599	13.46764262	13.45038754	13.46633932	13.48194308	13.49648711	13.51786822	13.53580657	13.55083945	13.56465578	13.57722677	13.59651505	13.62919906	13.66122800	13.68396116	13.70558819	13.73894196	13.77006135	13.78446216	13.79061308	13.79565471	13.80073820	13.81186995	13.82100961	13.81843877	13.80429308	13.78442957	13.75003221	13.68828692	13.64124948	13.58889283	13.55875436	13.54044398	13.52674173
	13.53361970	13.54731658	13.56232053	13.57627806	13.58689578	13.59519305	13.60014567	13.60753530	13.61542731	13.62167237	13.62360668	13.62372419	13.62456201	13.62415247	13.60957641	13.53478528	13.50044282	13.47118030	13.46811725	13.47538497	13.48713335	13.50233906	13.51542284	13.52785530	13.54036287	13.55370074	13.57501502	13.60687615	13.63388582	13.65497664	13.67817743	13.71743745	13.74595646	13.75942114	13.76683504	13.77316444	13.77949455	13.79042871	13.79925742	13.79502520	13.77838827	13.75713962	13.73248910	13.67748889	13.62902556	13.58543961	13.54848447	13.52735683	13.51311762
	13.54471848	13.55782245	13.57234825	13.58640945	13.59766320	13.60696557	13.61043508	13.61806557	13.62519697	13.63135375	13.63365256	13.63405247	13.63484926	13.63495116	13.62461307	13.57096416	13.52774067	13.51681791	13.51422773	13.51737469	13.52383228	13.53165781	13.54011551	13.55005877	13.56150933	13.57561763	13.59846032	13.62697858	13.65114641	13.67342421	13.70139128	13.74257797	13.76897735	13.78426994	13.79396696	13.80215285	13.80988736	13.82056831	13.82780796	13.82153984	13.80156290	13.77793731	13.75273719	13.71176458	13.66183935	13.62488642	13.59055064	13.56455974	13.54633902
	13.54204271	13.55512150	13.56970130	13.58405141	13.59602647	13.60568585	13.60892852	13.61661876	13.62356081	13.62982587	13.63227643	13.63269129	13.63332891	13.63351375	13.62451645	13.57997457	13.53587281	13.52657037	13.52464601	13.52774400	13.53287814	13.53855386	13.54518546	13.55430742	13.56595274	13.58120537	13.60534311	13.63213704	13.65542819	13.67943628	13.71135703	13.75183364	13.77828684	13.79553698	13.80723598	13.81696869	13.82562516	13.83595123	13.84232625	13.83557614	13.81378748	13.78741437	13.76128729	13.72580065	13.67479677	13.63669452	13.60518626	13.57709713	13.55569969
	13.52034643	13.53349801	13.54819273	13.56270977	13.57557762	13.58522686	13.58866099	13.59611604	13.60309336	13.60960519	13.61199338	13.61209406	13.61217995	13.61198993	13.60294838	13.56507021	13.52289795	13.51380318	13.51345428	13.51808400	13.52350391	13.52861075	13.53468065	13.54417930	13.55785257	13.57525597	13.59934162	13.62202717	13.64466159	13.67169656	13.70653808	13.74287360	13.76991596	13.78934957	13.80332139	13.81406399	13.82345438	13.83284106	13.83859139	13.83230395	13.81047229	13.78057493	13.75245764	13.72112308	13.67231299	13.62998061	13.60086148	13.57381259	13.54909296
	13.59363928	13.60686843	13.62174269	13.63668510	13.65087720	13.66069781	13.66465684	13.67225247	13.67954062	13.68623801	13.68889443	13.68909756	13.68908079	13.68889864	13.68111766	13.65102798	13.60980913	13.59536044	13.59311464	13.59612228	13.59986983	13.60361081	13.60897874	13.61831574	13.63405000	13.65141896	13.67284923	13.69570265	13.71975225	13.75043180	13.78694759	13.82525538	13.85581013	13.87980179	13.89720306	13.90917264	13.91672873	13.92326534	13.92807949	13.92360815	13.90514155	13.86960019	13.83720137	13.80461014	13.76064573	13.71277371	13.68112551	13.65445254	13.62813378
	13.65196680	13.66581725	13.68157481	13.69773608	13.71410893	13.72414475	13.72871636	13.73681816	13.74390285	13.75080859	13.75372105	13.75381300	13.75355296	13.75322886	13.74607598	13.72080731	13.67956046	13.66544113	13.66391765	13.66775896	13.67265446	13.67783002	13.68567583	13.70012804	13.72003673	13.73509480	13.75227618	13.77208229	13.79801358	13.83969415	13.87219652	13.90652252	13.94127229	13.97131526	13.98691529	13.99549517	14.00174409	14.00805525	14.01290974	14.00895451	13.99387751	13.96338851	13.92417242	13.88891328	13.85092350	13.79924703	13.76363605	13.73879455	13.71522121
	13.68582496	13.69972081	13.71563044	13.73219365	13.74953095	13.75981411	13.76470166	13.77296607	13.78008355	13.78697612	13.79003503	13.79021859	13.78995840	13.78968182	13.78329223	13.76041057	13.72012902	13.70385903	13.70165036	13.70509517	13.70986168	13.71501966	13.72302726	13.73856879	13.75720704	13.77061583	13.78665571	13.80664136	13.83376894	13.87765415	13.90886524	13.94435193	13.98177275	14.01409896	14.02823671	14.03634910	14.04265556	14.04889253	14.05388495	14.05015554	14.03509726	14.00798879	13.96593366	13.92937746	13.89129794	13.84104271	13.80319406	13.77727489	13.75512663
	13.71815386	13.73208125	13.74809927	13.76495330	13.78299616	13.79351219	13.79866952	13.80690632	13.81405364	13.82089848	13.82401435	13.82418834	13.82381908	13.82343504	13.81735518	13.79539694	13.75649530	13.73913715	13.73660745	13.73994383	13.74460584	13.74960691	13.75768469	13.77336745	13.79168049	13.80437166	13.81964141	13.83927385	13.86662980	13.91230547	13.94292509	13.97888665	14.01805867	14.05191818	14.06531752	14.07332459	14.07968455	14.08591922	14.09109602	14.08762566	14.07271098	14.04746953	14.00385456	13.96648649	13.92858501	13.87917807	13.83961751	13.81315327	13.79148970
	13.79622513	13.81024890	13.82654093	13.84398110	13.86278204	13.87413841	13.87980768	13.88824248	13.89548722	13.90221192	13.90554243	13.90590858	13.90550873	13.90516826	13.89997887	13.88058854	13.84434008	13.82489558	13.82157482	13.82426537	13.82825101	13.83287125	13.84226839	13.85588153	13.87287274	13.88580887	13.90001461	13.91928190	13.94853876	13.99519447	14.02591018	14.06308409	14.10666262	14.13984217	14.15292056	14.16089660	14.16724309	14.17333772	14.17864904	14.17545022	14.16058845	14.13560909	14.09367426	14.05421248	14.01627238	13.97186786	13.92775848	13.89929691	13.87617864
	13.81865924	13.83266052	13.84914168	13.86709428	13.88663155	13.89813217	13.90424926	13.91285398	13.92014205	13.92672707	13.93030360	13.93101750	13.93085066	13.93095132	13.92716284	13.91142078	13.87896670	13.85741964	13.85341211	13.85523915	13.85800232	13.86150794	13.87161940	13.88652457	13.90058188	13.91280591	13.92606826	13.94538343	13.97742050	14.02346719	14.05238389	14.08970650	14.13725193	14.16790098	14.18067736	14.18844588	14.19463437	14.20046103	14.20569258	14.20265350	14.18799696	14.16415831	14.12356016	14.08258617	14.04538169	14.00831851	13.96026774	13.93001259	13.90642817
	13.81469635	13.82837679	13.84463364	13.86259147	13.88190115	13.89346961	13.89987202	13.90820071	13.91507026	13.92138590	13.92486738	13.92536656	13.92486937	13.92460556	13.92083939	13.90608827	13.87728079	13.85824067	13.85598536	13.85951719	13.86411180	13.86762772	13.87651143	13.88879966	13.90186750	13.91433307	13.92776218	13.94798783	13.98238020	14.02151425	14.04915015	14.08635571	14.13424760	14.16156116	14.17373995	14.18108570	14.18694185	14.19239600	14.19739206	14.19463748	14.18079720	14.15830881	14.12422162	14.08221480	14.04477503	14.01065190	13.96682086	13.93433507	13.90995314
	13.81342484	13.82625198	13.84155348	13.85863740	13.87705472	13.88827850	13.89468701	13.90239272	13.90884972	13.91483679	13.91817356	13.91859150	13.91804639	13.91766198	13.91427308	13.90131148	13.87751101	13.86073207	13.86003681	13.86472394	13.86982119	13.87277711	13.87995543	13.89008494	13.90222814	13.91500015	13.92852959	13.94936691	13.98427650	14.01543430	14.04083344	14.07622240	14.12214299	14.14535711	14.15661238	14.16338882	14.16881443	14.17378799	14.17839623	14.17583035	14.16285663	14.14197601	14.11230085	14.07255035	14.03656520	14.00483830	13.96768274	13.93493998	13.91897882
	13.83013466	13.84282493	13.85801612	13.87517054	13.89399761	13.90592931	13.91287390	13.92081496	13.92740982	13.93336840	13.93686107	13.93749173	13.93708327	13.93689322	13.93433698	13.92360639	13.90324156	13.88655920	13.88547266	13.87830791	13.88202696	13.88477589	13.89167889	13.90074257	13.91248760	13.93893631	13.95362749	13.97535915	14.00861874	14.03878870	14.06460442	14.10041128	14.14539042	14.16747470	14.17857982	14.18528142	14.19065887	14.19549339	14.20009034	14.19770986	14.18490426	14.16438412	14.13613862	14.09760688	14.06210125	14.03061502	13.99803613	13.94943583	13.92403646
	13.86584602	13.87776938	13.89213793	13.90861268	13.92686418	13.93867283	13.94583316	13.95347632	13.95976915	13.96544111	13.96881256	13.96954096	13.96918428	13.96909610	13.96728482	13.95875245	13.94229440	13.92769161	13.89321751	13.84058394	13.84457188	13.84839719	13.85479444	13.86334258	13.87397875	13.94890416	13.99303153	14.01069397	14.03943032	14.06980021	14.09512555	14.12955629	14.17014163	14.19082841	14.20138412	14.20781602	14.21299083	14.21761652	14.22211517	14.22003927	14.20778268	14.18821215	14.16296514	14.12802061	14.09506404	14.06423076	14.03562797	13.93508337	13.88224586
	13.99022825	14.00228294	14.01689319	14.03388167	14.05291369	14.06557495	14.07340369	14.08149743	14.08834031	14.09416584	14.09793368	14.09921195	14.09951719	14.10029784	14.10018829	14.09466047	14.08097790	14.06469180	13.93043937	13.84047681	13.84534582	13.85218959	13.86129410	13.87183699	13.88206479	13.89521905	14.02416830	14.13340223	14.16799262	14.19308138	14.21917131	14.25895510	14.30202762	14.32358718	14.33450824	14.34118963	14.34657483	14.35147707	14.35629243	14.35432226	14.34124520	14.32005904	14.29346465	14.25360882	14.21604981	14.18563475	14.15623750	14.12518759	13.87102948
