3.04082 42.6566 0 395
3.09723 42.5254 3.887681722640991 216
3.10508 42.9492 -35.34685516357422 978
3.11062 43.0487 -13.34755420684814 1308
3.11548 42.7412 -42.72192001342773 504
3.14327 42.8088 -46.42967987060547 762
3.16993 42.4303 0 136
3.17738 42.3664 -0.2798569798469543 32
3.20839 42.644 -75.13915252685547 302
3.2133 42.5195 -86.12248992919922 196
3.22596 42.7633 -71.23825073242188 529
3.23383 42.9955 -48.32775497436523 1073
3.26014 43.0962 -35.14949417114258 1621
3.28618 42.913 -70.39400482177734 849
3.31489 43.0269 -57.29840469360352 1227
3.31643 42.464 -108.6481552124023 147
3.3276 42.6288 -93 306
3.34796 43.2725 1 2617
3.36181 43.1315 -38.30009078979492 1632
3.37552 42.5519 -104.3260116577148 273
3.37949 43.2071 -25.872802734375 1916
3.40413 42.2657 -120.4717483520508 23
3.42754 42.94 -88 915
3.4346 42.8644 -95 725
3.45963 42.6513 -101.8644256591797 412
3.47919 42.9911 -89 1184
3.47975 43.0917 -71.77792358398438 1279
3.48024 42.7463 -100 490
3.50603 42.5452 -185.1632690429688 188
3.53641 43.2688 -9.080885887145996 2589
3.58117 42.6842 -100 418
3.58746 42.9416 -96 837
3.59483 42.4147 -914.0017700195312 120
3.62142 43.3677 0 2834
3.62229 42.7651 -117.0755996704102 542
3.62681 43.0579 -91.43453216552734 1256
3.63039 42.8823 -98 671
3.6589 43.2733 -38.72630310058594 2342
3.66557 43.1888 -77.0311050415039 1661
3.67747 42.3013 -824.1702880859375 64
3.6935 42.7996 -140.4753723144531 550
3.70439 42.6964 -325.0287475585938 341
3.70489 42.4688 -706.8622436523438 154
3.70505 43.3424 -29.98421478271484 2749
3.7276 43.1274 -92 1599
3.72945 42.545 -517.78271484375 185
3.75521 42.9702 -96 1174
3.77023 43.0787 -95 1267
3.79127 42.8695 -103 677
3.81061 43.3827 -30.90469741821289 2801
3.83206 42.5487 -1024.702880859375 184
3.84133 43.2453 -88 2074
3.842 42.6183 -562.9257202148438 316
3.84996 42.4801 -989.0296630859375 156
3.8633 43.4921 0 3677
3.89302 43.4479 -22.5076904296875 3106
3.89739 43.345 -66.5655517578125 2699
3.91482 43.16 -96 1593
3.93565 42.4019 -1275.327270507812 116
3.9498 43.2901 -84.96520233154297 2362
3.96462 42.5946 -864.724609375 317
3.97158 43.2247 -94 1824
3.98415 42.9163 -121.8887786865234 684
3.99518 42.3552 -1598.03515625 88
3.99534 43.0633 -99 1204
3.99566 42.4765 -1176.531982421875 158
4.01283 43.5239 -9.293614387512207 3619
4.01734 42.7739 -352.51953125 337
4.05621 43.3396 -70.53318786621094 2366
4.07281 43.1049 -96.86691284179688 1477
4.07597 42.7046 -357.9574584960938 319
4.0794 42.8304 -134.6630401611328 565
4.09453 43.2413 -89.32312774658203 1819
4.10329 42.4327 -1346.396240234375 114
4.10964 43.4208 -34.96917343139648 3008
4.15864 43.1931 -93 1805
4.16306 42.9968 -94.27610778808594 701
4.16944 42.7302 -721.2290649414062 320
4.1701 42.3529 -1516.079711914062 90
4.17582 42.4133 -1411.343139648438 91
4.19243 43.0974 -95 1473
4.20772 43.4319 -19.4496898651123 3237
4.21574 42.9125 -117.0034103393555 570
4.22476 42.2797 -1817.133544921875 85
4.24315 43.3014 -57.94770050048828 2386
4.26197 43.2218 -82.57527160644531 1812
4.27237 43.127 -92 1469
4.29901 42.7878 -235.4931640625 322
4.29972 43.0323 -90 1110
4.31917 42.3744 -1879.863403320312 83
4.34468 42.6026 -1271.944213867188 162
4.3627 42.7461 -601.5179443359375 323
4.36605 42.9614 -101.8619003295898 633
4.38141 43.4529 0.113736666738987 3729
4.38462 42.3223 -2029.165771484375 82
4.38614 42.5177 -1592.571655273438 111
4.39308 42.8264 -188.3570556640625 330
4.39892 43.4113 -16.0848274230957 3155
4.40811 43.044 -101.1017379760742 1116
4.42752 42.5792 -1541.101928710938 163
4.42803 42.7128 -656.92236328125 324
4.45116 43.2556 -61.11665725708008 2219
4.46637 43.1554 -77 1501
4.46869 42.3535 -1988.68310546875 81
4.47028 42.7644 -976.7445678710938 329
4.4923 43.3671 -21 2459
4.49837 42.5379 -1380.67724609375 110
4.5206 42.9143 -352.0929870605469 586
4.52194 43.4546 -2.167804479598999 3750
4.57397 42.7504 -629.3397216796875 328
4.57636 43.3169 -32.44114685058594 2256
4.57792 42.4656 -1922.908325195312 109
4.57986 43.4355 0 3297
4.60739 43.0233 -111 625
4.6236 42.8266 -1008.283020019531 577
4.65305 42.3487 -1889.718139648438 79
4.6572 42.5007 -1805.718505859375 108
4.65806 42.5727 -1444.897216796875 166
4.66765 43.1847 -77.9610824584961 1454
4.67662 42.9391 -128 596
4.69848 43.3357 -1.079434275627136 2270
4.72634 42.2934 -2017.684326171875 72
4.75774 42.9156 -367.9065551757812 583
4.76208 43.0098 -110.6097030639648 612
4.76278 42.7844 -771.2597045898438 579
4.76682 42.7149 -1014.642517089844 172
4.81841 43.1466 -103.1976547241211 1427
4.81878 42.6283 -1310.149658203125 168
4.84431 43.3146 -11.5471305847168 2168
4.84591 42.5431 -1653.945434570312 106
4.90557 42.9898 -148.5988159179688 606
4.91307 42.4113 -1769.741088867188 101
4.92306 42.6729 -1486.725830078125 169
4.93439 42.6027 -1681.811157226562 105
4.93931 42.8793 -941.0748901367188 602
4.94602 43.1021 -118 1420
4.96467 43.1859 -109.7879333496094 1444
