3.28122	42.2553   node[19]
3.31243	42.3353   node[39]
3.225	42.3497   node[59]
3.18451	42.3743   node[79]
3.16559	42.3897   node[99]
4.45352	42.2927   node[119]
4.1701	42.3529   node[139]
4.49837	42.5379   node[159]
3.16539	42.4129   node[179]
3.25752	42.4655   node[199]
4.58451	42.5372   node[219]
3.72945	42.545   node[239]
3.13398	42.4994   node[259]
3.04783	42.55   node[279]
3.19089	42.5866   node[299]
3.1616	42.5935   node[319]
3.09771	42.5948   node[339]
3.29182	42.6208   node[359]
4.51386	42.7191   node[379]
3.56244	42.6068   node[399]
3.05235	42.6022   node[419]
3.03369	42.6404   node[439]
3.21232	42.688   node[459]
3.36857	42.7069   node[479]
3.04163	42.6695   node[499]
3.05708	42.712   node[519]
3.57139	42.71   node[539]
3.10169	42.736   node[559]
3.13758	42.7526   node[579]
3.89136	42.7464   node[599]
4.0794	42.8304   node[619]
4.5715	42.8786   node[639]
4.87072	42.9779   node[659]
4.60739	43.0233   node[679]
3.93203	42.886   node[699]
3.4725	42.8399   node[719]
4.01143	42.9053   node[739]
4.04021	42.9602   node[759]
3.4346	42.8644   node[779]
3.03703	42.7639   node[799]
3.08125	42.8065   node[819]
3.14048	42.8294   node[839]
3.11211	42.8378   node[859]
3.26475	42.8642   node[879]
3.3779	42.9179   node[899]
3.04703	42.8568   node[919]
3.25148	42.9125   node[939]
3.17188	42.9122   node[959]
3.31033	42.9475   node[979]
3.0977	42.9284   node[999]
3.34859	43.0035   node[1019]
3.04821	42.9271   node[1039]
3.04536	42.9459   node[1059]
3.04789	42.9728   node[1079]
3.15194	43.006   node[1099]
3.11159	43.0328   node[1119]
3.50079	42.9718   node[1139]
4.128	43.0264   node[1159]
4.66447	43.064   node[1179]
4.5823	43.0896   node[1199]
4.02397	43.0094   node[1219]
3.46699	43.009   node[1239]
3.96354	43.0647   node[1259]
3.3672	43.0481   node[1279]
3.35096	43.0616   node[1299]
3.83148	43.0698   node[1319]
3.31991	43.0844   node[1339]
3.07762	43.0439   node[1359]
3.12704	43.0646   node[1379]
3.20248	43.1036   node[1399]
3.61313	43.1261   node[1419]
4.14391	43.0799   node[1439]
4.4896	43.1004   node[1459]
4.879	43.1552   node[1479]
4.93424	43.1888   node[1499]
4.37968	43.1498   node[1519]
4.04034	43.1265   node[1539]
4.57168	43.155   node[1559]
4.54653	43.1673   node[1579]
4.92098	43.2457   node[1599]
4.45693	43.194   node[1619]
4.14071	43.1718   node[1639]
3.57209	43.1536   node[1659]
3.25434	43.1105   node[1679]
3.60121	43.1612   node[1699]
3.58223	43.1923   node[1719]
3.25693	43.1359   node[1739]
3.13995	43.0932   node[1759]
3.12913	43.1154   node[1779]
3.15752	43.1344   node[1799]
3.34611	43.1686   node[1819]
3.63263	43.219   node[1839]
4.15864	43.1931   node[1859]
3.9457	43.2164   node[1879]
3.50327	43.212   node[1899]
3.23187	43.167   node[1919]
3.20356	43.1775   node[1939]
3.39583	43.198   node[1959]
3.26413	43.1903   node[1979]
3.27931	43.2013   node[1999]
3.48637	43.2015   node[2019]
3.27779	43.2152   node[2039]
3.31169	43.2436   node[2059]
3.38015	43.2463   node[2079]
3.60524	43.2616   node[2099]
3.63433	43.2537   node[2119]
4.1597	43.2415   node[2139]
4.61678	43.2717   node[2159]
4.87691	43.2938   node[2179]
4.56891	43.2569   node[2199]
4.78946	43.3229   node[2219]
4.8659	43.3271   node[2239]
4.65846	43.3158   node[2259]
4.49205	43.2759   node[2279]
4.40617	43.3052   node[2299]
4.6624	43.3242   node[2319]
4.70397	43.3448   node[2339]
4.49844	43.327   node[2359]
4.0732	43.3105   node[2379]
3.62214	43.2893   node[2399]
4.03454	43.3257   node[2419]
4.25969	43.3119   node[2439]
4.36366	43.3303   node[2459]
4.61976	43.3401   node[2479]
4.60735	43.3499   node[2499]
4.55715	43.363   node[2519]
4.4849	43.3771   node[2539]
4.21768	43.3506   node[2559]
3.74694	43.3232   node[2579]
3.48619	43.2598   node[2599]
3.33055	43.2569   node[2619]
3.50206	43.263   node[2639]
3.43579	43.2668   node[2659]
3.36693	43.2757   node[2679]
3.40638	43.2823   node[2699]
3.5619	43.2995   node[2719]
3.66186	43.3262   node[2739]
4.02379	43.3689   node[2759]
4.1289	43.3898   node[2779]
3.75967	43.3432   node[2799]
3.5684	43.3271   node[2819]
3.83936	43.3675   node[2839]
3.77014	43.3639   node[2859]
3.59419	43.3479   node[2879]
3.64023	43.3804   node[2899]
3.87267	43.4077   node[2919]
4.07064	43.4166   node[2939]
4.35924	43.3704   node[2959]
4.31876	43.379   node[2979]
4.48647	43.3865   node[2999]
4.58529	43.4155   node[3019]
4.41259	43.3896   node[3039]
4.14957	43.4203   node[3059]
3.87912	43.4367   node[3079]
3.66821	43.3926   node[3099]
3.79524	43.4193   node[3119]
3.81609	43.4222   node[3139]
3.86821	43.4406   node[3159]
4.11509	43.4488   node[3179]
4.27453	43.4143   node[3199]
4.48764	43.4059   node[3219]
4.43535	43.4113   node[3239]
4.24231	43.4242   node[3259]
4.31647	43.4425   node[3279]
4.23426	43.4465   node[3299]
4.37723	43.4389   node[3319]
4.53648	43.4159   node[3339]
4.53103	43.4328   node[3359]
4.5582	43.4454   node[3379]
4.41638	43.4416   node[3399]
4.25915	43.4545   node[3419]
4.20121	43.4591   node[3439]
4.14595	43.4661   node[3459]
4.0165	43.4661   node[3479]
3.80286	43.4441   node[3499]
4.025	43.476   node[3519]
4.10932	43.4958   node[3539]
3.99415	43.4938   node[3559]
4.05633	43.5131   node[3579]
3.8619	43.4692   node[3599]
3.86878	43.4877   node[3619]
4.03563	43.5174   node[3639]
4.13663	43.5252   node[3659]
4.00351	43.5266   node[3679]
4.09941	43.5429   node[3699]
3.95414	43.5251   node[3719]
3.90449	43.505   node[3739]
3.99598	43.5481   node[3759]
4.0329	43.5562   node[3779]
4.48451	43.4518   node[3799]
4.4401	43.4504   node[3819]
4.8704	43.338   node[3839]
4.90392	43.35   node[3859]
4.99514	43.3761   node[3879]
4.88001	43.3645   node[3899]
4.88709	43.3847   node[3919]
4.88047	43.4044   node[3939]
4.94544	43.4061   node[3959]
4.93898	43.412   node[3979]
4.93932	43.4266   node[3999]
